ZONE T="boundary0"
-4 -0.418044 
-4 -0.52298 
-4 -0.1757 
-4 -0.118403 
-4 0.346218 
-4 -0.0611067 
-4 0.110552 
-4 0.0247228 
-4 0.749766 
-4 -0.813958 
-4 -1 
-4 -0.236816 
-4 -0.206258 
-4 -0.282388 
-4 -0.373002 
-4 -0.627915 
-4 0.219682 
-4 0.28295 
-4 0.422875 
-4 0.62465 
-4 1 
-4 -0.32796 
-4 0.499533 
-4 -0.470512 
-4 -0.147051 
-4 0.0676375 
-4 -0.906979 
-4 -0.221537 
-4 -0.190979 
-4 -0.0897549 
-4 -0.259602 
-4 -0.395523 
-4 -0.575448 
-4 -0.720937 
-4 -0.018192 
-4 0.165117 
-4 0.314584 
-4 0.251316 
-4 0.384547 
-4 0.687208 
-4 -0.305174 
-4 -0.350481 
-4 0.562091 
-4 0.461204 
-4 0.874883 
ZONE T="boundary1"
-3.30918 1 
-3.49507 1 
-3.74753 1 
1.81248 1 
1.99314 1 
0.103034 1 
0.154152 1 
1.06109 1 
0.951355 1 
0.347862 1 
0.387366 1 
0.896486 1 
-1.54062 1 
-0.173769 1 
2.63619 1 
-1.69765 1 
1.29223 1 
1.17666 1 
-2.79267 1 
-2.95798 1 
1.66337 1 
1.51426 1 
3.39239 1 
3.19124 1 
-2.29806 1 
-2.54536 1 
-1.27061 1 
2.17381 1 
2.405 1 
-0.0744205 1 
-0.21162 1 
0.20527 1 
-0.48741 1 
-0.0129241 1 
0.0450547 1 
0.618548 1 
0.522709 1 
0.42687 1 
0.474789 1 
-0.287324 1 
-0.717179 1 
0.730082 1 
0.785849 1 
0.841616 1 
0.674315 1 
-0.939557 1 
-0.828368 1 
-1.15921 1 
-0.602294 1 
-0.387367 1 
-1.04938 1 
-3.12329 1 
-1.46132 1 
4 1 
-1.38202 1 
3.6962 1 
3.5443 1 
-1.85469 1 
2.81314 1 
-2.07638 1 
-4 1 
-0.135917 1 
0.276566 1 
2.99009 1 
-3.40212 1 
1.90281 1 
0.128593 1 
1.00622 1 
0.367614 1 
0.92392 1 
1.23444 1 
-2.87532 1 
1.58881 1 
1.40324 1 
2.5206 1 
-0.192694 1 
0.179711 1 
0.0160653 1 
0.570629 1 
0.407118 1 
0.45083 1 
-0.0436723 1 
0.498749 1 
0.757966 1 
1.11888 1 
0.869051 1 
0.702199 1 
-0.883962 1 
-0.544852 1 
-0.437388 1 
-0.659737 1 
-0.772774 1 
-3.21624 1 
-1.32632 1 
-1.21491 1 
-3.6213 1 
3.46834 1 
1.73792 1 
-1.77617 1 
2.08348 1 
-1.61914 1 
3.8481 1 
2.28941 1 
-2.66901 1 
-2.42171 1 
2.72467 1 
3.29182 1 
-1.96553 1 
-2.18722 1 
3.62025 1 
-3.04064 1 
-3.87377 1 
-0.105169 1 
-0.154843 1 
-0.249472 1 
-0.337345 1 
0.0740441 1 
0.240918 1 
0.312214 1 
0.813733 1 
2.90161 1 
-1.10429 1 
-1.50097 1 
-1.42167 1 
3.09066 1 
-0.994469 1 
0.646432 1 
ZONE T="boundary2"
4 -0.599671 
4 -0.23135 
4 -0.260966 
4 -0.345029 
4 -0.290582 
4 -0.399476 
4 -0.124089 
4 0.157503 
4 0.194659 
4 0.80093 
4 -0.069626 
4 -0.0151629 
4 -0.799836 
4 -1 
4 -0.172117 
4 0.120348 
4 0.0525926 
4 0.268969 
4 0.231814 
4 0.334883 
4 0.400797 
4 0.451063 
4 1 
4 0.60186 
4 -0.499574 
4 0.301926 
4 0.501329 
4 -0.246158 
4 -0.317805 
4 -0.372253 
4 0.176081 
4 -0.0423944 
4 -0.899918 
4 -0.201733 
4 -0.148103 
4 -0.275774 
4 0.0864703 
4 0.250391 
4 0.36784 
4 0.900465 
4 0.701395 
4 0.0187149 
4 0.213236 
4 0.285448 
4 0.318405 
4 0.476196 
4 0.42593 
4 0.551595 
4 -0.0968575 
4 -0.449525 
4 -0.549622 
4 -0.699753 
4 0.138926 
ZONE T="boundary3"
3.55505 -1 
-0.579353 -1 
-0.415213 -1 
0.204001 -1 
0.275484 -1 
-0.497283 -1 
1.44958 -1 
1.23932 -1 
1.34445 -1 
3.77752 -1 
4 -1 
-1.81351 -1 
-3.22819 -1 
-4 -1 
-3.58997 -1 
-2.22496 -1 
-2.46778 -1 
3.03275 -1 
2.66087 -1 
2.27172 -1 
2.46928 -1 
2.85245 -1 
1.8733 -1 
2.07416 -1 
-2.01923 -1 
-1.62417 -1 
-1.43484 -1 
-1.25547 -1 
-1.34516 -1 
-2.96939 -1 
-2.7106 -1 
-0.270429 -1 
-0.342821 -1 
-0.159334 -1 
-0.214882 -1 
-0.0370501 -1 
-0.702043 -1 
-0.763388 -1 
0.141842 -1 
0.0796828 -1 
0.346966 -1 
-0.640698 -1 
-3.79499 -1 
0.439329 -1 
0.531693 -1 
0.658904 -1 
0.786116 -1 
1.02564 -1 
1.13248 -1 
1.67244 -1 
-1.15468 -1 
-1.05389 -1 
-0.93931 -1 
0.90588 -1 
-3.40908 -1 
3.21304 -1 
-0.824733 -1 
0.239743 -1 
1.29188 -1 
3.88876 -1 
-2.34637 -1 
2.3705 -1 
2.75666 -1 
1.97373 -1 
-2.1221 -1 
-1.52951 -1 
-1.30031 -1 
2.17294 -1 
-1.71884 -1 
-2.84 -1 
-0.306625 -1 
-0.187108 -1 
-0.0981924 -1 
-0.732716 -1 
-0.242655 -1 
0.0213164 -1 
0.172922 -1 
0.311225 -1 
0.110762 -1 
-0.379017 -1 
-0.456248 -1 
-0.538318 -1 
-3.89749 -1 
0.595299 -1 
0.72251 -1 
1.1859 -1 
1.39701 -1 
1.56101 -1 
-1.10428 -1 
-1.20507 -1 
-1.39 -1 
0.965762 -1 
1.77287 -1 
-3.69248 -1 
3.12289 -1 
2.56508 -1 
2.9426 -1 
3.38404 -1 
-3.09879 -1 
-3.31863 -1 
-3.49953 -1 
-2.58919 -1 
0.393148 -1 
0.485511 -1 
-0.996599 -1 
-0.882022 -1 
-0.610026 -1 
-0.794061 -1 
-0.671371 -1 
-1.91637 -1 
1.07906 -1 
0.845998 -1 
3.66629 -1 
ZONE T="boundary4"
-0.147552 0.407953 
-0.124892 0.415534 
-0.274383 0.356367 
-0.45308 0.244995 
-0.428091 0.265122 
0.510348 0.366036 
0.496311 0.377354 
0.607686 0.223866 
0.617042 0.196985 
-0.611087 -0.028447 
0.633274 0.0225401 
-0.608485 -0.00716383 
0.63805 0.0731727 
-0.592684 0.055655 
-0.47119 0.229082 
-0.294104 0.346813 
-0.525426 0.172499 
-0.537237 0.157516 
-0.40033 0.28523 
-0.313127 0.337133 
-0.548087 0.142458 
0.637665 0.0903366 
-0.604555 0.01399 
-0.599283 0.0349693 
-0.558306 0.126833 
-0.513069 0.18692 
-0.575619 0.0958428 
-0.584782 0.0759716 
-0.567299 0.111588 
0.482332 0.387507 
0.637465 0.0560554 
-0.501093 0.199905 
-0.488705 0.212491 
-0.384018 0.296091 
-0.367439 0.306511 
-0.34981 0.316994 
-0.254491 0.365545 
-0.233914 0.374588 
-0.331956 0.327056 
-0.213177 0.383261 
-0.170048 0.39995 
-0.101209 0.422943 
-0.0773531 0.42987 
-0.0269425 0.442716 
-0.000144703 0.448533 
0.576168 0.289484 
0.567591 0.302699 
0.584068 0.275895 
-0.191691 0.391799 
0.63588 0.0391756 
0.523765 0.353987 
0.536658 0.34106 
0.437629 0.413993 
0.452947 0.405822 
0.407233 0.427881 
0.376325 0.439297 
0.620734 0.184929 
0.624134 0.172788 
0.596686 0.250541 
0.548835 0.327384 
0.467887 0.39698 
0.0553863 0.458272 
0.235224 0.466048 
0.204825 0.467565 
0.144 0.466958 
0.174391 0.467844 
0.347931 0.447739 
0.29205 0.459542 
0.319472 0.454487 
0.263611 0.463428 
-0.0522368 0.436578 
0.558521 0.315266 
0.630017 0.148101 
0.63635 0.107702 
0.634179 0.124955 
0.590628 0.263344 
0.0841045 0.462041 
0.0268315 0.45366 
0.113992 0.465005 
-0.13624 0.411798 
-0.44071 0.255214 
0.503403 0.371787 
0.61254 0.210487 
-0.60995 -0.0177856 
-0.284266 0.351638 
-0.531411 0.16507 
-0.30364 0.342021 
0.637975 0.081757 
-0.606685 0.00344332 
-0.602083 0.0245207 
-0.542745 0.150046 
-0.519319 0.17977 
-0.580351 0.0859763 
-0.56289 0.119262 
-0.553287 0.134705 
0.637882 0.0646094 
-0.507136 0.193463 
-0.480027 0.220872 
-0.494948 0.206246 
-0.414341 0.275357 
-0.392211 0.290716 
-0.462207 0.237122 
-0.358656 0.311806 
-0.375761 0.301353 
-0.244223 0.370114 
-0.340911 0.322075 
-0.223565 0.378971 
-0.158819 0.404004 
-0.264458 0.361002 
-0.11307 0.419298 
-0.0892994 0.426469 
-0.0135627 0.44571 
-0.596145 0.0453635 
-0.322569 0.332145 
0.571962 0.296145 
0.5802 0.282737 
-0.180888 0.395923 
0.634707 0.030837 
0.489383 0.382516 
0.445333 0.409991 
0.39188 0.433864 
0.622471 0.17887 
0.602393 0.237289 
0.422567 0.421236 
0.542845 0.33431 
0.530302 0.347614 
0.460467 0.401486 
0.6368 0.0476031 
0.517138 0.360102 
0.220032 0.466967 
0.159191 0.467542 
0.305791 0.457177 
0.36219 0.443726 
-0.0396081 0.43972 
0.553752 0.321385 
0.63712 0.0990275 
0.635367 0.116341 
0.632265 0.136558 
0.475165 0.392328 
0.563133 0.309038 
0.593717 0.256972 
-0.0648144 0.433294 
-0.202454 0.387578 
0.0697304 0.460265 
0.0133258 0.451186 
0.0990352 0.463646 
0.128987 0.466112 
0.249431 0.464888 
0.277852 0.461647 
0.0410915 0.45607 
0.333746 0.451304 
-0.571553 0.103765 
-0.58889 0.065874 
0.587413 0.269652 
0.627244 0.160484 
0.618924 0.190967 
0.189609 0.467855 
ZONE T="boundary5"
-0.176458 -0.544433 
-0.489595 -0.362552 
-0.568695 -0.242277 
-0.540076 -0.294723 
-0.529042 -0.311598 
-0.600171 -0.156076 
-0.605002 -0.134943 
-0.611087 -0.028447 
0.633274 0.0225401 
-0.576795 -0.224251 
-0.608666 -0.113741 
-0.611138 -0.092454 
-0.594975 -0.174625 
-0.550428 -0.277422 
-0.366632 -0.468224 
-0.27836 -0.51409 
-0.253677 -0.52353 
-0.202655 -0.538779 
-0.228639 -0.53172 
-0.301649 -0.50389 
-0.122997 -0.551414 
-0.0960036 -0.552565 
-0.149733 -0.548693 
-0.0692057 -0.552069 
-0.559906 -0.26003 
-0.0423544 -0.549857 
-0.612385 -0.071139 
-0.516812 -0.328778 
-0.503918 -0.345463 
-0.458362 -0.395542 
-0.474603 -0.379053 
-0.612378 -0.0497815 
-0.345811 -0.480878 
-0.324488 -0.492612 
-0.441466 -0.411354 
-0.386287 -0.455114 
0.624947 -0.00988405 
-0.583147 -0.208702 
0.629639 0.00620332 
-0.405393 -0.441194 
-0.423733 -0.426645 
0.0100852 -0.540194 
-0.0159496 -0.545914 
0.0606516 -0.523341 
0.0356633 -0.532669 
0.0849562 -0.512232 
0.10871 -0.499267 
0.177238 -0.448848 
0.199266 -0.42843 
0.132184 -0.484247 
0.154794 -0.46758 
0.221212 -0.406369 
0.266229 -0.358194 
0.290577 -0.332301 
0.243769 -0.382463 
0.356951 -0.268816 
0.335991 -0.287533 
0.315531 -0.307013 
0.377037 -0.252045 
0.397564 -0.236068 
0.456432 -0.195058 
0.434054 -0.210098 
0.41571 -0.222831 
0.478776 -0.180054 
0.530977 -0.141447 
0.553736 -0.121031 
0.573227 -0.10036 
0.619218 -0.0255979 
0.612515 -0.0407988 
0.5069 -0.160237 
0.589415 -0.0797668 
-0.588976 -0.19295 
0.602594 -0.0594428 
-0.534641 -0.303215 
-0.602725 -0.145542 
-0.610052 -0.103115 
-0.597676 -0.16538 
-0.266075 -0.518961 
-0.241208 -0.527781 
-0.290063 -0.509124 
-0.109508 -0.552193 
-0.136383 -0.550245 
-0.611916 -0.0818059 
-0.496842 -0.35408 
-0.466567 -0.38738 
-0.61254 -0.0604606 
-0.510446 -0.337183 
-0.523013 -0.320249 
-0.335212 -0.486861 
-0.313132 -0.498382 
-0.449994 -0.403534 
-0.376527 -0.461771 
0.631588 0.014342 
-0.414637 -0.434013 
-0.555254 -0.268773 
-0.611894 -0.0391049 
-0.572828 -0.233301 
-0.482181 -0.370877 
-0.00288349 -0.543279 
0.0482389 -0.528229 
0.0969439 -0.50596 
0.188368 -0.438771 
0.143616 -0.476095 
0.166146 -0.458377 
0.210329 -0.417496 
0.120573 -0.491961 
0.27835 -0.345196 
0.232543 -0.394471 
0.346396 -0.278084 
0.387234 -0.243965 
0.445228 -0.202551 
0.424853 -0.216419 
0.467621 -0.187579 
0.366926 -0.260345 
-0.356289 -0.474663 
0.542554 -0.131464 
0.563706 -0.110912 
0.615991 -0.0332538 
0.406594 -0.229386 
0.627425 -0.00187936 
0.622212 -0.0177888 
0.492932 -0.17028 
-0.564386 -0.251196 
-0.545339 -0.286125 
-0.606978 -0.124367 
0.581554 -0.0902492 
-0.432677 -0.41909 
-0.395912 -0.448253 
-0.163124 -0.546749 
-0.189593 -0.541781 
-0.0291191 -0.548107 
-0.0557614 -0.551181 
0.325687 -0.297194 
0.302959 -0.31956 
-0.215692 -0.535419 
0.022939 -0.536658 
-0.0825999 -0.552525 
0.0729002 -0.518005 
0.255001 -0.370332 
-0.586129 -0.200852 
-0.580034 -0.216501 
0.607745 -0.0502234 
-0.592072 -0.183819 
0.596233 -0.0697554 
0.519074 -0.151018 
