ZONE T="boundary0"
-4 -0.418044 
-4 -0.52298 
-4 -0.118403 
-4 -0.1757 
-4 -0.206258 
-4 -0.236816 
-4 0.241644 
-4 0.291062 
-4 0.415602 
-4 0.34048 
-4 -0.0611067 
-4 0.0636521 
-4 -0.813958 
-4 -1 
-4 -0.282388 
-4 -0.373002 
-4 -0.627915 
-4 0.197146 
-4 0.152648 
-4 0.745362 
-4 0.872681 
-4 1 
-4 0.618043 
-4 -0.32796 
-4 0.490724 
-4 -0.470512 
-4 -0.147051 
-4 -0.221537 
-4 0.266353 
-4 0.378041 
-4 -0.906979 
-4 -0.190979 
-4 0.00127268 
-4 -0.259602 
-4 -0.395523 
-4 -0.575448 
-4 -0.720937 
-4 0.219395 
-4 -0.0897549 
-4 0.174897 
-4 0.809021 
-4 0.93634 
-4 -0.305174 
-4 -0.350481 
-4 0.453163 
-4 0.681702 
-4 0.315771 
-4 0.10815 
-4 0.554383 
ZONE T="boundary1"
-3.60614 1 
1.55932 1 
-0.0325 1 
-0.0876013 1 
-1.52893 1 
-1.45931 1 
-1.66817 1 
-0.410298 1 
-0.298545 1 
-0.517179 1 
0.0226013 1 
-1.85258 1 
-2.03698 1 
-0.831638 1 
4 1 
3.48104 1 
-0.990537 1 
2.61261 1 
3.03984 1 
-2.5332 1 
3.26044 1 
1.89068 1 
-1.38969 1 
-3.80307 1 
1.28776 1 
-3.04561 1 
-3.30316 1 
-3.45465 1 
0.520594 1 
0.423073 1 
0.207425 1 
0.261337 1 
0.115013 1 
-0.193073 1 
-0.140337 1 
0.161219 1 
0.618114 1 
0.948519 1 
0.835873 1 
-0.624059 1 
-0.727849 1 
-0.911088 1 
1.42354 1 
-1.26956 1 
-1.14944 1 
2.061 1 
1.725 1 
0.726994 1 
1.06117 1 
1.17446 1 
-2.27834 1 
2.23131 1 
-2.78806 1 
2.42196 1 
-4 1 
0.369161 1 
0.315249 1 
-0.0600507 1 
-1.49412 1 
-0.00494938 1 
-1.94478 1 
3.74052 1 
-1.76038 1 
2.82623 1 
3.15014 1 
3.37074 1 
-1.4245 1 
-3.3789 1 
0.471833 1 
0.234381 1 
0.0688073 1 
-0.166705 1 
-0.113969 1 
0.138116 1 
-0.245809 1 
-0.354422 1 
-0.463738 1 
0.892196 1 
-0.570619 1 
-0.779744 1 
-0.950813 1 
-0.675954 1 
0.184322 1 
1.35565 1 
-1.2095 1 
-1.59855 1 
-1.32963 1 
-1.06999 1 
1.80784 1 
1.23111 1 
1.49143 1 
1.00484 1 
1.64216 1 
-3.17438 1 
-2.15766 1 
2.14615 1 
1.97584 1 
-2.91684 1 
-2.66063 1 
-2.40577 1 
2.51729 1 
-3.90154 1 
2.32663 1 
-3.70461 1 
0.569354 1 
0.672554 1 
0.396117 1 
0.342205 1 
0.288293 1 
0.781433 1 
1.11781 1 
-0.871363 1 
-3.5304 1 
ZONE T="boundary2"
4 -0.319998 
4 -0.364678 
4 -0.409357 
4 -0.454036 
4 -0.284278 
4 -0.248557 
4 -0.498715 
4 0.297364 
4 0.634524 
4 0.123374 
4 0.17571 
4 -1 
4 1 
4 -0.177116 
4 -0.644989 
4 -0.105376 
4 -0.033635 
4 0.236537 
4 0.206124 
4 -0.791262 
4 0.26695 
4 0.0710376 
4 0.36497 
4 0.432577 
4 0.53355 
4 -0.342338 
4 -0.431696 
4 -0.266418 
4 0.149542 
4 0.817262 
4 -0.212837 
4 -0.302138 
4 -0.387017 
4 -0.571852 
4 -0.476376 
4 -0.0695053 
4 0.22133 
4 -0.718126 
4 0.282157 
4 0.0972058 
4 0.398773 
4 0.251744 
4 0.584037 
4 0.483064 
4 -0.895631 
4 0.331167 
4 0.0187013 
4 -0.141246 
4 0.190917 
ZONE T="boundary3"
-3.58997 -1 
-3.79499 -1 
3.73297 -1 
-0.788242 -1 
0.626408 -1 
0.577633 -1 
-0.10816 -1 
-0.0355982 -1 
0.162732 -1 
0.226303 -1 
-4 -1 
-0.180721 -1 
1.30414 -1 
0.528858 -1 
-0.905327 -1 
-0.675343 -1 
-1.12658 -1 
-1.01595 -1 
1.05377 -1 
1.17572 -1 
4 -1 
1.77017 -1 
1.60136 -1 
3.46594 -1 
-3.12676 -1 
-2.70381 -1 
-2.27042 -1 
-1.87303 -1 
2.17758 -1 
1.97387 -1 
-2.48712 -1 
2.92879 -1 
3.19891 -1 
0.099162 -1 
0.0317819 -1 
-0.303943 -1 
-0.242332 -1 
-0.564529 -1 
-0.453716 -1 
0.715861 -1 
0.440127 -1 
0.760588 -1 
0.805315 -1 
0.671135 -1 
0.351397 -1 
0.28885 -1 
0.395762 -1 
0.931812 -1 
0.868563 -1 
-1.22682 -1 
1.43255 -1 
-1.32707 -1 
-1.44343 -1 
-1.71641 -1 
2.65867 -1 
2.41812 -1 
-1.55978 -1 
-3.69248 -1 
0.602021 -1 
-0.071879 -1 
0.194518 -1 
-3.89749 -1 
-0.846784 -1 
-0.731792 -1 
-1.07127 -1 
1.11475 -1 
3.86649 -1 
3.59946 -1 
-2.91529 -1 
-2.07173 -1 
2.07572 -1 
-3.35837 -1 
-2.37877 -1 
3.06385 -1 
-0.00190818 -1 
-0.211527 -1 
-0.509123 -1 
0.484493 -1 
0.553246 -1 
0.782951 -1 
0.693498 -1 
0.130947 -1 
0.320123 -1 
0.257576 -1 
0.417945 -1 
-0.619936 -1 
0.900188 -1 
-0.378829 -1 
-1.1767 -1 
1.36834 -1 
-1.27695 -1 
3.33243 -1 
-1.79472 -1 
1.51696 -1 
1.68577 -1 
1.87202 -1 
2.79373 -1 
-2.59546 -1 
2.29785 -1 
2.5384 -1 
-0.273138 -1 
-0.96064 -1 
0.836939 -1 
0.0654719 -1 
0.738225 -1 
0.373579 -1 
-0.14444 -1 
0.99279 -1 
0.648771 -1 
-1.63809 -1 
1.23993 -1 
-1.5016 -1 
-1.38525 -1 
ZONE T="boundary4"
-0.603997 0.00236495 
-0.606226 -0.0156659 
0.477623 0.328598 
0.48873 0.312876 
-0.217763 0.331015 
-0.20132 0.337729 
0.518441 0.15637 
0.513087 0.129439 
0.148675 0.435049 
0.170973 0.436522 
0.43439 0.370917 
-0.408064 0.242726 
-0.390016 0.252636 
-0.607347 -0.0338319 
-0.295946 0.297824 
-0.271761 0.308344 
-0.339658 0.27791 
0.417147 0.382894 
0.482629 0.0513026 
-0.600644 0.0201567 
-0.590598 0.0546236 
-0.596172 0.0376025 
-0.584821 0.0691642 
-0.578284 0.083213 
-0.571158 0.096524 
0.514461 0.252758 
0.510145 0.267798 
-0.563377 0.109337 
-0.536691 0.144575 
-0.526726 0.155404 
-0.516247 0.165833 
-0.455019 0.214071 
-0.440575 0.223411 
-0.505217 0.175933 
0.498367 0.296067 
0.126987 0.432914 
0.465362 0.343015 
0.395229 0.395523 
-0.492779 0.186435 
0.494879 0.0769878 
0.505165 0.103028 
-0.425916 0.23238 
-0.374637 0.260695 
-0.359163 0.268485 
-0.252984 0.31634 
-0.234175 0.324227 
-0.474662 0.200374 
-0.183437 0.344926 
-0.145915 0.359611 
-0.126242 0.367041 
-0.165504 0.352021 
0.450805 0.357361 
-0.0377029 0.397284 
-0.0136624 0.404363 
-0.320056 0.287016 
-0.104967 0.374824 
0.0105855 0.41092 
0.0348764 0.416856 
0.517682 0.237369 
0.521011 0.183024 
-0.555028 0.121584 
0.50944 0.116191 
0.358013 0.411889 
0.372727 0.406082 
0.519599 0.224086 
-0.546127 0.133316 
0.520793 0.210633 
0.105408 0.430135 
0.193337 0.437222 
0.08231 0.426471 
0.266696 0.433393 
0.28965 0.429988 
0.316197 0.424499 
0.241806 0.435825 
0.0593715 0.422161 
0.504799 0.282173 
0.520068 0.169717 
-0.0835611 0.382353 
0.46888 0.0255872 
0.216616 0.437071 
-0.0607193 0.390009 
0.343045 0.417021 
-0.605252 -0.00663305 
0.483358 0.320866 
-0.209545 0.334382 
0.516097 0.142838 
0.159818 0.435879 
-0.399067 0.247731 
-0.283866 0.303113 
-0.593525 0.0461589 
-0.587815 0.0619356 
-0.581653 0.0762352 
-0.574813 0.0899174 
0.512445 0.260319 
-0.567353 0.102983 
-0.53177 0.150046 
-0.521542 0.160674 
-0.447828 0.218789 
-0.510783 0.170938 
0.493751 0.304588 
0.137823 0.434065 
0.471649 0.33594 
0.406328 0.389451 
-0.499051 0.181246 
0.500276 0.0899075 
-0.417021 0.237608 
-0.382344 0.256698 
-0.59855 0.028916 
-0.433271 0.227938 
-0.34943 0.273239 
-0.243585 0.320296 
-0.464915 0.207331 
-0.262378 0.312356 
-0.366915 0.26462 
-0.192384 0.34134 
-0.136087 0.363349 
0.458243 0.350349 
-0.174476 0.348487 
-0.0257015 0.400887 
-0.329872 0.282497 
0.0227122 0.413965 
-0.115616 0.370963 
0.516207 0.245092 
-0.225973 0.32763 
0.365404 0.409072 
-0.483807 0.193518 
0.521271 0.196831 
0.384083 0.401026 
0.442745 0.364317 
0.116188 0.431603 
0.182152 0.436972 
-0.155717 0.355836 
0.278194 0.431834 
0.254266 0.434764 
0.507611 0.275037 
-0.559281 0.115515 
0.507375 0.109586 
0.519338 0.163033 
0.51134 0.122794 
0.520287 0.217368 
-0.55065 0.127505 
-0.541476 0.139002 
0.520623 0.176364 
0.518734 0.230741 
0.501718 0.289182 
-0.0942769 0.378624 
0.0938457 0.428388 
0.475859 0.0383895 
0.425888 0.377077 
-0.00155755 0.407712 
0.204977 0.437262 
-0.0492277 0.393699 
0.070826 0.424395 
0.229218 0.436594 
-0.0721558 0.386227 
0.0471057 0.419593 
-0.308019 0.292459 
0.329689 0.421002 
-0.602463 0.0112877 
-0.606923 -0.0247404 
0.488942 0.0640553 
0.302967 0.427455 
0.350558 0.414538 
ZONE T="boundary5"
-0.573583 -0.197615 
-0.564816 -0.217389 
-0.587801 -0.159691 
-0.606397 -0.0703503 
-0.593297 -0.14165 
-0.581554 -0.177525 
0.441305 -0.538172 
-0.604422 -0.0885061 
-0.601502 -0.10664 
-0.597799 -0.124208 
-0.394441 -0.435615 
-0.239698 -0.534032 
-0.191876 -0.555025 
-0.216568 -0.544632 
-0.283743 -0.51129 
-0.304635 -0.499206 
-0.324117 -0.487105 
-0.0842142 -0.590679 
-0.113106 -0.582522 
-0.0550604 -0.597961 
-0.0238667 -0.604745 
-0.607347 -0.0338319 
-0.166847 -0.564653 
-0.140127 -0.573995 
0.454141 -0.000953282 
0.439878 -0.0279718 
-0.502547 -0.321971 
-0.513955 -0.306116 
-0.439361 -0.394762 
-0.452965 -0.380832 
-0.526285 -0.287656 
-0.466145 -0.366522 
-0.360941 -0.461797 
-0.343193 -0.474415 
-0.424983 -0.408645 
-0.410191 -0.42211 
-0.378279 -0.448655 
0.460242 -0.517089 
0.451101 -0.527996 
0.495322 -0.441265 
0.491953 -0.45527 
-0.537885 -0.268761 
-0.490633 -0.337472 
0.143683 -0.624038 
0.108959 -0.622484 
0.0743281 -0.61961 
0.0408521 -0.615641 
0.00754833 -0.610563 
-0.60739 -0.0521014 
0.178637 -0.624139 
0.246953 -0.619361 
0.213389 -0.622609 
0.307568 -0.608033 
0.39717 -0.571801 
0.385107 -0.578623 
0.417458 -0.189804 
0.429855 -0.224132 
0.420097 -0.556351 
0.430842 -0.547705 
0.440509 -0.246163 
0.452054 -0.267635 
0.410903 -0.153022 
0.411104 -0.120152 
0.461506 0.0123209 
0.468558 -0.505571 
0.497536 -0.42683 
0.408868 -0.564371 
0.482108 -0.481565 
0.487541 -0.468661 
0.475776 -0.493838 
0.490217 -0.351504 
0.483244 -0.331093 
0.495506 -0.37372 
0.498214 -0.395625 
0.498556 -0.411397 
0.474414 -0.310552 
0.463603 -0.288965 
0.46888 0.0255872 
-0.55199 -0.243331 
-0.262459 -0.52272 
0.278547 -0.614442 
0.426815 -0.0570308 
0.416745 -0.0878296 
0.334168 -0.600249 
0.359556 -0.590744 
-0.569293 -0.207543 
-0.590645 -0.1507 
-0.603076 -0.0975911 
-0.595643 -0.132954 
-0.204263 -0.549926 
-0.294237 -0.505331 
-0.228174 -0.539422 
-0.0986918 -0.586712 
-0.03949 -0.601475 
-0.153523 -0.569428 
0.44687 -0.0143892 
-0.508314 -0.314089 
-0.446214 -0.387846 
-0.520207 -0.296944 
-0.599752 -0.115445 
-0.352115 -0.468173 
-0.459608 -0.373726 
-0.333705 -0.480835 
-0.432223 -0.401756 
-0.402367 -0.428922 
0.455768 -0.522623 
0.493784 -0.448303 
-0.478603 -0.352177 
-0.584766 -0.168639 
0.126313 -0.623434 
0.0575733 -0.617767 
0.0241794 -0.613239 
0.230193 -0.621218 
0.391183 -0.575285 
-0.607501 -0.0429663 
0.425534 -0.552107 
0.446289 -0.533166 
0.446221 -0.256931 
0.410294 -0.136583 
0.435009 -0.235231 
0.464506 -0.511407 
0.414538 -0.560439 
-0.386408 -0.442195 
0.484952 -0.475167 
0.472276 -0.499771 
0.43615 -0.543022 
0.479059 -0.487762 
0.486946 -0.341225 
0.497175 -0.384634 
0.493156 -0.362542 
0.498216 -0.419125 
0.496581 -0.434071 
0.498557 -0.403507 
-0.49665 -0.329768 
0.489883 -0.46201 
0.479004 -0.320747 
0.469137 -0.299694 
-0.60702 -0.0612327 
-0.417637 -0.415431 
-0.369661 -0.455293 
-0.577673 -0.187611 
-0.532176 -0.278265 
-0.545094 -0.256132 
-0.251124 -0.528466 
-0.314423 -0.493231 
-0.273146 -0.517088 
0.457871 -0.278277 
-0.0696646 -0.594429 
0.29311 -0.611474 
0.262787 -0.617141 
0.421292 -0.0722704 
-0.179398 -0.559935 
-0.558553 -0.230434 
-0.126649 -0.57836 
0.161159 -0.624282 
-0.00818169 -0.607776 
0.196023 -0.62359 
0.413312 -0.171567 
0.42302 -0.207198 
0.0916302 -0.621206 
-0.605529 -0.0794409 
0.403066 -0.568165 
0.372471 -0.584978 
0.346954 -0.595742 
0.320936 -0.604372 
0.457813 0.00568763 
0.4652 0.0189518 
0.433036 -0.0423616 
0.413285 -0.103879 
