ZONE T="boundary0"
-4 -1 
-4 -0.418044 
-4 -0.52298 
-4 0.264774 
-4 0.233253 
-4 0.201731 
-4 0.678855 
-4 0.486631 
-4 0.36752 
-4 -0.1757 
-4 -0.118403 
-4 0.1518 
-4 1 
-4 0.839428 
-4 0.582743 
-4 -0.813958 
-4 -0.236816 
-4 -0.206258 
-4 -0.282388 
-4 0.101868 
-4 0.427076 
-4 0.316147 
-4 -0.373002 
-4 -0.0611067 
-4 0.0203807 
-4 -0.627915 
-4 -0.32796 
-4 -0.470512 
-4 0.249013 
-4 0.217492 
-4 -0.147051 
-4 0.176766 
-4 0.919714 
-4 0.534687 
-4 -0.906979 
-4 -0.221537 
-4 -0.190979 
-4 -0.259602 
-4 0.126834 
-4 0.397298 
-4 -0.395523 
-4 -0.020363 
-4 -0.575448 
-4 -0.720937 
-4 -0.0897549 
-4 0.630799 
-4 0.759141 
-4 -0.305174 
-4 -0.350481 
-4 0.29046 
-4 0.341833 
-4 0.456853 
-4 0.0611245 
ZONE T="boundary1"
-3.168 1 
1.01059 1 
-1.44969 1 
0.0614437 1 
0.316474 1 
-0.00623956 1 
-0.0739228 1 
-1.77634 1 
-1.59425 1 
0.93113 1 
3.81012 1 
1.16951 1 
-1.96918 1 
3.24049 1 
2.91757 1 
1.84048 1 
-3.46349 1 
-3.61124 1 
2.00106 1 
-4 1 
-2.52928 1 
1.28917 1 
2.65085 1 
0.257123 1 
0.197772 1 
0.43277 1 
0.563119 1 
-0.231943 1 
0.628293 1 
0.129608 1 
-0.351768 1 
-0.152933 1 
0.77257 1 
0.851672 1 
-1.19708 1 
-1.52197 1 
-0.435826 1 
1.09005 1 
1.40883 1 
4 1 
3.62025 1 
-1.32339 1 
-0.754966 1 
-0.868156 1 
-3.80562 1 
1.67991 1 
1.54437 1 
2.1926 1 
-2.16203 1 
2.38414 1 
-2.36562 1 
-2.69294 1 
-2.85659 1 
-3.02025 1 
-3.31575 1 
-0.519884 1 
-0.637425 1 
0.693467 1 
-1.08922 1 
-0.981347 1 
-0.0400812 1 
-1.6853 1 
3.07903 1 
-3.53737 1 
1.92077 1 
1.22934 1 
0.227448 1 
0.497944 1 
0.286798 1 
0.374622 1 
0.0955258 1 
-0.192438 1 
0.0276021 1 
0.970859 1 
0.812121 1 
-1.55811 1 
1.05032 1 
0.891401 1 
1.349 1 
1.12978 1 
3.71519 1 
-1.48583 1 
3.90506 1 
-0.811561 1 
-3.70843 1 
-3.90281 1 
3.43037 1 
1.61214 1 
2.09683 1 
-2.06561 1 
-1.87276 1 
2.78421 1 
-2.26382 1 
2.5175 1 
2.28837 1 
-2.61111 1 
-2.44745 1 
-3.09412 1 
-3.38962 1 
-3.24187 1 
-2.93842 1 
-2.77476 1 
0.16369 1 
-0.578654 1 
-0.696195 1 
-0.291856 1 
-0.393797 1 
0.733018 1 
0.595706 1 
0.66088 1 
-0.477855 1 
-0.113428 1 
-1.14315 1 
-0.924752 1 
-1.38654 1 
-1.03528 1 
1.76019 1 
1.4766 1 
-1.26024 1 
ZONE T="boundary2"
4 -0.333492 
4 -0.403997 
4 -0.474503 
4 -0.298206 
4 -0.26292 
4 0.141888 
4 0.391262 
4 0.516186 
4 0.319376 
4 0.343338 
4 0.218651 
4 0.257032 
4 -0.653453 
4 -0.826727 
4 -1 
4 -0.563978 
4 -0.00930787 
4 -0.0795216 
4 0.64111 
4 0.295414 
4 0.820555 
4 0.730832 
4 1 
4 -0.234624 
4 -0.206328 
4 -0.149735 
4 0.180269 
4 0.06629 
4 -0.43925 
4 -0.280563 
4 0.453724 
4 0.331357 
4 0.237841 
4 -0.74009 
4 -0.51924 
4 -0.0444147 
4 0.578648 
4 0.775694 
4 0.910277 
4 0.685971 
4 -0.220476 
4 -0.315849 
4 -0.368744 
4 -0.178031 
4 -0.248772 
4 -0.114628 
4 0.3673 
4 0.307395 
4 0.19946 
4 0.104089 
4 0.0284911 
4 -0.608716 
4 -0.913363 
4 0.161079 
4 0.276223 
ZONE T="boundary3"
-3.66955 -1 
-4 -1 
-2.26277 -1 
-1.84167 -1 
-1.6727 -1 
-1.36865 -1 
-1.29439 -1 
0.0239739 -1 
0.0737338 -1 
-1.21082 -1 
-1.12725 -1 
0.123494 -1 
-3.3391 -1 
0.6083 -1 
-0.154481 -1 
-0.109867 -1 
-0.66332 -1 
-0.503534 -1 
-0.450272 -1 
2.00791 -1 
-0.0652535 -1 
-1.0209 -1 
0.718538 -1 
0.827383 -1 
1.51967 -1 
1.05004 -1 
2.72743 -1 
2.89029 -1 
1.83001 -1 
-3.10865 -1 
-1.4429 -1 
-2.51492 -1 
3.26784 -1 
-2.69656 -1 
3.69685 -1 
4 -1 
-0.556796 -1 
0.498063 -1 
-0.376242 -1 
-0.302211 -1 
-0.339226 -1 
-0.0206397 -1 
0.190907 -1 
0.258321 -1 
-0.788936 -1 
0.378192 -1 
1.16385 -1 
0.936229 -1 
-0.914552 -1 
1.38722 -1 
1.27553 -1 
1.65212 -1 
-2.8782 -1 
3.3937 -1 
3.14199 -1 
2.20633 -1 
2.38545 -1 
-2.01063 -1 
2.56457 -1 
-0.228346 -1 
-3.83478 -1 
-1.75718 -1 
-1.33152 -1 
0.048854 -1 
-1.16904 -1 
0.0986138 -1 
-3.50433 -1 
-0.132174 -1 
-0.476903 -1 
-1.07407 -1 
0.77296 -1 
2.80886 -1 
-3.22387 -1 
-1.40577 -1 
-2.38885 -1 
-2.60574 -1 
3.84842 -1 
-0.610058 -1 
-0.413257 -1 
-0.320718 -1 
-0.0875601 -1 
0.224614 -1 
0.1572 -1 
0.0016671 -1 
-0.726128 -1 
0.318256 -1 
0.438128 -1 
1.10694 -1 
0.553182 -1 
0.881806 -1 
0.663419 -1 
-1.25261 -1 
-0.967726 -1 
-0.851744 -1 
0.993133 -1 
1.33138 -1 
-1.5578 -1 
-2.99342 -1 
1.21969 -1 
1.74107 -1 
3.33077 -1 
3.01614 -1 
3.54527 -1 
-2.78738 -1 
2.10712 -1 
-2.1367 -1 
1.91896 -1 
2.47501 -1 
2.29589 -1 
-1.92615 -1 
2.646 -1 
-0.191413 -1 
-0.357734 -1 
-0.265278 -1 
-0.530165 -1 
-0.0429466 -1 
1.5859 -1 
1.45345 -1 
3.20492 -1 
ZONE T="boundary4"
-0.269027 0.426927 
-0.291657 0.415403 
-0.335121 0.390601 
-0.356042 0.377281 
-0.626412 -0.0209052 
-0.452846 0.300573 
0.639225 0.0221813 
0.636954 0.0373355 
0.418646 0.427169 
0.433063 0.416462 
0.634013 0.0524299 
-0.622915 0.00262688 
0.612834 0.122808 
0.604828 0.143627 
0.507159 0.340193 
0.641562 -0.00788323 
0.640768 0.00711292 
0.388365 0.446617 
-0.12272 0.482321 
-0.148537 0.474721 
0.473233 0.380371 
-0.611898 0.0496163 
-0.604398 0.0729361 
-0.618078 0.0261443 
-0.585541 0.118884 
-0.595599 0.0960493 
-0.576625 0.136902 
-0.567026 0.154572 
-0.376509 0.363277 
-0.393956 0.350507 
-0.4661 0.287544 
-0.479014 0.274053 
0.460335 0.393098 
-0.556224 0.172796 
0.535325 0.296766 
0.517425 0.325633 
-0.531265 0.210063 
-0.246043 0.437741 
-0.222338 0.448011 
-0.517094 0.22902 
-0.504528 0.24479 
0.446887 0.405172 
-0.491505 0.260179 
-0.439212 0.313209 
-0.425275 0.325405 
-0.411007 0.337212 
0.551594 0.265927 
0.562291 0.243162 
-0.313589 0.403348 
-0.198323 0.457548 
-0.0427437 0.500577 
-0.0147626 0.505144 
-0.173564 0.466514 
-0.544769 0.190618 
0.485045 0.367589 
0.403775 0.437197 
0.573352 0.218257 
0.356795 0.463229 
0.324558 0.47702 
0.496309 0.354252 
0.0424712 0.511594 
0.0716607 0.51337 
0.132288 0.513645 
0.163807 0.511853 
0.0133414 0.508798 
0.291779 0.488282 
0.620249 0.101808 
0.594672 0.168496 
0.62626 0.0826959 
0.584171 0.193267 
-0.0697998 0.495273 
-0.0966803 0.489127 
0.101988 0.514098 
0.259213 0.497103 
0.195152 0.508643 
0.226971 0.503802 
-0.280387 0.421254 
-0.345636 0.384027 
0.638175 0.0297711 
0.425915 0.421899 
0.635562 0.0448978 
-0.624827 -0.00911636 
0.608892 0.133239 
0.64126 -0.000380345 
-0.135658 0.47862 
-0.608303 0.0613251 
-0.620658 0.0144175 
-0.590714 0.107529 
-0.571908 0.145781 
-0.38528 0.356958 
-0.472609 0.280848 
0.466858 0.386812 
-0.56171 0.163734 
-0.581171 0.127936 
0.526641 0.311371 
-0.234231 0.442968 
-0.524259 0.219601 
-0.510867 0.23695 
-0.257577 0.432423 
0.453681 0.399215 
-0.485312 0.267163 
-0.459522 0.294108 
-0.432286 0.319356 
-0.446075 0.306941 
0.557025 0.254585 
-0.418181 0.331357 
-0.302671 0.409462 
-0.210367 0.452871 
0.543701 0.28148 
-0.028771 0.502974 
-0.185978 0.462126 
-0.550575 0.181757 
-0.402533 0.343925 
0.47921 0.374047 
0.411267 0.432267 
-0.600149 0.0845491 
-0.615147 0.037921 
0.34081 0.470433 
0.396122 0.441992 
0.372753 0.455253 
-0.366334 0.370365 
0.50181 0.347283 
0.49075 0.360984 
0.440039 0.410897 
0.0570594 0.512611 
-0.498075 0.252535 
0.14806 0.512922 
-0.000724788 0.507086 
0.308269 0.482937 
-0.538106 0.200402 
0.616626 0.112336 
0.567864 0.230728 
0.599805 0.156081 
0.512368 0.332968 
0.640087 0.0146563 
0.623343 0.0922787 
-0.161082 0.470712 
0.589451 0.180893 
-0.324407 0.397061 
-0.0832638 0.492305 
-0.0562922 0.498031 
0.0868225 0.513879 
0.117142 0.514023 
0.578783 0.20577 
-0.109726 0.485823 
0.0278953 0.510321 
0.179501 0.510431 
0.243141 0.50068 
0.211095 0.506426 
0.275567 0.492947 
0.630411 0.0676314 
ZONE T="boundary5"
-0.628892 -0.0911673 
-0.629396 -0.0678403 
-0.626412 -0.0209052 
-0.628571 -0.0444063 
-0.6082 -0.200086 
-0.613513 -0.183102 
-0.476329 -0.379104 
-0.627055 -0.114396 
-0.328356 -0.428808 
-0.302133 -0.429866 
-0.354539 -0.425817 
-0.380415 -0.420748 
-0.43042 -0.404084 
-0.453829 -0.392663 
0.619743 -0.122653 
-0.275798 -0.42919 
-0.249673 -0.427015 
0.636929 -0.0667883 
0.633792 -0.0811078 
-0.223597 -0.423571 
-0.197397 -0.419069 
0.581763 -0.186335 
-0.171227 -0.413776 
0.606538 -0.149214 
0.598846 -0.162059 
0.572469 -0.197771 
-0.55308 -0.306398 
-0.565313 -0.289091 
-0.529194 -0.334583 
-0.5415 -0.32087 
0.639275 -0.0522817 
-0.595367 -0.233371 
-0.58642 -0.252501 
-0.576491 -0.270978 
0.56241 -0.209097 
0.641562 -0.00788323 
-0.145003 -0.407927 
-0.118429 -0.401689 
-0.513543 -0.349952 
-0.0918527 -0.395369 
-0.496957 -0.364102 
-0.623886 -0.13747 
-0.619375 -0.160378 
-0.0646096 -0.389014 
-0.00931687 -0.377148 
-0.0373456 -0.382948 
0.01867 -0.371875 
0.0761034 -0.36275 
0.0474431 -0.367025 
0.19337 -0.349135 
0.134458 -0.355457 
0.105354 -0.358893 
0.163972 -0.352242 
0.223085 -0.345896 
0.311973 -0.333359 
0.282386 -0.338246 
0.341293 -0.32747 
0.398995 -0.311718 
0.370405 -0.320315 
0.480908 -0.274948 
0.45443 -0.289233 
0.529919 -0.240083 
0.541102 -0.23025 
0.551892 -0.219971 
0.427144 -0.301393 
0.641588 -0.0227709 
0.613482 -0.136131 
0.590534 -0.174485 
0.640826 -0.0376243 
0.627592 -0.10226 
-0.602132 -0.216893 
0.2527 -0.342351 
-0.405737 -0.413526 
0.50596 -0.25867 
-0.62931 -0.0795094 
-0.627656 -0.0326422 
-0.610949 -0.191624 
-0.315262 -0.429565 
-0.367537 -0.423548 
-0.442252 -0.398631 
-0.28897 -0.429732 
0.63546 -0.0739695 
-0.236623 -0.425436 
0.602774 -0.155686 
0.577179 -0.192105 
-0.559331 -0.297843 
-0.535443 -0.327815 
-0.581588 -0.261814 
-0.59102 -0.242998 
-0.465229 -0.386132 
-0.131713 -0.404831 
-0.521501 -0.342404 
-0.505374 -0.357174 
-0.62915 -0.0561194 
-0.62814 -0.102797 
-0.621796 -0.148959 
-0.57104 -0.280123 
-0.0782333 -0.392165 
-0.0233381 -0.379988 
-0.262729 -0.428276 
0.00467248 -0.374445 
0.0617718 -0.364821 
0.119907 -0.357133 
0.149215 -0.353826 
0.178673 -0.350688 
-0.210484 -0.421433 
0.20823 -0.347541 
0.297195 -0.335915 
0.326658 -0.330557 
0.355887 -0.324065 
-0.54739 -0.313717 
0.467807 -0.282354 
0.535559 -0.235222 
0.567501 -0.203489 
0.557207 -0.214589 
0.413148 -0.306781 
0.440892 -0.295558 
0.586217 -0.180461 
0.610095 -0.142718 
0.616703 -0.129434 
0.594766 -0.168323 
0.638202 -0.059551 
0.630912 -0.0917474 
0.64015 -0.0449634 
0.641307 -0.0302026 
-0.605256 -0.208524 
-0.625637 -0.125958 
0.623875 -0.112535 
-0.616608 -0.171785 
0.641672 -0.0153268 
-0.4868 -0.371822 
-0.105141 -0.398526 
0.0907272 -0.360763 
0.267553 -0.340381 
-0.1843 -0.416504 
-0.0509821 -0.385936 
0.0330505 -0.369379 
0.384755 -0.316215 
-0.341484 -0.427564 
-0.158108 -0.410903 
0.237898 -0.344176 
-0.598837 -0.22517 
0.546546 -0.225166 
-0.39316 -0.417408 
-0.418186 -0.409077 
0.518129 -0.24963 
0.493601 -0.267071 
