ZONE T="boundary0"
-4 -1 
-4 -0.418044 
-4 -0.52298 
-4 0.264774 
-4 0.233253 
-4 0.201731 
-4 0.678855 
-4 0.486631 
-4 0.36752 
-4 -0.1757 
-4 -0.118403 
-4 0.1518 
-4 1 
-4 0.839428 
-4 0.582743 
-4 -0.813958 
-4 -0.236816 
-4 -0.206258 
-4 -0.282388 
-4 0.101868 
-4 0.427076 
-4 0.316147 
-4 -0.373002 
-4 -0.0611067 
-4 0.0203807 
-4 -0.627915 
-4 -0.32796 
-4 -0.470512 
-4 0.249013 
-4 0.217492 
-4 -0.147051 
-4 0.176766 
-4 0.919714 
-4 0.534687 
-4 -0.906979 
-4 -0.221537 
-4 -0.190979 
-4 -0.259602 
-4 0.126834 
-4 0.397298 
-4 -0.395523 
-4 -0.020363 
-4 -0.575448 
-4 -0.720937 
-4 -0.0897549 
-4 0.630799 
-4 0.759141 
-4 -0.305174 
-4 -0.350481 
-4 0.29046 
-4 0.341833 
-4 0.456853 
-4 0.0611245 
ZONE T="boundary1"
-3.168 1 
1.01059 1 
-1.44969 1 
0.0614437 1 
0.316474 1 
-0.00623956 1 
-0.0739228 1 
-1.77634 1 
-1.59425 1 
0.93113 1 
3.81012 1 
1.16951 1 
-1.96918 1 
3.24049 1 
2.91757 1 
1.84048 1 
-3.46349 1 
-3.61124 1 
2.00106 1 
-4 1 
-2.52928 1 
1.28917 1 
2.65085 1 
0.257123 1 
0.197772 1 
0.43277 1 
0.563119 1 
-0.231943 1 
0.628293 1 
0.129608 1 
-0.351768 1 
-0.152933 1 
0.77257 1 
0.851672 1 
-1.19708 1 
-1.52197 1 
-0.435826 1 
1.09005 1 
1.40883 1 
4 1 
3.62025 1 
-1.32339 1 
-0.754966 1 
-0.868156 1 
-3.80562 1 
1.67991 1 
1.54437 1 
2.1926 1 
-2.16203 1 
2.38414 1 
-2.36562 1 
-2.69294 1 
-2.85659 1 
-3.02025 1 
-3.31575 1 
-0.519884 1 
-0.637425 1 
0.693467 1 
-1.08922 1 
-0.981347 1 
-0.0400812 1 
-1.6853 1 
3.07903 1 
-3.53737 1 
1.92077 1 
1.22934 1 
0.227448 1 
0.497944 1 
0.286798 1 
0.374622 1 
0.0955258 1 
-0.192438 1 
0.0276021 1 
0.970859 1 
0.812121 1 
-1.55811 1 
1.05032 1 
0.891401 1 
1.349 1 
1.12978 1 
3.71519 1 
-1.48583 1 
3.90506 1 
-0.811561 1 
-3.70843 1 
-3.90281 1 
3.43037 1 
1.61214 1 
2.09683 1 
-2.06561 1 
-1.87276 1 
2.78421 1 
-2.26382 1 
2.5175 1 
2.28837 1 
-2.61111 1 
-2.44745 1 
-3.09412 1 
-3.38962 1 
-3.24187 1 
-2.93842 1 
-2.77476 1 
0.16369 1 
-0.578654 1 
-0.696195 1 
-0.291856 1 
-0.393797 1 
0.733018 1 
0.595706 1 
0.66088 1 
-0.477855 1 
-0.113428 1 
-1.14315 1 
-0.924752 1 
-1.38654 1 
-1.03528 1 
1.76019 1 
1.4766 1 
-1.26024 1 
ZONE T="boundary2"
4 -0.333492 
4 -0.403997 
4 -0.474503 
4 -0.298206 
4 -0.26292 
4 0.141888 
4 0.391262 
4 0.516186 
4 0.319376 
4 0.343338 
4 0.218651 
4 0.257032 
4 -0.653453 
4 -0.826727 
4 -1 
4 -0.563978 
4 -0.00930787 
4 -0.0795216 
4 0.64111 
4 0.295414 
4 0.820555 
4 0.730832 
4 1 
4 -0.234624 
4 -0.206328 
4 -0.149735 
4 0.180269 
4 0.06629 
4 -0.43925 
4 -0.280563 
4 0.453724 
4 0.331357 
4 0.237841 
4 -0.74009 
4 -0.51924 
4 -0.0444147 
4 0.578648 
4 0.775694 
4 0.910277 
4 0.685971 
4 -0.220476 
4 -0.315849 
4 -0.368744 
4 -0.178031 
4 -0.248772 
4 -0.114628 
4 0.3673 
4 0.307395 
4 0.19946 
4 0.104089 
4 0.0284911 
4 -0.608716 
4 -0.913363 
4 0.161079 
4 0.276223 
ZONE T="boundary3"
-3.66955 -1 
-4 -1 
-2.26277 -1 
-1.84167 -1 
-1.6727 -1 
-1.36865 -1 
-1.29439 -1 
0.0239739 -1 
0.0737338 -1 
-1.21082 -1 
-1.12725 -1 
0.123494 -1 
-3.3391 -1 
0.6083 -1 
-0.154481 -1 
-0.109867 -1 
-0.66332 -1 
-0.503534 -1 
-0.450272 -1 
2.00791 -1 
-0.0652535 -1 
-1.0209 -1 
0.718538 -1 
0.827383 -1 
1.51967 -1 
1.05004 -1 
2.72743 -1 
2.89029 -1 
1.83001 -1 
-3.10865 -1 
-1.4429 -1 
-2.51492 -1 
3.26784 -1 
-2.69656 -1 
3.69685 -1 
4 -1 
-0.556796 -1 
0.498063 -1 
-0.376242 -1 
-0.302211 -1 
-0.339226 -1 
-0.0206397 -1 
0.190907 -1 
0.258321 -1 
-0.788936 -1 
0.378192 -1 
1.16385 -1 
0.936229 -1 
-0.914552 -1 
1.38722 -1 
1.27553 -1 
1.65212 -1 
-2.8782 -1 
3.3937 -1 
3.14199 -1 
2.20633 -1 
2.38545 -1 
-2.01063 -1 
2.56457 -1 
-0.228346 -1 
-3.83478 -1 
-1.75718 -1 
-1.33152 -1 
0.048854 -1 
-1.16904 -1 
0.0986138 -1 
-3.50433 -1 
-0.132174 -1 
-0.476903 -1 
-1.07407 -1 
0.77296 -1 
2.80886 -1 
-3.22387 -1 
-1.40577 -1 
-2.38885 -1 
-2.60574 -1 
3.84842 -1 
-0.610058 -1 
-0.413257 -1 
-0.320718 -1 
-0.0875601 -1 
0.224614 -1 
0.1572 -1 
0.0016671 -1 
-0.726128 -1 
0.318256 -1 
0.438128 -1 
1.10694 -1 
0.553182 -1 
0.881806 -1 
0.663419 -1 
-1.25261 -1 
-0.967726 -1 
-0.851744 -1 
0.993133 -1 
1.33138 -1 
-1.5578 -1 
-2.99342 -1 
1.21969 -1 
1.74107 -1 
3.33077 -1 
3.01614 -1 
3.54527 -1 
-2.78738 -1 
2.10712 -1 
-2.1367 -1 
1.91896 -1 
2.47501 -1 
2.29589 -1 
-1.92615 -1 
2.646 -1 
-0.191413 -1 
-0.357734 -1 
-0.265278 -1 
-0.530165 -1 
-0.0429466 -1 
1.5859 -1 
1.45345 -1 
3.20492 -1 
ZONE T="boundary4"
-0.266581 0.423561 
-0.28917 0.412097 
-0.332582 0.387447 
-0.353491 0.374217 
-0.624763 -0.022208 
-0.450372 0.298048 
0.640666 0.0243372 
0.638575 0.039493 
0.421058 0.427384 
0.435632 0.416873 
0.63582 0.0545958 
-0.621243 0.00131189 
0.615552 0.125071 
0.607814 0.145918 
0.510677 0.341642 
0.642663 -0.00570568 
0.642036 0.00927537 
0.390485 0.446434 
-0.120687 0.478863 
-0.14642 0.471245 
0.476299 0.381342 
-0.610162 0.0482419 
-0.602618 0.071515 
-0.616378 0.0248055 
-0.583654 0.117333 
-0.59377 0.0945688 
-0.574689 0.135285 
-0.565036 0.152883 
-0.373955 0.360311 
-0.391409 0.347632 
-0.463653 0.285102 
-0.476601 0.271696 
0.463233 0.393887 
-0.554176 0.171025 
0.539164 0.298602 
0.521073 0.327224 
-0.529083 0.208095 
-0.243648 0.434328 
-0.220002 0.444562 
-0.514837 0.226938 
-0.502209 0.242612 
0.449618 0.405773 
-0.489132 0.257907 
-0.436713 0.310598 
-0.422756 0.322709 
-0.408472 0.334432 
0.555523 0.267975 
0.566193 0.245326 
-0.311071 0.400113 
-0.196054 0.454077 
-0.0409752 0.497261 
-0.013082 0.501907 
-0.171368 0.463033 
-0.542659 0.188757 
0.488268 0.368727 
0.406037 0.437215 
0.577121 0.220512 
0.358668 0.462655 
0.326234 0.476073 
0.499684 0.355549 
0.0439914 0.508563 
0.0731128 0.510469 
0.133641 0.51107 
0.165138 0.50948 
0.0149394 0.505654 
0.293305 0.486986 
0.622691 0.104038 
0.597961 0.170804 
0.628452 0.0848966 
0.587727 0.195567 
-0.0679431 0.491895 
-0.0947341 0.485702 
0.103383 0.511351 
0.260636 0.49549 
0.196483 0.506493 
0.228331 0.501905 
-0.27792 0.417917 
-0.34309 0.380916 
0.639706 0.0319268 
0.428405 0.422212 
0.637276 0.0470586 
-0.623168 -0.0104239 
0.611745 0.135517 
0.642443 0.00178857 
-0.133582 0.475151 
-0.606546 0.0599288 
-0.618973 0.013092 
-0.588857 0.106015 
-0.569945 0.14413 
-0.382729 0.354036 
-0.470178 0.278449 
0.46984 0.387692 
-0.559692 0.162005 
-0.57926 0.126353 
0.530395 0.31309 
-0.231864 0.439535 
-0.52204 0.217577 
-0.508579 0.23482 
-0.255156 0.429032 
0.456496 0.399911 
-0.482918 0.264849 
-0.457061 0.291625 
-0.429777 0.316702 
-0.443588 0.304372 
0.560953 0.256696 
-0.415654 0.328619 
-0.300168 0.40619 
-0.208064 0.44941 
0.547601 0.283428 
-0.0270469 0.499695 
-0.183745 0.458649 
-0.548496 0.179942 
-0.399991 0.341097 
0.482355 0.375102 
0.413602 0.432384 
-0.598345 0.0830996 
-0.61343 0.0365658 
0.342578 0.46967 
0.398312 0.44191 
0.374744 0.454874 
-0.363781 0.367349 
0.505258 0.348657 
0.49405 0.362202 
0.442689 0.411404 
0.0585442 0.509643 
-0.495728 0.250309 
0.149399 0.510445 
0.000913812 0.503893 
0.309864 0.481813 
-0.53596 0.198488 
0.619207 0.114583 
0.571712 0.232943 
0.602947 0.158384 
0.515953 0.33449 
0.641441 0.0168145 
0.62566 0.0944935 
-0.158925 0.467232 
0.59288 0.1832 
-0.321877 0.393865 
-0.0813623 0.488902 
-0.0544798 0.494682 
0.0882441 0.511052 
0.118514 0.511359 
0.582454 0.208052 
-0.107736 0.48238 
0.0294533 0.507232 
0.180828 0.508166 
0.244529 0.498922 
0.212437 0.504399 
0.277037 0.49149 
0.63241 0.0698122 
ZONE T="boundary5"
-0.627285 -0.092506 
-0.627778 -0.0691544 
-0.624763 -0.022208 
-0.626939 -0.0457091 
-0.606714 -0.201775 
-0.611991 -0.184702 
-0.475983 -0.384164 
-0.625461 -0.115773 
-0.32812 -0.438318 
-0.301824 -0.439913 
-0.354374 -0.434678 
-0.3803 -0.428877 
-0.430279 -0.41064 
-0.453607 -0.398452 
0.619714 -0.120018 
-0.275438 -0.439645 
-0.249296 -0.437724 
0.637424 -0.0644591 
0.63415 -0.0787171 
-0.223266 -0.434374 
-0.197182 -0.429792 
0.581104 -0.183063 
-0.171201 -0.42424 
0.606259 -0.14636 
0.598441 -0.159077 
0.571681 -0.194339 
-0.552084 -0.309234 
-0.564202 -0.291638 
-0.528424 -0.338045 
-0.540612 -0.324002 
0.639912 -0.0500044 
-0.593985 -0.235293 
-0.585119 -0.254597 
-0.575279 -0.273278 
0.561486 -0.205489 
0.642663 -0.00570568 
-0.145239 -0.417948 
-0.11899 -0.411082 
-0.512914 -0.353861 
-0.0927742 -0.403963 
-0.496465 -0.368511 
-0.622307 -0.138901 
-0.617819 -0.161882 
-0.0659274 -0.396637 
-0.0113819 -0.38244 
-0.0390495 -0.38947 
0.016298 -0.375883 
0.0733236 -0.364122 
0.0448262 -0.369698 
0.19058 -0.346177 
0.131564 -0.354423 
0.102479 -0.359008 
0.161112 -0.35017 
0.220397 -0.342194 
0.309619 -0.328319 
0.279922 -0.333512 
0.339039 -0.322249 
0.396929 -0.306446 
0.368247 -0.315022 
0.479176 -0.27017 
0.452565 -0.28423 
0.528592 -0.235924 
0.539906 -0.226274 
0.55083 -0.216179 
0.425172 -0.296223 
0.642528 -0.0205694 
0.613327 -0.133392 
0.590002 -0.171363 
0.641611 -0.0353894 
0.627752 -0.0997577 
-0.600692 -0.218689 
0.250124 -0.33806 
-0.405632 -0.420878 
0.504401 -0.25417 
-0.627698 -0.0808343 
-0.626017 -0.0339437 
-0.609443 -0.193267 
-0.314989 -0.439359 
-0.367401 -0.432051 
-0.442076 -0.4048 
-0.288632 -0.440001 
0.635886 -0.0716107 
-0.236262 -0.436213 
0.602432 -0.152769 
0.576456 -0.188754 
-0.558276 -0.300528 
-0.534614 -0.331107 
-0.58033 -0.264008 
-0.589677 -0.245003 
-0.46495 -0.39155 
-0.132104 -0.41456 
-0.5208 -0.346083 
-0.504814 -0.361327 
-0.627525 -0.0574264 
-0.62654 -0.104153 
-0.620228 -0.150424 
-0.569877 -0.282541 
-0.0793521 -0.400291 
-0.0252268 -0.385905 
-0.262356 -0.438877 
0.00244627 -0.379099 
0.0590639 -0.366838 
0.117015 -0.356658 
0.146333 -0.352255 
0.175844 -0.348154 
-0.210202 -0.432218 
0.205489 -0.344191 
0.294787 -0.331012 
0.324355 -0.325412 
0.353681 -0.318795 
-0.546448 -0.316696 
0.466005 -0.277457 
0.534297 -0.231154 
0.566645 -0.19997 
0.556214 -0.21089 
0.411127 -0.301551 
0.438972 -0.290465 
0.585622 -0.177266 
0.609878 -0.139922 
0.616611 -0.126748 
0.594298 -0.165272 
0.638768 -0.0572489 
0.63117 -0.0893038 
0.640861 -0.0427085 
0.642169 -0.0279856 
-0.603791 -0.210264 
-0.62405 -0.12736 
0.62394 -0.10997 
-0.615068 -0.173334 
0.642691 -0.0131384 
-0.486384 -0.376548 
-0.105877 -0.40754 
0.0878915 -0.361496 
0.265032 -0.335851 
-0.184171 -0.42712 
-0.0524952 -0.393023 
0.0305485 -0.372718 
0.382642 -0.310922 
-0.341286 -0.43676 
-0.158204 -0.421168 
0.235265 -0.340161 
-0.597425 -0.227026 
0.545417 -0.221282 
-0.393055 -0.425152 
-0.418069 -0.416031 
0.516679 -0.245293 
0.491949 -0.262424 
