ZONE T="boundary0"
-4 -0.418044 
-4 -0.52298 
-4 -0.206258 
-4 -0.236816 
-4 -0.118403 
-4 -0.1757 
-4 0.458824 
-4 0.530319 
-4 0.387329 
-4 0.76516 
-4 1 
-4 -0.813958 
-4 -1 
-4 -0.282388 
-4 -0.0611067 
-4 0.105238 
-4 0.147447 
-4 -0.373002 
-4 0.189656 
-4 0.241644 
-4 0.293631 
-4 0.34048 
-4 0.0220658 
-4 -0.627915 
-4 -0.32796 
-4 -0.470512 
-4 -0.221537 
-4 -0.147051 
-4 0.88258 
-4 -0.906979 
-4 -0.190979 
-4 -0.259602 
-4 -0.0897549 
-4 0.126343 
-4 -0.395523 
-4 0.168552 
-4 0.21565 
-4 0.317056 
-4 0.267637 
-4 -0.0195205 
-4 -0.575448 
-4 -0.720937 
-4 0.494572 
-4 0.423077 
-4 0.647739 
-4 -0.305174 
-4 -0.350481 
-4 0.363905 
-4 0.0636521 
ZONE T="boundary1"
-0.454254 1 
-4 1 
-0.77648 1 
1.05689 1 
-0.223146 1 
-1.0332 1 
-1.14841 1 
0.723671 1 
0.398267 1 
0.279021 1 
3.75207 1 
3.50415 1 
-1.82264 1 
1.42434 1 
1.29788 1 
1.89068 1 
1.72051 1 
3.0083 1 
-3.7012 1 
2.5154 1 
1.57242 1 
2.28813 1 
-2.25132 1 
2.06085 1 
-0.373944 1 
-0.293635 1 
-0.610915 1 
0.0450475 1 
-0.0196499 1 
-0.917989 1 
0.517513 1 
0.620592 1 
-0.152657 1 
-0.0861534 1 
0.109745 1 
0.152064 1 
0.194383 1 
0.833007 1 
4 1 
-1.38295 1 
-1.26568 1 
-1.5137 1 
-1.64446 1 
-3.24852 1 
-2.94077 1 
-3.47486 1 
-2.00082 1 
3.25622 1 
1.17143 1 
0.942343 1 
-2.7213 1 
-2.50183 1 
2.76185 1 
-1.0908 1 
0.338644 1 
3.62811 1 
1.36111 1 
1.8056 1 
1.64647 1 
2.40176 1 
2.17449 1 
-0.414099 1 
-0.693698 1 
0.0126988 1 
-0.847235 1 
0.569052 1 
-0.119405 1 
0.130904 1 
0.236702 1 
0.778339 1 
0.672132 1 
3.87604 1 
0.45789 1 
-0.975593 1 
-1.32431 1 
-1.57908 1 
-0.532584 1 
-3.8506 1 
-3.09465 1 
-3.36169 1 
-1.91173 1 
3.38019 1 
-3.58803 1 
1.49838 1 
0.999614 1 
0.887675 1 
-2.83104 1 
-2.61156 1 
3.13226 1 
1.97577 1 
-0.25839 1 
-0.33379 1 
-0.0529017 1 
-0.187901 1 
0.0773962 1 
-1.20704 1 
-1.44833 1 
-1.73355 1 
1.23466 1 
2.88507 1 
2.63862 1 
-2.12607 1 
-2.37658 1 
1.11416 1 
0.173224 1 
ZONE T="boundary2"
4 -0.699753 
4 -0.849877 
4 -0.582525 
4 -0.364515 
4 -0.319998 
4 -0.275482 
4 -0.220043 
4 0.352454 
4 0.292949 
4 0.411959 
4 0.613439 
4 -1 
4 -0.465296 
4 -0.177116 
4 -0.13419 
4 -0.414906 
4 -0.0537459 
4 0.242273 
4 0.512699 
4 0.806719 
4 0.710079 
4 0.109148 
4 0.0266978 
4 0.191597 
4 -0.0939678 
4 1 
4 -0.774815 
4 -0.342257 
4 -0.29774 
4 -0.247762 
4 -0.924938 
4 -0.52391 
4 -0.155653 
4 -0.38971 
4 0.382207 
4 0.462329 
4 0.322701 
4 0.563069 
4 0.758399 
4 0.0679226 
4 0.90336 
4 0.661759 
4 -0.641139 
4 0.216935 
4 0.150372 
4 -0.198579 
4 -0.0738568 
4 0.267611 
4 -0.440101 
4 -0.0135241 
4 -0.114079 
ZONE T="boundary3"
0.226303 -1 
-1.145 -1 
-1.02467 -1 
-0.104592 -1 
-0.180721 -1 
-0.0355982 -1 
3.60956 -1 
1.71469 -1 
-3.08374 -1 
-2.73032 -1 
1.18218 -1 
1.30408 -1 
3.29195 -1 
2.08229 -1 
1.95975 -1 
-3.33686 -1 
-1.86751 -1 
-1.68591 -1 
4 -1 
-2.41546 -1 
2.5661 -1 
2.38546 -1 
-4 -1 
-3.58997 -1 
-2.23229 -1 
-2.04911 -1 
0.0333951 -1 
0.099162 -1 
0.164929 -1 
0.287677 -1 
0.415116 -1 
0.351397 -1 
0.88899 -1 
0.805315 -1 
0.563562 -1 
0.721639 -1 
-0.785952 -1 
-0.44522 -1 
-0.256851 -1 
0.642601 -1 
-0.667573 -1 
-0.556396 -1 
0.974634 -1 
-0.351035 -1 
0.931812 -1 
-3.79499 -1 
-0.904331 -1 
1.40673 -1 
1.50938 -1 
-1.25436 -1 
-1.52482 -1 
-1.36372 -1 
-1.44427 -1 
-1.60536 -1 
3.11192 -1 
3.80478 -1 
2.93188 -1 
2.74899 -1 
1.06028 -1 
2.20482 -1 
-1.08483 -1 
-0.142656 -1 
-2.90703 -1 
1.24313 -1 
3.45076 -1 
1.83722 -1 
-1.77671 -1 
2.47578 -1 
-2.32388 -1 
-2.1407 -1 
0.0662785 -1 
0.132045 -1 
0.25699 -1 
0.319537 -1 
0.195616 -1 
0.847153 -1 
0.489339 -1 
-0.218786 -1 
-0.0700949 -1 
0.603081 -1 
-0.611984 -1 
0.68212 -1 
-0.398127 -1 
-0.303943 -1 
-0.500808 -1 
-3.89749 -1 
-0.845142 -1 
-0.726762 -1 
-3.69248 -1 
-1.19968 -1 
1.61204 -1 
-1.30904 -1 
-1.404 -1 
-1.95831 -1 
-1.56509 -1 
3.90239 -1 
3.70717 -1 
-2.57289 -1 
3.0219 -1 
2.65754 -1 
2.84043 -1 
-0.00110156 -1 
0.383256 -1 
0.953223 -1 
0.763477 -1 
1.01746 -1 
0.910401 -1 
1.12123 -1 
2.29514 -1 
-0.964499 -1 
1.45806 -1 
1.3554 -1 
-3.2103 -1 
-1.48454 -1 
-1.64564 -1 
3.20193 -1 
2.14355 -1 
-3.46342 -1 
2.02102 -1 
ZONE T="boundary4"
-0.191121 0.317848 
-0.21462 0.323616 
-0.16755 0.313272 
-0.634569 0.10085 
-0.634341 0.0798306 
-0.633197 0.0588469 
-0.384485 0.376044 
-0.369871 0.373122 
0.489411 0.253326 
0.502735 0.239543 
-0.628306 0.0173431 
-0.585056 0.289287 
-0.623708 0.19335 
0.475359 0.266053 
0.10025 0.329036 
0.121574 0.332232 
0.46081 0.277553 
-0.627348 0.175989 
-0.593831 0.274383 
-0.254985 0.335934 
-0.274247 0.342574 
-0.0604639 0.307757 
-0.633854 0.121847 
-0.471358 0.374326 
-0.630241 0.158367 
-0.632426 0.140203 
-0.456974 0.377275 
-0.442714 0.379047 
-0.537534 0.342126 
-0.614212 0.226935 
-0.608303 0.24317 
-0.547805 0.333562 
-0.41368 0.379446 
-0.399223 0.378197 
-0.498831 0.365066 
-0.485238 0.370279 
-0.60154 0.259006 
0.551567 0.167269 
-0.557483 0.324282 
-0.566223 0.314729 
-0.574388 0.304616 
-0.631173 0.0379985 
-0.512084 0.358668 
-0.525083 0.350981 
0.530888 0.203421 
0.521986 0.216069 
-0.235605 0.329688 
-0.032483 0.309846 
-0.142574 0.309796 
-0.354789 0.369389 
-0.339856 0.365094 
-0.324052 0.360045 
0.57553 0.0938306 
0.569807 0.118751 
-0.428324 0.379755 
0.579098 0.068886 
0.56199 0.142868 
-0.291338 0.348649 
0.186876 0.339706 
0.163246 0.337512 
0.0790278 0.325669 
0.142348 0.335057 
-0.619337 0.210317 
0.426553 0.299246 
-0.00441149 0.312984 
0.0234753 0.316859 
0.0512384 0.321177 
0.385942 0.317559 
0.408412 0.308278 
0.444368 0.288809 
-0.308354 0.354677 
0.512638 0.228053 
0.259595 0.341364 
0.281919 0.339976 
0.363346 0.325056 
0.566164 0.130897 
0.579432 -0.00592398 
0.580752 0.0438732 
0.580756 0.0189617 
0.539137 0.190355 
0.545607 0.178949 
0.210676 0.341175 
0.235341 0.341786 
0.307758 0.337039 
0.334015 0.332423 
0.348754 0.329033 
-0.116283 0.307643 
-0.0890173 0.306954 
-0.202904 0.320595 
-0.634571 0.0903389 
-0.633882 0.0693326 
-0.37716 0.374671 
0.496185 0.246543 
0.482492 0.259808 
0.110908 0.330664 
-0.264628 0.339217 
-0.634332 0.111353 
-0.63143 0.149296 
-0.449861 0.378297 
-0.633235 0.131032 
-0.62889 0.167194 
-0.611363 0.235091 
-0.406442 0.378933 
-0.589575 0.281912 
-0.492088 0.367813 
-0.597809 0.266756 
-0.561928 0.319574 
-0.552723 0.329004 
-0.579879 0.297061 
-0.570382 0.309734 
-0.629844 0.0276563 
-0.518664 0.354962 
0.526515 0.2098 
-0.225138 0.326559 
-0.0464626 0.308656 
-0.155084 0.31136 
-0.347306 0.367303 
-0.331937 0.36262 
-0.47834 0.372444 
0.572939 0.106353 
-0.464196 0.375946 
-0.435525 0.379531 
-0.505524 0.362006 
-0.421 0.379725 
0.557059 0.155188 
-0.391839 0.377224 
-0.282796 0.345603 
-0.542745 0.337935 
0.175053 0.338693 
0.089637 0.327368 
0.152791 0.336338 
0.577564 0.081394 
-0.616874 0.218657 
-0.531401 0.346683 
-0.625625 0.18469 
0.00954255 0.314847 
0.0373625 0.31898 
0.397263 0.313128 
0.435552 0.294184 
0.0651324 0.32342 
0.517385 0.222118 
0.46818 0.271924 
0.452688 0.283325 
0.131955 0.333686 
0.270765 0.340796 
-0.62162 0.201859 
-0.0184346 0.311303 
0.564143 0.136905 
0.568052 0.124844 
0.580149 0.0563941 
0.580941 0.0314173 
0.542435 0.184687 
0.548652 0.173142 
0.507757 0.233859 
0.535095 0.19694 
0.19877 0.340541 
-0.632294 0.0484122 
0.223005 0.341604 
0.29486 0.338693 
0.374708 0.3215 
0.24747 0.341709 
0.356069 0.32712 
-0.129443 0.308531 
0.580239 0.006511 
0.320924 0.334943 
-0.0747344 0.307173 
-0.605036 0.251137 
-0.299842 0.351676 
-0.316193 0.357391 
0.417557 0.303911 
-0.245314 0.332751 
-0.362311 0.371334 
0.341402 0.3308 
-0.179365 0.31541 
-0.102657 0.30711 
ZONE T="boundary5"
-0.459423 -0.313974 
-0.614975 -0.0432358 
-0.620187 -0.0232492 
-0.569606 -0.156959 
-0.579297 -0.137534 
-0.588306 -0.117807 
0.558364 -0.333898 
0.561394 -0.314504 
-0.510782 -0.251556 
0.436357 -0.506375 
0.460389 -0.490037 
0.41176 -0.520048 
-0.59575 -0.0999437 
-0.6026 -0.081865 
0.493004 -0.461234 
0.502575 -0.450731 
-0.609138 -0.0626495 
0.520031 -0.427947 
0.511628 -0.439599 
-0.628306 0.0173431 
-0.192619 -0.496882 
-0.258975 -0.465668 
-0.237491 -0.476559 
-0.279244 -0.454644 
-0.317936 -0.431401 
-0.299178 -0.443045 
-0.144523 -0.515368 
-0.119527 -0.523747 
-0.169255 -0.506265 
-0.0930034 -0.531782 
-0.21569 -0.486827 
-0.336348 -0.419235 
-0.35366 -0.407082 
-0.0662508 -0.539035 
-0.484903 -0.284956 
-0.498112 -0.268454 
-0.472378 -0.299646 
-0.557815 -0.178654 
-0.402314 -0.36875 
-0.445837 -0.328158 
-0.41727 -0.355556 
-0.431847 -0.341959 
-0.386647 -0.381819 
0.482873 -0.471201 
0.534906 -0.40287 
0.563245 -0.29474 
0.0846605 -0.565216 
0.0523132 -0.56164 
-0.00904738 -0.551829 
-0.0377449 -0.545862 
0.0215591 -0.557219 
-0.525328 -0.23082 
0.248649 -0.564946 
0.279217 -0.560852 
0.307627 -0.555582 
0.21647 -0.567698 
0.334058 -0.54923 
0.386279 -0.53166 
0.35976 -0.541506 
0.471886 -0.480908 
0.527833 -0.415656 
0.564081 -0.274046 
0.553571 -0.354662 
0.563269 -0.184819 
0.571143 -0.0808005 
0.56371 -0.233428 
0.563321 -0.213537 
0.54147 -0.38905 
0.547177 -0.374784 
0.564093 -0.253254 
-0.539211 -0.209643 
-0.624627 -0.00311043 
-0.370619 -0.394457 
0.564177 -0.156052 
0.565846 -0.130941 
0.568237 -0.105891 
0.577129 -0.030846 
0.579432 -0.00592398 
0.574236 -0.0557679 
0.183366 -0.569036 
0.11709 -0.567679 
0.150232 -0.568997 
-0.617675 -0.0332671 
-0.574533 -0.147287 
-0.583888 -0.12771 
0.560037 -0.324226 
0.448568 -0.498493 
0.424202 -0.51347 
-0.59925 -0.0909326 
-0.5921 -0.108905 
0.497863 -0.456049 
0.515915 -0.433834 
-0.248273 -0.471192 
-0.308598 -0.437289 
-0.289253 -0.448917 
-0.132055 -0.519647 
-0.156923 -0.510907 
-0.345046 -0.413218 
-0.491574 -0.276758 
-0.478695 -0.292347 
-0.563809 -0.16786 
-0.452681 -0.321115 
-0.409837 -0.362204 
-0.424606 -0.348808 
-0.394526 -0.375339 
-0.605954 -0.0722863 
0.562461 -0.304635 
0.0684717 -0.563564 
-0.0234184 -0.548953 
-0.518139 -0.241247 
0.293456 -0.5584 
0.232575 -0.566509 
0.373104 -0.536811 
0.466196 -0.485546 
0.488006 -0.466285 
0.477444 -0.476128 
0.507181 -0.44523 
0.524024 -0.42186 
0.531466 -0.409316 
0.563496 -0.223483 
-0.438891 -0.335108 
0.538297 -0.396011 
0.544435 -0.381962 
0.399129 -0.526095 
0.550583 -0.36479 
-0.327186 -0.425383 
0.563787 -0.284398 
0.564167 -0.26365 
-0.626568 0.00709815 
-0.504512 -0.260053 
-0.612144 -0.0529691 
-0.362184 -0.400829 
0.564912 -0.14349 
0.56359 -0.170431 
0.566962 -0.118408 
0.578378 -0.0183941 
0.569644 -0.0933404 
-0.465952 -0.306857 
0.563924 -0.243341 
-0.378676 -0.388193 
0.563193 -0.199178 
-0.622504 -0.0132012 
-0.180971 -0.501658 
-0.204192 -0.491939 
0.320885 -0.552583 
-0.269148 -0.460228 
-0.548702 -0.194262 
-0.226628 -0.481772 
0.57573 -0.0433125 
0.572688 -0.0682841 
-0.0520235 -0.542556 
-0.0796535 -0.535505 
0.263958 -0.563088 
0.346966 -0.545556 
0.00623463 -0.554645 
-0.106295 -0.527863 
0.199925 -0.568546 
0.100865 -0.566589 
0.133655 -0.568493 
0.166799 -0.569182 
0.556171 -0.344327 
0.0369187 -0.559551 
-0.532352 -0.220285 
