ZONE T="boundary0"
-4 -0.418044 
-4 -0.52298 
-4 -0.236816 
-4 -0.206258 
-4 0.244244 
-4 0.769577 
-4 1 
-4 0.434419 
-4 0.539154 
-4 -0.1757 
-4 -1 
-4 0.163158 
-4 0.110552 
-4 0.0247228 
-4 -0.0611067 
-4 -0.118403 
-4 -0.282388 
-4 -0.373002 
-4 -0.627915 
-4 -0.813958 
-4 0.189461 
-4 0.272724 
-4 0.215764 
-4 0.329684 
-4 -0.32796 
-4 -0.470512 
-4 -0.221537 
-4 0.884789 
-4 0.486787 
-4 0.136855 
-4 -0.018192 
-4 -0.147051 
-4 -0.190979 
-4 -0.259602 
-4 -0.0897549 
-4 -0.395523 
-4 -0.575448 
-4 -0.720937 
-4 0.0676375 
-4 0.17631 
-4 0.230004 
-4 0.382052 
-4 0.654366 
-4 -0.906979 
-4 -0.305174 
-4 -0.350481 
-4 0.202613 
-4 0.301204 
-4 0.258484 
ZONE T="boundary1"
-4 1 
0.61652 1 
0.501943 1 
3.51967 1 
0.273662 1 
0.215359 1 
-0.296538 1 
0.146261 1 
-0.494831 1 
-0.225388 1 
3.75983 1 
4 1 
-2.90657 1 
-2.68985 1 
-3.49507 1 
3.26244 1 
-3.12329 1 
3.00522 1 
2.19907 1 
2.62441 1 
2.41174 1 
2.01366 1 
1.82826 1 
-2.50036 1 
1.46923 1 
-0.0512976 1 
-0.387367 1 
0.0771624 1 
0.0129324 1 
0.416954 1 
-0.154239 1 
0.331966 1 
0.742904 1 
-0.602294 1 
-0.828368 1 
-0.938875 1 
-1.04938 1 
0.869288 1 
1.37216 1 
1.2751 1 
1.16638 1 
1.05767 1 
0.963481 1 
-0.715331 1 
-1.36597 1 
-1.46132 1 
-1.16 1 
-1.27061 1 
-3.75 1 
-3.62253 1 
-1.67417 1 
1.64874 1 
-3.30918 1 
-1.88701 1 
2.81481 1 
-2.09894 1 
-2.31087 1 
0.559231 1 
0.244511 1 
-0.260963 1 
3.87992 1 
3.39106 1 
-3.01493 1 
3.13383 1 
-2.79821 1 
2.51807 1 
1.92096 1 
-2.5951 1 
0.0450474 1 
0.18081 1 
0.459449 1 
-0.102768 1 
-0.189813 1 
0.37446 1 
0.111711 1 
-0.341952 1 
-0.548562 1 
0.302814 1 
-0.441099 1 
0.679712 1 
-0.994128 1 
1.32363 1 
0.806096 1 
1.01058 1 
-0.658813 1 
-0.77185 1 
1.11203 1 
-1.41364 1 
-1.10469 1 
-1.21531 1 
-3.68627 1 
-1.56774 1 
-3.21624 1 
-1.78059 1 
-3.5588 1 
2.91001 1 
2.30541 1 
-3.40212 1 
-3.875 1 
2.10637 1 
-1.99298 1 
3.63975 1 
1.7385 1 
1.55899 1 
-2.20491 1 
-2.40561 1 
-0.0191826 1 
-1.31829 1 
1.22074 1 
1.4207 1 
0.916384 1 
-0.883621 1 
2.71961 1 
ZONE T="boundary2"
4 -0.465296 
4 -0.599671 
4 -0.171858 
4 0.152744 
4 0.0269998 
4 0.0898718 
4 0.3464 
4 0.392973 
4 -0.799836 
4 -1 
4 1 
4 0.794149 
4 0.299827 
4 0.264771 
4 0.229715 
4 0.191229 
4 -0.0483364 
4 0.588297 
4 0.490635 
4 -0.123673 
4 -0.275482 
4 -0.220043 
4 -0.330921 
4 -0.398109 
4 -0.699753 
4 0.0584358 
4 0.369687 
4 -0.899918 
4 0.897074 
4 0.282299 
4 0.247243 
4 0.171987 
4 0.121308 
4 -0.0106683 
4 0.539466 
4 -0.0860045 
4 -0.19595 
4 -0.303202 
4 -0.247762 
4 -0.532484 
4 -0.364515 
4 -0.431702 
4 -0.749794 
4 -0.649712 
4 0.691223 
4 0.323114 
4 0.210472 
4 0.441804 
4 -0.147765 
ZONE T="boundary3"
-3.58997 -1 
-3.79499 -1 
-0.038999 -1 
3.78172 -1 
3.56345 -1 
-0.825607 -1 
-4 -1 
4 -1 
1.22995 -1 
0.0218266 -1 
0.082652 -1 
0.148278 -1 
0.213904 -1 
-1.25547 -1 
-1.13691 -1 
0.463828 -1 
0.559508 -1 
-2.68824 -1 
-2.96939 -1 
0.78327 -1 
1.84834 -1 
1.9919 -1 
-1.43484 -1 
-2.11439 -1 
2.98931 -1 
2.36669 -1 
2.58257 -1 
-3.12454 -1 
-0.753059 -1 
-0.680512 -1 
-0.575877 -1 
-0.471242 -1 
-0.30533 -1 
0.291026 -1 
-0.174277 -1 
-0.239803 -1 
-0.106638 -1 
0.368148 -1 
-0.388286 -1 
0.671389 -1 
0.899037 -1 
-0.921979 -1 
-0.970164 -1 
-1.01835 -1 
3.18016 -1 
3.3718 -1 
1.12238 -1 
1.33339 -1 
1.43682 -1 
1.0148 -1 
-3.27968 -1 
2.79846 -1 
1.70477 -1 
1.5708 -1 
-1.62827 -1 
-1.53156 -1 
-2.40131 -1 
-1.72499 -1 
-1.96805 -1 
-1.8217 -1 
2.1793 -1 
-0.873793 -1 
-3.43483 -1 
-3.69248 -1 
3.67258 -1 
-3.89749 -1 
-0.00858622 -1 
0.115465 -1 
-1.19619 -1 
0.511668 -1 
-2.82881 -1 
1.92012 -1 
2.47463 -1 
-0.716786 -1 
-0.523559 -1 
0.252465 -1 
-0.20704 -1 
-0.140457 -1 
-0.0728184 -1 
0.181091 -1 
0.0522393 -1 
0.329587 -1 
0.415988 -1 
0.615449 -1 
0.72733 -1 
3.89086 -1 
-0.946071 -1 
-0.994257 -1 
3.27598 -1 
3.46762 -1 
1.17616 -1 
1.38511 -1 
1.06859 -1 
-1.34516 -1 
-3.04697 -1 
2.69052 -1 
1.63778 -1 
-1.4832 -1 
-2.54477 -1 
-2.25785 -1 
3.08473 -1 
-1.67663 -1 
2.0856 -1 
2.27299 -1 
-3.20211 -1 
-2.04122 -1 
1.77655 -1 
-0.628194 -1 
-0.272567 -1 
-0.8497 -1 
-1.07763 -1 
-0.897886 -1 
-0.789333 -1 
-0.346808 -1 
-0.429764 -1 
1.28167 -1 
0.841153 -1 
0.95692 -1 
-1.77335 -1 
-1.89488 -1 
1.50381 -1 
-3.5124 -1 
2.89388 -1 
-3.35726 -1 
-1.57992 -1 
ZONE T="boundary4"
0.602932 0.142308 
0.60875 0.122451 
0.501547 0.382488 
0.489245 0.396898 
-0.526686 0.206068 
0.463591 0.422336 
0.449749 0.434005 
0.631677 -0.0091555 
-0.472456 0.27418 
-0.488935 0.255263 
0.548889 0.304687 
0.541687 0.319789 
0.561808 0.272927 
0.476746 0.409982 
0.571985 0.243016 
-0.423598 0.322583 
-0.449463 0.298243 
-0.621732 -0.0250465 
-0.618196 -0.00310023 
-0.607848 0.0406782 
0.618884 0.0842284 
-0.593229 0.0838875 
-0.601061 0.0623847 
-0.58439 0.105119 
-0.576535 0.122059 
-0.568098 0.138726 
-0.558669 0.155881 
-0.548673 0.172715 
-0.241636 0.44224 
-0.219848 0.452233 
-0.302667 0.409998 
-0.282994 0.421117 
0.58918 0.18745 
-0.537932 0.189557 
-0.515875 0.221046 
-0.5047 0.235747 
-0.358708 0.374017 
-0.340536 0.386435 
0.614029 0.103381 
-0.392596 0.34867 
-0.375834 0.361585 
-0.408285 0.335849 
-0.322014 0.398332 
-0.262467 0.431967 
-0.197779 0.461612 
-0.151199 0.479109 
-0.126487 0.487198 
-0.101544 0.494567 
-0.0750456 0.501551 
-0.0483465 0.507731 
0.00882254 0.518157 
-0.0198424 0.513403 
-0.174618 0.47069 
-0.613568 0.0188198 
0.513059 0.367336 
0.623059 0.0655021 
0.629218 0.0279278 
0.52388 0.351278 
0.630948 0.00933314 
0.318196 0.501957 
0.375656 0.479769 
0.406094 0.463822 
0.435325 0.444923 
0.06996 0.525124 
0.101924 0.527018 
0.19853 0.524858 
0.230607 0.521211 
0.289946 0.509836 
0.260368 0.516314 
0.533881 0.334496 
0.596934 0.16214 
0.581414 0.212763 
0.626557 0.0466618 
0.347167 0.491911 
0.0393403 0.522177 
0.133902 0.527663 
0.166277 0.526975 
0.605871 0.132387 
0.456747 0.428263 
-0.480788 0.264802 
0.545366 0.312277 
0.555636 0.288934 
0.495498 0.389782 
0.483084 0.403526 
0.567051 0.25803 
-0.436694 0.310585 
0.470251 0.416248 
-0.620097 -0.0140535 
-0.604582 0.0515701 
-0.580537 0.113623 
-0.563457 0.147343 
-0.572387 0.130428 
-0.588928 0.0945518 
-0.230778 0.447313 
-0.29287 0.415626 
-0.543369 0.181178 
-0.510332 0.228431 
-0.521328 0.213591 
-0.349667 0.380291 
-0.461119 0.286362 
-0.496903 0.245574 
-0.384261 0.355188 
-0.400486 0.342315 
-0.312382 0.404234 
-0.367315 0.367861 
-0.41599 0.329272 
-0.208847 0.457 
-0.138873 0.483243 
-0.252088 0.437176 
0.616518 0.0938189 
-0.088321 0.498159 
-0.061719 0.504742 
-0.00552847 0.515896 
-0.186231 0.466234 
-0.532369 0.197854 
-0.114042 0.490973 
-0.610838 0.0297817 
-0.55374 0.164338 
0.507409 0.374995 
0.630202 0.0186408 
-0.597268 0.0731801 
0.631442 9.34485e-05 
0.621047 0.0748809 
-0.331317 0.392449 
0.39105 0.472127 
0.518581 0.359385 
0.442607 0.439558 
0.0859346 0.526224 
0.214594 0.523233 
0.245521 0.518949 
0.30413 0.5061 
0.528994 0.342958 
0.599947 0.152227 
0.593063 0.174795 
0.585298 0.200107 
0.624901 0.0560982 
0.611433 0.112927 
0.537865 0.327187 
0.576741 0.227905 
0.627994 0.0373091 
-0.616014 0.0078862 
-0.272769 0.426614 
-0.162939 0.474982 
0.332767 0.497172 
0.361523 0.486097 
0.024065 0.520299 
0.0546384 0.523786 
-0.0341168 0.510681 
0.275204 0.513277 
0.117912 0.5275 
0.182418 0.526101 
0.420934 0.454721 
0.150096 0.527493 
ZONE T="boundary5"
-0.572408 -0.293857 
-0.562619 -0.309974 
-0.596639 -0.242438 
0.129002 -0.332274 
0.162072 -0.330429 
-0.623124 -0.134017 
-0.625004 -0.112403 
-0.625808 -0.0906668 
-0.445344 -0.415549 
-0.463045 -0.406376 
0.631341 -0.0274945 
-0.603112 -0.224413 
-0.620168 -0.155518 
-0.58139 -0.27708 
-0.625533 -0.0688665 
-0.61667 -0.17435 
-0.612379 -0.192901 
-0.348366 -0.43903 
-0.369069 -0.437354 
0.62727 -0.0637885 
-0.388755 -0.434197 
-0.408293 -0.429446 
-0.426987 -0.423279 
-0.306198 -0.437692 
-0.327692 -0.439133 
-0.26294 -0.43054 
-0.284822 -0.43482 
0.631677 -0.0091555 
-0.241114 -0.425093 
-0.218907 -0.418546 
-0.526275 -0.356415 
-0.512045 -0.370443 
-0.551552 -0.326064 
-0.53967 -0.341307 
-0.480193 -0.395707 
-0.196544 -0.411169 
-0.624176 -0.0469743 
-0.150417 -0.39459 
-0.173562 -0.403042 
-0.126084 -0.385722 
-0.101601 -0.377107 
0.266769 -0.324665 
0.245455 -0.326211 
-0.496497 -0.383739 
0.629883 -0.0457526 
-0.621732 -0.0250465 
-0.0756627 -0.368574 
-0.0217371 -0.353554 
-0.0495362 -0.360795 
0.00613471 -0.347424 
0.194981 -0.328889 
0.220227 -0.327666 
0.0361122 -0.342071 
0.288104 -0.322709 
0.334609 -0.316495 
0.311362 -0.319983 
-0.589412 -0.26001 
0.403116 -0.300245 
0.380039 -0.30688 
0.447637 -0.283149 
0.425997 -0.292242 
0.510041 -0.246121 
0.357383 -0.312189 
0.61707 -0.10337 
0.607479 -0.127595 
0.536322 -0.224256 
0.594659 -0.152431 
0.623511 -0.0814443 
0.489469 -0.26039 
0.578249 -0.17751 
0.468823 -0.272569 
0.0975085 -0.334649 
0.0657901 -0.337945 
0.558212 -0.202153 
-0.567622 -0.301986 
0.145537 -0.33129 
-0.624198 -0.123224 
-0.625541 -0.101542 
-0.454284 -0.411137 
-0.62178 -0.144789 
-0.625805 -0.0797672 
-0.614625 -0.183651 
-0.358741 -0.438394 
-0.378948 -0.435967 
-0.417703 -0.426548 
-0.436243 -0.419598 
-0.316944 -0.438602 
-0.273863 -0.432836 
-0.295498 -0.436425 
-0.252005 -0.427947 
-0.608034 -0.20875 
-0.519278 -0.363553 
-0.545724 -0.333778 
-0.557202 -0.318104 
-0.471721 -0.401209 
-0.207711 -0.414935 
-0.57701 -0.285532 
-0.161987 -0.39883 
-0.113858 -0.381365 
0.256113 -0.325481 
-0.50439 -0.377235 
0.630756 -0.0366349 
-0.618522 -0.164956 
-0.398575 -0.432018 
-0.599973 -0.233464 
-0.0886521 -0.372756 
-0.0356619 -0.357043 
-0.185043 -0.407153 
-0.00781896 -0.350351 
0.207604 -0.328296 
0.322996 -0.318342 
0.277438 -0.323745 
0.391618 -0.303718 
0.436886 -0.287867 
-0.623088 -0.0359973 
0.346014 -0.314458 
0.612569 -0.115598 
0.178525 -0.329646 
-0.338038 -0.439271 
0.620525 -0.092475 
-0.585508 -0.268599 
0.601385 -0.140175 
0.628724 -0.0547916 
0.625537 -0.0726471 
0.631646 -0.0183276 
0.23284 -0.326979 
0.499886 -0.25345 
-0.488456 -0.389878 
-0.593128 -0.25127 
-0.533095 -0.348975 
-0.62499 -0.0579141 
0.299739 -0.321432 
0.414613 -0.296415 
-0.229991 -0.421926 
-0.138258 -0.390138 
0.479253 -0.266665 
0.113253 -0.333367 
0.368738 -0.309667 
0.58678 -0.165183 
0.0211071 -0.344594 
-0.0626239 -0.36458 
0.0509447 -0.339872 
0.568546 -0.190089 
0.458318 -0.27804 
0.523449 -0.235522 
0.547523 -0.213462 
0.0816472 -0.336167 
