ZONE T="boundary0"
-4 -0.418044 
-4 -0.52298 
-4 0.215225 
-4 0.285785 
-4 0.356345 
-4 0.590033 
-4 0.65836 
-4 0.404861 
-4 -0.118403 
-4 -0.1757 
-4 0.158212 
-4 0.863344 
-4 -0.236816 
-4 -0.206258 
-4 -0.282388 
-4 0.101199 
-4 0.0200461 
-4 -0.373002 
-4 0.453377 
-4 -0.627915 
-4 -0.813958 
-4 -0.0611067 
-4 -1 
-4 1 
-4 0.726688 
-4 -0.32796 
-4 0.521705 
-4 -0.470512 
-4 0.250505 
-4 0.321065 
-4 0.624197 
-4 0.380603 
-4 -0.147051 
-4 0.186718 
-4 -0.221537 
-4 -0.190979 
-4 -0.259602 
-4 0.129705 
-4 -0.395523 
-4 0.429119 
-4 -0.575448 
-4 -0.720937 
-4 -0.0897549 
-4 -0.0205303 
-4 -0.906979 
-4 0.931672 
-4 0.795016 
-4 -0.305174 
-4 -0.350481 
-4 0.487541 
-4 0.555869 
-4 0.692524 
-4 0.0606225 
ZONE T="boundary1"
1.15137 1 
3.5233 1 
0.0181239 1 
0.0864481 1 
0.293561 1 
1.04158 1 
0.94021 1 
-0.765382 1 
-0.90679 1 
0.374787 1 
-1.44396 1 
4 1 
3.6822 1 
0.642254 1 
0.549134 1 
-2.62441 1 
3.12576 1 
1.57947 1 
2.88713 1 
2.67908 1 
2.23543 1 
-3.33425 1 
-3.58713 1 
-2.85289 1 
-3.08137 1 
1.99982 1 
1.78965 1 
3.3644 1 
-0.344589 1 
0.224167 1 
-0.260735 1 
-0.190362 1 
-0.514964 1 
-0.601485 1 
-0.119989 1 
-0.0509326 1 
-0.428443 1 
-1.07718 1 
-0.991984 1 
0.456014 1 
0.740548 1 
0.838842 1 
-1.19388 1 
-4 1 
-3.79356 1 
1.42031 1 
3.24508 1 
-2.1789 1 
-2.40165 1 
-1.87295 1 
-2.02592 1 
-1.72514 1 
-1.57733 1 
-1.31059 1 
-1.65123 1 
2.47103 1 
0.154772 1 
1.26116 1 
0.052286 1 
0.990895 1 
-0.836086 1 
3.8411 1 
0.595694 1 
3.00645 1 
-3.46069 1 
-2.96713 1 
1.89474 1 
0.258864 1 
-0.225548 1 
-0.558225 1 
-0.0854609 1 
-0.302662 1 
-0.471704 1 
-0.386516 1 
-1.03458 1 
-0.683434 1 
0.502574 1 
0.789695 1 
0.691401 1 
0.889526 1 
1.09647 1 
-1.13553 1 
-3.89678 1 
-3.69035 1 
3.18542 1 
-2.29028 1 
-2.51303 1 
-3.20781 1 
-1.94944 1 
-2.10241 1 
1.68456 1 
-1.51064 1 
-1.37728 1 
-1.68819 1 
-1.79904 1 
2.57505 1 
2.7831 1 
3.44385 1 
3.60275 1 
3.30474 1 
-2.73865 1 
0.415401 1 
0.12061 1 
-0.0164044 1 
0.189469 1 
-0.155176 1 
0.334174 1 
2.11763 1 
-0.949387 1 
-1.25224 1 
1.49989 1 
1.34074 1 
1.20626 1 
-1.61428 1 
2.35323 1 
ZONE T="boundary2"
4 -0.229628 
4 -0.166971 
4 -0.373469 
4 -0.289085 
4 -0.091577 
4 -1 
4 -0.431469 
4 -0.802735 
4 -0.605471 
4 1 
4 0.830504 
4 0.0406185 
4 0.11994 
4 0.199261 
4 -0.48947 
4 0.566409 
4 0.35525 
4 0.661007 
4 0.287112 
4 0.257828 
4 0.394104 
4 0.471811 
4 0.316396 
4 -0.198299 
4 -0.331277 
4 -0.259356 
4 -0.129274 
4 -0.402469 
4 -0.704103 
4 -0.0254792 
4 0.1596 
4 0.0802791 
4 -0.54747 
4 -0.901368 
4 0.613708 
4 0.915252 
4 0.745756 
4 0.374677 
4 0.432957 
4 0.51911 
4 -0.460469 
4 0.301754 
4 0.27247 
4 0.335823 
4 0.228545 
ZONE T="boundary3"
-3.49793 -1 
-3.66529 -1 
-0.118074 -1 
-0.0611622 -1 
0.27009 -1 
3.6557 -1 
4 -1 
0.540789 -1 
-0.274624 -1 
-0.324444 -1 
0.750883 -1 
-1.43955 -1 
-1.37209 -1 
0.930191 -1 
-0.979605 -1 
-0.848939 -1 
1.81472 -1 
2.00253 -1 
3.48356 -1 
-3.33058 -1 
-3.05314 -1 
-3.83264 -1 
2.81973 -1 
2.34769 -1 
3.06557 -1 
-1.98613 -1 
0.208511 -1 
0.331668 -1 
0.436229 -1 
0.0035724 -1 
-0.428915 -1 
0.670522 -1 
1.02914 -1 
0.831245 -1 
1.13925 -1 
1.24936 -1 
0.068307 -1 
-0.174985 -1 
1.37722 -1 
1.50508 -1 
1.6599 -1 
-1.24118 -1 
-1.11027 -1 
-0.720904 -1 
-0.592868 -1 
-0.483566 -1 
-4 -1 
-1.50702 -1 
-1.81404 -1 
-2.77571 -1 
-2.58615 -1 
2.19035 -1 
-2.39659 -1 
2.50504 -1 
-2.19136 -1 
3.31141 -1 
-1.64195 -1 
0.138409 -1 
-0.374263 -1 
-3.58161 -1 
-0.089618 -1 
3.82785 -1 
-0.299534 -1 
-1.40582 -1 
-0.914272 -1 
1.90863 -1 
3.56963 -1 
-3.19186 -1 
0.300879 -1 
0.383948 -1 
0.239301 -1 
0.605656 -1 
0.979664 -1 
0.880718 -1 
0.791064 -1 
1.08419 -1 
1.19431 -1 
0.710703 -1 
0.0359396 -1 
-0.0287949 -1 
1.31329 -1 
1.44115 -1 
1.58249 -1 
1.73731 -1 
-1.30664 -1 
-1.17573 -1 
-1.04494 -1 
-0.656886 -1 
-0.538217 -1 
-3.74897 -1 
-3.91632 -1 
-2.68093 -1 
2.09644 -1 
2.26902 -1 
-2.91442 -1 
-2.29397 -1 
2.42637 -1 
2.94265 -1 
-1.57448 -1 
-1.72799 -1 
2.66239 -1 
-2.08874 -1 
-1.90008 -1 
-2.49137 -1 
0.488509 -1 
0.17346 -1 
0.103358 -1 
-0.146529 -1 
-0.224805 -1 
-0.349354 -1 
-0.45624 -1 
-0.401589 -1 
3.39748 -1 
-3.41426 -1 
-0.784921 -1 
-1.47329 -1 
3.18849 -1 
ZONE T="boundary4"
-0.362667 0.463182 
-0.338247 0.476632 
-0.179946 0.527343 
-0.623624 0.0238173 
-0.624273 0.0479142 
-0.386346 0.44847 
-0.62326 0.0723494 
-0.620567 0.0970651 
0.651511 -0.0355493 
0.648598 -0.00897932 
-0.514305 0.331907 
0.554702 0.154002 
0.575476 0.133932 
0.182596 0.420913 
0.206883 0.402871 
-0.487111 0.363309 
0.507807 0.190874 
0.532619 0.172459 
-0.61619 0.121966 
-0.0437336 0.525087 
-0.0171477 0.519605 
-0.457542 0.392723 
-0.441937 0.406606 
-0.602479 0.171937 
-0.593265 0.196792 
-0.540621 0.296218 
-0.553375 0.276361 
-0.425824 0.419895 
-0.567155 0.252359 
-0.526967 0.315502 
-0.0977604 0.531043 
-0.501037 0.34782 
-0.610149 0.146951 
-0.472623 0.378266 
-0.409227 0.432563 
-0.313153 0.488754 
-0.287385 0.49951 
-0.152547 0.530256 
0.0347166 0.50382 
0.0599553 0.493616 
-0.234343 0.516575 
-0.207273 0.522768 
-0.261105 0.508797 
0.0848946 0.481872 
-0.125071 0.531495 
-0.0705672 0.528898 
0.00894229 0.512522 
0.482281 0.208263 
-0.579699 0.227648 
0.232297 0.383393 
0.257652 0.363767 
0.311807 0.32282 
0.28463 0.343095 
0.340317 0.302318 
0.454653 0.226236 
0.397909 0.263099 
0.426791 0.244203 
0.369008 0.282465 
0.109445 0.468707 
0.158024 0.438241 
0.133753 0.454158 
0.642964 0.0171881 
0.634596 0.0426629 
0.629379 0.0551145 
0.609876 0.0907334 
0.620281 0.0733589 
0.593627 0.113191 
-0.350545 0.470069 
-0.624156 0.0358612 
-0.622118 0.0847306 
0.65039 -0.0222255 
0.565286 0.144175 
0.194781 0.411954 
0.520327 0.181825 
-0.618579 0.109552 
-0.0304006 0.522553 
-0.449804 0.399737 
-0.598043 0.184429 
-0.547111 0.286363 
-0.560425 0.264452 
-0.533901 0.305936 
-0.494146 0.355629 
-0.507745 0.339925 
-0.433942 0.413326 
-0.479936 0.370855 
-0.397888 0.440663 
-0.417585 0.426307 
-0.325781 0.482863 
-0.300341 0.49431 
-0.374601 0.45598 
-0.613363 0.134506 
-0.166267 0.529007 
0.0474045 0.498901 
-0.220851 0.51987 
-0.247778 0.512879 
0.0724988 0.487916 
-0.111412 0.53148 
-0.0841477 0.530183 
0.49511 0.199666 
-0.520714 0.323765 
-0.57358 0.240082 
-0.138818 0.531086 
-0.606498 0.159501 
0.244975 0.373579 
-0.465149 0.385565 
0.298185 0.3329 
0.326021 0.312497 
-0.274309 0.504339 
0.468496 0.21729 
0.412334 0.253613 
0.44072 0.235206 
0.354627 0.292326 
0.0218902 0.508366 
0.0972459 0.475446 
0.170369 0.429672 
0.145958 0.446316 
0.219614 0.393165 
-0.586724 0.212328 
-0.193642 0.525259 
0.639116 0.030039 
0.632069 0.0489239 
0.121674 0.46157 
-0.00405209 0.516264 
0.543806 0.163411 
-0.0571219 0.527202 
0.271119 0.353397 
0.383434 0.272731 
0.615241 0.0821461 
0.625008 0.0643278 
-0.623974 0.0601415 
0.646123 0.00418074 
0.584775 0.123764 
0.602022 0.102164 
ZONE T="boundary5"
0.325387 -0.439482 
0.0716143 -0.45037 
-0.623624 0.0238173 
-0.515022 -0.208072 
0.651804 -0.0623287 
-0.611967 -0.0459032 
0.651511 -0.0355493 
-0.621337 0.000121402 
-0.617441 -0.0231371 
0.649636 -0.0891076 
-0.413999 -0.289628 
-0.436422 -0.274632 
-0.176539 -0.396122 
-0.259292 -0.366489 
-0.286567 -0.355311 
-0.36538 -0.317924 
-0.231782 -0.377017 
-0.390427 -0.30398 
-0.0939045 -0.419982 
-0.121336 -0.412678 
-0.204259 -0.386863 
-0.149026 -0.404683 
0.240543 -0.452773 
0.212127 -0.454794 
-0.0663026 -0.426708 
0.268877 -0.449614 
-0.496977 -0.225646 
-0.452353 -0.26304 
-0.586353 -0.111063 
-0.574839 -0.131671 
-0.467889 -0.250891 
-0.547576 -0.171085 
-0.482643 -0.238516 
-0.604941 -0.0681704 
0.380946 -0.423618 
0.353346 -0.432316 
-0.313386 -0.34352 
-0.339896 -0.33097 
0.155573 -0.455718 
0.127484 -0.454773 
0.0994703 -0.452971 
0.0438737 -0.447015 
0.0162053 -0.442938 
-0.0113208 -0.438187 
-0.0388917 -0.432755 
0.183844 -0.455748 
0.408018 -0.413307 
-0.561904 -0.151674 
0.297189 -0.445216 
0.434196 -0.401406 
0.45968 -0.387684 
0.506842 -0.355208 
0.483831 -0.372361 
0.548036 -0.316064 
0.528164 -0.336539 
0.596527 -0.246155 
0.609257 -0.220719 
0.647689 -0.102473 
0.566062 -0.294106 
0.5822 -0.270752 
0.620583 -0.194818 
0.630466 -0.168655 
0.645204 -0.115803 
0.638739 -0.142319 
0.651977 -0.0488923 
-0.531913 -0.189895 
-0.596396 -0.0898899 
-0.619592 -0.011541 
-0.425292 -0.282255 
-0.272963 -0.360983 
-0.377967 -0.311069 
-0.10764 -0.416401 
-0.190424 -0.391565 
-0.162805 -0.400473 
0.226344 -0.45392 
-0.135203 -0.408752 
0.254726 -0.45134 
-0.580765 -0.121461 
-0.460173 -0.257033 
-0.402285 -0.296924 
-0.475317 -0.244766 
-0.444437 -0.268905 
0.367207 -0.428162 
-0.326687 -0.337343 
0.141524 -0.455356 
-0.218047 -0.382014 
-0.245566 -0.371831 
-0.0801225 -0.423419 
0.11347 -0.453976 
0.0577317 -0.448785 
0.0300256 -0.445064 
-0.0526148 -0.429807 
0.169708 -0.455852 
0.197989 -0.455398 
0.39456 -0.418668 
-0.56853 -0.141775 
0.311322 -0.44252 
-0.025123 -0.435551 
0.421203 -0.407569 
0.447057 -0.394767 
0.495502 -0.364007 
0.339413 -0.436081 
0.00242681 -0.440645 
0.538311 -0.326507 
0.517689 -0.346086 
0.603068 -0.233526 
0.471895 -0.380243 
0.64873 -0.0957998 
0.557277 -0.305274 
0.574368 -0.282594 
0.615081 -0.207839 
0.625699 -0.181802 
0.642204 -0.129117 
0.646511 -0.10915 
0.634803 -0.155549 
-0.506104 -0.216967 
0.651015 -0.0757407 
0.651969 -0.0556112 
0.651825 -0.0422176 
0.283057 -0.447574 
-0.35269 -0.324551 
-0.300014 -0.349504 
0.0855322 -0.451768 
-0.489864 -0.232143 
-0.523585 -0.199094 
-0.554886 -0.161487 
-0.608648 -0.0570971 
-0.614903 -0.0345672 
-0.591553 -0.10056 
-0.622687 0.0119505 
-0.539877 -0.180601 
-0.600855 -0.0791029 
0.589584 -0.258582 
