ZONE T="boundary0"
-4 -0.418044 
-4 -0.52298 
-4 0.155387 
-4 0.106462 
-4 -0.206258 
-4 -0.236816 
-4 -0.0611067 
-4 0.204313 
-4 0.274588 
-4 -0.118403 
-4 -0.1757 
-4 0.344863 
-4 0.499533 
-4 0.62465 
-4 0.422198 
-4 0.749766 
-4 -0.282388 
-4 -0.373002 
-4 -0.627915 
-4 -1 
-4 0.0226777 
-4 -0.813958 
-4 1 
-4 -0.32796 
-4 -0.470512 
-4 0.130925 
-4 -0.221537 
-4 0.23945 
-4 -0.147051 
-4 0.562091 
-4 0.460865 
-4 -0.190979 
-4 -0.259602 
-4 -0.0897549 
-4 -0.395523 
-4 -0.575448 
-4 -0.0192145 
-4 0.0645699 
-4 -0.720937 
-4 -0.906979 
-4 0.687208 
-4 0.874883 
-4 -0.305174 
-4 -0.350481 
-4 0.309726 
-4 0.383531 
-4 0.17985 
ZONE T="boundary1"
0.12718 1 
0.193175 1 
-2.87892 1 
-2.68828 1 
3.80346 1 
3.60691 1 
0.634737 1 
-0.938824 1 
-0.823363 1 
1.1601 1 
-1.15456 1 
-0.726019 1 
3.41037 1 
3.21383 1 
1.06009 1 
0.954306 1 
0.374625 1 
0.314142 1 
3.00184 1 
2.78984 1 
-3.31823 1 
-2.49764 1 
2.17549 1 
-2.17367 1 
2.57706 1 
2.36427 1 
1.76721 1 
1.65745 1 
1.98671 1 
-0.201009 1 
-0.135809 1 
-0.07061 1 
-0.266158 1 
-0.331307 1 
-0.403512 1 
-0.475718 1 
4 1 
-0.00471259 1 
0.0611848 1 
0.848526 1 
0.534923 1 
-0.552197 1 
-0.628676 1 
0.741631 1 
0.485015 1 
-1.05428 1 
-1.25484 1 
-1.52292 1 
-1.38888 1 
-3.73234 1 
-4 1 
1.40391 1 
-3.1718 1 
-3.46467 1 
1.26012 1 
-1.67899 1 
-1.83506 1 
-1.60095 1 
1.5477 1 
-2.00436 1 
0.435108 1 
0.253659 1 
0.160178 1 
-2.7836 1 
3.70519 1 
-0.881093 1 
-0.774691 1 
3.3121 1 
1.0072 1 
0.344383 1 
2.89584 1 
-2.33565 1 
2.47066 1 
2.68345 1 
1.71233 1 
3.50864 1 
1.87696 1 
-0.168409 1 
-0.298732 1 
-0.439615 1 
-0.0376613 1 
0.0941825 1 
-0.10321 1 
-0.36741 1 
-0.590436 1 
-0.677348 1 
0.688184 1 
-0.996554 1 
-1.2047 1 
-1.10442 1 
0.901416 1 
0.795079 1 
-3.86617 1 
-3.02536 1 
-3.39145 1 
-2.59296 1 
1.33201 1 
2.26988 1 
-1.75702 1 
-3.24502 1 
1.60257 1 
-1.91971 1 
-3.5985 1 
1.4758 1 
2.0811 1 
3.10783 1 
3.90173 1 
-2.08902 1 
0.404866 1 
0.509969 1 
0.460062 1 
0.58483 1 
-0.233583 1 
0.2839 1 
0.223417 1 
0.0282361 1 
1.21011 1 
1.11009 1 
-1.32186 1 
-1.63997 1 
-1.56194 1 
-1.4559 1 
-0.513957 1 
ZONE T="boundary2"
4 -0.455532 
4 -0.396442 
4 -0.757311 
4 -0.635966 
4 -0.514621 
4 0.187475 
4 0.246516 
4 -0.321162 
4 0.0235897 
4 0.128434 
4 0.432143 
4 0.549909 
4 -1 
4 -0.878655 
4 -0.249386 
4 -0.285274 
4 0.314377 
4 -0.0618936 
4 0.774955 
4 1 
4 0.662432 
4 -0.223884 
4 -0.198382 
4 -0.147377 
4 0.37326 
4 -0.425987 
4 -0.696638 
4 -0.575294 
4 0.216996 
4 -0.358802 
4 0.0760119 
4 -0.939328 
4 -0.26733 
4 0.280447 
4 -0.0191519 
4 -0.303218 
4 0.491026 
4 0.157955 
4 -0.485077 
4 0.887477 
4 -0.817983 
4 0.606171 
4 0.718693 
4 -0.211133 
4 -0.172879 
4 -0.236635 
4 -0.104635 
4 0.402702 
4 0.343819 
ZONE T="boundary3"
0.0272727 -1 
0.117101 -1 
-0.833761 -1 
-0.158576 -1 
0.20693 -1 
0.272328 -1 
3.70011 -1 
0.337726 -1 
-0.0961194 -1 
-0.0344233 -1 
1.08102 -1 
-1.27767 -1 
-1.34607 -1 
-1.05206 -1 
0.855696 -1 
-0.678768 -1 
1.2313 -1 
1.38158 -1 
1.48687 -1 
1.73321 -1 
1.87426 -1 
2.05874 -1 
4 -1 
3.22667 -1 
-1.86143 -1 
-1.70551 -1 
2.42744 -1 
2.61167 -1 
-2.36155 -1 
2.24321 -1 
-2.65952 -1 
-2.95749 -1 
-3.19903 -1 
-3.44058 -1 
3.05313 -1 
0.507044 -1 
0.422385 -1 
-0.221034 -1 
-0.28576 -1 
-4 -1 
-3.72029 -1 
0.641937 -1 
0.709383 -1 
0.574491 -1 
-0.415213 -1 
-0.350486 -1 
-0.579353 -1 
-0.479939 -1 
0.77683 -1 
1.00779 -1 
0.934562 -1 
3.85005 -1 
3.40021 -1 
3.55016 -1 
-0.942909 -1 
-1.16486 -1 
-1.55999 -1 
-1.41448 -1 
-2.18945 -1 
-2.01735 -1 
2.8324 -1 
1.59216 -1 
0.072187 -1 
0.239629 -1 
0.162015 -1 
0.305027 -1 
-0.127348 -1 
-1.31187 -1 
-0.756264 -1 
1.30644 -1 
1.80374 -1 
-1.78347 -1 
2.51956 -1 
2.33533 -1 
-3.07826 -1 
-0.00357496 -1 
0.464714 -1 
0.380055 -1 
-0.189805 -1 
-0.253397 -1 
-3.86014 -1 
0.67566 -1 
0.608214 -1 
-0.382849 -1 
-0.529646 -1 
1.0444 -1 
0.895129 -1 
3.47518 -1 
3.92503 -1 
3.77508 -1 
-0.888335 -1 
1.15616 -1 
3.62513 -1 
1.43423 -1 
-3.58043 -1 
-0.629061 -1 
-0.997484 -1 
-1.38027 -1 
-1.48723 -1 
-1.10846 -1 
-3.3198 -1 
-2.2755 -1 
2.15098 -1 
1.9665 -1 
-1.63275 -1 
-2.8085 -1 
-2.51054 -1 
-2.1034 -1 
2.72203 -1 
2.94276 -1 
-1.93939 -1 
3.31344 -1 
3.1399 -1 
-0.318123 -1 
-0.0652714 -1 
0.971176 -1 
0.816263 -1 
0.540767 -1 
1.53952 -1 
1.66269 -1 
-1.22127 -1 
-0.447576 -1 
0.743107 -1 
ZONE T="boundary4"
-0.609072 0.208508 
-0.636505 0.0614173 
-0.635587 0.0384072 
-0.633418 0.0155875 
-0.616089 0.190017 
-0.328203 0.388289 
-0.306096 0.387785 
-0.601112 0.226396 
0.632776 0.0621919 
-0.392081 0.383603 
-0.371185 0.386307 
-0.432222 0.374444 
-0.412724 0.379599 
0.633142 0.0128833 
-0.636113 0.0845718 
0.613933 0.138243 
-0.631199 0.13084 
-0.634359 0.107747 
-0.6266 0.153739 
0.630665 0.0785883 
-0.621797 0.172096 
0.560301 0.225732 
-0.498729 0.344286 
-0.58177 0.261201 
-0.571364 0.276338 
-0.591927 0.24419 
-0.560122 0.290623 
-0.237298 0.38192 
-0.213758 0.379079 
-0.138584 0.369941 
-0.112859 0.367305 
-0.548987 0.303059 
0.627576 0.0946925 
0.621896 0.115984 
-0.512156 0.335219 
-0.484573 0.352614 
-0.468187 0.360853 
0.576564 0.20495 
-0.451379 0.367917 
0.60427 0.159566 
0.633873 0.0458184 
0.631378 -0.00350362 
-0.525083 0.325269 
-0.164382 0.372922 
0.591448 0.182642 
-0.349784 0.38784 
-0.283509 0.386449 
-0.18906 0.375975 
-0.260852 0.384465 
-0.0292405 0.361813 
-0.0854127 0.364956 
0.267912 0.358204 
0.293425 0.355541 
0.320503 0.351668 
0.506266 0.277332 
-0.53733 0.314573 
0.450354 0.31169 
0.37709 0.339302 
0.43601 0.318387 
0.406406 0.330099 
0.540538 0.247325 
0.530193 0.257292 
0.49263 0.287132 
0.519444 0.266783 
0.478716 0.296107 
0.12297 0.361681 
0.154409 0.361977 
0.185828 0.361896 
-0.000536568 0.361042 
0.0297882 0.360745 
0.0599773 0.360856 
0.242398 0.360052 
0.0915067 0.361234 
0.214104 0.361307 
0.347539 0.346554 
0.598092 0.171253 
0.633987 0.0293216 
-0.0580852 0.363145 
0.464404 0.304389 
-0.636207 0.0499077 
-0.31715 0.388148 
-0.605217 0.217509 
-0.381658 0.385111 
-0.42252 0.377186 
-0.635408 0.0961743 
-0.62908 0.142328 
0.631847 0.0704059 
-0.624318 0.16295 
-0.612709 0.199313 
-0.61906 0.181095 
-0.576687 0.268853 
-0.586984 0.252778 
-0.565859 0.283573 
-0.225525 0.380525 
-0.125723 0.368575 
-0.55465 0.296927 
0.624952 0.105395 
-0.505513 0.339856 
-0.476452 0.356874 
-0.441862 0.371351 
0.609313 0.149 
-0.459844 0.364525 
-0.491717 0.34856 
0.633448 0.054013 
0.632371 0.00467767 
-0.151483 0.371396 
-0.360499 0.387218 
-0.339 0.388191 
-0.201406 0.377531 
-0.272176 0.385525 
-0.518697 0.330344 
-0.634657 0.0269844 
-0.2948 0.387208 
0.618149 0.127196 
-0.0991364 0.366066 
0.280678 0.356982 
0.306982 0.353747 
0.42132 0.324531 
0.391823 0.334949 
0.535419 0.252364 
0.499511 0.282319 
0.524871 0.262097 
-0.543247 0.308906 
0.485728 0.291705 
0.138688 0.361862 
0.170116 0.361998 
0.0146279 0.360834 
0.0448862 0.360759 
0.255159 0.359222 
0.10724 0.361462 
0.199965 0.361674 
0.228254 0.360774 
0.334049 0.349273 
0.594828 0.176982 
0.568622 0.215491 
-0.531289 0.320015 
-0.40244 0.38177 
0.633682 0.0210962 
0.634053 0.0375706 
0.584226 0.193943 
0.601243 0.165443 
-0.636476 0.0729994 
-0.632956 0.11932 
-0.249071 0.383241 
-0.17672 0.374432 
-0.0717485 0.363983 
-0.0148853 0.361362 
0.362365 0.343149 
0.0757411 0.361023 
0.457417 0.308117 
0.512924 0.272144 
-0.596652 0.235363 
0.629244 0.0866635 
0.55064 0.236733 
0.471609 0.300333 
0.443218 0.315113 
-0.0436633 0.362406 
ZONE T="boundary5"
-0.550879 -0.200071 
-0.561891 -0.182602 
0.36123 -0.465631 
-0.488152 -0.282103 
0.332574 -0.480376 
0.427685 -0.418066 
0.439812 -0.406701 
-0.630055 -0.00698335 
-0.633418 0.0155875 
-0.596876 -0.115617 
-0.605575 -0.0944658 
-0.58841 -0.134002 
0.462623 -0.382242 
0.473371 -0.369064 
-0.625544 -0.0292973 
-0.236217 -0.459094 
-0.260291 -0.44825 
-0.501835 -0.266343 
-0.282757 -0.437251 
-0.613269 -0.0730371 
-0.61994 -0.0513023 
-0.325504 -0.413766 
-0.345767 -0.401351 
-0.0518932 -0.514498 
-0.106963 -0.502642 
-0.133792 -0.495482 
-0.211798 -0.469152 
0.581858 -0.155124 
-0.0795194 -0.50902 
-0.186238 -0.478723 
-0.514974 -0.250144 
-0.539328 -0.217197 
-0.527386 -0.233844 
-0.304857 -0.425546 
-0.403695 -0.36055 
-0.473023 -0.298339 
-0.44007 -0.330096 
-0.457319 -0.314036 
0.493246 -0.341233 
0.483598 -0.355354 
0.631378 -0.00350362 
-0.579256 -0.152072 
0.628751 -0.0198005 
0.242595 -0.51139 
0.092648 -0.527926 
0.0629897 -0.527296 
-0.0236125 -0.519141 
0.0338643 -0.525584 
0.00478732 -0.522828 
0.122265 -0.527386 
0.212448 -0.517724 
0.151988 -0.525601 
0.181938 -0.522451 
0.273046 -0.50311 
0.388883 -0.448436 
0.402193 -0.438933 
0.415093 -0.428846 
0.451467 -0.394751 
0.303055 -0.492842 
0.616234 -0.0683521 
0.609239 -0.0886209 
0.511159 -0.311429 
0.527178 -0.280142 
-0.384629 -0.374925 
0.568843 -0.184774 
0.555944 -0.21457 
0.541863 -0.247518 
-0.365412 -0.388447 
0.60154 -0.10867 
0.591898 -0.131947 
0.625293 -0.0361012 
-0.422258 -0.345543 
-0.160378 -0.487456 
-0.556455 -0.191381 
0.347047 -0.473284 
0.433812 -0.412452 
-0.631884 0.00428147 
-0.601344 -0.105089 
-0.59273 -0.124849 
0.468068 -0.375713 
-0.627941 -0.0181676 
-0.271567 -0.442839 
-0.616734 -0.0622084 
-0.335685 -0.407638 
-0.120406 -0.499171 
-0.224048 -0.464221 
-0.199058 -0.474042 
-0.508471 -0.258297 
-0.495061 -0.274281 
-0.533415 -0.225563 
-0.545167 -0.208677 
-0.448767 -0.322143 
-0.480661 -0.290289 
-0.46524 -0.306256 
-0.315226 -0.419736 
-0.293854 -0.431487 
0.0778173 -0.527754 
-0.0377715 -0.516938 
0.0193147 -0.524335 
0.227567 -0.514765 
0.137138 -0.526653 
0.166983 -0.5242 
0.257886 -0.507484 
0.395589 -0.443757 
-0.583915 -0.143078 
0.421449 -0.423527 
0.478556 -0.362264 
0.457113 -0.38856 
0.445706 -0.400792 
0.317929 -0.486878 
0.488493 -0.348344 
0.612836 -0.0785199 
0.519404 -0.295912 
-0.394222 -0.367817 
0.502477 -0.326503 
0.562365 -0.199657 
0.534671 -0.263901 
-0.355641 -0.394977 
0.596784 -0.120334 
0.605463 -0.0986727 
0.586907 -0.143548 
0.408698 -0.433961 
0.575349 -0.169945 
-0.521239 -0.242039 
0.621086 -0.0523154 
0.630168 -0.0116688 
0.627118 -0.027971 
0.375236 -0.457323 
-0.248298 -0.45377 
-0.622877 -0.0403331 
-0.413041 -0.353126 
-0.431231 -0.337897 
-0.375075 -0.381763 
-0.0657281 -0.511872 
-0.0932671 -0.505943 
0.107461 -0.527806 
-0.00942729 -0.521105 
-0.173344 -0.483194 
0.0484205 -0.526573 
0.197225 -0.520283 
-0.147118 -0.491577 
0.288138 -0.498227 
0.548912 -0.231047 
-0.609546 -0.083795 
-0.5708 -0.167465 
