ZONE T="boundary0"
-4 -0.418044 
-4 -0.52298 
-4 -0.236816 
-4 -0.206258 
-4 -0.118403 
-4 -0.1757 
-4 0.286964 
-4 0.244244 
-4 0.654366 
-4 0.539154 
-4 0.769577 
-4 -0.813958 
-4 -1 
-4 0.189461 
-4 0.216853 
-4 0.150007 
-4 0.110552 
-4 0.0247228 
-4 -0.282388 
-4 -0.0611067 
-4 0.434419 
-4 0.329684 
-4 -0.373002 
-4 -0.627915 
-4 1 
-4 -0.32796 
-4 0.382052 
-4 -0.470512 
-4 -0.221537 
-4 -0.147051 
-4 0.265604 
-4 0.59676 
-4 -0.906979 
-4 0.203157 
-4 0.130279 
-4 -0.190979 
-4 -0.259602 
-4 0.486787 
-4 -0.395523 
-4 -0.575448 
-4 -0.720937 
-4 -0.0897549 
-4 0.711971 
-4 0.884789 
-4 0.308324 
-4 -0.305174 
-4 -0.350481 
-4 0.408235 
-4 0.230548 
-4 0.169734 
-4 0.0676375 
-4 -0.018192 
-4 0.355868 
ZONE T="boundary1"
-1.26298 1 
-3.10787 1 
-2.70346 1 
1.64874 1 
-1.44302 1 
0.277635 1 
0.209962 1 
-1.353 1 
0.963481 1 
1.06493 1 
-0.827103 1 
-0.938269 1 
-1.74184 1 
-2.0931 1 
-2.29965 1 
3.63122 1 
-1.15621 1 
3.26244 1 
2.2127 1 
2.01366 1 
-3.62253 1 
-3.3652 1 
2.81481 1 
2.41174 1 
3.03863 1 
0.345308 1 
0.144779 1 
0.0795965 1 
0.0420341 1 
0.00447167 1 
-0.0706532 1 
-0.225388 1 
-0.148021 1 
-0.310536 1 
-0.395684 1 
0.908336 1 
0.686362 1 
0.62982 1 
0.573279 1 
-0.605081 1 
-0.716092 1 
-1.04944 1 
-0.500383 1 
0.516737 1 
0.431023 1 
0.798048 1 
1.26927 1 
-1.59712 1 
-1.88655 1 
-3.81127 1 
1.51045 1 
1.37216 1 
1.16638 1 
4 1 
1.8312 1 
-4 1 
-2.50156 1 
3.44683 1 
0.742904 1 
0.853192 1 
-2.90567 1 
0.243798 1 
-0.882686 1 
-2.19638 1 
2.11318 1 
-3.49387 1 
2.61328 1 
2.92672 1 
0.112188 1 
0.0232529 1 
-0.0330907 1 
0.311472 1 
-0.186705 1 
-0.35311 1 
0.935908 1 
0.658091 1 
-0.660586 1 
-0.771597 1 
-0.993853 1 
-0.448033 1 
0.47388 1 
-1.2096 1 
-1.10282 1 
-1.39801 1 
-1.52007 1 
-1.30799 1 
-1.8142 1 
-0.552732 1 
1.32072 1 
-1.66948 1 
3.81561 1 
1.21783 1 
1.5796 1 
1.73997 1 
-1.98983 1 
1.92243 1 
-3.90563 1 
-3.23654 1 
3.53903 1 
1.44131 1 
2.31222 1 
-3.7169 1 
3.15054 1 
0.0608153 1 
0.17737 1 
0.714633 1 
0.770476 1 
0.880764 1 
-0.267962 1 
0.388166 1 
0.545008 1 
0.60155 1 
0.82562 1 
1.11566 1 
1.01421 1 
-0.109337 1 
3.35464 1 
-2.4006 1 
-2.60251 1 
ZONE T="boundary2"
4 -0.275482 
4 -0.849877 
4 -0.699753 
4 -0.220043 
4 -0.465296 
4 -0.171858 
4 -0.123673 
4 0.392973 
4 0.3464 
4 0.468852 
4 0.54473 
4 -0.582525 
4 0.848243 
4 -0.0483364 
4 0.0269998 
4 0.0898718 
4 -0.398109 
4 -0.330921 
4 0.696487 
4 0.299827 
4 0.226285 
4 0.152744 
4 -1 
4 1 
4 -0.774815 
4 -0.247762 
4 -0.147765 
4 0.369687 
4 0.506791 
4 -0.641139 
4 0.0584358 
4 -0.431702 
4 -0.303202 
4 -0.0106683 
4 -0.0860045 
4 -0.364515 
4 0.430912 
4 0.620608 
4 0.263056 
4 -0.52391 
4 -0.924938 
4 0.189515 
4 0.772365 
4 0.924122 
4 -0.19595 
4 0.121308 
4 0.323114 
ZONE T="boundary3"
3.3722 -1 
3.56345 -1 
-1.39351 -1 
-1.25547 -1 
0.368148 -1 
-1.01835 -1 
-1.13691 -1 
-0.346808 -1 
-0.680512 -1 
-0.239803 -1 
-0.0424056 -1 
-1.53156 -1 
-0.471242 -1 
-2.82737 -1 
0.78327 -1 
2.1793 -1 
1.9919 -1 
-2.18468 -1 
-3.43483 -1 
-3.27968 -1 
-4 -1 
-3.58997 -1 
2.98971 -1 
2.79846 -1 
2.58257 -1 
-0.575877 -1 
-0.106638 -1 
-0.17322 -1 
0.0218266 -1 
0.117866 -1 
0.0698461 -1 
0.213904 -1 
0.165885 -1 
0.899037 -1 
0.463828 -1 
0.559508 -1 
0.291026 -1 
-0.825607 -1 
-0.753059 -1 
-0.921979 -1 
4 -1 
0.671389 -1 
-3.79499 -1 
1.0148 -1 
3.78172 -1 
1.33339 -1 
1.5708 -1 
1.43682 -1 
-1.68904 -1 
-1.6103 -1 
1.22995 -1 
1.12238 -1 
-2.96939 -1 
1.84834 -1 
1.70477 -1 
-2.0156 -1 
-1.84652 -1 
3.18095 -1 
-2.68535 -1 
2.36669 -1 
-2.43502 -1 
3.46782 -1 
-1.32449 -1 
-1.07763 -1 
2.0856 -1 
-3.35726 -1 
-0.293306 -1 
-0.206512 -1 
-0.139929 -1 
-0.0102895 -1 
0.0938558 -1 
-0.0745216 -1 
0.189895 -1 
-0.628194 -1 
0.841153 -1 
-0.523559 -1 
0.511668 -1 
-0.789333 -1 
-0.873793 -1 
-0.970164 -1 
-0.716786 -1 
0.72733 -1 
-3.89749 -1 
0.615449 -1 
-1.46254 -1 
-1.19619 -1 
0.95692 -1 
3.67258 -1 
3.89086 -1 
1.50381 -1 
-3.69248 -1 
-1.57093 -1 
-1.64967 -1 
1.06859 -1 
-3.12454 -1 
1.38511 -1 
1.63778 -1 
1.77655 -1 
1.92012 -1 
3.27658 -1 
3.08533 -1 
2.89408 -1 
-1.93106 -1 
-2.89838 -1 
-2.75636 -1 
-1.76778 -1 
2.69052 -1 
2.27299 -1 
2.47463 -1 
-3.5124 -1 
-2.56019 -1 
-2.30985 -1 
-2.10014 -1 
0.0458363 -1 
-0.409025 -1 
0.329587 -1 
0.141875 -1 
0.252465 -1 
0.415988 -1 
1.28167 -1 
1.17616 -1 
ZONE T="boundary4"
0.604987 0.0755077 
0.529888 0.29881 
-0.536491 0.214368 
0.425031 0.445852 
0.438638 0.434174 
0.451617 0.42175 
-0.567887 0.163473 
0.623008 -0.0180616 
0.592591 0.113794 
-0.616079 0.0475642 
-0.609441 0.069306 
-0.629602 -0.018002 
-0.626174 0.0038448 
-0.434391 0.333058 
-0.46016 0.308205 
0.486765 0.379716 
0.475446 0.394856 
-0.621665 0.0257123 
-0.601773 0.0908898 
-0.593114 0.112244 
-0.585412 0.129316 
-0.57714 0.146131 
-0.313155 0.422427 
0.507153 0.347114 
-0.547533 0.197597 
-0.558078 0.180516 
-0.514888 0.244567 
-0.525876 0.229601 
-0.419107 0.34662 
-0.499337 0.26443 
-0.403429 0.359731 
-0.386653 0.372943 
-0.36949 0.385659 
-0.483011 0.283682 
-0.293329 0.433763 
-0.272609 0.444813 
-0.251566 0.45525 
-0.229524 0.465386 
-0.332633 0.410514 
-0.351248 0.398358 
-0.183719 0.484023 
-0.159985 0.492477 
0.610333 0.0565649 
0.5779 0.155928 
0.516235 0.329674 
0.62133 0.000477143 
0.618606 0.0190769 
0.599105 0.0943167 
0.541413 0.267333 
0.463873 0.40866 
0.367941 0.483577 
0.397214 0.466215 
0.340303 0.496935 
0.311989 0.50811 
0.497298 0.363858 
0.0331519 0.534567 
0.0641173 0.537152 
-0.0556619 0.520845 
0.19339 0.534598 
0.225392 0.530148 
0.284205 0.516987 
0.25496 0.524406 
0.585848 0.133228 
0.570063 0.178696 
0.56072 0.20695 
0.614905 0.0377825 
0.551731 0.235308 
-0.207188 0.474869 
-0.13492 0.500566 
-0.109622 0.507894 
-0.0827408 0.514793 
-0.0267693 0.526332 
0.00227765 0.530852 
0.0963637 0.538599 
0.128576 0.538721 
0.161094 0.53742 
0.431913 0.440105 
0.445213 0.428051 
-0.612884 0.0584729 
-0.628019 -0.00705788 
-0.447442 0.320805 
0.481212 0.387366 
-0.624049 0.0148053 
-0.597559 0.101614 
-0.589335 0.120812 
-0.581345 0.137757 
-0.572585 0.15484 
-0.542071 0.206022 
-0.55287 0.189096 
-0.520428 0.237118 
-0.507205 0.254571 
-0.53123 0.222017 
-0.426799 0.339895 
-0.39509 0.366399 
-0.378118 0.379363 
-0.411316 0.353232 
-0.471747 0.296094 
-0.28301 0.439364 
-0.262126 0.450108 
-0.240583 0.4604 
-0.341985 0.404504 
-0.303283 0.428167 
-0.171883 0.488337 
0.607737 0.0660579 
0.523351 0.31437 
0.62009 0.00979498 
0.595886 0.104068 
0.535867 0.28315 
0.511804 0.338451 
0.469754 0.401837 
-0.491271 0.274138 
0.382779 0.475236 
0.326245 0.502773 
0.502337 0.355552 
0.457835 0.415289 
0.492141 0.37186 
0.0486226 0.536003 
0.20942 0.532585 
0.298166 0.512765 
-0.360417 0.392076 
0.58187 0.144576 
0.573957 0.167303 
0.565339 0.192806 
0.589236 0.123517 
-0.563049 0.172033 
0.622303 -0.00878016 
0.612713 0.0471965 
0.616865 0.0284514 
0.602102 0.0849297 
0.556197 0.22112 
-0.605727 0.0801406 
-0.322938 0.416543 
-0.218391 0.470209 
-0.195488 0.479534 
-0.618999 0.0366708 
-0.122299 0.504326 
-0.147483 0.496617 
-0.0962085 0.511449 
-0.0412384 0.523708 
0.354251 0.490524 
-0.0122647 0.528713 
0.0176981 0.532849 
0.546658 0.251347 
-0.069225 0.517924 
0.269637 0.520913 
0.0802332 0.538037 
0.144842 0.538255 
0.177259 0.536207 
0.411377 0.456382 
0.112469 0.538829 
0.240215 0.527477 
ZONE T="boundary5"
-0.576215 -0.278346 
-0.565782 -0.29298 
-0.49635 -0.355662 
-0.633203 -0.0614724 
-0.631945 -0.0397811 
-0.614364 -0.19823 
-0.594383 -0.24695 
0.621184 -0.0731701 
0.622978 -0.0549175 
-0.618992 -0.182977 
0.525464 -0.252238 
-0.630415 -0.125651 
-0.527331 -0.333458 
-0.541431 -0.320614 
-0.369286 -0.391378 
-0.388572 -0.390176 
-0.407762 -0.387729 
-0.444474 -0.379045 
-0.426213 -0.384069 
-0.627267 -0.146678 
-0.623554 -0.16501 
-0.46224 -0.372673 
-0.285415 -0.385364 
-0.263552 -0.381751 
-0.328613 -0.390403 
-0.348977 -0.391435 
-0.307256 -0.388331 
-0.14411 -0.359427 
-0.609091 -0.213243 
-0.512449 -0.345051 
0.472424 -0.292412 
0.492629 -0.279166 
0.407524 -0.32288 
0.384645 -0.330275 
0.451569 -0.303988 
-0.554021 -0.307313 
0.512582 -0.263708 
0.623575 -0.0365027 
0.623008 -0.0180616 
-0.5858 -0.262885 
-0.240602 -0.377501 
-0.169518 -0.363787 
-0.193598 -0.368305 
-0.217655 -0.373018 
-0.118719 -0.355634 
-0.479634 -0.364848 
-0.0920216 -0.352356 
-0.629602 -0.018002 
0.430185 -0.314005 
0.577168 -0.190278 
-0.602141 -0.230383 
0.272683 -0.349494 
0.249844 -0.35083 
-0.632445 -0.10443 
0.047661 -0.347179 
-0.0376309 -0.348091 
-0.0653934 -0.349864 
0.170359 -0.351261 
0.0188888 -0.346838 
0.227037 -0.35154 
0.294677 -0.347521 
-0.00996088 -0.347114 
0.339619 -0.340979 
0.36218 -0.3362 
0.316647 -0.344779 
0.502763 -0.27164 
0.537716 -0.240086 
0.198661 -0.351705 
0.612703 -0.113473 
0.618202 -0.0911025 
0.604145 -0.138345 
-0.633372 -0.0830152 
0.139009 -0.350301 
0.0776975 -0.348011 
0.10771 -0.349113 
0.59241 -0.16405 
0.558389 -0.216381 
-0.571118 -0.285749 
-0.632709 -0.0506189 
0.622233 -0.0640588 
-0.61676 -0.190628 
-0.534504 -0.327171 
-0.378938 -0.390925 
-0.398188 -0.389114 
-0.43539 -0.381727 
-0.625522 -0.155866 
-0.453418 -0.37603 
-0.274473 -0.383623 
-0.338789 -0.391044 
-0.520003 -0.339398 
0.482652 -0.285981 
0.396138 -0.326743 
0.462099 -0.298385 
-0.547845 -0.314076 
-0.560027 -0.30025 
0.623433 -0.0272778 
-0.359132 -0.391552 
-0.181565 -0.36601 
-0.229126 -0.375274 
-0.58113 -0.270691 
-0.488084 -0.360422 
-0.590208 -0.25498 
-0.105382 -0.353901 
-0.630907 -0.0288772 
-0.611809 -0.205765 
-0.156824 -0.361546 
0.418925 -0.318622 
-0.605727 -0.221858 
0.261268 -0.350247 
-0.63157 -0.115054 
-0.0515176 -0.348875 
0.0332755 -0.346942 
-0.504506 -0.350519 
0.238443 -0.351256 
0.0044634 -0.346889 
0.350928 -0.338722 
0.305674 -0.34625 
0.328153 -0.343002 
0.283688 -0.348597 
-0.471015 -0.368933 
0.497734 -0.275455 
0.44096 -0.309173 
0.507713 -0.267724 
0.184509 -0.351547 
0.519101 -0.258061 
0.53167 -0.246243 
-0.598374 -0.238719 
0.615691 -0.102346 
0.619843 -0.0821613 
0.623425 -0.045715 
0.212849 -0.351711 
-0.131426 -0.357454 
-0.317923 -0.389481 
0.373451 -0.333382 
-0.633423 -0.0722428 
-0.205629 -0.37065 
0.154682 -0.350827 
0.0626797 -0.347547 
0.123359 -0.349718 
-0.0787179 -0.351013 
0.0927047 -0.348542 
-0.0237987 -0.347509 
-0.621383 -0.174021 
-0.296323 -0.38694 
-0.41702 -0.386061 
-0.633046 -0.0937284 
-0.252069 -0.379669 
0.608721 -0.126011 
-0.628983 -0.136186 
0.585111 -0.177351 
0.568093 -0.203556 
0.548325 -0.22847 
0.598592 -0.151341 
