ZONE T="boundary0"
-4 -0.418044 
-4 -0.52298 
-4 -0.206258 
-4 -0.236816 
-4 -0.0611067 
-4 0.874883 
-4 0.749766 
-4 0.62465 
-4 0.383531 
-4 0.499533 
-4 -0.1757 
-4 -0.118403 
-4 -0.813958 
-4 -1 
-4 -0.282388 
-4 -0.373002 
-4 -0.627915 
-4 0.101264 
-4 0.167772 
-4 1 
-4 -0.32796 
-4 0.346218 
-4 0.23428 
-4 0.308905 
-4 0.271593 
-4 -0.470512 
-4 -0.221537 
-4 0.812325 
-4 0.441532 
-4 -0.147051 
-4 -0.906979 
-4 -0.190979 
-4 -0.259602 
-4 -0.0897549 
-4 -0.395523 
-4 -0.575448 
-4 -0.720937 
-4 0.0200786 
-4 0.134518 
-4 0.562091 
-4 -0.305174 
-4 -0.350481 
-4 0.364874 
-4 0.290249 
-4 0.201026 
-4 0.687208 
-4 0.937442 
-4 0.327562 
-4 0.252936 
ZONE T="boundary1"
1.81248 1 
0.730082 1 
-0.0700679 1 
-0.135917 1 
0.20527 1 
0.141686 1 
0.522709 1 
0.0442197 1 
-0.372882 1 
-0.0129241 1 
0.952586 1 
-0.601937 1 
-0.48741 1 
-0.287324 1 
1.06109 1 
2.99009 1 
2.79032 1 
-3.37114 1 
1.1696 1 
-1.49232 1 
-1.85469 1 
-3.73234 1 
1.99314 1 
-2.79267 1 
-2.99937 1 
1.51426 1 
1.41485 1 
1.29223 1 
3.59493 1 
-2.58596 1 
-0.201766 1 
0.268854 1 
0.618548 1 
0.841616 1 
-0.717179 1 
-0.832421 1 
0.42687 1 
-1.04669 1 
-0.939557 1 
-1.27172 1 
-1.15921 1 
-1.38202 1 
-1.69921 1 
-2.01016 1 
3.79746 1 
3.39239 1 
3.18986 1 
-4 1 
-2.29806 1 
-3.49507 1 
2.32794 1 
2.17381 1 
1.61366 1 
-3.12329 1 
-3.24722 1 
2.63619 1 
0.347862 1 
2.48206 1 
4 1 
-0.102992 1 
0.173478 1 
0.0929529 1 
-0.330103 1 
1.00684 1 
2.8902 1 
1.11535 1 
-2.89602 1 
1.46455 1 
1.35354 1 
-0.244545 1 
-0.041496 1 
0.0156478 1 
-0.168841 1 
-0.430146 1 
-0.544673 1 
0.570629 1 
0.897101 1 
0.674315 1 
-0.659558 1 
-0.7748 1 
0.474789 1 
0.785849 1 
-0.993124 1 
-0.885989 1 
-1.10295 1 
-1.21546 1 
-1.43717 1 
-1.59577 1 
-1.32687 1 
-1.93243 1 
3.29113 1 
3.49366 1 
-3.86617 1 
-1.77695 1 
-2.15411 1 
-2.44201 1 
3.08997 1 
2.25087 1 
1.90281 1 
1.71307 1 
-3.6137 1 
-2.68931 1 
-3.18526 1 
2.71325 1 
0.237062 1 
0.387366 1 
0.308358 1 
-3.4331 1 
-3.30918 1 
1.23091 1 
-3.06133 1 
1.56396 1 
2.405 1 
2.55913 1 
2.08348 1 
3.6962 1 
3.89873 1 
ZONE T="boundary2"
4 -0.399476 
4 -0.599671 
4 -0.290582 
4 -0.345029 
4 -0.12264 
4 -0.172117 
4 0.36784 
4 -0.799836 
4 -1 
4 -0.221594 
4 -0.499574 
4 -0.076061 
4 0.120953 
4 0.194961 
4 0.60186 
4 0.301926 
4 0.268969 
4 0.334883 
4 0.231965 
4 0.400797 
4 0.501329 
4 -0.0294821 
4 0.0457353 
4 0.80093 
4 1 
4 -0.317805 
4 -0.147379 
4 -0.899918 
4 -0.256088 
4 -0.449525 
4 -0.0993505 
4 0.157957 
4 -0.372253 
4 -0.699753 
4 -0.196856 
4 0.318405 
4 0.250467 
4 0.384319 
4 0.213463 
4 0.285448 
4 0.451063 
4 0.351362 
4 0.551595 
4 0.00812661 
4 -0.0527715 
4 -0.549622 
4 0.0833439 
4 0.701395 
4 0.900465 
ZONE T="boundary3"
-1.05389 -1 
-0.942909 -1 
-2.22496 -1 
-1.82909 -1 
-1.34607 -1 
3.20897 -1 
0.0213164 -1 
-0.706557 -1 
-0.579353 -1 
-0.214882 -1 
1.44958 -1 
0.439329 -1 
0.141842 -1 
2.25302 -1 
0.658904 -1 
-0.824733 -1 
0.90588 -1 
1.02564 -1 
2.68555 -1 
1.13248 -1 
-2.46778 -1 
-1.16486 -1 
1.34445 -1 
1.8953 -1 
-1.25547 -1 
3.80224 -1 
4 -1 
3.01935 -1 
-4 -1 
-3.58997 -1 
-1.52361 -1 
-3.40908 -1 
-3.22819 -1 
2.07416 -1 
-1.67635 -1 
0.204001 -1 
0.275484 -1 
-0.0981924 -1 
-0.0370501 -1 
0.0796828 -1 
-0.270429 -1 
-0.159334 -1 
0.346966 -1 
-0.497283 -1 
-0.415213 -1 
-0.342821 -1 
0.531693 -1 
0.786116 -1 
1.23932 -1 
-3.79499 -1 
1.63057 -1 
-1.43484 -1 
-2.96939 -1 
-2.7106 -1 
2.82973 -1 
3.40673 -1 
2.54137 -1 
3.60449 -1 
-0.998398 -1 
-2.02703 -1 
-0.642955 -1 
-0.765645 -1 
0.965762 -1 
-1.30077 -1 
3.90112 -1 
-3.31863 -1 
1.98473 -1 
0.239743 -1 
-0.0676211 -1 
0.0504996 -1 
-0.128763 -1 
0.110762 -1 
-0.538318 -1 
-0.456248 -1 
-0.306625 -1 
0.485511 -1 
0.595299 -1 
0.845998 -1 
-0.379017 -1 
0.72251 -1 
1.1859 -1 
1.07906 -1 
-0.883821 -1 
-1.10938 -1 
-3.89749 -1 
1.39701 -1 
1.54007 -1 
1.29188 -1 
-1.21017 -1 
-1.39046 -1 
1.76293 -1 
-3.49953 -1 
-3.09879 -1 
-2.84 -1 
-3.69248 -1 
-2.34637 -1 
-1.75272 -1 
3.11416 -1 
3.30785 -1 
2.3972 -1 
2.75764 -1 
2.92454 -1 
-2.58919 -1 
-1.59998 -1 
2.61346 -1 
3.50561 -1 
-0.00786705 -1 
-0.242655 -1 
0.172922 -1 
-0.187108 -1 
0.393148 -1 
0.311225 -1 
-1.47923 -1 
3.70337 -1 
2.16359 -1 
ZONE T="boundary4"
-0.192321 0.378397 
-0.170408 0.385926 
-0.389525 0.291739 
-0.147717 0.393364 
-0.547144 0.161116 
-0.535121 0.175718 
0.632816 0.0898426 
0.632934 0.073028 
-0.522488 0.18968 
-0.613091 0.0184077 
0.591495 0.245943 
0.602911 0.220111 
0.60794 0.207135 
-0.608338 0.0394241 
-0.618353 -0.0241098 
0.57849 0.270435 
0.570406 0.28353 
-0.602163 0.0601285 
-0.594582 0.0804278 
-0.577395 0.11587 
-0.585628 0.10023 
-0.558131 0.146355 
-0.568414 0.130958 
0.561668 0.296238 
0.619822 0.170452 
0.476121 0.377171 
0.490031 0.367539 
-0.510172 0.2022 
-0.49746 0.214195 
-0.434803 0.263564 
-0.406065 0.282035 
-0.473163 0.235036 
-0.335818 0.31972 
-0.354381 0.310573 
-0.372769 0.300993 
-0.31637 0.328819 
-0.296794 0.337543 
-0.235239 0.362651 
-0.214132 0.370562 
-0.276573 0.346153 
-0.124901 0.400469 
-0.101165 0.407452 
-0.0522469 0.420468 
-0.0270406 0.426411 
-0.256249 0.354439 
-0.61642 -0.00279006 
0.627227 0.0234114 
0.504034 0.356782 
0.530401 0.33298 
-0.460675 0.24486 
0.401815 0.415301 
0.431823 0.40222 
0.542669 0.319907 
0.461781 0.386143 
0.517459 0.34531 
0.371364 0.426012 
0.0546905 0.441765 
0.202932 0.451849 
0.232648 0.450624 
0.612584 0.194014 
0.142883 0.450816 
0.172864 0.451892 
0.315446 0.440156 
0.343425 0.433895 
0.288495 0.444803 
0.260549 0.448322 
0.552463 0.308299 
0.631727 0.106851 
0.629729 0.123734 
0.6257 0.146366 
0.630152 0.0397162 
0.632052 0.0562565 
-0.44793 0.25434 
-0.0772811 0.414045 
-0.00043988 0.432085 
0.0263514 0.43715 
0.0832205 0.445601 
0.11297 0.448693 
-0.181378 0.382199 
-0.159077 0.389686 
-0.541221 0.168489 
0.632997 0.0814346 
0.597413 0.233121 
-0.610892 0.0289538 
0.574528 0.277031 
-0.598545 0.0703403 
-0.581616 0.108104 
-0.563373 0.138723 
0.585236 0.258317 
-0.552729 0.153803 
0.483133 0.372437 
-0.50387 0.208254 
-0.420555 0.272998 
-0.345122 0.315196 
-0.381174 0.296419 
-0.306599 0.333224 
-0.326115 0.324317 
-0.397827 0.286945 
-0.224699 0.366643 
-0.528883 0.18277 
-0.2867 0.341889 
-0.136324 0.396959 
-0.113049 0.404009 
-0.0396616 0.423503 
-0.266426 0.350334 
-0.245758 0.358583 
-0.617559 -0.013436 
-0.363602 0.305838 
0.416944 0.409048 
0.536627 0.32653 
0.497102 0.36225 
0.469002 0.381739 
0.217794 0.451389 
0.157865 0.451489 
0.329475 0.437209 
0.246608 0.449617 
0.27454 0.446718 
0.547637 0.314162 
0.510822 0.351135 
0.627897 0.135081 
0.628819 0.0315384 
0.631231 0.0479694 
-0.516391 0.196 
0.63262 0.0646338 
0.63239 0.098353 
0.566116 0.289938 
0.524015 0.339234 
-0.454334 0.249643 
0.55714 0.302325 
0.616366 0.182284 
-0.20324 0.374517 
-0.0892396 0.4108 
-0.0647819 0.417316 
0.0129371 0.434697 
-0.0137595 0.429322 
0.0689379 0.443785 
0.35745 0.430154 
0.386682 0.420921 
0.098079 0.447265 
0.127914 0.44988 
0.0405018 0.439552 
0.301996 0.442636 
0.446976 0.394506 
-0.573002 0.123471 
-0.614931 0.00783447 
-0.605426 0.0498266 
0.605473 0.213641 
0.61031 0.200593 
0.622948 0.158454 
0.630838 0.115304 
-0.590271 0.0904021 
0.187895 0.452016 
-0.441396 0.258997 
-0.466951 0.239992 
-0.485463 0.224794 
ZONE T="boundary5"
0.546408 -0.119353 
-0.293991 -0.496921 
-0.317071 -0.485427 
-0.379658 -0.447791 
-0.558633 -0.254625 
-0.548587 -0.271862 
-0.500036 -0.339192 
-0.61892 -0.0454665 
-0.618163 -0.0668243 
-0.616126 -0.0881138 
-0.568034 -0.237032 
0.605354 -0.0387697 
0.61229 -0.0238127 
-0.612845 -0.109348 
-0.608368 -0.130471 
-0.602726 -0.151496 
-0.596821 -0.169931 
-0.0851822 -0.553219 
-0.220231 -0.526175 
-0.245535 -0.51736 
-0.270469 -0.507445 
-0.338637 -0.473577 
-0.112879 -0.550382 
-0.19393 -0.534054 
-0.167364 -0.540718 
-0.140177 -0.546212 
-0.513414 -0.322689 
0.565678 -0.0981256 
-0.485242 -0.356082 
-0.537697 -0.288991 
-0.526147 -0.3057 
-0.39907 -0.433943 
-0.359722 -0.460882 
-0.417745 -0.419501 
-0.435843 -0.404354 
-0.453136 -0.388703 
0.581871 -0.0773947 
0.595203 -0.0571825 
-0.618353 -0.0241098 
-0.576785 -0.219166 
-0.469801 -0.372399 
-0.590129 -0.188124 
-0.0575227 -0.554619 
-0.029638 -0.554526 
0.0793727 -0.537836 
0.02545 -0.549577 
-0.00200963 -0.552868 
0.052621 -0.544585 
0.386604 -0.273142 
0.131229 -0.518857 
0.105551 -0.529296 
0.156638 -0.506284 
0.204974 -0.475201 
0.181014 -0.491873 
0.22804 -0.456552 
0.250386 -0.435867 
0.272057 -0.413294 
0.336112 -0.335532 
0.314867 -0.362482 
0.293355 -0.388878 
0.403477 -0.2539 
0.420857 -0.23529 
0.370141 -0.292843 
0.434459 -0.22163 
0.448309 -0.208446 
0.474676 -0.184761 
0.627227 0.0234114 
0.62328 0.00739923 
0.61829 -0.00838032 
0.353005 -0.314107 
0.524203 -0.140978 
0.487896 -0.173238 
0.501086 -0.161736 
-0.305589 -0.491294 
-0.553692 -0.263291 
-0.617301 -0.0774853 
0.608938 -0.0313479 
-0.614636 -0.0987552 
-0.599874 -0.160746 
-0.605684 -0.141021 
-0.232929 -0.521906 
-0.258054 -0.512538 
-0.327912 -0.479609 
-0.0990438 -0.551976 
-0.180682 -0.537538 
-0.153799 -0.543627 
-0.506802 -0.331003 
-0.492721 -0.347708 
-0.532002 -0.2974 
-0.543226 -0.280479 
-0.369753 -0.454433 
-0.389431 -0.440961 
-0.408477 -0.426812 
-0.444565 -0.396612 
-0.519862 -0.314255 
0.58874 -0.0674298 
-0.282283 -0.502305 
-0.618805 -0.0347853 
-0.477599 -0.364314 
-0.572487 -0.228138 
-0.426868 -0.412015 
-0.593568 -0.179062 
-0.0435756 -0.554766 
0.0117479 -0.551431 
0.0660537 -0.541435 
0.118479 -0.524309 
0.144044 -0.512811 
0.193137 -0.483766 
0.239364 -0.446399 
0.26136 -0.424741 
0.325509 -0.349032 
0.304187 -0.375758 
0.412095 -0.244508 
0.378328 -0.282943 
0.427616 -0.228406 
0.441348 -0.21499 
0.216656 -0.466089 
0.625382 0.0153712 
0.615413 -0.0161472 
0.620912 -0.000533374 
0.600452 -0.0480773 
-0.563412 -0.245871 
-0.61075 -0.119941 
-0.583709 -0.203754 
0.361533 -0.303443 
0.344541 -0.324807 
-0.349242 -0.467334 
-0.461548 -0.380632 
-0.0713572 -0.554101 
0.0925337 -0.533794 
-0.207122 -0.530263 
-0.0158075 -0.553896 
0.0390768 -0.547298 
0.168949 -0.499311 
-0.126549 -0.548463 
0.28282 -0.401208 
0.481283 -0.178991 
0.461424 -0.19649 
-0.618705 -0.0561525 
0.573973 -0.0879232 
0.556223 -0.10891 
0.535446 -0.130314 
0.512719 -0.151435 
0.4945 -0.167491 
0.394978 -0.263459 
