ZONE T="boundary0"
-4 -0.418044 
-4 -0.52298 
-4 -0.206258 
-4 -0.236816 
-4 -0.0611067 
-4 -0.118403 
-4 -0.1757 
-4 0.106462 
-4 0.582781 
-4 0.489995 
-4 0.675568 
-4 0.837784 
-4 1 
-4 -0.282388 
-4 -0.373002 
-4 -0.627915 
-4 -1 
-4 0.155387 
-4 0.0226777 
-4 -0.813958 
-4 -0.32796 
-4 0.204313 
-4 0.238878 
-4 0.342573 
-4 0.273443 
-4 0.416284 
-4 -0.470512 
-4 -0.221537 
-4 -0.147051 
-4 0.536388 
-4 0.629175 
-4 0.756676 
-4 -0.190979 
-4 -0.259602 
-4 -0.0897549 
-4 -0.395523 
-4 -0.575448 
-4 0.130925 
-4 -0.0192145 
-4 0.0645699 
-4 -0.720937 
-4 -0.906979 
-4 -0.305174 
-4 -0.350481 
-4 0.17985 
-4 0.221595 
-4 0.308008 
-4 0.453139 
-4 0.918892 
-4 0.379429 
-4 0.25616 
ZONE T="boundary1"
-2.78204 1 
-3.10722 1 
-0.00460876 1 
3.70749 1 
2.78984 1 
3.01268 1 
-0.397208 1 
-0.331307 1 
1.64797 1 
0.3417 1 
-2.65062 1 
1.35615 1 
-0.823363 1 
-0.07061 1 
0.0611848 1 
0.528516 1 
2.56701 1 
0.848913 1 
0.956093 1 
-3.73234 1 
1.97583 1 
-2.17008 1 
-4 1 
-2.00269 1 
-3.28595 1 
-3.46467 1 
2.16153 1 
1.8119 1 
4 1 
3.21383 1 
3.41498 1 
-0.554228 1 
-0.201009 1 
-0.265406 1 
-1.00522 1 
-0.703124 1 
-0.628676 1 
-0.136611 1 
-0.475718 1 
0.424028 1 
0.259373 1 
0.740958 1 
0.633004 1 
0.193175 1 
0.126978 1 
-1.13126 1 
-1.37842 1 
-1.49954 1 
1.26488 1 
1.06327 1 
1.16408 1 
1.44742 1 
1.5477 1 
-1.25729 1 
-1.66742 1 
-1.83531 1 
-2.34465 1 
-2.51921 1 
2.34723 1 
2.90126 1 
-0.364257 1 
-2.71633 1 
0.028288 1 
0.902503 1 
-3.86617 1 
-3.37531 1 
1.72994 1 
3.85374 1 
3.3144 1 
-0.233207 1 
-0.914294 1 
-0.6659 1 
-0.591452 1 
-0.763243 1 
-0.103611 1 
-0.16881 1 
-0.298356 1 
-0.436463 1 
-0.514973 1 
0.382864 1 
0.300536 1 
0.794936 1 
0.476272 1 
0.58076 1 
0.160077 1 
0.226274 1 
0.686981 1 
-1.06824 1 
-1.43898 1 
1.31052 1 
1.11368 1 
1.40179 1 
1.49756 1 
-1.31785 1 
-1.58348 1 
-1.75136 1 
-2.08639 1 
3.56123 1 
-3.5985 1 
-3.19658 1 
1.89386 1 
-1.919 1 
-2.25736 1 
2.06868 1 
2.45712 1 
2.25438 1 
-2.58492 1 
-2.43193 1 
2.67843 1 
-2.94463 1 
-0.0376094 1 
0.0940816 1 
3.11326 1 
-1.19428 1 
1.21448 1 
1.00968 1 
1.59783 1 
ZONE T="boundary2"
4 -0.514621 
4 -0.435835 
4 -0.757311 
4 0.399879 
4 0.342878 
4 0.285877 
4 0.0760119 
4 0.128434 
4 -0.0288326 
4 0.207155 
4 -0.878655 
4 -1 
4 -0.635966 
4 1 
4 0.624796 
4 0.512338 
4 0.0235897 
4 -0.213499 
4 -0.285274 
4 -0.357049 
4 -0.147377 
4 -0.0812548 
4 0.314377 
4 0.246516 
4 0.371379 
4 0.102223 
4 -0.939328 
4 -0.696638 
4 0.812398 
4 0.568567 
4 -0.249386 
4 -0.114316 
4 0.456109 
4 0.226836 
4 0.266196 
4 -0.180438 
4 -0.00262144 
4 -0.0550437 
4 -0.475228 
4 -0.396442 
4 -0.321162 
4 -0.575294 
4 0.0498008 
4 0.167795 
4 -0.817983 
4 0.328628 
4 0.300127 
ZONE T="boundary3"
-1.55128 -1 
-1.37668 -1 
-1.85974 -1 
-1.72619 -1 
3.60044 -1 
-0.156464 -1 
-0.0961194 -1 
0.0272727 -1 
0.422385 -1 
-0.0357756 -1 
0.77683 -1 
0.090321 -1 
-1.17867 -1 
-1.27767 -1 
-0.285603 -1 
-0.363337 -1 
1.87426 -1 
-2.54815 -1 
-1.05206 -1 
-0.925449 -1 
3.80022 -1 
4 -1 
-1.99328 -1 
-2.17496 -1 
-2.73966 -1 
-3.44058 -1 
-3.17531 -1 
2.78799 -1 
3.20028 -1 
1.38158 -1 
0.20693 -1 
-0.596541 -1 
0.337726 -1 
0.507044 -1 
0.667916 -1 
0.58748 -1 
-0.221034 -1 
-4 -1 
-3.70584 -1 
-0.441072 -1 
0.855696 -1 
0.722373 -1 
0.934562 -1 
-0.760995 -1 
-0.678768 -1 
1.59216 -1 
-2.95749 -1 
1.08102 -1 
1.27629 -1 
1.48687 -1 
-2.35664 -1 
2.05108 -1 
2.24321 -1 
1.69745 -1 
2.43535 -1 
2.61167 -1 
0.272328 -1 
1.00779 -1 
-1.46398 -1 
-1.79297 -1 
-0.126292 -1 
-1.22817 -1 
-0.32447 -1 
-1.63874 -1 
-0.988753 -1 
3.90011 -1 
-2.08412 -1 
-2.6439 -1 
-3.30795 -1 
2.99414 -1 
0.148625 -1 
0.380055 -1 
0.464714 -1 
0.627698 -1 
-0.00425109 -1 
-0.0659476 -1 
-0.188749 -1 
-3.85292 -1 
-0.402205 -1 
0.695145 -1 
-0.518806 -1 
-0.843222 -1 
-0.637654 -1 
-3.57321 -1 
-0.719881 -1 
-1.11536 -1 
-1.32717 -1 
-3.0664 -1 
3.40036 -1 
1.17865 -1 
1.43423 -1 
1.53952 -1 
1.32894 -1 
-2.84857 -1 
-2.2658 -1 
2.14714 -1 
1.96267 -1 
1.64481 -1 
1.78586 -1 
2.52351 -1 
2.69983 -1 
2.33928 -1 
3.70033 -1 
0.749601 -1 
0.816263 -1 
0.0587968 -1 
-0.253318 -1 
0.239629 -1 
0.305027 -1 
0.895129 -1 
0.547262 -1 
1.0444 -1 
0.971176 -1 
-2.45239 -1 
-1.92651 -1 
ZONE T="boundary4"
-0.626414 0.0472779 
-0.627514 0.0705103 
-0.627323 0.0939749 
-0.486066 0.386794 
-0.470187 0.398072 
-0.625805 0.117558 
-0.512439 0.364286 
-0.624068 0.0243128 
0.641661 0.00129828 
0.640872 -0.0150775 
-0.434794 0.418086 
-0.453736 0.408198 
-0.394568 0.433558 
-0.415333 0.426455 
-0.567844 0.29522 
-0.577472 0.27849 
-0.622933 0.141174 
-0.329925 0.445103 
-0.307664 0.445804 
-0.618697 0.164736 
-0.614261 0.183744 
0.536329 0.226462 
0.525344 0.235501 
-0.608995 0.202434 
-0.58683 0.259986 
-0.595251 0.240879 
-0.602544 0.221882 
-0.499654 0.375834 
-0.557412 0.311303 
-0.524657 0.351984 
-0.547052 0.325588 
-0.285372 0.445019 
-0.262702 0.442819 
-0.170186 0.422273 
-0.146102 0.41487 
-0.121951 0.407065 
-0.536158 0.339115 
0.514022 0.244101 
0.500266 0.253656 
-0.0152402 0.373644 
0.0146634 0.365805 
0.641573 0.0176677 
-0.0962633 0.398614 
0.605302 0.144857 
0.598516 0.155971 
-0.35176 0.442863 
-0.373441 0.439004 
0.616031 0.124416 
0.625075 0.102887 
-0.216992 0.434645 
-0.193914 0.428953 
0.640562 0.0340355 
-0.240058 0.439343 
-0.0704799 0.390241 
-0.0429035 0.38166 
0.471832 0.270628 
0.486147 0.262524 
0.338478 0.316278 
0.368459 0.309515 
0.398186 0.30117 
0.591257 0.166734 
0.0445826 0.358898 
0.202183 0.335312 
0.173063 0.338613 
0.231211 0.332064 
0.257328 0.328978 
0.283417 0.325546 
0.310978 0.321328 
0.557516 0.206778 
0.108492 0.347189 
0.63567 0.0663567 
0.638609 0.0502182 
0.631788 0.0821386 
0.0765815 0.352546 
0.140854 0.342587 
0.428244 0.290656 
0.457179 0.278087 
0.575084 0.187607 
-0.627124 0.0588879 
-0.627583 0.0822454 
-0.478218 0.392564 
-0.625396 0.0357806 
0.641373 -0.00689461 
-0.444357 0.413319 
-0.405021 0.430208 
-0.572767 0.286921 
-0.624536 0.129388 
-0.318806 0.445646 
-0.616588 0.174267 
0.530879 0.231036 
-0.620982 0.152987 
-0.611732 0.19312 
-0.591162 0.250488 
-0.605882 0.212197 
-0.506125 0.370148 
-0.562734 0.303333 
-0.518629 0.358218 
-0.552321 0.318512 
-0.274027 0.444087 
-0.158129 0.41863 
-0.134018 0.410997 
-0.54169 0.332422 
0.507198 0.248959 
-0.492937 0.381412 
-0.000310372 0.369616 
-0.425143 0.422452 
0.64173 0.00948355 
-0.109108 0.402842 
0.601973 0.150453 
-0.384059 0.436482 
-0.296517 0.44559 
-0.340867 0.44418 
0.610881 0.134749 
0.620788 0.113749 
-0.205432 0.431906 
0.641185 0.0258589 
-0.182031 0.425698 
-0.0567072 0.385893 
-0.53049 0.345625 
-0.62673 0.105779 
-0.228505 0.437126 
-0.462045 0.403272 
0.479033 0.266658 
0.383378 0.305555 
-0.251363 0.441229 
0.187622 0.336943 
0.244272 0.330552 
0.297209 0.323526 
0.547121 0.216839 
0.216698 0.333698 
0.594946 0.161393 
0.637263 0.0583097 
0.63385 0.074277 
0.628645 0.0925814 
0.639705 0.0421413 
0.324747 0.31892 
0.353504 0.313073 
0.0296029 0.362237 
0.0605659 0.355595 
0.124667 0.344797 
0.413301 0.296172 
0.464547 0.274437 
-0.0290898 0.377572 
0.270378 0.327317 
0.156956 0.340541 
0.0925212 0.349756 
-0.599007 0.231425 
0.566488 0.197367 
0.583396 0.177345 
0.519726 0.239856 
-0.36264 0.441137 
-0.582277 0.269304 
0.442829 0.284654 
-0.0833774 0.394401 
0.493257 0.258172 
ZONE T="boundary5"
0.611529 -0.141382 
0.601995 -0.168016 
-0.568069 -0.142387 
-0.576232 -0.127061 
-0.620523 0.00166438 
-0.615819 -0.0206607 
-0.610007 -0.0426168 
0.504306 -0.362733 
-0.624068 0.0243128 
0.640872 -0.0150775 
0.469329 -0.399524 
-0.586203 -0.106443 
-0.444295 -0.299743 
-0.426627 -0.315605 
-0.223989 -0.440946 
-0.247912 -0.430198 
-0.35134 -0.372468 
-0.370305 -0.359546 
-0.538854 -0.189524 
-0.526931 -0.206315 
-0.331997 -0.384821 
-0.0695462 -0.49134 
-0.148962 -0.469302 
0.373048 -0.463639 
-0.199746 -0.450966 
0.59206 -0.194538 
-0.174497 -0.460518 
-0.514746 -0.222424 
-0.488955 -0.253675 
-0.502119 -0.238176 
-0.550223 -0.172352 
-0.40841 -0.330832 
-0.389593 -0.345503 
0.343132 -0.476491 
0.312594 -0.487154 
-0.475325 -0.268759 
-0.460084 -0.284522 
-0.270114 -0.419417 
-0.291985 -0.407989 
0.402207 -0.448397 
0.543084 -0.306091 
0.636862 -0.0478073 
0.630032 -0.0803513 
0.250795 -0.502478 
-0.595168 -0.08551 
0.534218 -0.321046 
0.524745 -0.335565 
0.430124 -0.430765 
0.416349 -0.439876 
0.48145 -0.387914 
0.514818 -0.349399 
0.100291 -0.513436 
0.0707911 -0.51203 
0.0133252 -0.506325 
-0.0146167 -0.502163 
0.042017 -0.509657 
-0.0424191 -0.497125 
0.22029 -0.50743 
0.159598 -0.512952 
0.1298 -0.513764 
0.18959 -0.510903 
0.281805 -0.495744 
0.443637 -0.420956 
0.456712 -0.410544 
0.493155 -0.375608 
0.639258 -0.0314156 
0.551218 -0.291018 
0.624538 -0.100761 
0.566069 -0.259587 
0.618302 -0.121144 
0.579408 -0.227212 
-0.603109 -0.064244 
-0.312158 -0.396691 
-0.0964831 -0.484732 
-0.122842 -0.477412 
0.606826 -0.15472 
-0.572213 -0.134757 
-0.618316 -0.0095277 
-0.613052 -0.0316748 
-0.622445 0.012966 
-0.435532 -0.307754 
-0.235992 -0.435663 
-0.360871 -0.366079 
-0.532959 -0.197966 
-0.341714 -0.378716 
-0.211905 -0.446047 
0.597065 -0.181289 
-0.520897 -0.214413 
-0.495594 -0.245974 
-0.544611 -0.180986 
-0.417584 -0.323298 
-0.399063 -0.338246 
0.327953 -0.482077 
-0.4822 -0.261271 
-0.452255 -0.292201 
-0.281092 -0.413784 
0.387778 -0.456306 
0.633757 -0.0641429 
-0.590807 -0.0960283 
0.529561 -0.328359 
-0.581333 -0.116808 
0.423285 -0.435394 
0.475456 -0.393789 
0.358208 -0.470337 
0.0855356 -0.512865 
-0.000661835 -0.504355 
0.0276579 -0.508109 
0.235575 -0.505145 
0.144704 -0.513505 
0.174606 -0.512086 
-0.0560044 -0.494336 
0.266348 -0.499327 
0.409323 -0.44421 
0.436934 -0.425935 
0.463083 -0.405107 
0.487374 -0.38183 
0.627382 -0.0905815 
0.498805 -0.369236 
0.509638 -0.356127 
0.519858 -0.342539 
-0.508487 -0.230344 
0.538729 -0.313616 
0.547223 -0.298595 
0.621496 -0.110975 
0.614972 -0.131281 
0.640164 -0.0232561 
0.585786 -0.210895 
-0.467775 -0.276708 
0.450233 -0.415824 
0.638152 -0.0396247 
-0.606691 -0.0534724 
-0.322121 -0.390827 
-0.187158 -0.455839 
-0.259053 -0.424888 
-0.599266 -0.0749241 
0.572875 -0.243457 
-0.302112 -0.402411 
-0.380005 -0.352602 
-0.0830397 -0.488138 
-0.10969 -0.481171 
0.115045 -0.513737 
-0.0285374 -0.499753 
-0.161763 -0.465006 
0.204962 -0.509345 
-0.135933 -0.473456 
0.0563947 -0.510965 
0.297266 -0.491683 
0.558899 -0.275428 
-0.559379 -0.157508 
