ZONE T="boundary0"
-4 -0.418044 
-4 -0.52298 
-4 -0.206258 
-4 -0.236816 
-4 -0.0611067 
-4 0.837784 
-4 0.675568 
-4 0.428137 
-4 -0.1757 
-4 -0.118403 
-4 0.238878 
-4 0.273443 
-4 -1 
-4 -0.282388 
-4 -0.373002 
-4 -0.627915 
-4 -0.813958 
-4 0.0226777 
-4 0.204313 
-4 0.106462 
-4 0.513701 
-4 1 
-4 -0.32796 
-4 0.308008 
-4 0.342573 
-4 0.385355 
-4 0.155387 
-4 -0.470512 
-4 -0.221537 
-4 0.756676 
-4 -0.147051 
-4 0.25616 
-4 -0.190979 
-4 -0.259602 
-4 -0.0897549 
-4 -0.395523 
-4 -0.575448 
-4 -0.720937 
-4 -0.0192145 
-4 0.221595 
-4 0.0645699 
-4 0.470919 
-4 0.594635 
-4 -0.906979 
-4 0.918892 
-4 -0.305174 
-4 -0.350481 
-4 0.325291 
-4 0.406746 
-4 0.363964 
-4 0.17985 
-4 0.130925 
-4 0.290725 
ZONE T="boundary1"
-2.9285 1 
3.59137 1 
4 1 
1.53869 1 
2.78678 1 
2.56701 1 
-0.465453 1 
-0.389873 1 
0.849266 1 
0.401698 1 
1.97583 1 
1.74123 1 
3.41498 1 
3.23858 1 
1.0566 1 
0.952931 1 
-2.78204 1 
-1.83531 1 
1.29064 1 
2.16153 1 
-2.17008 1 
-3.28595 1 
-3.10722 1 
2.34723 1 
-2.00269 1 
-3.6434 1 
-0.541032 1 
-0.0713732 1 
-0.00710073 1 
0.0621557 1 
0.131412 1 
0.191801 1 
-0.328963 1 
0.25219 1 
0.326944 1 
-0.268053 1 
-0.135646 1 
-0.201849 1 
0.640525 1 
0.521112 1 
-0.744976 1 
-0.883482 1 
-0.643004 1 
-3.8217 1 
-1.02199 1 
-1.12697 1 
1.17362 1 
-3.46467 1 
-1.23194 1 
-1.54329 1 
3.01268 1 
0.744896 1 
-4 1 
-1.38762 1 
-2.40283 1 
-2.63558 1 
2.89973 1 
3.79568 1 
2.67689 1 
-0.427663 1 
1.85853 1 
3.32678 1 
1.00476 1 
2.06868 1 
-3.19658 1 
-2.08639 1 
-0.039237 1 
0.161607 1 
-0.359418 1 
0.289567 1 
-0.168747 1 
-0.103509 1 
0.0967839 1 
0.364321 1 
-0.814229 1 
-0.592018 1 
-0.69399 1 
-3.73255 1 
-1.07448 1 
0.580818 1 
0.461405 1 
-0.952736 1 
0.901098 1 
1.11511 1 
1.41466 1 
1.63996 1 
-1.17946 1 
-1.6893 1 
3.12563 1 
-3.01786 1 
-3.91085 1 
2.25438 1 
2.45712 1 
-3.55403 1 
-1.919 1 
-2.28646 1 
-2.51921 1 
-2.85527 1 
-2.70881 1 
3.50317 1 
-0.503243 1 
0.0275275 1 
0.221995 1 
-0.298508 1 
-0.234951 1 
0.69271 1 
0.797081 1 
2.84326 1 
2.95621 1 
-1.46545 1 
-3.37531 1 
-1.30978 1 
1.23213 1 
ZONE T="boundary2"
4 -0.0812548 
4 -0.514621 
4 -0.321162 
4 0.119398 
4 0.215756 
4 -0.249386 
4 -0.213499 
4 0.250816 
4 0.285877 
4 1 
4 -0.435835 
4 -0.757311 
4 -0.125336 
4 -0.357049 
4 -0.285274 
4 0.342878 
4 0.399879 
4 -0.0371735 
4 0.0411122 
4 0.624796 
4 0.512338 
4 -1 
4 0.812398 
4 0.167577 
4 -0.231443 
4 0.268346 
4 -0.475228 
4 -0.169418 
4 -0.26733 
4 -0.339105 
4 -0.303218 
4 -0.396442 
4 0.371379 
4 -0.0592141 
4 0.080255 
4 -0.635966 
4 0.568567 
4 -0.878655 
4 0.233286 
4 0.314377 
4 -0.103295 
4 0.00196936 
4 0.718597 
4 0.906199 
4 0.456109 
ZONE T="boundary3"
-1.81365 -1 
-1.63811 -1 
0.148625 -1 
0.418781 -1 
0.595307 -1 
-3.41168 -1 
-3.15381 -1 
-0.0357756 -1 
0.0272727 -1 
-0.414742 -1 
-0.275526 -1 
1.46003 -1 
0.885743 -1 
1.36816 -1 
1.87426 -1 
2.43535 -1 
2.05108 -1 
2.24321 -1 
-1.98919 -1 
-2.17291 -1 
-3.70584 -1 
-4 -1 
2.99414 -1 
3.40036 -1 
-2.54037 -1 
-2.35664 -1 
-2.93895 -1 
-2.72409 -1 
3.20028 -1 
2.78799 -1 
3.80022 -1 
0.337726 -1 
0.090321 -1 
-0.156464 -1 
-0.0961194 -1 
0.20693 -1 
0.272328 -1 
0.507044 -1 
0.667916 -1 
0.740525 -1 
-0.505641 -1 
1.08367 -1 
-0.596541 -1 
-0.689817 -1 
1.27629 -1 
1.57874 -1 
1.69745 -1 
-0.783093 -1 
4 -1 
-1.0678 -1 
-0.925449 -1 
-1.17867 -1 
3.60044 -1 
-1.46382 -1 
-1.28953 -1 
-1.37668 -1 
2.61167 -1 
-1.72588 -1 
-3.28274 -1 
-0.00425179 -1 
-0.345134 -1 
2.14714 -1 
-2.08105 -1 
-3.85292 -1 
-2.4485 -1 
-2.83152 -1 
-1.90142 -1 
3.09721 -1 
2.89106 -1 
0.378253 -1 
0.0587968 -1 
-0.126292 -1 
0.177778 -1 
0.239629 -1 
0.119473 -1 
0.305027 -1 
0.551176 -1 
0.704221 -1 
-0.215995 -1 
-0.460192 -1 
0.984708 -1 
-0.643179 -1 
0.813134 -1 
-0.551091 -1 
1.17998 -1 
1.4141 -1 
1.51939 -1 
1.32223 -1 
1.6381 -1 
-3.55876 -1 
-0.736455 -1 
3.90011 -1 
1.96267 -1 
-1.12324 -1 
-2.63223 -1 
3.70033 -1 
1.78586 -1 
3.30032 -1 
-2.26478 -1 
3.5004 -1 
-1.55097 -1 
-1.3331 -1 
2.52351 -1 
2.69983 -1 
-1.2341 -1 
-3.04638 -1 
2.33928 -1 
-0.0659477 -1 
0.462912 -1 
0.631612 -1 
-0.996627 -1 
-0.854271 -1 
-1.42025 -1 
ZONE T="boundary4"
-0.408777 0.448419 
-0.428158 0.437312 
0.643412 0.0246367 
-0.617215 0.0277474 
-0.387953 0.45855 
-0.586794 0.244988 
-0.578315 0.264478 
-0.618306 0.12075 
-0.615218 0.144402 
-0.620027 0.0971742 
-0.610766 0.168048 
-0.606163 0.18717 
-0.446916 0.424888 
-0.463139 0.412688 
-0.600751 0.20602 
-0.594175 0.225696 
-0.559331 0.300748 
-0.548971 0.317506 
-0.619448 0.0506031 
-0.620398 0.0737552 
-0.527979 0.34692 
-0.538723 0.332534 
-0.478756 0.399537 
-0.492102 0.387085 
-0.516661 0.360783 
0.640712 0.040496 
0.646098 -0.0237654 
-0.366623 0.467129 
0.614967 0.112514 
-0.0392447 0.424555 
-0.0635804 0.435849 
0.645199 0.00854853 
0.64608 -0.00758526 
0.603423 0.132112 
0.624889 0.0917488 
0.632477 0.0716292 
-0.299283 0.483417 
-0.27627 0.485515 
-0.252861 0.485953 
-0.229552 0.484747 
0.596198 0.14271 
-0.158925 0.471732 
-0.135499 0.464585 
-0.205968 0.48192 
-0.111952 0.45618 
-0.1826 0.477589 
-0.322203 0.479621 
-0.504655 0.374235 
-0.344556 0.474209 
-0.0878963 0.44651 
-0.568936 0.283461 
0.49352 0.233655 
0.50777 0.224886 
0.47896 0.241836 
0.328722 0.296167 
0.358341 0.288337 
0.389278 0.279127 
0.58851 0.152933 
0.530972 0.20871 
0.553089 0.190523 
0.571488 0.172622 
0.0697655 0.373715 
0.100779 0.360984 
0.013255 0.399436 
0.220472 0.322645 
0.247013 0.315942 
0.298817 0.303504 
0.272991 0.309667 
0.193798 0.329875 
0.162901 0.339085 
0.637047 0.0562622 
0.0413816 0.386301 
-0.0130652 0.412043 
0.131971 0.349387 
0.419799 0.268538 
0.449274 0.256417 
-0.398449 0.453668 
-0.418555 0.443026 
-0.582668 0.254786 
-0.616929 0.1326 
-0.619334 0.108976 
-0.60857 0.177637 
-0.45511 0.418904 
-0.597568 0.215896 
-0.590587 0.235384 
-0.554247 0.309189 
-0.618492 0.0391614 
-0.620087 0.0621742 
-0.533427 0.339787 
-0.543926 0.325077 
-0.485501 0.393392 
0.642178 0.0325864 
-0.377362 0.463029 
-0.0513985 0.430255 
0.64575 0.00048787 
0.609403 0.122437 
0.62889 0.0817678 
-0.2878 0.484674 
-0.241204 0.485551 
0.599873 0.137454 
-0.14718 0.468309 
-0.123695 0.460515 
-0.194262 0.479936 
-0.49845 0.380733 
-0.333429 0.477119 
-0.522394 0.353915 
0.620155 0.102241 
-0.564233 0.292163 
-0.471035 0.406221 
-0.217746 0.48353 
-0.170736 0.474833 
-0.437632 0.431252 
-0.264575 0.485944 
0.500686 0.229345 
0.37385 0.28388 
0.592412 0.147867 
0.542216 0.199854 
0.580217 0.162971 
0.519514 0.217021 
0.0852367 0.36722 
0.233739 0.319245 
0.285912 0.306587 
-0.355653 0.47087 
0.207126 0.32619 
0.178334 0.33436 
-0.0757139 0.441264 
-0.510731 0.367578 
0.644421 0.0166057 
0.634879 0.0639809 
0.638999 0.0484071 
-0.62038 0.0854694 
0.646194 -0.0156749 
-0.0998938 0.451457 
0.0272961 0.392814 
-0.31078 0.48173 
-0.0261539 0.418324 
-0.613157 0.156259 
0.313784 0.29988 
0.343554 0.292341 
0.0555416 0.379923 
8.5134e-05 0.405726 
0.4046 0.274029 
0.464236 0.249397 
0.260003 0.312781 
0.116338 0.355045 
0.147408 0.344101 
0.434621 0.262705 
-0.573741 0.27403 
-0.603557 0.196626 
0.562469 0.181766 
0.486278 0.237817 
ZONE T="boundary5"
-0.542618 -0.166212 
-0.530953 -0.183068 
-0.0357614 -0.482349 
-0.467037 -0.259115 
-0.613746 0.00524364 
-0.617215 0.0277474 
0.563687 -0.295707 
-0.560785 -0.13691 
-0.569084 -0.121881 
-0.579209 -0.101624 
-0.609078 -0.0169025 
-0.480433 -0.244934 
-0.261395 -0.405001 
-0.215273 -0.426191 
-0.19099 -0.43614 
-0.239252 -0.415563 
-0.283236 -0.393838 
-0.302888 -0.383122 
-0.0624618 -0.476419 
-0.0889641 -0.469728 
-0.140661 -0.454308 
-0.165963 -0.445577 
-0.114931 -0.462381 
-0.518717 -0.199502 
0.616246 -0.169285 
0.60488 -0.201727 
-0.451745 -0.274304 
-0.506294 -0.215125 
-0.341191 -0.360226 
-0.322255 -0.371894 
-0.359803 -0.348038 
-0.417605 -0.304778 
-0.435945 -0.288954 
-0.379481 -0.334298 
-0.398714 -0.319925 
-0.588294 -0.0810125 
0.628702 -0.12897 
0.545718 -0.324605 
0.555102 -0.310236 
0.535683 -0.338513 
0.464175 -0.409426 
0.477333 -0.399116 
0.579192 -0.265285 
0.622724 -0.1492 
0.645298 -0.0399434 
0.646098 -0.0237654 
0.450589 -0.419126 
0.525176 -0.351716 
0.134137 -0.501162 
0.104916 -0.500308 
0.0191054 -0.492016 
-0.00840645 -0.487591 
0.0757383 -0.498439 
0.0473679 -0.495676 
0.592639 -0.233829 
-0.493432 -0.230368 
0.285806 -0.486973 
0.254744 -0.492743 
0.193737 -0.499555 
0.163959 -0.500939 
0.224292 -0.496847 
0.34764 -0.469953 
0.378041 -0.458362 
0.407857 -0.444463 
0.422393 -0.436634 
0.490023 -0.388205 
0.514069 -0.364397 
0.502319 -0.376594 
0.436599 -0.428223 
0.571673 -0.280783 
0.641438 -0.0723814 
0.638501 -0.0885473 
0.643721 -0.0562041 
0.634976 -0.104693 
-0.596318 -0.0600301 
-0.60326 -0.0386502 
0.316776 -0.479447 
-0.536861 -0.174693 
-0.615636 0.0164729 
-0.565 -0.129431 
-0.611562 -0.00586013 
-0.473786 -0.252074 
-0.203167 -0.431251 
-0.2273 -0.420962 
-0.293097 -0.388544 
-0.0491335 -0.47948 
-0.0757377 -0.473169 
-0.153343 -0.450031 
-0.127825 -0.458435 
-0.178511 -0.440947 
0.610676 -0.185545 
-0.459456 -0.266775 
-0.524904 -0.191337 
-0.512564 -0.207361 
-0.331763 -0.366124 
-0.35054 -0.354198 
-0.426848 -0.296951 
-0.389156 -0.327192 
-0.408226 -0.312435 
-0.369696 -0.341246 
-0.443908 -0.281696 
0.550492 -0.317476 
-0.250359 -0.410357 
0.470812 -0.404345 
0.625783 -0.139105 
0.645796 -0.0318589 
-0.583878 -0.0913739 
-0.574267 -0.111813 
0.119523 -0.500864 
0.00533256 -0.489906 
0.0615423 -0.497171 
0.598876 -0.217824 
0.270315 -0.490061 
0.178856 -0.500396 
0.362941 -0.464419 
0.415165 -0.44062 
0.457435 -0.414351 
0.483741 -0.393734 
0.61954 -0.15926 
0.508266 -0.370566 
0.530506 -0.345178 
0.519697 -0.358123 
0.443642 -0.42375 
0.540781 -0.331619 
0.640046 -0.0804777 
0.559473 -0.303019 
-0.486982 -0.237696 
0.575505 -0.27307 
0.586123 -0.24965 
0.567756 -0.288287 
0.636806 -0.0966344 
-0.499917 -0.222792 
-0.599928 -0.0493845 
0.496238 -0.382473 
0.642664 -0.0643043 
0.644602 -0.0480824 
0.631966 -0.116863 
-0.272354 -0.399495 
-0.606314 -0.027814 
-0.551941 -0.15171 
-0.592439 -0.0705717 
-0.312609 -0.377572 
-0.0221038 -0.485071 
0.14905 -0.501192 
-0.101974 -0.466146 
0.0332222 -0.493957 
0.0903193 -0.499497 
0.209031 -0.498369 
0.301346 -0.483431 
0.332284 -0.474942 
0.239544 -0.494974 
0.39308 -0.451693 
0.429538 -0.432502 
