ZONE T="boundary0"
-4 -1 
-4 -0.813958 
-4 -0.418044 
-4 -0.52298 
-4 -0.1757 
-4 -0.206258 
-4 -0.236816 
-4 -0.0611067 
-4 0.453377 
-4 0.590033 
-4 0.726688 
-4 -0.118403 
-4 0.404861 
-4 0.101199 
-4 0.0200461 
-4 0.863344 
-4 -0.282388 
-4 -0.373002 
-4 -0.627915 
-4 0.356345 
-4 0.321065 
-4 0.65836 
-4 0.186718 
-4 0.158212 
-4 1 
-4 -0.32796 
-4 0.215225 
-4 0.250505 
-4 0.285785 
-4 -0.906979 
-4 -0.470512 
-4 -0.221537 
-4 0.521705 
-4 -0.147051 
-4 0.0606225 
-4 0.795016 
-4 -0.190979 
-4 -0.259602 
-4 -0.0897549 
-4 -0.395523 
-4 -0.575448 
-4 -0.720937 
-4 0.380603 
-4 -0.0205303 
-4 0.624197 
-4 0.429119 
-4 0.129705 
-4 0.931672 
-4 -0.305174 
-4 -0.350481 
-4 0.692524 
-4 0.172465 
-4 0.200971 
-4 0.232865 
-4 0.268145 
-4 0.338705 
-4 0.303425 
ZONE T="boundary1"
-1.87295 1 
3.875 1 
3.6822 1 
-0.0509326 1 
-0.120647 1 
0.374787 1 
0.644841 1 
-0.190362 1 
0.224167 1 
0.549134 1 
0.461961 1 
0.740548 1 
2.90242 1 
2.67908 1 
-2.02592 1 
-2.1789 1 
-2.85289 1 
1.42031 1 
-2.62441 1 
-3.58713 1 
-3.08137 1 
2.01254 1 
1.78965 1 
2.45725 1 
-3.79356 1 
-3.33425 1 
1.60498 1 
2.23543 1 
0.0177577 1 
-0.267475 1 
-0.514964 1 
-0.429777 1 
-0.306032 1 
-0.344589 1 
0.0864481 1 
0.840379 1 
1.15137 1 
1.04579 1 
0.94021 1 
1.28584 1 
-4 1 
-0.640173 1 
-0.878683 1 
-0.991984 1 
-1.09293 1 
-1.19388 1 
4 1 
-1.31892 1 
-1.5476 1 
-1.44396 1 
-1.65123 1 
-2.40165 1 
3.3644 1 
3.12576 1 
-0.765382 1 
3.7786 1 
-0.0857899 1 
0.505547 1 
2.79075 1 
-2.10241 1 
-2.96713 1 
1.90109 1 
2.56817 1 
-0.155505 1 
-0.0165875 1 
-0.228919 1 
-0.472371 1 
-0.325311 1 
0.299477 1 
0.0521029 1 
0.155307 1 
-0.286754 1 
0.596987 1 
0.418374 1 
0.790463 1 
0.692694 1 
1.09858 1 
0.993 1 
1.21861 1 
-3.89678 1 
1.35308 1 
1.51265 1 
1.69731 1 
2.12398 1 
-0.577569 1 
-0.935333 1 
-1.14341 1 
-3.69035 1 
-3.46069 1 
2.34634 1 
3.9375 1 
-1.49578 1 
-1.59942 1 
-1.76209 1 
-2.29028 1 
3.24508 1 
3.01409 1 
-0.387183 1 
-0.822032 1 
-1.04246 1 
-1.94944 1 
-2.51303 1 
-1.38144 1 
0.890295 1 
-1.2564 1 
3.5233 1 
-0.702778 1 
-3.20781 1 
-2.73865 1 
ZONE T="boundary2"
4 -0.166971 
4 -0.228028 
4 0.199261 
4 -0.0631761 
4 0.0406185 
4 0.243187 
4 0.287112 
4 0.321181 
4 -0.605471 
4 -0.802735 
4 -0.431469 
4 -1 
4 0.830504 
4 0.413531 
4 0.471811 
4 0.11994 
4 0.1596 
4 0.661007 
4 0.566409 
4 -0.115073 
4 -0.51847 
4 -0.289085 
4 -0.360277 
4 -0.47497 
4 1 
4 0.35525 
4 -0.197499 
4 -0.0112788 
4 0.265149 
4 -0.704103 
4 0.442671 
4 0.221224 
4 0.13977 
4 0.17943 
4 0.0802791 
4 0.51911 
4 0.613708 
4 -0.56197 
4 -0.453219 
4 -0.901368 
4 0.745756 
4 0.915252 
4 0.338216 
4 0.304147 
4 0.38439 
4 -0.0891248 
4 -0.141022 
4 -0.324681 
4 -0.395873 
4 -0.49672 
4 -0.258556 
ZONE T="boundary3"
-3.66529 -1 
-4 -1 
-1.34037 -1 
-1.24118 -1 
-0.483566 -1 
-0.374263 -1 
-0.118074 -1 
-0.324444 -1 
0.353159 -1 
0.436229 -1 
-1.43955 -1 
0.0035724 -1 
-0.0572507 -1 
0.831245 -1 
2.00253 -1 
1.81472 -1 
-0.602235 -1 
0.930191 -1 
1.02914 -1 
2.19035 -1 
-0.720904 -1 
-0.850254 -1 
3.74178 -1 
4 -1 
1.24936 -1 
2.50504 -1 
-3.49793 -1 
-3.33058 -1 
3.06557 -1 
2.7853 -1 
-1.81404 -1 
-1.98613 -1 
-2.19136 -1 
3.48356 -1 
-2.77571 -1 
-3.05314 -1 
-2.39659 -1 
0.0709908 -1 
0.138409 -1 
0.670522 -1 
0.553375 -1 
-0.274624 -1 
0.204249 -1 
0.27009 -1 
-0.196349 -1 
1.13925 -1 
1.50508 -1 
1.37722 -1 
1.6599 -1 
1.58249 -1 
-0.979605 -1 
-1.045 -1 
-1.11039 -1 
-1.54075 -1 
-2.58615 -1 
3.27456 -1 
-1.64195 -1 
-3.83264 -1 
-1.29077 -1 
-0.428915 -1 
0.394694 -1 
-1.38996 -1 
-0.0268391 -1 
1.90863 -1 
-0.5429 -1 
0.979664 -1 
-0.785579 -1 
3.87089 -1 
-3.41426 -1 
2.64517 -1 
-2.08874 -1 
-3.19186 -1 
-2.91442 -1 
0.1047 -1 
0.611948 -1 
-0.299534 -1 
0.23717 -1 
0.311624 -1 
-0.661569 -1 
0.880718 -1 
-0.235487 -1 
-0.349354 -1 
0.750883 -1 
1.08419 -1 
1.19431 -1 
1.44115 -1 
1.31329 -1 
0.494802 -1 
1.6212 -1 
1.73731 -1 
-1.0123 -1 
-1.17579 -1 
-1.0777 -1 
-1.49015 -1 
3.61267 -1 
2.34769 -1 
2.92544 -1 
-2.68093 -1 
-2.29397 -1 
-2.49137 -1 
-3.58161 -1 
2.09644 -1 
3.17007 -1 
-1.90008 -1 
-1.72799 -1 
-0.157211 -1 
-0.0876622 -1 
0.0372817 -1 
0.171329 -1 
-1.59135 -1 
1.54379 -1 
-0.914929 -1 
3.37906 -1 
ZONE T="boundary4"
0.0516889 0.481532 
0.0762907 0.469017 
0.579 0.136617 
0.558356 0.156664 
-0.390081 0.450566 
-0.622365 0.0254395 
-0.623343 0.0495689 
0.199481 0.389041 
0.225953 0.370222 
0.511487 0.19291 
0.536331 0.174931 
0.637137 0.0446192 
-0.517287 0.334462 
-0.265066 0.508646 
-0.238405 0.515689 
0.174521 0.406724 
-0.610703 0.148855 
-0.291281 0.499992 
-0.622682 0.0740476 
-0.620358 0.0988193 
-0.490369 0.365898 
-0.616362 0.12379 
-0.603414 0.173934 
-0.594573 0.198889 
-0.475994 0.380848 
-0.543235 0.298683 
-0.555765 0.278764 
-0.56925 0.254679 
-0.529785 0.318021 
-0.184351 0.524708 
-0.157212 0.526625 
-0.504164 0.3504 
-0.429448 0.422308 
-0.44549 0.409103 
-0.412905 0.434865 
-0.366445 0.465001 
-0.317 0.489774 
-0.342061 0.478094 
-0.211482 0.521052 
-0.575512 0.242354 
-0.103136 0.525248 
-0.130058 0.526803 
-0.0500414 0.517039 
-0.0239692 0.51045 
-0.461013 0.395274 
0.00160135 0.502314 
0.252552 0.35162 
0.10065 0.455225 
0.1252 0.440061 
0.309677 0.313808 
0.339602 0.295313 
0.280972 0.332391 
0.485808 0.209574 
0.399582 0.260098 
0.369669 0.277446 
0.457768 0.226474 
0.0268842 0.492624 
-0.0763865 0.521975 
0.149411 0.424078 
0.645183 0.0188993 
0.650484 -0.0075058 
0.632074 0.0571927 
0.653066 -0.0343005 
0.612987 0.0931495 
0.623195 0.0756149 
-0.588262 0.214484 
-0.581457 0.229872 
0.429403 0.242942 
0.596969 0.115782 
0.0640643 0.475421 
0.56889 0.14686 
-0.623058 0.0374959 
0.21271 0.37962 
0.524044 0.184106 
-0.251789 0.512371 
0.187014 0.397904 
-0.278238 0.504515 
-0.621725 0.0864526 
-0.618561 0.111337 
-0.599167 0.186473 
-0.562673 0.266814 
-0.53662 0.308428 
-0.170797 0.525883 
-0.497341 0.358216 
-0.510802 0.342494 
-0.437533 0.415785 
-0.483253 0.373442 
-0.421238 0.428669 
-0.378362 0.457945 
-0.304216 0.495072 
-0.329614 0.484114 
-0.401598 0.442869 
-0.572421 0.248537 
-0.224985 0.51858 
-0.116584 0.526241 
-0.0369548 0.513945 
-0.607245 0.161449 
-0.523616 0.326302 
-0.354345 0.471718 
-0.613727 0.136367 
-0.0111234 0.506571 
-0.143636 0.526932 
0.239224 0.360882 
-0.468573 0.388134 
0.112991 0.447749 
0.266717 0.341939 
0.324595 0.304484 
0.498734 0.201375 
-0.623218 0.0618138 
-0.453318 0.402264 
0.384611 0.268746 
0.47184 0.218111 
0.0393592 0.48724 
0.0143113 0.497647 
0.0885417 0.462247 
-0.0631746 0.519714 
0.162003 0.415454 
0.137357 0.432147 
0.648177 0.00576556 
0.641501 0.0318658 
0.652109 -0.020871 
0.634689 0.0509396 
-0.58492 0.222204 
-0.0897349 0.523826 
0.547506 0.165994 
-0.197945 0.523094 
0.414492 0.251519 
0.295275 0.323024 
0.618259 0.0844801 
0.627817 0.0664918 
0.588223 0.126405 
0.605261 0.104666 
-0.549617 0.288796 
-0.578524 0.236132 
0.354604 0.286326 
0.443604 0.23474 
-0.591481 0.206713 
ZONE T="boundary5"
0.382057 -0.428041 
0.354371 -0.437042 
0.0713824 -0.456698 
-0.312979 -0.346847 
-0.339256 -0.333802 
-0.512702 -0.207504 
-0.622365 0.0254395 
0.63927 -0.141895 
-0.602702 -0.0666505 
-0.609915 -0.0443519 
-0.583874 -0.109652 
-0.594014 -0.0884149 
-0.529481 -0.189075 
-0.619778 0.00171788 
0.630883 -0.168458 
-0.615616 -0.0215621 
-0.231915 -0.381671 
-0.259271 -0.370735 
0.269544 -0.455086 
0.241073 -0.458441 
-0.286353 -0.359118 
-0.364521 -0.320247 
-0.0944365 -0.425979 
-0.121847 -0.418494 
-0.0668448 -0.432843 
-0.149481 -0.410278 
-0.176916 -0.401449 
-0.204528 -0.391875 
0.155687 -0.461826 
0.127481 -0.460979 
-0.480603 -0.238501 
-0.572306 -0.130354 
-0.389317 -0.305801 
-0.465992 -0.251155 
-0.45062 -0.263602 
-0.54507 -0.170057 
-0.559363 -0.150482 
-0.412653 -0.290967 
-0.434847 -0.275516 
0.435407 -0.405148 
0.409194 -0.4174 
0.620962 -0.19488 
0.50797 -0.357785 
0.48502 -0.37534 
0.0993347 -0.45925 
0.0435345 -0.453363 
0.0157982 -0.449282 
-0.0118007 -0.444493 
0.184105 -0.461733 
0.212517 -0.460633 
-0.0394016 -0.438995 
0.326306 -0.444484 
0.297987 -0.450467 
0.460896 -0.39105 
0.529203 -0.338716 
0.653044 -0.0612909 
0.650591 -0.0882714 
0.653372 -0.0477502 
0.548959 -0.317842 
0.582849 -0.271774 
0.645918 -0.115169 
-0.494805 -0.225377 
0.648517 -0.101737 
0.653066 -0.0343005 
0.609673 -0.221072 
0.597043 -0.24683 
0.56685 -0.295497 
0.368278 -0.432739 
-0.326168 -0.340425 
-0.606496 -0.055562 
-0.589116 -0.0991159 
-0.521206 -0.198394 
0.635267 -0.155236 
-0.617896 -0.00995761 
-0.621274 0.0135565 
-0.245627 -0.376286 
0.255326 -0.456913 
-0.27285 -0.365014 
-0.108163 -0.422314 
-0.0806604 -0.429491 
-0.163223 -0.40594 
-0.190749 -0.39674 
0.141581 -0.461516 
-0.578253 -0.120095 
-0.376986 -0.313139 
-0.552357 -0.160373 
-0.473349 -0.244887 
-0.423834 -0.283362 
0.4224 -0.411489 
0.496665 -0.366786 
-0.135687 -0.414463 
-0.565987 -0.140516 
0.113401 -0.460221 
0.057447 -0.455126 
0.029653 -0.451414 
0.169897 -0.461902 
-0.612959 -0.0330055 
0.198316 -0.461313 
-0.0256179 -0.441828 
-0.0531413 -0.436 
0.312183 -0.447649 
0.395708 -0.422929 
0.448276 -0.398323 
0.473103 -0.383417 
-0.598539 -0.0776048 
0.340388 -0.440949 
0.518776 -0.348462 
0.652107 -0.0748074 
0.226806 -0.459677 
0.00198365 -0.446974 
0.539296 -0.328482 
-0.503855 -0.216542 
0.64962 -0.0950145 
0.64728 -0.108465 
-0.458359 -0.257443 
-0.218251 -0.386853 
0.283792 -0.452938 
-0.537404 -0.179671 
0.61547 -0.208041 
0.653286 -0.0545224 
0.653299 -0.0410235 
0.626087 -0.18173 
0.642817 -0.128587 
-0.351945 -0.327129 
-0.299709 -0.353075 
0.0853493 -0.458075 
-0.487757 -0.231997 
-0.442784 -0.269625 
-0.40106 -0.298501 
0.603529 -0.234034 
0.590165 -0.259426 
0.575088 -0.283796 
0.558136 -0.306854 
