ZONE T="boundary0"
-4 -0.418044 
-4 -0.52298 
-4 0.726688 
-4 1 
-4 -0.206258 
-4 -0.236816 
-4 0.250505 
-4 0.186718 
-4 0.590033 
-4 -0.1757 
-4 0.321065 
-4 -0.118403 
-4 -0.282388 
-4 0.143959 
-4 0.101199 
-4 0.362963 
-4 0.404861 
-4 0.497447 
-4 -0.373002 
-4 -0.0611067 
-4 -0.627915 
-4 -0.813958 
-4 -1 
-4 -0.32796 
-4 -0.470512 
-4 0.863344 
-4 -0.221537 
-4 0.218611 
-4 0.65836 
-4 -0.147051 
-4 -0.190979 
-4 -0.259602 
-4 0.122579 
-4 0.285785 
-4 0.383912 
-4 0.342014 
-4 0.451154 
-4 0.54374 
-4 -0.395523 
-4 0.0200461 
-4 -0.575448 
-4 -0.0897549 
-4 -0.720937 
-4 -0.906979 
-4 -0.305174 
-4 -0.350481 
-4 0.165338 
ZONE T="boundary1"
-4 1 
1.42031 1 
1.78965 1 
3.6822 1 
0.374787 1 
0.461961 1 
0.740548 1 
-0.306032 1 
4 1 
-0.367904 1 
-0.429777 1 
-0.190362 1 
0.549134 1 
-1.20593 1 
1.15137 1 
-1.31892 1 
-1.87295 1 
-1.71027 1 
-3.33425 1 
-2.02592 1 
3.12576 1 
3.40398 1 
-2.62441 1 
2.23543 1 
2.01254 1 
2.67908 1 
2.45725 1 
-3.58713 1 
-3.08137 1 
-2.40165 1 
2.90242 1 
0.230618 1 
0.0864481 1 
0.158533 1 
-0.534975 1 
-0.640173 1 
0.0177577 1 
-0.120647 1 
-0.248197 1 
-0.0509326 1 
-0.985808 1 
-0.878683 1 
0.644841 1 
0.302703 1 
-0.759428 1 
-1.09293 1 
1.04579 1 
0.94021 1 
0.840379 1 
1.28584 1 
3.54309 1 
-3.79356 1 
-1.43326 1 
-1.5476 1 
1.51265 1 
1.60498 1 
-2.1789 1 
2.79075 1 
0.418374 1 
3.8411 1 
-0.398841 1 
-1.79161 1 
2.12398 1 
2.56817 1 
1.90109 1 
-3.46069 1 
-2.85289 1 
-2.51303 1 
3.01409 1 
0.12249 1 
-0.336968 1 
-0.587574 1 
0.0521029 1 
-0.155505 1 
-0.277115 1 
-0.219279 1 
-0.0165875 1 
-0.0857899 1 
-0.932246 1 
0.505547 1 
0.596987 1 
0.338745 1 
-0.819055 1 
-1.03937 1 
0.993 1 
0.790463 1 
1.21861 1 
3.61264 1 
-3.69035 1 
-3.20781 1 
1.09858 1 
1.35308 1 
3.47354 1 
3.26487 1 
-1.49043 1 
-1.14943 1 
-1.26243 1 
-1.62893 1 
1.46648 1 
1.69731 1 
2.34634 1 
-2.10241 1 
-1.94944 1 
-2.29028 1 
-0.482376 1 
-0.699801 1 
0.194575 1 
0.26666 1 
1.55881 1 
-1.37609 1 
0.890295 1 
0.692694 1 
-3.89678 1 
2.73491 1 
2.84659 1 
ZONE T="boundary2"
4 -0.605471 
4 -0.47497 
4 -0.360277 
4 0.1596 
4 -0.171551 
4 -0.115073 
4 -0.0372275 
4 0.0406185 
4 0.201393 
4 0.413531 
4 0.783205 
4 0.282184 
4 0.243187 
4 0.566409 
4 0.48997 
4 0.100109 
4 1 
4 -0.228028 
4 -0.704103 
4 0.321181 
4 -0.294152 
4 0.674807 
4 -0.802735 
4 -1 
4 -0.417623 
4 -0.143312 
4 0.00169552 
4 0.22229 
4 0.52819 
4 0.0703639 
4 0.891602 
4 -0.654787 
4 0.180497 
4 0.262685 
4 0.129855 
4 0.367356 
4 -0.26109 
4 -0.0761505 
4 -0.199789 
4 -0.327215 
4 0.45175 
4 0.729006 
4 0.620608 
4 -0.54022 
4 -0.753419 
4 -0.901368 
4 0.301683 
ZONE T="boundary3"
0.353159 -1 
-1.34037 -1 
-1.11039 -1 
-1.045 -1 
1.6599 -1 
3.74178 -1 
3.48356 -1 
3.06557 -1 
-1.81404 -1 
-2.0027 -1 
-2.58615 -1 
-2.81964 -1 
3.27456 -1 
-3.74897 -1 
2.25379 -1 
2.12816 -1 
2.50504 -1 
-0.602235 -1 
-0.483566 -1 
0.00686978 -1 
0.204249 -1 
-0.0572507 -1 
0.0709908 -1 
-0.196349 -1 
-0.1268 -1 
0.13762 -1 
-0.404005 -1 
-0.324444 -1 
-0.720904 -1 
0.278704 -1 
-3.87448 -1 
0.453267 -1 
0.503321 -1 
0.930191 -1 
-4 -1 
-3.49793 -1 
-0.979605 -1 
3.87089 -1 
4 -1 
0.831245 -1 
0.69231 -1 
1.13925 -1 
1.24936 -1 
-0.850254 -1 
-1.22538 -1 
-1.44056 -1 
-1.54075 -1 
1.50508 -1 
1.37722 -1 
-3.27554 -1 
-3.05314 -1 
1.83122 -1 
2.00253 -1 
1.58249 -1 
2.7853 -1 
-1.67739 -1 
-2.38875 -1 
-2.19136 -1 
0.553375 -1 
1.02914 -1 
2.92544 -1 
-1.0777 -1 
3.61267 -1 
-1.90837 -1 
-2.7029 -1 
3.37906 -1 
2.19097 -1 
-0.5429 -1 
-0.0251903 -1 
0.0389304 -1 
-0.161574 -1 
0.104305 -1 
-0.443785 -1 
-0.260396 -1 
-0.661569 -1 
0.241477 -1 
-0.0920252 -1 
-3.81173 -1 
-0.364224 -1 
0.315932 -1 
0.403213 -1 
-3.62345 -1 
-1.0123 -1 
3.93544 -1 
3.80633 -1 
0.761778 -1 
1.19431 -1 
-0.914929 -1 
-1.28287 -1 
-1.16789 -1 
-1.39046 -1 
-1.49065 -1 
-0.785579 -1 
1.44115 -1 
-3.16434 -1 
1.74556 -1 
1.91688 -1 
2.37941 -1 
-3.93724 -1 
1.31329 -1 
1.6212 -1 
2.64517 -1 
-1.60907 -1 
-2.48745 -1 
-2.29005 -1 
-1.74572 -1 
-2.09703 -1 
-3.38674 -1 
3.17007 -1 
0.170935 -1 
0.528348 -1 
0.478294 -1 
0.622843 -1 
0.979664 -1 
0.880718 -1 
-2.93639 -1 
1.08419 -1 
1.54379 -1 
2.85537 -1 
2.9955 -1 
2.06535 -1 
ZONE T="boundary4"
0.108318 0.404566 
0.134196 0.3896 
0.544875 0.184265 
0.566497 0.165842 
-0.623224 0.052069 
-0.62323 0.0766907 
-0.621617 0.101622 
-0.621635 0.0278094 
-0.537089 0.322298 
0.161634 0.37406 
0.0577283 0.433519 
0.0825414 0.419475 
-0.195472 0.511093 
-0.169132 0.510274 
-0.0913907 0.497408 
-0.0661365 0.489951 
-0.326141 0.487466 
-0.618362 0.126769 
0.641921 0.0507921 
-0.484345 0.38482 
-0.610385 0.16472 
-0.587219 0.232334 
-0.581034 0.246287 
-0.562211 0.282913 
-0.5751 0.258695 
-0.59884 0.202476 
-0.59299 0.218202 
-0.550133 0.302914 
-0.351104 0.477347 
-0.524909 0.338738 
-0.248341 0.507203 
-0.512065 0.354633 
-0.498514 0.370031 
-0.43821 0.425318 
-0.454146 0.412523 
-0.421744 0.437365 
-0.398998 0.452209 
-0.375422 0.465567 
-0.300592 0.495862 
-0.274621 0.502454 
-0.221934 0.510078 
-0.117049 0.503359 
-0.142932 0.507669 
-0.0410744 0.481037 
-0.469535 0.399009 
0.376068 0.274946 
0.407229 0.261656 
0.344056 0.288163 
0.189308 0.358991 
0.43796 0.247691 
0.520336 0.202033 
0.466678 0.233474 
0.494808 0.21799 
0.0328338 0.447005 
0.00831262 0.459432 
-0.0163531 0.470851 
-0.613461 0.152028 
0.637277 0.0637069 
0.649099 0.0244184 
0.628999 0.0826523 
0.619346 0.1007 
0.653507 -0.00258971 
0.655201 -0.0299294 
0.58663 0.145384 
0.604013 0.123993 
0.248703 0.329324 
0.218918 0.343726 
0.280261 0.315027 
0.311828 0.301505 
-0.606931 0.177311 
0.121249 0.397068 
0.555872 0.175278 
-0.623427 0.0643808 
-0.622625 0.0891705 
-0.622627 0.0399272 
0.147892 0.381783 
0.0701572 0.426541 
-0.182297 0.51091 
-0.0787165 0.493861 
-0.620189 0.114223 
-0.584178 0.239334 
-0.568832 0.270899 
-0.595981 0.210364 
-0.556295 0.292989 
-0.338705 0.482616 
-0.531085 0.330583 
-0.50537 0.362405 
-0.518569 0.346754 
-0.446248 0.41901 
-0.491507 0.377501 
-0.410484 0.444964 
-0.430045 0.431435 
-0.363358 0.471656 
-0.313436 0.491883 
-0.543729 0.312687 
-0.287663 0.499384 
-0.235163 0.508873 
-0.12996 0.505723 
-0.0535535 0.485659 
-0.261522 0.505059 
-0.477015 0.391995 
-0.461913 0.405851 
0.39168 0.268369 
0.360075 0.281574 
0.532768 0.193383 
0.452383 0.240718 
0.50769 0.210208 
0.0453161 0.440337 
-0.00396942 0.465265 
0.0206161 0.453318 
-0.616107 0.139438 
-0.104179 0.500581 
0.175438 0.366455 
0.0954371 0.412036 
0.639684 0.0572808 
0.645857 0.0377012 
0.624349 0.0917718 
0.654686 -0.0162379 
-0.387314 0.459076 
-0.156014 0.509192 
0.576799 0.15585 
0.480836 0.22591 
-0.208713 0.510817 
-0.0286625 0.476089 
0.233773 0.336425 
0.204072 0.351262 
0.264447 0.322078 
0.296025 0.308195 
0.422645 0.254785 
0.633327 0.0732636 
-0.608705 0.171027 
0.611979 0.112547 
0.595578 0.134902 
-0.611971 0.158386 
-0.57811 0.252512 
-0.590156 0.22529 
-0.603064 0.189952 
0.651649 0.010972 
0.327937 0.294802 
ZONE T="boundary5"
-0.581099 -0.108302 
-0.569495 -0.129312 
0.629763 -0.166417 
0.0697229 -0.470737 
0.0415927 -0.467527 
0.595894 -0.246702 
0.608346 -0.220225 
-0.607783 -0.0423806 
-0.613873 -0.0194472 
-0.527057 -0.189402 
-0.510557 -0.208453 
0.651088 -0.0848465 
0.654325 -0.0574121 
-0.591365 -0.0868155 
-0.621635 0.0278094 
-0.234411 -0.393174 
-0.261529 -0.381489 
-0.288312 -0.36904 
-0.365337 -0.327307 
-0.389676 -0.311859 
-0.0972456 -0.439823 
-0.12471 -0.432049 
-0.152334 -0.423459 
-0.207201 -0.404032 
-0.179712 -0.414166 
-0.0142036 -0.45873 
0.0979556 -0.473104 
-0.479101 -0.240733 
-0.493003 -0.22703 
-0.556599 -0.14982 
-0.412565 -0.296052 
-0.618504 0.00395928 
-0.464801 -0.253999 
-0.434313 -0.279669 
-0.449763 -0.267088 
-0.069567 -0.446891 
0.566384 -0.297016 
0.58201 -0.27244 
-0.600267 -0.0648472 
-0.542439 -0.169846 
-0.0419749 -0.453175 
-0.314601 -0.355861 
-0.34048 -0.341855 
0.126419 -0.474595 
0.0136221 -0.463516 
0.15493 -0.475148 
0.27 -0.466673 
0.183674 -0.474706 
0.241248 -0.470548 
0.212391 -0.473202 
0.298694 -0.461471 
0.327226 -0.454843 
0.383251 -0.436919 
0.410427 -0.425447 
0.461983 -0.397292 
0.436607 -0.412317 
0.508598 -0.362111 
0.485916 -0.380633 
0.355457 -0.446691 
0.529504 -0.342084 
0.648658 -0.0985322 
0.548884 -0.320266 
0.61964 -0.193397 
0.638536 -0.139362 
0.645732 -0.112184 
0.655074 -0.0436306 
0.655201 -0.0299294 
-0.575449 -0.118891 
0.0556456 -0.469235 
0.602271 -0.233535 
-0.611011 -0.0309619 
-0.518914 -0.199021 
-0.248011 -0.387426 
-0.274965 -0.375361 
-0.377579 -0.319698 
-0.13855 -0.427843 
-0.19349 -0.409189 
-0.220842 -0.398694 
-0.486104 -0.233935 
-0.586393 -0.0976352 
-0.401199 -0.30407 
-0.472002 -0.247422 
-0.442089 -0.273442 
-0.423526 -0.287976 
-0.0834299 -0.443446 
0.574432 -0.284879 
-0.457335 -0.260605 
-0.327597 -0.348963 
0.112181 -0.473964 
0.0838298 -0.472028 
0.0275926 -0.465621 
0.169304 -0.475056 
0.19804 -0.474091 
0.255645 -0.468767 
0.284378 -0.464241 
0.140672 -0.474992 
-0.620264 0.0158599 
0.313003 -0.458338 
-0.616377 -0.00778064 
-0.0557923 -0.450123 
0.39693 -0.431399 
0.44943 -0.405033 
0.474105 -0.389187 
0.341398 -0.450961 
0.519249 -0.352306 
-0.000307753 -0.461218 
0.649936 -0.0917004 
0.497438 -0.371595 
0.539415 -0.331373 
0.557867 -0.308818 
-0.595985 -0.0758994 
0.614121 -0.206865 
0.634317 -0.152944 
0.624842 -0.17996 
0.642338 -0.125827 
0.647253 -0.105371 
0.423628 -0.419102 
-0.604202 -0.0536724 
-0.501876 -0.217833 
-0.0281085 -0.456046 
-0.166053 -0.418901 
0.654775 -0.0505253 
0.655216 -0.0367805 
0.652984 -0.0711614 
0.226833 -0.472022 
0.369427 -0.44201 
-0.111003 -0.436024 
-0.352971 -0.334688 
-0.301506 -0.362551 
-0.549651 -0.159926 
-0.534868 -0.179719 
-0.56319 -0.139655 
0.58916 -0.259685 
