ZONE T="boundary0"
-4 -0.418044 
-4 -0.52298 
-4 -0.206258 
-4 -0.236816 
-4 0.329684 
-4 0.244244 
-4 0.654366 
-4 0.827183 
-4 -0.118403 
-4 -0.1757 
-4 0.216853 
-4 0.544392 
-4 0.434419 
-4 1 
-4 -0.813958 
-4 -1 
-4 0.189461 
-4 0.150007 
-4 0.110552 
-4 0.382052 
-4 0.0247228 
-4 -0.282388 
-4 -0.0611067 
-4 -0.373002 
-4 -0.627915 
-4 -0.32796 
-4 -0.470512 
-4 -0.221537 
-4 0.286964 
-4 0.740774 
-4 -0.147051 
-4 0.489406 
-4 -0.906979 
-4 0.203157 
-4 0.130279 
-4 0.355868 
-4 0.0676375 
-4 -0.190979 
-4 -0.259602 
-4 -0.018192 
-4 -0.395523 
-4 -0.575448 
-4 -0.720937 
-4 -0.0897549 
-4 0.599379 
-4 0.913591 
-4 0.230548 
-4 -0.305174 
-4 -0.350481 
-4 0.169734 
-4 0.408235 
ZONE T="boundary1"
0.573279 1 
0.686362 1 
3.81561 1 
1.8312 1 
3.26244 1 
3.63122 1 
0.908336 1 
0.798048 1 
0.431023 1 
-2.0931 1 
0.0934065 1 
-0.716092 1 
-0.310536 1 
0.0420341 1 
1.1671 1 
1.06493 1 
0.277635 1 
0.211207 1 
-3.3652 1 
1.51045 1 
2.66429 1 
-1.91747 1 
2.2127 1 
2.02195 1 
-3.62253 1 
-4 1 
-2.50156 1 
-2.29733 1 
-1.51772 1 
-1.59243 1 
3.03863 1 
2.81481 1 
-2.80472 1 
-3.10787 1 
-2.65314 1 
0.144779 1 
-0.0706532 1 
-0.0143095 1 
0.354329 1 
-0.395684 1 
-0.500383 1 
-0.267962 1 
-0.148021 1 
-0.827103 1 
-0.605081 1 
1.38986 1 
1.26927 1 
-0.938269 1 
-1.44302 1 
-1.353 1 
1.67083 1 
-1.26298 1 
-1.15621 1 
-1.04944 1 
-1.66713 1 
2.51376 1 
-0.225388 1 
-1.74184 1 
4 1 
0.62982 1 
3.44683 1 
0.853192 1 
0.742205 1 
1.11602 1 
0.244421 1 
-2.00529 1 
2.11733 1 
-3.81127 1 
-2.39944 1 
-1.55507 1 
2.92672 1 
-2.9563 1 
-3.23654 1 
0.0677203 1 
-0.0424814 1 
0.119093 1 
0.315982 1 
0.177993 1 
-0.448033 1 
-0.289249 1 
0.0138623 1 
-0.109337 1 
0.986634 1 
-0.35311 1 
-0.552732 1 
0.392676 1 
0.502151 1 
1.32957 1 
1.21819 1 
-0.882686 1 
-3.49387 1 
-1.39801 1 
-1.2096 1 
-0.993853 1 
-2.72893 1 
-2.57735 1 
1.75102 1 
1.92658 1 
1.59064 1 
-2.19522 1 
2.58902 1 
2.73955 1 
2.36323 1 
-0.771597 1 
-0.660586 1 
-0.186705 1 
-0.246675 1 
-1.10282 1 
1.45016 1 
-1.48037 1 
-1.70448 1 
-1.62978 1 
-1.82965 1 
3.72342 1 
-1.30799 1 
3.15054 1 
3.90781 1 
ZONE T="boundary2"
4 -0.699753 
4 -0.849877 
4 0.392973 
4 0.3464 
4 -0.582525 
4 -1 
4 -0.171858 
4 -0.0483364 
4 0.0269998 
4 0.468852 
4 0.54473 
4 -0.220043 
4 -0.330921 
4 -0.275482 
4 -0.398109 
4 -0.465296 
4 0.226285 
4 0.299827 
4 0.152744 
4 0.772365 
4 0.658547 
4 -0.123673 
4 1 
4 -0.774815 
4 0.369687 
4 -0.641139 
4 -0.924938 
4 -0.0106683 
4 0.506791 
4 -0.19595 
4 -0.303202 
4 -0.247762 
4 -0.364515 
4 -0.431702 
4 -0.52391 
4 0.263056 
4 0.715456 
4 0.430912 
4 -0.147765 
4 -0.0860045 
4 0.189515 
4 0.0898718 
4 0.323114 
4 0.601639 
4 0.886182 
ZONE T="boundary3"
-1.6103 -1 
3.3722 -1 
3.18095 -1 
0.0218266 -1 
0.0698461 -1 
3.56345 -1 
3.78172 -1 
0.78327 -1 
0.671389 -1 
-0.753059 -1 
0.213904 -1 
0.291026 -1 
0.368148 -1 
0.559508 -1 
0.463828 -1 
-0.0424056 -1 
-0.297663 -1 
-0.355523 -1 
4 -1 
2.1793 -1 
-3.43483 -1 
2.79846 -1 
-4 -1 
-3.58997 -1 
2.58257 -1 
-1.68904 -1 
-2.0156 -1 
-2.22531 -1 
-2.6312 -1 
-3.05353 -1 
-2.43502 -1 
-3.27968 -1 
0.117866 -1 
-0.106638 -1 
-0.17322 -1 
-0.413382 -1 
-0.680512 -1 
-0.575877 -1 
-0.471242 -1 
-1.13691 -1 
0.899037 -1 
-3.79499 -1 
-1.01835 -1 
1.0148 -1 
-0.921979 -1 
-1.25547 -1 
-1.39351 -1 
1.22995 -1 
1.12238 -1 
1.33339 -1 
1.43682 -1 
1.5708 -1 
1.70477 -1 
1.84834 -1 
1.9919 -1 
-1.53156 -1 
2.36669 -1 
-2.82737 -1 
-0.239803 -1 
-0.825607 -1 
3.27658 -1 
0.0458363 -1 
3.67258 -1 
0.72733 -1 
0.329587 -1 
0.615449 -1 
-0.0102895 -1 
-0.326593 -1 
3.89086 -1 
2.98971 -1 
3.46782 -1 
-1.85232 -1 
-2.12045 -1 
0.0938558 -1 
0.252465 -1 
0.165885 -1 
-0.139929 -1 
0.511668 -1 
0.415988 -1 
-0.384453 -1 
-0.628194 -1 
-0.523559 -1 
0.841153 -1 
-3.89749 -1 
-1.07763 -1 
0.95692 -1 
-0.970164 -1 
-1.32449 -1 
-1.19619 -1 
1.17616 -1 
-3.16661 -1 
-3.69248 -1 
1.38511 -1 
1.50381 -1 
1.63778 -1 
1.77655 -1 
1.92012 -1 
-1.57093 -1 
-1.64967 -1 
-1.46254 -1 
2.27299 -1 
2.0856 -1 
2.69052 -1 
-2.94045 -1 
-2.33016 -1 
-3.35726 -1 
-3.5124 -1 
-0.442312 -1 
-0.0745216 -1 
-0.206512 -1 
-0.873793 -1 
-0.716786 -1 
-0.789333 -1 
-0.268733 -1 
-2.53311 -1 
1.06859 -1 
2.47463 -1 
1.28167 -1 
-2.72928 -1 
ZONE T="boundary4"
-0.626123 0.0321425 
-0.563965 0.187036 
-0.553707 0.204039 
-0.633597 -0.0112104 
0.48293 0.359751 
0.440355 0.419767 
0.428131 0.432755 
-0.49001 0.290802 
0.451844 0.406129 
0.614326 -0.00603267 
0.610892 0.0124774 
0.500474 0.324589 
-0.300138 0.442849 
-0.279587 0.453861 
-0.630407 0.0104348 
-0.620753 0.053874 
0.462645 0.391794 
-0.606867 0.0970671 
-0.599245 0.116424 
-0.614326 0.0755313 
-0.590881 0.135492 
-0.573701 0.16974 
-0.582572 0.15275 
-0.410399 0.368007 
0.544539 0.199429 
0.492054 0.342509 
-0.506202 0.271388 
-0.358552 0.406849 
-0.519594 0.254042 
-0.532408 0.236279 
-0.426403 0.354435 
-0.441642 0.340706 
-0.467299 0.315568 
0.580542 0.106388 
0.58803 0.0870756 
-0.39399 0.3811 
-0.376469 0.39424 
-0.25806 0.464567 
-0.213271 0.484338 
-0.19004 0.493356 
-0.236212 0.474618 
-0.165555 0.502008 
-0.140815 0.509902 
-0.543269 0.220296 
-0.114602 0.517373 
-0.0317295 0.535293 
-0.00161655 0.539734 
0.513248 0.292953 
0.601038 0.0496856 
-0.339634 0.419323 
0.594814 0.0684645 
0.524362 0.260713 
0.616668 -0.0245224 
0.473168 0.376122 
0.415251 0.445012 
0.388735 0.466506 
0.360586 0.484983 
0.0286118 0.543091 
0.220868 0.535781 
0.278947 0.521124 
0.306194 0.511418 
0.189077 0.540908 
0.0597426 0.545376 
0.250129 0.529329 
-0.32034 0.431222 
0.572834 0.125659 
0.563777 0.14827 
0.554929 0.171019 
0.606427 0.0310608 
-0.0881703 0.524013 
-0.0600374 0.530121 
0.333804 0.49932 
0.534851 0.228154 
0.0921112 0.546453 
0.124383 0.546139 
0.156887 0.544323 
-0.558898 0.195575 
0.434333 0.426345 
0.446193 0.413027 
0.612736 0.00324602 
-0.289904 0.448432 
-0.628395 0.0213144 
-0.632135 -0.000368132 
-0.623565 0.0430397 
0.457341 0.399034 
-0.60315 0.106783 
-0.610716 0.0863406 
-0.578204 0.16128 
-0.586798 0.144155 
-0.595153 0.125998 
-0.5689 0.178426 
0.496365 0.333596 
-0.52607 0.24521 
-0.498205 0.281178 
-0.434074 0.347628 
-0.478818 0.303335 
-0.512972 0.262772 
0.584324 0.0967463 
-0.385279 0.387736 
-0.402243 0.374614 
-0.367557 0.400611 
-0.418452 0.361281 
-0.268864 0.459296 
-0.20169 0.488935 
-0.247173 0.469675 
-0.153215 0.506049 
-0.53789 0.228323 
-0.127738 0.513741 
-0.0166928 0.537647 
0.507112 0.308872 
-0.349141 0.413159 
-0.617663 0.0647393 
0.468013 0.38403 
0.421775 0.438972 
0.374885 0.476086 
0.487598 0.351186 
0.478156 0.368 
0.0134824 0.541549 
0.292651 0.516497 
0.205008 0.538569 
0.235545 0.532766 
-0.310283 0.437113 
-0.548542 0.212202 
0.568292 0.136958 
0.559311 0.159628 
0.598006 0.0591017 
0.549643 0.185191 
0.576702 0.116028 
0.615635 -0.01526 
0.603831 0.0404017 
0.608774 0.0217967 
0.59148 0.0777911 
0.518962 0.276887 
-0.177831 0.497777 
-0.330032 0.425346 
-0.224779 0.479566 
-0.0741292 0.527183 
-0.045905 0.532825 
0.320113 0.505629 
0.347341 0.492426 
-0.101412 0.520797 
0.529607 0.244434 
0.0441662 0.544383 
0.0759213 0.546084 
0.264602 0.525453 
-0.45464 0.32831 
0.140646 0.545426 
0.173004 0.542824 
0.402271 0.456102 
0.108249 0.546475 
0.539612 0.213764 
ZONE T="boundary5"
-0.159598 -0.350393 
-0.184144 -0.351434 
-0.362948 -0.359891 
-0.583383 -0.248095 
-0.592711 -0.233275 
-0.635683 -0.0327442 
-0.633597 -0.0112104 
-0.629142 -0.137541 
-0.608875 -0.201524 
-0.614709 -0.187224 
-0.601216 -0.217733 
-0.632769 -0.11708 
-0.635215 -0.0963397 
-0.624948 -0.155298 
0.410529 -0.337806 
0.38773 -0.345814 
-0.521753 -0.311522 
-0.536379 -0.300324 
-0.342578 -0.36028 
-0.382213 -0.358732 
-0.401335 -0.356672 
-0.419707 -0.353695 
-0.437909 -0.349638 
-0.300414 -0.359085 
-0.321517 -0.35996 
-0.208745 -0.352858 
-0.232258 -0.354467 
0.474955 -0.305321 
-0.278106 -0.35775 
-0.255806 -0.356183 
0.514426 -0.275172 
-0.506457 -0.321464 
0.45431 -0.317587 
0.494874 -0.291369 
-0.573076 -0.26234 
-0.561966 -0.275666 
-0.61985 -0.172609 
-0.549551 -0.288547 
-0.133938 -0.349791 
-0.108375 -0.34973 
-0.490048 -0.33042 
-0.473147 -0.338054 
-0.455672 -0.344468 
0.319923 -0.361792 
0.298068 -0.364875 
-0.636505 -0.0753359 
-0.636656 -0.0541411 
0.202846 -0.369528 
0.230864 -0.369436 
0.0549883 -0.359821 
0.026936 -0.357271 
-0.00113023 -0.354888 
0.174919 -0.368785 
0.276156 -0.367123 
0.253501 -0.368645 
-0.0282335 -0.352887 
-0.0818578 -0.350238 
-0.0554454 -0.351294 
0.342826 -0.357558 
0.365328 -0.352287 
0.504822 -0.283474 
0.616618 -0.0797414 
0.526956 -0.263191 
0.538787 -0.250512 
0.590641 -0.171869 
0.614175 -0.0977999 
0.609345 -0.120401 
0.601545 -0.145639 
0.617856 -0.0429579 
0.616668 -0.0245224 
0.61785 -0.0614078 
0.144154 -0.367184 
0.113513 -0.364974 
0.0842152 -0.362484 
0.576322 -0.198815 
0.548954 -0.238406 
0.433078 -0.328271 
0.558542 -0.225834 
-0.171873 -0.350861 
-0.588162 -0.240758 
-0.634776 -0.0219642 
-0.611881 -0.19441 
-0.605165 -0.209685 
-0.63414 -0.106727 
0.399189 -0.34198 
-0.529175 -0.306065 
-0.352765 -0.360182 
-0.391787 -0.357823 
-0.42884 -0.351807 
-0.410542 -0.355311 
-0.310963 -0.35958 
-0.220503 -0.35364 
-0.266955 -0.356984 
0.464744 -0.311641 
0.48505 -0.298538 
-0.578349 -0.255304 
-0.567637 -0.2691 
-0.617368 -0.179948 
-0.622518 -0.163989 
-0.543074 -0.294558 
-0.196446 -0.352105 
-0.14677 -0.350026 
-0.121156 -0.349692 
-0.481668 -0.334393 
-0.464466 -0.341416 
-0.631107 -0.127337 
-0.498339 -0.3261 
-0.627165 -0.146448 
-0.446833 -0.3472 
0.309011 -0.363442 
-0.636722 -0.0647395 
0.216855 -0.369596 
-0.636005 -0.0858465 
-0.372587 -0.359417 
0.0409631 -0.358535 
0.0129055 -0.356049 
0.18888 -0.369251 
0.264835 -0.36798 
-0.289258 -0.358458 
-0.0146785 -0.353843 
-0.0951154 -0.349912 
-0.0686491 -0.350701 
0.331399 -0.359805 
0.287122 -0.366098 
0.376572 -0.3492 
-0.332046 -0.360201 
0.49989 -0.287474 
0.509668 -0.279374 
0.520778 -0.269272 
0.53296 -0.256934 
0.611999 -0.109152 
0.617408 -0.0337308 
0.617389 -0.070585 
0.615548 -0.0887912 
0.242186 -0.369126 
-0.636308 -0.0434363 
0.618005 -0.052183 
0.35411 -0.35506 
0.128829 -0.366142 
-0.244032 -0.355322 
0.159531 -0.368074 
-0.0418366 -0.352032 
0.0696007 -0.361162 
0.0988611 -0.363763 
0.543945 -0.244519 
-0.59708 -0.225568 
-0.5142 -0.316639 
-0.555878 -0.282222 
0.443784 -0.323108 
0.421881 -0.333222 
0.60574 -0.133111 
0.567748 -0.212533 
0.553819 -0.232178 
0.596404 -0.158883 
0.583799 -0.18551 
