ZONE T="boundary0"
-4 -0.813958 
-4 -1 
-4 -0.236816 
-4 -0.418044 
-4 -0.52298 
-4 0.209905 
-4 0.255218 
-4 0.450299 
-4 0.503708 
-4 0.303988 
-4 0.377143 
-4 -0.1757 
-4 0.114079 
-4 0.161992 
-4 -0.0611067 
-4 -0.118403 
-4 0.667838 
-4 0.557117 
-4 1 
-4 0.778559 
-4 -0.206258 
-4 -0.282388 
-4 -0.373002 
-4 0.0264861 
-4 -0.627915 
-4 -0.32796 
-4 -0.906979 
-4 -0.470512 
-4 0.232561 
-4 0.477003 
-4 0.340566 
-4 0.279603 
-4 0.138035 
-4 -0.147051 
-4 0.612478 
-4 0.889279 
-4 -0.221537 
-4 -0.190979 
-4 0.185949 
-4 -0.0897549 
-4 -0.259602 
-4 0.413721 
-4 0.530413 
-4 -0.395523 
-4 -0.0173103 
-4 -0.575448 
-4 -0.720937 
-4 0.0702825 
-4 -0.305174 
-4 -0.350481 
-4 0.723198 
ZONE T="boundary1"
0.865447 1 
0.963469 1 
0.0401594 1 
-1.26983 1 
0.544974 1 
0.618114 1 
-0.81875 1 
1.01248 1 
1.06149 1 
0.741781 1 
-4 1 
-0.602047 1 
-0.710399 1 
-1.47 1 
2.75719 1 
3.02641 1 
-2.6774 1 
-2.28854 1 
2.58958 1 
2.42196 1 
2.20006 1 
4 1 
3.76702 1 
1.97816 1 
-1.86341 1 
3.53404 1 
3.28022 1 
-3.15618 1 
-0.502502 1 
0.302614 1 
-0.230662 1 
-0.159425 1 
0.803614 1 
0.679948 1 
-0.316809 1 
0.429528 1 
0.471833 1 
-0.0240144 1 
-0.0881882 1 
-0.402957 1 
-3.782 1 
0.165811 1 
0.102985 1 
0.387224 1 
1.43664 1 
1.18025 1 
1.299 1 
-0.928735 1 
-1.03872 1 
-3.564 1 
1.57427 1 
1.77621 1 
-1.15428 1 
-1.36992 1 
-1.7217 1 
-2.00512 1 
-2.91679 1 
-3.36009 1 
-2.14683 1 
0.234213 1 
0.914458 1 
0.581544 1 
1.03698 1 
-0.656223 1 
2.8918 1 
-2.48297 1 
2.67338 1 
2.31101 1 
3.88351 1 
2.08911 1 
-0.552275 1 
-0.195043 1 
0.772697 1 
0.649031 1 
0.83453 1 
0.450681 1 
0.710864 1 
-0.0561013 1 
0.508403 1 
0.00807246 1 
0.987974 1 
-0.359883 1 
0.0715723 1 
0.408376 1 
-0.123807 1 
1.23962 1 
1.36782 1 
1.12087 1 
-0.764575 1 
-0.983728 1 
-3.673 1 
1.50545 1 
1.67524 1 
1.87718 1 
-3.891 1 
-1.21206 1 
-1.41996 1 
-1.59585 1 
-3.03648 1 
-3.25813 1 
-2.79709 1 
-1.79256 1 
-2.07598 1 
2.50577 1 
-1.93427 1 
-2.21769 1 
-3.46204 1 
-0.452729 1 
0.200012 1 
0.134398 1 
0.268413 1 
0.344919 1 
-0.273735 1 
-0.873743 1 
-1.0965 1 
3.15331 1 
-1.31988 1 
3.65053 1 
3.40713 1 
ZONE T="boundary2"
4 -0.544905 
4 -0.301493 
4 -0.248631 
4 0.462576 
4 0.562247 
4 -0.772452 
4 1 
4 0.781124 
4 -0.177075 
4 -0.0147445 
4 0.0393657 
4 -0.212853 
4 -0.122965 
4 0.362905 
4 0.337522 
4 0.0938968 
4 0.148428 
4 0.233136 
4 0.2049 
4 0.286756 
4 0.312139 
4 0.261372 
4 -0.44963 
4 -1 
4 -0.354356 
4 -0.0688547 
4 -0.401993 
4 -0.275062 
4 0.512412 
4 -0.658679 
4 0.890562 
4 0.0123106 
4 -0.15002 
4 0.350214 
4 0.121162 
4 0.219018 
4 0.671686 
4 0.0666313 
4 0.299447 
4 0.176664 
4 -0.497268 
4 -0.886226 
4 -0.230742 
4 -0.194964 
4 -0.327924 
4 -0.0959098 
4 -0.0417996 
4 0.412741 
4 0.32483 
4 0.247254 
4 0.274064 
4 -0.425812 
4 -0.378174 
ZONE T="boundary3"
-4 -1 
-3.82966 -1 
-3.43219 -1 
-3.65931 -1 
-0.83777 -1 
0.422786 -1 
0.0284687 -1 
-0.038813 -1 
-0.169987 -1 
-0.106095 -1 
1.18993 -1 
-0.507237 -1 
-0.435907 -1 
-2.80143 -1 
-2.94647 -1 
1.08538 -1 
3.38305 -1 
3.47422 -1 
1.6331 -1 
1.81142 -1 
-3.26185 -1 
-3.09151 -1 
2.03887 -1 
2.26632 -1 
-2.65639 -1 
-2.08026 -1 
2.91609 -1 
2.72265 -1 
-1.53998 -1 
-1.73827 -1 
-1.18498 -1 
3.10952 -1 
-2.22396 -1 
-0.299228 -1 
-0.364577 -1 
-0.233879 -1 
0.0948875 -1 
0.161306 -1 
0.227606 -1 
0.544919 -1 
0.483853 -1 
0.293906 -1 
0.326126 -1 
0.358346 -1 
0.609169 -1 
0.673418 -1 
0.260756 -1 
0.808898 -1 
0.741158 -1 
0.194456 -1 
-0.576684 -1 
0.894864 -1 
0.98083 -1 
-0.646132 -1 
1.32236 -1 
1.45478 -1 
-0.741951 -1 
-1.31887 -1 
-1.05108 -1 
-1.11803 -1 
4 -1 
-0.944426 -1 
3.73711 -1 
2.49449 -1 
-1.93656 -1 
-2.51135 -1 
-0.694041 -1 
3.60567 -1 
3.29187 -1 
-3.91483 -1 
-3.54575 -1 
-0.00517214 -1 
-0.138041 -1 
-0.471572 -1 
-2.87395 -1 
1.13766 -1 
3.42863 -1 
1.72226 -1 
-3.17668 -1 
2.1526 -1 
2.81937 -1 
-1.63912 -1 
-0.331903 -1 
0.0616781 -1 
0.128097 -1 
0.514386 -1 
-0.0724539 -1 
0.310016 -1 
0.342236 -1 
-0.201933 -1 
0.641294 -1 
0.45332 -1 
0.390566 -1 
0.577044 -1 
-0.266554 -1 
0.775028 -1 
0.177881 -1 
-0.400242 -1 
-0.541961 -1 
0.707288 -1 
0.851881 -1 
0.937847 -1 
1.03311 -1 
1.25614 -1 
1.38857 -1 
-0.789861 -1 
-1.42943 -1 
-1.08455 -1 
-3.74449 -1 
3.86856 -1 
2.38041 -1 
-2.00841 -1 
-2.36765 -1 
-2.15211 -1 
-2.58387 -1 
-2.72891 -1 
1.54394 -1 
-1.83742 -1 
-3.34702 -1 
2.60857 -1 
0.277331 -1 
0.244181 -1 
0.211031 -1 
-0.611408 -1 
-0.891098 -1 
-0.670086 -1 
-0.717996 -1 
-0.997753 -1 
-1.1515 -1 
3.53994 -1 
3.67139 -1 
3.33746 -1 
-3.01899 -1 
3.2007 -1 
-1.25192 -1 
1.92514 -1 
3.0128 -1 
ZONE T="boundary4"
-0.0615995 0.530611 
-0.278089 0.410871 
-0.313756 0.381998 
0.614572 0.306795 
-0.0352386 0.540104 
-0.554149 -0.00850952 
0.618371 0.334714 
0.351297 0.0973414 
0.421 0.119399 
0.386954 0.107423 
0.436805 0.557866 
0.617733 0.361655 
0.521924 0.17498 
-0.534869 0.0626486 
-0.523534 0.093186 
-0.545325 0.0285956 
-0.497169 0.150455 
-0.510948 0.122349 
0.505249 0.525173 
-0.482762 0.176827 
-0.45381 0.22355 
-0.467322 0.202598 
-0.41548 0.276615 
-0.439724 0.24411 
0.457593 0.549731 
-0.390555 0.306459 
-0.154563 0.489148 
-0.0862417 0.520871 
-0.132719 0.500082 
-0.348036 0.350845 
-0.331124 0.366669 
-0.296128 0.396683 
-0.36975 0.329077 
-0.236487 0.440671 
-0.215236 0.454463 
-0.193566 0.467618 
-0.257523 0.426088 
0.0856586 0.0676983 
-0.110558 0.510401 
-0.17421 0.478635 
0.0188911 0.556749 
0.0466143 0.563858 
0.0742318 0.570021 
0.157706 0.583182 
0.129807 0.579693 
0.102053 0.575316 
-0.00856852 0.548772 
0.123305 0.0692203 
0.161123 0.0711088 
0.610708 0.292271 
0.605623 0.278128 
0.473681 0.542455 
0.489493 0.534346 
0.599081 0.263835 
0.585988 0.448694 
0.57694 0.461421 
0.556517 0.205611 
0.566288 0.216192 
0.611534 0.393729 
0.606601 0.408559 
0.55621 0.485076 
0.615349 0.377858 
0.532834 0.505853 
0.54466 0.495959 
0.52052 0.515056 
0.567079 0.473458 
0.618571 0.348197 
0.186256 0.585793 
0.244093 0.587995 
0.214898 0.587413 
0.397128 0.570059 
0.37835 0.574525 
0.415765 0.56483 
0.34183 0.581165 
0.437228 0.126067 
0.583775 0.238439 
0.575492 0.22727 
0.593707 0.436053 
0.600525 0.422867 
0.591386 0.250075 
-0.56041 -0.0461329 
0.277347 0.587269 
0.31068 0.584939 
0.467999 0.140747 
0.482495 0.148743 
0.453199 0.133327 
0.314267 0.0890589 
0.237586 0.0774136 
0.276091 0.0824466 
0.534192 0.184835 
0.509212 0.165701 
0.199091 0.0737219 
-0.0484564 0.535461 
0.404076 0.113129 
-0.529407 0.0779935 
-0.540358 0.0457021 
-0.504222 0.136482 
-0.490103 0.163716 
-0.46064 0.213122 
-0.427821 0.260526 
-0.446839 0.233879 
0.447255 0.553944 
-0.550051 0.0101178 
-0.339638 0.358819 
-0.287158 0.403841 
-0.322495 0.374397 
-0.359001 0.340069 
-0.20445 0.461122 
-0.225913 0.447647 
-0.247061 0.43346 
-0.121675 0.50532 
-0.183924 0.47319 
0.0327246 0.560413 
0.0603989 0.567048 
0.143742 0.58155 
0.0881216 0.572778 
-0.304994 0.389403 
0.00512962 0.552869 
0.142217 0.0700961 
0.608316 0.285152 
0.481639 0.538501 
0.581576 0.455137 
-0.0984397 0.515728 
-0.143679 0.494692 
0.561471 0.210841 
0.60922 0.401194 
-0.0739572 0.525834 
0.538817 0.500989 
0.46568 0.546189 
0.497435 0.529869 
0.526739 0.510537 
0.561739 0.479355 
0.618602 0.341459 
0.229492 0.587842 
0.387761 0.572382 
0.406474 0.567541 
0.42633 0.561483 
0.579715 0.2328 
0.597235 0.429521 
0.603704 0.415772 
0.595366 0.25688 
0.616726 0.369784 
-0.164421 0.483955 
0.602501 0.270913 
0.550519 0.490606 
0.613617 0.385836 
0.589957 0.44244 
-0.380269 0.317875 
0.57211 0.467522 
-0.403221 0.291707 
-0.267865 0.418559 
0.17197 0.584608 
0.20057 0.586729 
-0.0219374 0.544542 
0.115913 0.577615 
0.260724 0.587823 
0.294028 0.586312 
-0.517424 0.107846 
0.326279 0.583252 
0.460636 0.136968 
0.332836 0.0929596 
0.256862 0.0797473 
0.295217 0.0855372 
0.104483 0.0684395 
0.617041 0.320677 
0.612795 0.299484 
0.618281 0.354929 
0.51296 0.520229 
0.587669 0.244196 
0.545612 0.194946 
0.528115 0.179833 
0.515622 0.17027 
-0.475164 0.189786 
0.3692 0.102119 
0.429144 0.122661 
0.445248 0.129621 
0.475286 0.144671 
0.496031 0.156942 
0.360146 0.578154 
-0.557605 -0.027267 
0.218352 0.0754199 
0.180114 0.0723064 
0.570964 0.221667 
ZONE T="boundary5"
-0.536424 -0.295841 
-0.443201 -0.473447 
-0.455386 -0.456838 
-0.38579 -0.538625 
-0.368553 -0.5549 
-0.55148 -0.239653 
-0.521098 -0.337529 
-0.505034 -0.373207 
-0.477262 -0.423678 
-0.561604 -0.177652 
-0.56339 -0.158542 
-0.555704 -0.218241 
-0.487213 -0.406865 
-0.212439 -0.658093 
-0.23862 -0.645164 
-0.287331 -0.616973 
0.0594831 -0.728727 
0.0206699 -0.724255 
-0.0167553 -0.718404 
-0.0882553 -0.702692 
-0.122182 -0.692913 
-0.0538983 -0.711023 
0.330402 -0.32313 
-0.330925 -0.586356 
-0.309473 -0.602128 
-0.350058 -0.57101 
-0.416454 -0.506185 
0.100819 -0.290974 
0.0532228 -0.28986 
-0.249493 -0.126239 
-0.245472 -0.0832255 
-0.52916 -0.316832 
0.182315 -0.732089 
-0.179928 -0.24129 
-0.140155 -0.262057 
-0.215389 -0.209874 
-0.564975 -0.121758 
-0.564022 -0.0839786 
-0.264121 -0.631123 
-0.544684 -0.267904 
0.282323 -0.719917 
-0.229174 -0.0437804 
0.434617 -0.381801 
-0.136242 0.0336246 
-0.203223 -0.0105317 
-0.0625043 0.0551055 
-0.0265525 0.0604362 
0.0856586 0.0676983 
0.243951 -0.726577 
0.419143 -0.36895 
0.223881 -0.729007 
0.44533 -0.637957 
0.496959 -0.505479 
0.346531 -0.329038 
0.350386 -0.69963 
0.36542 -0.693196 
0.317649 -0.710975 
0.379752 -0.686198 
0.407671 -0.669573 
0.393668 -0.678462 
0.421085 -0.659804 
0.216096 -0.298401 
0.183311 -0.295103 
0.314039 -0.317903 
0.38916 -0.349219 
0.402288 -0.357156 
0.483201 -0.581668 
0.361216 -0.335165 
0.433571 -0.649343 
0.375563 -0.341948 
0.447647 -0.394633 
0.459289 -0.408257 
0.475336 -0.597589 
0.466192 -0.612352 
0.33447 -0.705563 
0.468325 -0.420837 
0.456223 -0.625656 
0.476251 -0.434025 
0.482409 -0.446438 
0.487541 -0.459216 
0.489641 -0.564352 
0.494312 -0.545715 
0.496832 -0.5263 
0.494105 -0.483029 
-0.56041 -0.0461329 
-0.183704 -0.670715 
-0.153218 -0.682485 
-0.0999903 0.0464287 
0.248265 -0.302978 
0.280637 -0.309248 
0.140517 -0.732878 
-0.17163 0.0148477 
-0.240176 -0.168422 
0.00592993 -0.288275 
0.0293149 0.0651137 
-0.0393384 -0.284965 
-0.0977607 -0.275376 
0.141964 -0.292458 
0.0994927 -0.731666 
-0.449364 -0.465194 
-0.377252 -0.546847 
-0.513357 -0.355499 
-0.466596 -0.440437 
-0.562578 -0.168105 
-0.553684 -0.228965 
-0.496388 -0.390176 
-0.482305 -0.415312 
-0.225601 -0.651773 
0.0400538 -0.726688 
0.00192787 -0.721518 
-0.105272 -0.697989 
-0.0353656 -0.714909 
-0.320285 -0.594359 
-0.359386 -0.56305 
-0.401423 -0.52269 
0.0770222 -0.290398 
-0.249146 -0.104576 
-0.532894 -0.306372 
-0.160577 -0.252699 
-0.198763 -0.226832 
-0.564828 -0.10286 
-0.25145 -0.638288 
-0.238742 -0.0629168 
-0.217255 -0.0263304 
-0.0445718 0.0580631 
0.263197 -0.723591 
0.427017 -0.37521 
0.233926 -0.727873 
-0.564489 -0.140163 
0.338499 -0.325995 
0.357942 -0.696505 
0.372631 -0.689789 
0.400738 -0.674126 
0.414459 -0.6648 
0.199719 -0.2966 
0.395778 -0.353098 
0.353908 -0.33202 
0.439556 -0.643759 
0.382407 -0.345497 
0.453618 -0.401317 
0.470935 -0.605076 
0.32609 -0.708363 
0.450898 -0.631914 
0.427419 -0.654682 
0.472425 -0.427348 
0.36843 -0.33847 
0.479465 -0.589726 
0.485102 -0.452776 
0.479451 -0.440172 
0.492242 -0.5551 
0.486652 -0.573096 
0.497227 -0.515891 
0.463933 -0.414457 
0.322247 -0.320435 
0.300076 -0.715801 
0.441267 -0.388081 
0.386763 -0.682426 
0.461348 -0.619109 
0.342463 -0.702689 
0.410833 -0.362885 
-0.275803 -0.624173 
-0.562547 -0.0650241 
-0.198143 -0.664568 
-0.298482 -0.60967 
-0.137756 -0.687866 
-0.0813521 0.0512192 
0.232206 -0.300508 
0.264494 -0.305889 
-0.168528 -0.676773 
-0.118321 0.0406072 
-0.154334 0.0249854 
-0.229495 -0.190172 
-0.188089 0.00298276 
-0.246476 -0.147694 
0.0295715 -0.289211 
0.0574808 0.0665373 
-0.0167266 -0.286932 
0.00134696 0.0631825 
-0.119206 -0.269509 
-0.558998 -0.197996 
0.49586 -0.536045 
-0.540737 -0.281927 
0.491261 -0.471001 
-0.548257 -0.25382 
-0.0711203 -0.707035 
-0.525227 -0.327219 
0.121396 -0.29161 
0.119998 -0.732506 
0.0794724 -0.730408 
0.297414 -0.313284 
-0.340571 -0.578778 
0.162649 -0.293601 
0.20312 -0.730856 
0.161421 -0.732752 
-0.0687058 -0.28112 
0.495918 -0.494205 
-0.430114 -0.490051 
