ZONE T="boundary0"
-4 -0.418044 
-4 -0.52298 
-4 0.623085 
-4 0.497447 
-4 -0.206258 
-4 -0.236816 
-4 -0.0611067 
-4 0.306734 
-4 0.362963 
-4 0.430205 
-4 -0.118403 
-4 -0.1757 
-4 1 
-4 0.250505 
-4 0.278619 
-4 0.197232 
-4 -0.282388 
-4 -0.373002 
-4 0.0414259 
-4 0.223868 
-4 -0.627915 
-4 -0.813958 
-4 -1 
-4 0.748723 
-4 -0.32796 
-4 0.170595 
-4 0.143959 
-4 -0.470512 
-4 0.560266 
-4 -0.221537 
-4 0.334848 
-4 0.396584 
-4 -0.147051 
-4 0.264562 
-4 -0.190979 
-4 0.292677 
-4 -0.259602 
-4 0.463826 
-4 -0.395523 
-4 -0.00984041 
-4 -0.575448 
-4 -0.0897549 
-4 -0.720937 
-4 -0.906979 
-4 0.685904 
-4 0.874362 
-4 -0.305174 
-4 -0.350481 
-4 0.21055 
-4 0.157277 
-4 0.237186 
-4 0.0926922 
-4 0.183913 
ZONE T="boundary1"
2.01254 1 
1.78965 1 
2.45725 1 
2.23489 1 
-0.248197 1 
0.0881453 1 
0.0177577 1 
-3.79356 1 
-4 1 
-1.57177 1 
1.16582 1 
1.28584 1 
1.04579 1 
0.840379 1 
-1.09587 1 
-1.20593 1 
3.27859 1 
3.55299 1 
1.51265 1 
3.09051 1 
2.90242 1 
2.67984 1 
4 1 
-3.33425 1 
-3.58713 1 
-3.20781 1 
-2.82648 1 
-3.08137 1 
0.302703 1 
-0.120647 1 
-0.184422 1 
-0.367904 1 
0.158533 1 
-0.0514448 1 
-0.703315 1 
-0.45144 1 
-0.534975 1 
-0.591088 1 
0.74261 1 
0.382332 1 
0.644841 1 
0.553401 1 
0.461961 1 
-0.816023 1 
-0.929213 1 
-0.985808 1 
0.943085 1 
-1.43326 1 
-1.31959 1 
-1.71993 1 
-1.8681 1 
-2.04094 1 
-2.57158 1 
1.39924 1 
-2.39269 1 
-0.647201 1 
-0.759428 1 
-0.872618 1 
-2.21379 1 
1.90109 1 
2.34607 1 
0.0529515 1 
-3.89678 1 
1.22583 1 
1.1058 1 
-1.1509 1 
3.41579 1 
2.79113 1 
3.77649 1 
-3.46069 1 
-2.95392 1 
2.12371 1 
-0.152535 1 
-0.308051 1 
-0.086046 1 
-0.0168435 1 
-0.493207 1 
0.791495 1 
0.342517 1 
0.599121 1 
0.230618 1 
-0.957511 1 
-1.04084 1 
-0.21631 1 
0.693725 1 
0.507681 1 
0.891732 1 
-1.37643 1 
-1.50251 1 
-1.26276 1 
-1.79401 1 
-1.95452 1 
-2.69903 1 
1.65115 1 
2.56854 1 
3.18455 1 
2.99646 1 
-1.64585 1 
-0.409672 1 
-0.619145 1 
-0.563032 1 
-0.731371 1 
-0.675258 1 
-0.844321 1 
-0.787726 1 
0.422146 1 
0.994437 1 
0.123339 1 
-0.900916 1 
-3.69035 1 
-2.12737 1 
-3.27103 1 
-3.14459 1 
-2.48213 1 
1.34254 1 
1.45594 1 
-2.30324 1 
ZONE T="boundary2"
4 -0.458407 
4 -0.532253 
4 -0.852052 
4 -0.704103 
4 -0.384561 
4 -0.339357 
4 -0.294152 
4 0.282184 
4 0.241789 
4 0.853383 
4 0.201393 
4 1 
4 -0.232851 
4 -0.171551 
4 -0.618178 
4 0.706765 
4 0.560148 
4 0.0314409 
4 -0.0700548 
4 0.116417 
4 -1 
4 0.315021 
4 0.347857 
4 0.413531 
4 0.486839 
4 -0.49533 
4 -0.778077 
4 -0.421484 
4 -0.316754 
4 0.261986 
4 0.221591 
4 -0.202201 
4 -0.361959 
4 -0.575215 
4 0.633457 
4 -0.019307 
4 0.073929 
4 -0.926026 
4 0.926691 
4 0.780074 
4 0.298602 
4 0.158905 
4 -0.263502 
4 -0.120803 
4 0.380694 
4 -0.661141 
4 0.331439 
4 0.523494 
4 0.450185 
ZONE T="boundary3"
0.208162 -1 
0.00686978 -1 
-0.059965 -1 
-0.947626 -1 
-3.27554 -1 
-3.04759 -1 
-0.602235 -1 
1.03472 -1 
-1.44056 -1 
-1.33297 -1 
1.65554 -1 
1.97969 -1 
2.41082 -1 
2.92544 -1 
3.1 -1 
3.27456 -1 
1.47986 -1 
-3.51225 -1 
-2.1144 -1 
-2.81964 -1 
-3.74897 -1 
2.71524 -1 
-2.6042 -1 
-2.38875 -1 
3.50817 -1 
0.353472 -1 
0.42824 -1 
0.072245 -1 
0.13762 -1 
-3.87448 -1 
0.597816 -1 
0.704533 -1 
-0.50312 -1 
-0.404005 -1 
-0.1268 -1 
-0.187531 -1 
-0.326134 -1 
0.278704 -1 
1.14648 -1 
1.25824 -1 
-1.13519 -1 
-1.045 -1 
-4 -1 
0.978853 -1 
0.867118 -1 
-0.726244 -1 
-0.850254 -1 
-1.22538 -1 
-1.6403 -1 
-1.84005 -1 
3.875 -1 
4 -1 
1.36905 -1 
1.83122 -1 
2.12816 -1 
2.3166 -1 
3.74178 -1 
-1.97722 -1 
-0.248263 -1 
0.513028 -1 
0.811251 -1 
0.922986 -1 
2.50504 -1 
-0.0265477 -1 
-3.16156 -1 
-1.38676 -1 
3.18728 -1 
-3.3939 -1 
-2.49647 -1 
0.390856 -1 
0.104933 -1 
-3.81173 -1 
0.651174 -1 
-0.453562 -1 
-0.552677 -1 
-0.157166 -1 
0.243433 -1 
1.20236 -1 
-1.09009 -1 
-3.63061 -1 
-0.89894 -1 
-1.18028 -1 
-0.996313 -1 
-1.27917 -1 
-1.74017 -1 
-3.93724 -1 
3.9375 -1 
1.42445 -1 
-2.71192 -1 
1.74338 -1 
2.05392 -1 
1.90545 -1 
1.5677 -1 
-2.93362 -1 
2.22238 -1 
2.82034 -1 
-1.54043 -1 
3.62497 -1 
3.39137 -1 
-1.90863 -1 
0.172891 -1 
-0.0933824 -1 
0.316088 -1 
-0.287198 -1 
0.0395573 -1 
0.470634 -1 
0.555422 -1 
0.757892 -1 
-0.217897 -1 
-0.365069 -1 
-0.66424 -1 
1.00679 -1 
0.950919 -1 
0.839184 -1 
0.895052 -1 
-0.788249 -1 
3.80839 -1 
-2.04581 -1 
1.0906 -1 
1.31364 -1 
2.45793 -1 
2.36371 -1 
2.61014 -1 
3.01272 -1 
-2.25157 -1 
ZONE T="boundary4"
-0.235521 0.478099 
-0.210111 0.475481 
-0.184851 0.47125 
-0.627429 0.0523858 
-0.625336 0.027921 
0.018581 0.398484 
0.045368 0.387505 
-0.627008 0.102328 
-0.628002 0.0772058 
-0.522914 0.354574 
-0.409643 0.443802 
-0.386034 0.454537 
-0.432483 0.431224 
-0.311875 0.475089 
-0.286496 0.477993 
-0.134687 0.45852 
-0.10968 0.450335 
-0.620186 0.153087 
-0.624409 0.127656 
-0.61434 0.178521 
-0.584537 0.260086 
-0.606918 0.203807 
-0.601473 0.219585 
-0.590196 0.247699 
-0.560392 0.303995 
-0.547624 0.32308 
-0.572129 0.284185 
-0.596057 0.233733 
-0.535627 0.339156 
-0.337038 0.470209 
0.653575 0.00576223 
-0.509442 0.369365 
-0.4953 0.383405 
-0.449031 0.420639 
-0.480477 0.396683 
0.650458 0.0334733 
0.647846 0.0471479 
-0.465038 0.409113 
-0.260993 0.478971 
-0.361784 0.463356 
-0.159692 0.465538 
-0.0845456 0.441138 
-0.0595044 0.431242 
0.553329 0.200453 
0.574148 0.180973 
0.289719 0.314505 
0.322554 0.306545 
0.355206 0.297993 
0.529597 0.219209 
0.504825 0.235873 
0.477391 0.251595 
0.541652 0.210073 
0.418678 0.277712 
0.0735921 0.376485 
-0.0081447 0.40974 
-0.0338101 0.420596 
0.193242 0.338113 
0.161786 0.346899 
0.131814 0.356091 
0.101926 0.366141 
0.640478 0.0740296 
0.633063 0.0936998 
0.644523 0.0606645 
0.617367 0.124885 
0.624212 0.112509 
0.653965 -0.0221678 
0.593414 0.159382 
0.609889 0.136889 
0.387577 0.28842 
0.224686 0.330041 
0.449181 0.26527 
0.257241 0.322176 
-0.222797 0.477 
-0.626572 0.0401377 
0.0319575 0.39295 
-0.627702 0.0897754 
-0.397942 0.449398 
-0.421182 0.43773 
-0.299214 0.476784 
-0.62791 0.064792 
-0.122147 0.454549 
-0.622495 0.140405 
-0.617456 0.165849 
-0.604265 0.211721 
-0.587413 0.253914 
-0.554138 0.313626 
-0.578524 0.272236 
-0.593182 0.240739 
-0.541722 0.331191 
-0.610814 0.191219 
-0.529364 0.346943 
-0.50246 0.376476 
-0.51627 0.362054 
-0.44083 0.426047 
-0.487974 0.390141 
0.649241 0.0403275 
0.652366 0.0196572 
-0.472839 0.403002 
-0.248252 0.47876 
-0.349478 0.467026 
-0.147152 0.462176 
-0.197451 0.473557 
-0.072001 0.436256 
-0.273756 0.478719 
-0.324505 0.472895 
0.563945 0.190936 
0.306149 0.310574 
0.338906 0.30237 
-0.0970806 0.445832 
-0.457112 0.414986 
0.491246 0.24398 
0.547539 0.205326 
-0.373995 0.459184 
0.0594555 0.381923 
0.00521061 0.404093 
-0.0209739 0.415177 
0.177492 0.34241 
-0.625907 0.115013 
0.116841 0.361014 
0.636967 0.083939 
0.646273 0.053928 
0.62087 0.118744 
0.642589 0.0673739 
0.628822 0.103191 
-0.172237 0.468565 
0.0877308 0.371227 
0.146772 0.351396 
-0.0466428 0.425958 
0.371436 0.293361 
0.403193 0.28326 
0.208949 0.334005 
0.434023 0.271726 
0.240956 0.326066 
0.273481 0.318341 
0.654102 -0.00819805 
-0.566396 0.294172 
-0.59882 0.226681 
0.584036 0.170406 
0.613707 0.130933 
0.601926 0.148337 
0.517359 0.227767 
0.535671 0.2147 
0.463397 0.258667 
ZONE T="boundary5"
-0.103565 -0.45715 
-0.131283 -0.449213 
0.122976 -0.490321 
0.0941162 -0.489285 
-0.625336 0.027921 
-0.593708 -0.0881226 
-0.602716 -0.0657932 
-0.496742 -0.232731 
-0.513898 -0.213308 
-0.610423 -0.0430115 
-0.616785 -0.0198065 
-0.469181 -0.261044 
-0.454457 -0.274817 
-0.583421 -0.110025 
-0.621772 0.00384646 
-0.439293 -0.288098 
-0.417923 -0.305442 
-0.241391 -0.408711 
-0.268453 -0.39636 
-0.295106 -0.38315 
-0.37141 -0.338674 
-0.395394 -0.322233 
-0.0756182 -0.464286 
-0.186609 -0.430722 
-0.159084 -0.440371 
-0.214168 -0.420131 
-0.530057 -0.193479 
-0.48317 -0.247097 
-0.562364 -0.147432 
-0.552261 -0.162981 
-0.541419 -0.178423 
0.239083 -0.483719 
0.209964 -0.487128 
0.268037 -0.479012 
-0.571875 -0.131514 
0.644351 -0.0918808 
0.651809 -0.050143 
0.647354 -0.0779995 
0.632718 -0.133297 
0.623101 -0.160974 
0.0655002 -0.487303 
0.0369633 -0.484406 
0.00862053 -0.480639 
-0.0195902 -0.476019 
-0.0476943 -0.47056 
0.151849 -0.490349 
0.180943 -0.489306 
0.35363 -0.456037 
0.325445 -0.465267 
0.296864 -0.472894 
0.408187 -0.432422 
0.381273 -0.445111 
0.524438 -0.342675 
0.50424 -0.363943 
0.458877 -0.40171 
0.433991 -0.418033 
0.543095 -0.319665 
0.559923 -0.295304 
0.588527 -0.243045 
0.574991 -0.269703 
0.612499 -0.188306 
0.600906 -0.215852 
0.640883 -0.105725 
0.653194 -0.036125 
0.653965 -0.0221678 
-0.321216 -0.369119 
-0.346835 -0.354194 
0.482227 -0.383754 
-0.117453 -0.453281 
0.108542 -0.489926 
-0.59837 -0.0770214 
-0.505413 -0.223102 
-0.613775 -0.0314558 
-0.461876 -0.267991 
-0.623738 0.0158569 
-0.4287 -0.296883 
-0.25497 -0.402642 
-0.281833 -0.389863 
-0.383482 -0.33057 
-0.619457 -0.00801722 
-0.172882 -0.435647 
-0.200428 -0.42553 
-0.490008 -0.239963 
-0.557384 -0.155253 
-0.406743 -0.313951 
-0.476229 -0.254125 
-0.446929 -0.281519 
0.224542 -0.48558 
0.253588 -0.481532 
-0.57779 -0.120846 
0.649847 -0.0641136 
0.0798003 -0.488411 
0.0227775 -0.48263 
-0.00550207 -0.478434 
0.137413 -0.490464 
0.166402 -0.489965 
0.339604 -0.460855 
0.282489 -0.476132 
-0.0616791 -0.467524 
0.394835 -0.43899 
0.514546 -0.353507 
0.446585 -0.410102 
0.533991 -0.331353 
-0.227823 -0.414525 
-0.0896176 -0.460819 
0.645911 -0.0849528 
0.551738 -0.307643 
0.581937 -0.256465 
0.617905 -0.174681 
0.606795 -0.202118 
-0.522079 -0.203477 
0.636981 -0.119564 
0.64267 -0.0988163 
0.62805 -0.147184 
-0.5358 -0.185998 
-0.606734 -0.054458 
-0.588715 -0.0991445 
0.652576 -0.0431413 
0.653657 -0.0291507 
-0.546908 -0.170749 
0.421214 -0.425453 
-0.334091 -0.361769 
-0.0336623 -0.473393 
-0.145216 -0.444894 
0.311206 -0.469272 
0.195465 -0.488363 
0.367536 -0.450788 
0.493427 -0.374064 
0.567677 -0.282634 
0.594829 -0.2295 
-0.359193 -0.346546 
-0.30822 -0.376244 
0.0512204 -0.485967 
-0.567196 -0.139519 
0.470722 -0.392954 
