ZONE T="boundary0"
-4 -0.316425 
-4 -0.367413 
-4 0.323995 
-4 0.294655 
-4 0.655039 
-4 0.82752 
-4 0.410428 
-4 0.353335 
-4 0.467521 
-4 -0.252567 
-4 1 
-4 0.236828 
-4 -0.418402 
-4 -0.132798 
-4 -0.180262 
-4 -0.0853339 
-4 -0.482226 
-4 -0.54605 
-4 0.00959422 
-4 0.265741 
-4 0.56128 
-4 0.13665 
-4 0.0942978 
-4 -0.755274 
-4 -0.284496 
-4 0.207915 
-4 0.179001 
-4 -1 
-4 -0.341919 
-4 0.309325 
-4 0.741279 
-4 0.381882 
-4 0.338665 
-4 -0.392908 
-4 -0.216415 
-4 -0.514138 
-4 0.438975 
-4 0.514401 
-4 -0.0378699 
-4 0.051946 
-4 -0.650662 
-4 0.91376 
-4 -0.268532 
-4 -0.30046 
-4 -0.109066 
-4 -0.15653 
-4 0.251285 
-4 0.280198 
-4 0.193458 
-4 0.115474 
-4 0.222371 
-4 0.157825 
-4 -0.450314 
-4 0.60816 
-4 -0.877637 
ZONE T="boundary1"
1.70127 1 
1.4852 1 
4 1 
3.76905 1 
-0.217763 1 
0.418359 1 
0.32881 1 
0.1679 1 
0.248355 1 
-0.802669 1 
-0.863526 1 
0.521065 1 
-0.988932 1 
-0.0314936 1 
3.53809 1 
-3.65865 1 
-1.24109 1 
-4 1 
2.55806 1 
2.3547 1 
2.15135 1 
3.07618 1 
2.81712 1 
-2.26716 1 
-2.0262 1 
3.30714 1 
-3.17473 1 
-2.84143 1 
-2.50812 1 
-0.0955769 1 
0.0325897 1 
0.623772 1 
0.727198 1 
-0.15667 1 
-0.342239 1 
-0.518226 1 
-0.430232 1 
-0.630019 1 
-0.741813 1 
-1.11434 1 
-1.36785 1 
0.935567 1 
0.830624 1 
1.04051 1 
1.14639 1 
1.25226 1 
1.36873 1 
-1.43997 1 
-1.5121 1 
-1.74882 1 
-1.84128 1 
-1.65636 1 
-1.58423 1 
-3.41669 1 
1.92631 1 
1.59324 1 
3.88452 1 
0.373585 1 
0.208128 1 
-0.833098 1 
0.469712 1 
-0.926229 1 
3.65357 1 
-3.82933 1 
2.45638 1 
2.94665 1 
-2.14668 1 
3.19166 1 
-3.00808 1 
-2.67477 1 
-0.0635352 1 
0.288583 1 
0.100245 1 
0.000547953 1 
0.675485 1 
-0.187216 1 
-0.280001 1 
-0.126123 1 
-0.386236 1 
0.572419 1 
-0.474229 1 
-0.574123 1 
-0.685916 1 
-1.05163 1 
-1.30447 1 
0.883096 1 
0.988038 1 
0.778911 1 
1.19933 1 
1.42697 1 
1.09345 1 
1.3105 1 
-1.17772 1 
-1.47604 1 
-1.79505 1 
-1.62029 1 
3.42261 1 
-3.29571 1 
-3.53767 1 
2.03883 1 
-1.93374 1 
-2.38764 1 
2.25303 1 
1.81379 1 
2.68759 1 
-0.772241 1 
-1.40391 1 
-1.54817 1 
-1.70259 1 
ZONE T="boundary2"
4 -0.599635 
4 -0.0310209 
4 0.227666 
4 0.300266 
4 0.775419 
4 1 
4 0.108308 
4 0.35972 
4 0.550839 
4 0.485007 
4 0.419175 
4 0.0615505 
4 0.663129 
4 -0.369717 
4 -0.427197 
4 -0.484676 
4 0.155066 
4 -0.287652 
4 -0.24662 
4 -0.205587 
4 -0.799818 
4 -1 
4 -0.161945 
4 -0.118304 
4 -0.328685 
4 0.88771 
4 0.517923 
4 0.0152648 
4 -0.398457 
4 0.191366 
4 0.263966 
4 0.389447 
4 0.329993 
4 0.131687 
4 0.0849294 
4 -0.267136 
4 -0.542156 
4 0.452091 
4 0.719274 
4 -0.899909 
4 -0.699727 
4 -0.140125 
4 -0.226103 
4 -0.349201 
4 -0.308168 
4 -0.455936 
4 0.606984 
4 -0.183766 
4 -0.0746624 
ZONE T="boundary3"
-3.63617 -1 
-2.80366 -1 
-2.38961 -1 
2.64539 -1 
-0.22298 -1 
-0.117681 -1 
-1.04414 -1 
-0.935314 -1 
-0.366839 -1 
-0.486647 -1 
-3.40662 -1 
1.16269 -1 
1.09332 -1 
0.667169 -1 
2.05066 -1 
2.19945 -1 
3.81061 -1 
3.62122 -1 
3.31972 -1 
-0.82649 -1 
-3.81809 -1 
-1.98983 -1 
-2.18972 -1 
3.01823 -1 
-3.10514 -1 
0.131551 -1 
0.189542 -1 
-0.0575091 -1 
0.067107 -1 
0.485502 -1 
0.573196 -1 
-0.29491 -1 
0.00266308 -1 
0.247533 -1 
0.761141 -1 
-0.606454 -1 
-0.716472 -1 
0.942496 -1 
0.851818 -1 
1.23205 -1 
1.32703 -1 
-1.15923 -1 
1.422 -1 
4 -1 
-1.27432 -1 
-1.35887 -1 
1.51315 -1 
1.90188 -1 
-1.66853 -1 
-1.44342 -1 
2.42242 -1 
1.75309 -1 
-1.82918 -1 
0.322671 -1 
0.397809 -1 
1.60431 -1 
-4 -1 
-2.59664 -1 
-0.989726 -1 
-0.426743 -1 
-3.5214 -1 
2.12505 -1 
3.47047 -1 
-0.880902 -1 
-2.08978 -1 
2.83181 -1 
-2.9544 -1 
0.160547 -1 
0.099329 -1 
0.529349 -1 
-0.170331 -1 
-0.258945 -1 
-0.0875952 -1 
-0.027423 -1 
0.218537 -1 
-0.330874 -1 
0.620182 -1 
-0.54655 -1 
-0.771481 -1 
-0.661463 -1 
0.80648 -1 
1.19737 -1 
-1.10168 -1 
1.12801 -1 
1.01791 -1 
-3.25588 -1 
1.37452 -1 
1.27954 -1 
3.9053 -1 
3.71591 -1 
-3.72713 -1 
-1.21677 -1 
-1.3166 -1 
1.46758 -1 
-1.55597 -1 
3.16898 -1 
-2.28967 -1 
2.31093 -1 
2.5339 -1 
1.82748 -1 
1.97627 -1 
-1.90951 -1 
-1.74885 -1 
0.285102 -1 
0.034885 -1 
0.714155 -1 
0.897157 -1 
0.36024 -1 
1.6787 -1 
1.55873 -1 
-3.90904 -1 
-1.40115 -1 
0.441656 -1 
ZONE T="boundary4"
-0.635715 0.135548 
0.131489 0.377046 
0.16095 0.377403 
-0.642431 0.0129522 
-0.644328 0.0372848 
0.642196 0.0412635 
-0.282431 0.374353 
-0.256605 0.374149 
-0.620783 0.183337 
-0.629159 0.159714 
-0.644685 0.0618059 
-0.462471 0.345993 
-0.357058 0.370969 
-0.381253 0.367881 
-0.44418 0.352809 
-0.425521 0.35852 
-0.64045 0.111075 
-0.611463 0.204491 
-0.643418 0.0864472 
0.640296 0.0693042 
0.638241 0.0832572 
-0.599919 0.226176 
-0.586896 0.246649 
-0.579764 0.256497 
-0.5561 0.28388 
-0.572226 0.266028 
0.641614 0.0552869 
-0.541194 0.29788 
-0.525388 0.310625 
-0.0684492 0.371 
-0.0403509 0.371459 
-0.510467 0.321011 
-0.494978 0.330352 
-0.47894 0.338682 
0.580484 0.214154 
0.571717 0.225747 
-0.0123719 0.372186 
-0.0960305 0.370852 
-0.204307 0.372856 
-0.177903 0.372105 
0.604187 0.177209 
-0.150766 0.371451 
-0.230771 0.373595 
0.0160491 0.373134 
0.283413 0.371185 
-0.403573 0.36383 
-0.307536 0.374019 
-0.332547 0.37295 
-0.12374 0.371015 
0.639612 -0.000880335 
0.627703 0.124573 
0.631953 0.110855 
0.507281 0.289345 
0.494464 0.298539 
0.468016 0.314959 
0.25239 0.374291 
0.409174 0.342011 
0.438998 0.329719 
0.562524 0.237003 
0.552411 0.248437 
0.519659 0.279562 
0.541827 0.259425 
0.642047 0.027152 
0.53096 0.269751 
0.102057 0.376288 
0.191129 0.377194 
0.221367 0.376234 
0.635454 0.0971267 
0.622771 0.138082 
0.596935 0.189585 
0.610916 0.164544 
0.0444071 0.3742 
0.0732464 0.375299 
0.61715 0.151449 
0.314797 0.366652 
0.34646 0.360422 
0.377978 0.35229 
0.146217 0.377284 
-0.643568 0.0251053 
-0.269517 0.374307 
-0.625197 0.171607 
-0.369179 0.369577 
-0.434894 0.355798 
-0.638304 0.123356 
-0.632663 0.147694 
-0.616312 0.193998 
-0.644258 0.074139 
0.63936 0.0762937 
-0.583381 0.25161 
-0.56436 0.275131 
-0.576046 0.261303 
-0.593609 0.236541 
0.641996 0.0482785 
-0.533411 0.3044 
-0.0543972 0.371192 
-0.518015 0.315941 
-0.487026 0.334642 
-0.45338 0.349541 
0.576153 0.219992 
-0.470762 0.34246 
-0.0263582 0.371792 
-0.0822359 0.370887 
-0.191103 0.372473 
-0.164332 0.371756 
-0.243686 0.373903 
0.00184122 0.372639 
-0.644704 0.0495442 
-0.320048 0.37359 
-0.109883 0.370895 
-0.502799 0.325805 
0.629914 0.11774 
0.481418 0.307036 
-0.41459 0.361342 
0.4242 0.336148 
0.557527 0.242772 
0.525365 0.274721 
0.547179 0.253988 
0.500926 0.294016 
0.116771 0.376707 
0.176038 0.377382 
-0.642149 0.0987884 
-0.54878 0.29102 
0.206248 0.376819 
-0.392444 0.366007 
-0.217537 0.373236 
0.636938 0.0902096 
0.642213 0.0342064 
0.62532 0.131358 
0.633791 0.104012 
0.641047 0.0623037 
0.641179 0.0131044 
0.513528 0.284527 
0.607618 0.170914 
0.536451 0.264649 
0.0588264 0.374755 
0.236884 0.375395 
0.267914 0.372895 
0.08765 0.375815 
-0.137249 0.371202 
0.0302281 0.373658 
0.299128 0.369104 
0.330668 0.363754 
0.393663 0.347423 
-0.344815 0.372088 
-0.605899 0.215445 
-0.294985 0.374265 
0.620039 0.1448 
0.58895 0.202031 
0.567174 0.231417 
0.614108 0.15803 
0.45366 0.322643 
0.36228 0.356601 
0.600625 0.183433 
ZONE T="boundary5"
-0.209716 -0.467981 
-0.23774 -0.457267 
-0.639069 -0.011138 
-0.634311 -0.0349491 
-0.502052 -0.27691 
-0.59132 -0.149417 
-0.602364 -0.127112 
-0.535794 -0.235979 
-0.551363 -0.214628 
-0.34591 -0.403703 
-0.371263 -0.387873 
-0.565785 -0.193157 
-0.642431 0.0129522 
-0.612214 -0.104521 
0.42246 -0.396137 
0.405878 -0.410544 
-0.31968 -0.418655 
-0.265544 -0.445437 
0.563909 -0.190625 
-0.292874 -0.432566 
-0.0954136 -0.500329 
-0.124152 -0.49382 
-0.152875 -0.48625 
-0.181319 -0.477669 
-0.57912 -0.171422 
0.468207 -0.347356 
-0.0664801 -0.50583 
-0.519416 -0.25672 
0.382483 -0.428481 
0.357987 -0.444678 
-0.39594 -0.371026 
-0.483402 -0.296723 
-0.463539 -0.316014 
0.494886 -0.311235 
0.617108 -0.0831167 
-0.620839 -0.0816418 
-0.628223 -0.0584354 
0.332674 -0.459032 
0.0499194 -0.517424 
0.0207331 -0.516118 
-0.0084187 -0.513733 
-0.0375069 -0.510296 
0.0791499 -0.517613 
0.223632 -0.499855 
0.195177 -0.506118 
0.137491 -0.514434 
0.108327 -0.516637 
0.166445 -0.510951 
0.251715 -0.492089 
0.279361 -0.482728 
0.306327 -0.471753 
0.448712 -0.369949 
0.43583 -0.383357 
0.486248 -0.323648 
0.541668 -0.231786 
0.637373 -0.0147714 
0.639612 -0.000880335 
0.526831 -0.258895 
0.552795 -0.211172 
0.605542 -0.109898 
0.57842 -0.16367 
0.592539 -0.136626 
0.626874 -0.0560529 
0.634472 -0.0286544 
0.511306 -0.285594 
-0.419587 -0.353393 
-0.44247 -0.334753 
-0.223777 -0.462752 
-0.636862 -0.0230763 
-0.596975 -0.13833 
-0.543679 -0.225377 
-0.358667 -0.395916 
0.414261 -0.403449 
-0.64093 0.00088357 
-0.33287 -0.411309 
-0.251698 -0.451482 
-0.306345 -0.425741 
-0.138546 -0.490161 
-0.167135 -0.482085 
-0.572568 -0.18236 
-0.527708 -0.24643 
0.370374 -0.436793 
-0.585345 -0.160488 
-0.55868 -0.203964 
-0.383689 -0.379577 
-0.510846 -0.26691 
-0.473578 -0.306478 
-0.607429 -0.115877 
-0.0809701 -0.503205 
-0.63143 -0.0467331 
0.00614747 -0.515058 
-0.624687 -0.0700868 
-0.0229771 -0.512144 
0.209446 -0.50317 
0.34545 -0.452068 
0.122923 -0.515692 
0.151989 -0.512857 
0.265607 -0.48761 
-0.616674 -0.0931357 
0.292929 -0.477448 
0.429212 -0.38982 
0.44234 -0.376722 
0.490609 -0.317471 
0.477399 -0.335637 
0.394336 -0.41972 
0.237728 -0.496165 
0.638575 -0.00783921 
0.55835 -0.200896 
0.571186 -0.177155 
0.547232 -0.221477 
0.611505 -0.0965831 
0.585549 -0.150181 
0.622225 -0.0696681 
0.630954 -0.0424318 
0.636001 -0.0217293 
0.458639 -0.358812 
-0.0520123 -0.50819 
0.519189 -0.272317 
0.0937449 -0.517274 
0.534299 -0.245366 
0.0645352 -0.517661 
-0.279271 -0.439132 
-0.407857 -0.362334 
-0.453106 -0.325497 
-0.109811 -0.497199 
0.0353215 -0.516908 
0.180842 -0.508708 
0.599164 -0.123319 
0.319603 -0.465607 
-0.49284 -0.286921 
-0.195561 -0.472953 
0.50325 -0.298516 
-0.431131 -0.344197 
