ZONE T="boundary0"
-4 0.253542 
-4 0.461019 
-4 0.168324 
-4 0.210933 
-4 0.0587526 
-4 -0.0508189 
-4 -0.533434 
-4 -0.129162 
-4 -0.870806 
-4 -1 
-4 0.825559 
-4 0.651117 
-4 0.294777 
-4 0.336011 
-4 -0.207505 
-4 0.556068 
-4 0.398515 
-4 -0.310509 
-4 -0.344844 
-4 1 
-4 -0.741613 
-4 -0.276175 
-4 -0.24184 
-4 -0.439139 
-4 -0.391992 
-4 -0.637523 
-4 0.189629 
-4 0.00396686 
-4 -0.0899904 
-4 -0.935403 
-4 0.738338 
-4 0.113538 
-4 0.27416 
-4 0.315394 
-4 -0.168333 
-4 0.508544 
-4 0.429767 
-4 0.603593 
-4 -0.327677 
-4 0.912779 
-4 -0.80621 
-4 0.232238 
-4 0.367263 
-4 -0.224672 
-4 -0.415565 
-4 -0.486286 
-4 -0.585479 
-4 -0.689568 
-4 -0.259007 
-4 -0.293342 
-4 -0.368418 
ZONE T="boundary1"
2.55856 1 
2.77688 1 
3.77836 1 
3.55672 1 
1.40238 1 
1.17774 1 
0.676742 1 
-0.0653772 1 
0.868809 1 
-0.227639 1 
0.483424 1 
1.29006 1 
-1.90323 1 
2.99521 1 
-3.21173 1 
-3.43425 1 
0.998675 1 
1.62174 1 
-2.56691 1 
-2.40099 1 
-2.9892 1 
-3.71713 1 
2.08553 1 
2.32205 1 
0.280799 1 
0.214264 1 
0.144984 1 
0.0051632 1 
0.615798 1 
0.415379 1 
0.347334 1 
0.803248 1 
0.0757036 1 
-0.146508 1 
0.549611 1 
-0.318584 1 
-0.409528 1 
-0.512058 1 
-0.614589 1 
-0.729926 1 
-0.845264 1 
1.08821 1 
-1.07713 1 
-0.961197 1 
0.737686 1 
0.933742 1 
1.51206 1 
4 1 
3.27596 1 
-2.23507 1 
-1.69686 1 
-2.06915 1 
-1.49049 1 
-4 1 
-1.29587 1 
-1.1865 1 
1.85364 1 
-2.77805 1 
2.66772 1 
3.66754 1 
-3.32299 1 
-2.48395 1 
-3.57569 1 
2.88605 1 
0.179624 1 
0.64627 1 
0.381356 1 
0.836028 1 
0.449401 1 
0.314066 1 
0.0404334 1 
-0.105943 1 
-0.030107 1 
0.516517 1 
-0.187074 1 
-0.364056 1 
-0.563323 1 
0.247531 1 
0.110344 1 
-0.460793 1 
-0.672257 1 
-0.787595 1 
1.04344 1 
-0.273111 1 
-1.01916 1 
0.770467 1 
0.966209 1 
0.901276 1 
1.45722 1 
3.88918 1 
3.41634 1 
1.34622 1 
-2.15211 1 
-1.80004 1 
-1.59367 1 
-3.85856 1 
-1.24118 1 
-1.39318 1 
2.20379 1 
1.96958 1 
1.73769 1 
-1.98619 1 
3.13559 1 
-2.31803 1 
2.4403 1 
-3.10047 1 
-2.67248 1 
-2.88363 1 
0.707214 1 
1.13297 1 
-0.903231 1 
0.582704 1 
1.2339 1 
1.5669 1 
-1.13181 1 
ZONE T="boundary2"
4 -0.630249 
4 -0.402139 
4 -0.459166 
4 -1 
4 -0.123282 
4 -0.0548227 
4 0.0232735 
4 -0.237639 
4 -0.313186 
4 -0.342837 
4 -0.516194 
4 0.10137 
4 -0.815124 
4 0.495726 
4 0.592599 
4 0.25171 
4 0.694449 
4 1 
4 0.288496 
4 0.325281 
4 0.17654 
4 0.7963 
4 -0.260587 
4 -0.191742 
4 -0.283535 
4 -0.722687 
4 0.362067 
4 0.398853 
4 -0.430652 
4 -0.0890525 
4 -0.0157746 
4 -0.328012 
4 -0.573221 
4 -0.907562 
4 0.544163 
4 0.643524 
4 0.306889 
4 0.745375 
4 0.89815 
4 -0.249113 
4 -0.21469 
4 -0.157512 
4 -0.298361 
4 -0.272061 
4 -0.372488 
4 -0.48768 
4 -0.768905 
4 0.38046 
4 0.0623216 
4 0.447289 
4 0.214125 
4 0.138955 
4 0.270103 
4 0.343674 
4 -0.676468 
ZONE T="boundary3"
-3.66817 -1 
-3.83408 -1 
0.114849 -1 
0.20302 -1 
-1.14077 -1 
-0.27166 -1 
-0.597364 -1 
0.29119 -1 
0.0205015 -1 
0.0676752 -1 
-0.788093 -1 
0.867716 -1 
-0.456561 -1 
-0.364111 -1 
0.550171 -1 
0.653758 -1 
0.760737 -1 
1.28005 -1 
4 -1 
3.6424 -1 
-3.45265 -1 
1.17763 -1 
3.46361 -1 
-1.92715 -1 
-1.75751 -1 
2.0163 -1 
-1.01237 -1 
3.28481 -1 
-2.79139 -1 
-2.56199 -1 
2.67242 -1 
2.97861 -1 
-3.23672 -1 
-4 -1 
-2.32939 -1 
-2.09679 -1 
0.247105 -1 
0.368887 -1 
0.446585 -1 
-0.0589635 -1 
-0.138428 -1 
-0.900234 -1 
-1.26916 -1 
0.97146 -1 
1.0752 -1 
-1.39755 -1 
-1.52595 -1 
1.40017 -1 
1.84374 -1 
1.68202 -1 
1.5203 -1 
2.18886 -1 
2.43064 -1 
-3.02079 -1 
-0.098696 -1 
-3.75113 -1 
0.158934 -1 
0.0440883 -1 
-0.410336 -1 
0.601964 -1 
0.707247 -1 
3.8212 -1 
-3.56041 -1 
3.55301 -1 
-1.84233 -1 
-1.07657 -1 
3.37421 -1 
-2.67669 -1 
-3.91704 -1 
-2.21309 -1 
0.091262 -1 
0.407736 -1 
0.269148 -1 
0.225062 -1 
-0.205044 -1 
-0.019231 -1 
0.330039 -1 
-0.317886 -1 
-0.692728 -1 
-0.526962 -1 
-0.844163 -1 
-0.956304 -1 
-1.20496 -1 
1.02333 -1 
0.814226 -1 
-1.33336 -1 
3.13171 -1 
-1.46175 -1 
-1.64173 -1 
1.22884 -1 
1.12642 -1 
1.76288 -1 
1.60116 -1 
2.55153 -1 
2.82552 -1 
-3.12876 -1 
2.30975 -1 
2.10258 -1 
1.93002 -1 
-2.44569 -1 
-2.01197 -1 
0.498378 -1 
-0.0788297 -1 
-0.118562 -1 
-3.34469 -1 
0.919588 -1 
1.34011 -1 
1.46024 -1 
-2.90609 -1 
ZONE T="boundary4"
0.593863 0.283158 
0.579884 0.264491 
-0.636085 0.0323675 
-0.631953 0.0676242 
-0.634484 0.0500398 
0.593356 0.485213 
0.601436 0.472009 
-0.618849 0.121711 
-0.624087 0.103593 
-0.612844 0.139732 
-0.628439 0.0856841 
-0.565892 0.240818 
-0.552165 0.264003 
0.48795 0.574256 
0.504393 0.56547 
-0.5233 0.306706 
-0.508355 0.326245 
-0.537454 0.286688 
0.612543 0.448793 
-0.435686 0.404377 
-0.454253 0.386614 
-0.49439 0.343246 
-0.416328 0.421584 
-0.396305 0.438116 
-0.376059 0.453644 
-0.294334 0.506127 
-0.335152 0.481791 
-0.314613 0.494469 
0.520572 0.555602 
-0.273675 0.51719 
-0.251728 0.528107 
-0.229424 0.538379 
-0.205011 0.54874 
-0.126396 0.576585 
-0.0979343 0.584835 
-0.0692094 0.592287 
-0.039746 0.599081 
-0.0100772 0.605104 
0.619313 0.337841 
-0.599121 0.174522 
0.536031 0.544809 
0.470983 0.58221 
0.623594 0.407898 
0.563717 0.246449 
0.408461 -0.0125044 
0.412271 0.0302567 
0.612528 0.317927 
0.604152 0.300187 
0.454148 0.589141 
0.437077 0.595317 
0.422625 0.0722677 
0.483159 0.168923 
0.526526 0.210859 
0.564083 0.520676 
0.550503 0.533215 
0.546453 0.229378 
0.0204365 0.610488 
0.0511112 0.615107 
0.0832201 0.619115 
0.183162 0.626194 
0.218004 0.626641 
0.294339 0.623366 
0.321979 0.620505 
0.625193 0.391653 
0.419778 0.6008 
0.57459 0.509556 
0.623576 0.358058 
0.625222 0.374906 
0.584326 0.497799 
-0.583387 0.208103 
0.349514 0.616603 
0.506468 0.19222 
-0.479848 0.359828 
-0.355229 0.468485 
-0.180254 0.558374 
-0.153482 0.567874 
0.461065 0.143041 
0.38524 0.609737 
0.439138 0.109622 
0.115459 0.622298 
0.149261 0.624725 
0.25289 0.62592 
0.620523 0.423772 
0.587101 0.273649 
-0.63333 0.0588433 
0.597519 0.478687 
-0.621564 0.112676 
-0.615935 0.130747 
-0.559143 0.252473 
0.496231 0.569975 
-0.51592 0.316541 
-0.530474 0.296761 
-0.445053 0.395578 
-0.501443 0.3348 
-0.406395 0.429939 
-0.386254 0.445967 
-0.324935 0.488211 
-0.426088 0.413067 
-0.21726 0.543652 
-0.284048 0.511734 
-0.112198 0.580812 
-0.0836 0.58866 
-0.0249333 0.602188 
-0.544933 0.275418 
-0.606283 0.15723 
0.528387 0.55033 
0.479516 0.57834 
0.607371 0.460588 
0.409668 0.00892834 
0.608574 0.308945 
0.445643 0.592319 
0.462604 0.585771 
0.416549 0.0515022 
0.616219 0.327783 
0.543365 0.539135 
0.512555 0.560657 
0.0671503 0.617214 
0.200578 0.626557 
0.30817 0.622059 
0.624585 0.399797 
0.569424 0.5152 
0.571968 0.255313 
0.599216 0.291544 
0.621751 0.347887 
0.62461 0.366463 
0.588953 0.491587 
0.625413 0.383282 
0.579556 0.503759 
-0.591499 0.191414 
0.555179 0.237815 
0.536528 0.220078 
-0.262745 0.522731 
-0.240616 0.533324 
0.516466 0.201585 
-0.487187 0.351593 
-0.345247 0.475218 
-0.30452 0.500374 
-0.166907 0.563225 
-0.574846 0.224561 
0.494657 0.180756 
-0.365712 0.461154 
0.471811 0.156278 
-0.467234 0.373386 
-0.139973 0.572327 
0.00516023 0.607893 
0.0357572 0.612893 
0.335764 0.618691 
0.367424 0.613435 
-0.192671 0.553648 
0.449487 0.126786 
-0.0545028 0.595783 
0.132349 0.623629 
0.273625 0.624887 
0.43009 0.091342 
0.166203 0.625583 
0.0993266 0.62081 
0.235447 0.626433 
0.557406 0.52707 
0.616979 0.43643 
0.62224 0.415873 
-0.635405 0.0412141 
0.428454 0.598142 
-0.630305 0.0766741 
0.402581 0.605561 
-0.626363 0.0946582 
ZONE T="boundary5"
0.376871 -0.285845 
0.385929 -0.269651 
0.39352 -0.252549 
-0.459354 -0.21643 
-0.477725 -0.208879 
-0.61292 -0.0926863 
-0.561681 -0.158264 
-0.552461 -0.165898 
-0.505658 -0.195693 
-0.515092 -0.190615 
-0.580152 -0.140253 
-0.533877 -0.179251 
-0.543038 -0.172973 
-0.524476 -0.185167 
-0.496352 -0.200364 
-0.589273 -0.129589 
-0.182493 -0.316077 
-0.199858 -0.309309 
-0.146941 -0.329817 
-0.165061 -0.322849 
-0.217571 -0.302427 
-0.235288 -0.295604 
-0.249911 -0.290044 
-0.060654 -0.360408 
-0.0805097 -0.3539 
-0.0405649 -0.366568 
-0.0243584 -0.371191 
-0.00799509 -0.375519 
-0.128687 -0.336709 
-0.423119 -0.229736 
-0.40511 -0.235903 
-0.628969 -0.0496542 
-0.624553 -0.0646136 
-0.441194 -0.2233 
-0.300138 -0.271601 
-0.316098 -0.265973 
-0.264613 -0.284534 
-0.387123 -0.241934 
-0.332224 -0.260392 
-0.369296 -0.247877 
-0.350637 -0.254132 
-0.636269 -0.00160327 
-0.636676 0.0153122 
-0.636085 0.0323675 
0.41113 -0.0966694 
0.411977 -0.117185 
0.196741 -0.391382 
0.21416 -0.388436 
-0.634841 -0.0181299 
0.40467 -0.215429 
0.411884 -0.157646 
0.0310456 -0.38433 
-0.282285 -0.27803 
0.114652 -0.394849 
-0.104751 -0.345465 
0.0725891 -0.391097 
0.0935631 -0.393382 
0.0114229 -0.380179 
0.051726 -0.388055 
0.248924 -0.379662 
0.136698 -0.395427 
0.180067 -0.393405 
0.231459 -0.384586 
-0.632413 -0.034102 
0.28201 -0.366969 
0.266066 -0.373687 
0.297485 -0.359211 
0.31278 -0.350128 
0.32733 -0.339909 
0.354161 -0.315565 
0.366216 -0.301251 
0.341285 -0.328303 
0.399778 -0.234345 
0.163337 -0.394713 
0.408171 -0.196626 
0.410543 -0.177382 
0.408352 -0.0338251 
0.408993 -0.0549579 
0.410033 -0.0759442 
0.412305 -0.137441 
0.408461 -0.0125044 
-0.59781 -0.118144 
-0.61918 -0.0789934 
-0.571087 -0.149608 
-0.605753 -0.105794 
0.381587 -0.277861 
0.389913 -0.261194 
-0.468569 -0.212732 
-0.557121 -0.162136 
-0.510396 -0.193189 
-0.538491 -0.176157 
-0.519809 -0.18793 
-0.529207 -0.182252 
-0.584803 -0.134991 
-0.501021 -0.198059 
-0.191178 -0.312692 
-0.156008 -0.326343 
-0.208714 -0.305862 
-0.242597 -0.292816 
-0.0706011 -0.357197 
-0.0506298 -0.363539 
-0.0161905 -0.373395 
-0.137824 -0.333279 
-0.173782 -0.319467 
-0.414114 -0.232843 
-0.487087 -0.204725 
-0.626892 -0.0571697 
-0.45029 -0.21992 
-0.30811 -0.268776 
-0.257257 -0.28728 
-0.324151 -0.263173 
-0.3782 -0.244908 
-0.341416 -0.257254 
-0.636601 0.00685125 
-0.39611 -0.23893 
0.411602 -0.10694 
0.20547 -0.390017 
-0.291202 -0.274801 
-0.116741 -0.341125 
0.0830637 -0.392338 
0.0212165 -0.382323 
0.0413681 -0.386275 
0.00169593 -0.377911 
-0.635687 -0.0098774 
-0.226428 -0.299006 
0.188416 -0.392486 
-0.633759 -0.0261343 
0.274093 -0.370455 
-0.0324751 -0.368916 
0.305218 -0.354811 
0.257544 -0.376808 
0.360354 -0.308553 
0.347862 -0.322077 
0.396833 -0.243523 
0.371725 -0.29368 
-0.0926564 -0.349735 
0.402395 -0.224946 
0.40657 -0.206069 
0.334429 -0.334254 
0.411339 -0.167538 
-0.630824 -0.0419045 
0.4086 -0.0444026 
0.410594 -0.0863214 
0.412201 -0.147562 
0.408291 -0.0231707 
0.409484 -0.0654654 
0.24023 -0.382251 
0.41222 -0.127329 
-0.273441 -0.281268 
-0.621995 -0.071848 
0.409495 -0.187036 
0.289815 -0.363221 
-0.566447 -0.153998 
-0.547793 -0.169488 
-0.575691 -0.144994 
-0.593642 -0.123935 
-0.601893 -0.112035 
-0.609456 -0.0993002 
-0.616174 -0.0858917 
0.222837 -0.386626 
0.0621421 -0.389667 
0.104099 -0.394223 
-0.432162 -0.226556 
-0.359954 -0.251001 
0.150024 -0.395272 
0.125672 -0.395264 
0.320156 -0.345161 
0.171709 -0.394146 
-0.636502 0.0238428 
