ZONE T="boundary0"
-4 -1 
-4 -0.827742 
-4 0.123905 
-4 0.336011 
-4 0.294342 
-4 0.825559 
-4 0.651117 
-4 1 
-4 0.556068 
-4 -0.655484 
-4 0.212743 
-4 0.253542 
-4 -0.0508189 
-4 -0.136706 
-4 0.0794868 
-4 -0.207505 
-4 -0.344844 
-4 -0.311574 
-4 0.377681 
-4 0.461019 
-4 -0.533434 
-4 -0.411384 
-4 0.168324 
-4 0.0350682 
-4 -0.278304 
-4 -0.242905 
-4 -0.741613 
-4 -0.913871 
-4 0.315177 
-4 0.738338 
-4 0.603593 
-4 0.233143 
-4 -0.0937624 
-4 0.508544 
-4 -0.472409 
-4 0.273942 
-4 0.146115 
-4 0.190533 
-4 0.41935 
-4 0.356846 
-4 0.0572775 
-4 -0.260604 
-4 -0.328209 
-4 -0.378114 
-4 -0.294939 
-4 -0.172105 
-4 -0.225205 
-4 -0.784677 
-4 -0.698548 
-4 -0.594459 
-4 0.912779 
-4 0.101696 
-4 -0.00787534 
ZONE T="boundary1"
-3.62284 1 
-4 1 
-3.24567 1 
1.40238 1 
0.737686 1 
0.803248 1 
0.676742 1 
0.0051632 1 
-1.29587 1 
-1.39318 1 
1.59911 1 
-0.146508 1 
0.868809 1 
0.998675 1 
0.415379 1 
0.347334 1 
-0.409528 1 
-0.512058 1 
-1.72628 1 
-1.1865 1 
-1.90323 1 
-2.08017 1 
-2.24062 1 
3.40896 1 
2.78717 1 
-2.56691 1 
-2.73273 1 
2.32995 1 
2.0831 1 
3.20325 1 
2.99754 1 
-2.9892 1 
0.483424 1 
0.549611 1 
0.615798 1 
0.144984 1 
0.214264 1 
0.280799 1 
0.0757036 1 
-0.0653772 1 
-0.227639 1 
-0.614589 1 
1.08821 1 
-0.845264 1 
3.85224 1 
3.70448 1 
-0.729926 1 
-0.961197 1 
-1.07713 1 
3.55672 1 
-1.49049 1 
-2.40108 1 
1.29006 1 
1.17774 1 
1.84111 1 
-3.43425 1 
4 1 
2.5768 1 
0.933742 1 
-0.318584 1 
-3.81142 1 
0.770467 1 
-1.34452 1 
0.381356 1 
-0.460793 1 
-1.9917 1 
-2.16039 1 
-2.64982 1 
2.20653 1 
3.3061 1 
-2.86097 1 
0.516517 1 
0.582704 1 
0.707214 1 
0.449401 1 
0.179624 1 
0.314066 1 
0.247531 1 
0.110344 1 
-0.030107 1 
-0.105943 1 
-0.187074 1 
-0.563323 1 
0.0404334 1 
1.04344 1 
-1.01916 1 
3.48284 1 
-0.903231 1 
3.6306 1 
-1.60838 1 
-1.24118 1 
-1.44183 1 
-1.13181 1 
-1.81475 1 
3.10039 1 
1.34622 1 
1.2339 1 
1.50075 1 
1.72011 1 
1.96211 1 
-3.11744 1 
-3.33996 1 
3.92612 1 
3.77836 1 
-2.32085 1 
-2.48399 1 
2.68199 1 
2.45338 1 
2.89235 1 
0.836028 1 
0.64627 1 
0.966209 1 
1.13297 1 
-0.273111 1 
-0.364056 1 
-3.52854 1 
0.901276 1 
-0.672257 1 
-0.787595 1 
ZONE T="boundary2"
4 0.029837 
4 0.10137 
4 0.172902 
4 0.398853 
4 0.705688 
4 0.852844 
4 -0.815124 
4 -0.630249 
4 -1 
4 0.25171 
4 0.284953 
4 0.212306 
4 -0.0548227 
4 -0.139482 
4 -0.402139 
4 -0.191742 
4 -0.32307 
4 0.592599 
4 1 
4 -0.516194 
4 0.318195 
4 0.358524 
4 0.47951 
4 -0.244001 
4 -0.283535 
4 -0.362604 
4 0.0656033 
4 0.137136 
4 0.779266 
4 -0.722687 
4 0.268331 
4 -0.0124928 
4 -0.0971526 
4 0.649144 
4 0.926422 
4 0.232008 
4 0.192604 
4 0.301574 
4 0.338359 
4 0.378688 
4 0.439182 
4 0.536055 
4 -0.459166 
4 -0.263768 
4 -0.342837 
4 -0.573221 
4 -0.907562 
4 -0.217871 
4 -0.165612 
4 -0.303303 
4 -0.382371 
ZONE T="boundary3"
-4 -1 
-1.64098 -1 
3.04641 -1 
3.38955 -1 
-1.02684 -1 
-0.897349 -1 
0.971115 -1 
0.867716 -1 
-0.678837 -1 
-0.577631 -1 
-0.780043 -1 
-1.1274 -1 
-0.454152 -1 
-1.52595 -1 
-1.41092 -1 
0.23241 -1 
1.6598 -1 
1.84374 -1 
3.69478 -1 
4 -1 
2.02768 -1 
2.18886 -1 
2.67242 -1 
2.35005 -1 
-2.80445 -1 
-2.53197 -1 
0.349971 -1 
-0.138428 -1 
-0.203011 -1 
-0.27166 -1 
-0.34031 -1 
-0.0738459 -1 
-0.397231 -1 
-0.515891 -1 
0.0205015 -1 
0.114849 -1 
0.0676752 -1 
0.446585 -1 
0.29119 -1 
0.653758 -1 
-1.26916 -1 
0.543199 -1 
-3.83408 -1 
-3.66817 -1 
-3.39735 -1 
-3.23714 -1 
-1.75751 -1 
0.764317 -1 
1.17929 -1 
1.0752 -1 
1.3808 -1 
1.5203 -1 
1.28005 -1 
-3.07693 -1 
-2.10709 -1 
-1.87404 -1 
2.85941 -1 
-2.31953 -1 
3.21798 -1 
-0.962094 -1 
0.919415 -1 
-0.628234 -1 
-0.838696 -1 
-1.46843 -1 
1.75177 -1 
3.84739 -1 
2.51123 -1 
-2.66821 -1 
-0.17072 -1 
-0.305985 -1 
-0.106137 -1 
-0.425691 -1 
-0.36877 -1 
-0.546761 -1 
-0.485021 -1 
-0.0266722 -1 
0.091262 -1 
0.0440883 -1 
-1.07712 -1 
-0.237336 -1 
0.173629 -1 
0.2618 -1 
-1.34004 -1 
-1.19828 -1 
0.494892 -1 
0.598478 -1 
0.398278 -1 
-0.72944 -1 
-1.58347 -1 
-3.91704 -1 
-3.53276 -1 
-3.31724 -1 
-1.69925 -1 
0.816016 -1 
1.12725 -1 
1.59005 -1 
1.22967 -1 
1.93571 -1 
-2.94069 -1 
-1.99057 -1 
-3.15703 -1 
3.54217 -1 
0.709037 -1 
2.26946 -1 
2.10827 -1 
2.76592 -1 
2.95291 -1 
-2.42575 -1 
-2.21331 -1 
0.32058 -1 
1.02316 -1 
-3.75113 -1 
1.33042 -1 
-1.81578 -1 
1.45055 -1 
ZONE T="boundary4"
-0.630459 0.0291586 
0.500815 0.527902 
0.608079 0.325321 
0.605239 0.305929 
0.469924 0.545441 
0.485477 0.537163 
-0.490776 0.300981 
-0.506396 0.281177 
-0.638878 -0.00972337 
-0.47691 0.317367 
-0.635002 0.0097607 
-0.619249 0.0681382 
-0.625183 0.0487175 
-0.612624 0.087528 
-0.57196 0.178444 
-0.552765 0.212215 
0.571046 0.462477 
0.56211 0.474121 
-0.521239 0.260834 
0.601139 0.288138 
-0.462529 0.33333 
-0.436328 0.36009 
0.57918 0.450276 
-0.397961 0.394737 
-0.377682 0.411196 
-0.41763 0.377589 
-0.335735 0.441773 
-0.316122 0.454639 
-0.356979 0.426837 
-0.296115 0.466917 
-0.235864 0.49928 
-0.257177 0.488573 
-0.276802 0.478012 
-0.21424 0.509379 
-0.190581 0.519605 
0.515911 -0.0328185 
0.515523 0.517807 
-0.0308045 0.569729 
-0.00246595 0.575687 
-0.0867629 0.555555 
-0.166621 0.529139 
0.28732 0.592956 
0.32193 0.588888 
0.608613 0.360411 
0.609127 0.344579 
0.453906 0.552968 
0.606845 0.376019 
0.552591 0.485015 
0.59076 0.428846 
0.599816 0.405754 
0.579562 0.229203 
0.570582 0.208398 
0.551775 0.161953 
0.560883 0.185372 
0.522979 0.0381167 
0.529353 0.506997 
0.421843 0.565493 
0.438029 0.559558 
0.542411 0.495336 
0.588217 0.250027 
0.0555136 0.585496 
0.149123 0.594852 
0.181531 0.596203 
0.116764 0.59252 
0.214827 0.596511 
0.0860926 0.589426 
0.373105 0.579394 
0.389266 0.575378 
0.0264594 0.580971 
0.595753 0.270418 
0.603905 0.391081 
-0.589522 0.14343 
-0.605363 0.106734 
0.534535 0.105247 
0.542345 0.133975 
-0.537435 0.236789 
-0.140613 0.538609 
-0.114326 0.547312 
-0.0589648 0.563009 
0.527766 0.071869 
0.519307 0.00258587 
0.2481 0.595644 
0.405644 0.570728 
0.356829 0.582915 
0.339422 0.586148 
0.606873 0.315594 
0.477754 0.541402 
-0.498679 0.291153 
-0.622296 0.0584523 
-0.627902 0.0389601 
-0.632811 0.0194786 
-0.616015 0.07786 
-0.562569 0.195447 
0.566673 0.468372 
-0.513911 0.271074 
-0.483907 0.309228 
0.603353 0.296996 
-0.449604 0.346882 
-0.387893 0.403055 
-0.427056 0.368922 
-0.407871 0.38625 
-0.325977 0.448281 
-0.367398 0.419105 
-0.469781 0.325404 
-0.306164 0.460853 
-0.246559 0.494003 
-0.267026 0.48336 
-0.202449 0.51458 
0.508245 0.522965 
-0.016655 0.572802 
-0.178635 0.524459 
0.30465 0.591133 
0.461961 0.549301 
0.608828 0.334938 
0.607887 0.368233 
0.557434 0.479641 
0.585286 0.439732 
0.59565 0.417442 
0.575076 0.218798 
0.556224 0.173703 
0.565677 0.196908 
-0.637023 3.52123e-05 
0.446004 0.556349 
0.547577 0.49025 
0.535981 0.501276 
0.522524 0.512511 
0.493211 0.532641 
0.165321 0.595653 
0.132934 0.593806 
0.0707897 0.587565 
0.381201 0.57745 
0.0119792 0.578425 
0.59212 0.260173 
0.583958 0.239587 
0.602004 0.398458 
0.605524 0.383579 
0.598586 0.279235 
0.609028 0.3525 
0.575217 0.456446 
-0.597717 0.1252 
0.538216 0.119672 
-0.60907 0.0971598 
-0.52945 0.248887 
-0.58098 0.161057 
-0.346421 0.434396 
-0.225087 0.504406 
-0.153653 0.533972 
-0.127501 0.543056 
-0.286497 0.472532 
-0.0728901 0.55938 
0.546865 0.14803 
0.530872 0.0886148 
-0.0449075 0.566466 
0.101417 0.591078 
-0.100574 0.551534 
0.525162 0.0550228 
0.0409718 0.583328 
0.521035 0.0203624 
0.231468 0.59623 
0.198177 0.596498 
0.517652 -0.0151207 
0.267726 0.594537 
0.413766 0.568187 
0.429966 0.562608 
0.397476 0.573124 
0.364981 0.581214 
0.348136 0.584595 
-0.545204 0.224566 
0.330686 0.587578 
ZONE T="boundary5"
-0.641581 -0.176918 
-0.62239 -0.241134 
-0.646204 -0.14132 
-0.644309 -0.159232 
-0.533851 -0.327653 
-0.47283 -0.33441 
-0.482617 -0.335012 
-0.583587 -0.297438 
-0.592508 -0.288264 
-0.54413 -0.323664 
-0.554451 -0.318623 
-0.564428 -0.312639 
-0.600706 -0.278299 
-0.513156 -0.332942 
-0.502798 -0.334358 
-0.492772 -0.335015 
-0.523405 -0.330754 
-0.287236 -0.275278 
-0.269843 -0.271663 
-0.43455 -0.327123 
-0.425246 -0.324357 
-0.453418 -0.331622 
-0.463186 -0.333278 
-0.444035 -0.329585 
-0.0817393 -0.2878 
-0.0532923 -0.295862 
-0.304479 -0.279792 
-0.331165 -0.288425 
-0.182886 -0.268 
-0.204526 -0.266759 
-0.248215 -0.268531 
-0.22627 -0.266896 
-0.138327 -0.27434 
-0.160343 -0.270624 
-0.628249 -0.226721 
-0.633567 -0.21076 
0.0831508 -0.331944 
0.0624527 -0.327552 
-0.647319 -0.123126 
-0.647687 -0.104678 
-0.642031 -0.0289781 
-0.638878 -0.00972337 
-0.608582 -0.266968 
-0.615715 -0.254773 
-0.574228 -0.305541 
-0.387627 -0.31062 
-0.397361 -0.314455 
0.513909 -0.0506614 
-0.647327 -0.0859642 
0.193742 -0.343473 
0.176529 -0.3432 
-0.644487 -0.0480823 
0.515911 -0.0328185 
0.481276 -0.174249 
0.384693 -0.290352 
0.40032 -0.278895 
0.12651 -0.339071 
0.149155 -0.341527 
0.104084 -0.335759 
0.0398591 -0.322142 
0.318207 -0.323483 
0.335403 -0.316886 
-0.646263 -0.0671796 
0.21099 -0.343101 
0.247172 -0.340052 
0.22908 -0.341977 
0.265602 -0.337208 
0.30117 -0.328923 
-0.0369433 -0.300647 
0.0175466 -0.31628 
-0.00156851 -0.310944 
-0.0205209 -0.305465 
0.35218 -0.309245 
0.368776 -0.300345 
0.428532 -0.252921 
0.415018 -0.266328 
0.441073 -0.238582 
0.452812 -0.223188 
0.488662 -0.157102 
0.495077 -0.139508 
0.504908 -0.104102 
0.500421 -0.121962 
0.508544 -0.0863443 
0.511518 -0.0684026 
-0.637991 -0.194192 
0.283904 -0.333433 
-0.356843 -0.298178 
0.463549 -0.207052 
-0.377924 -0.306705 
-0.367391 -0.302423 
0.472915 -0.190893 
-0.110247 -0.280442 
-0.406662 -0.317975 
-0.416027 -0.321317 
-0.645359 -0.150287 
-0.47772 -0.334782 
-0.588145 -0.292946 
-0.549345 -0.321254 
-0.559504 -0.315738 
-0.50799 -0.333745 
-0.539032 -0.325765 
-0.497791 -0.334771 
-0.528659 -0.329309 
-0.278564 -0.273355 
-0.429887 -0.325778 
-0.448715 -0.330653 
-0.458292 -0.33251 
-0.0674953 -0.291775 
-0.468001 -0.333908 
-0.295885 -0.27743 
-0.317889 -0.2839 
-0.193696 -0.267215 
-0.259056 -0.269911 
-0.237257 -0.267523 
-0.149315 -0.272354 
-0.631034 -0.218783 
0.072787 -0.329817 
-0.487695 -0.335095 
-0.646858 -0.132229 
-0.647596 -0.113904 
-0.640536 -0.0193373 
-0.604759 -0.272713 
-0.612264 -0.260938 
-0.578995 -0.30159 
-0.569405 -0.309197 
-0.392489 -0.312551 
-0.647596 -0.0953197 
0.185136 -0.343415 
-0.643342 -0.0385194 
0.51495 -0.0417452 
0.392612 -0.284768 
0.13782 -0.340414 
0.162831 -0.342547 
0.0936032 -0.333932 
0.0511394 -0.324917 
0.326854 -0.320313 
-0.646881 -0.0765672 
0.202366 -0.34337 
0.238137 -0.341116 
-0.0451157 -0.298249 
0.00798071 -0.313639 
0.309726 -0.32632 
-0.643055 -0.168092 
-0.0287328 -0.303059 
0.421896 -0.259747 
0.447069 -0.230982 
0.434925 -0.24586 
-0.625438 -0.233976 
0.407787 -0.27275 
0.343851 -0.313197 
0.360552 -0.304934 
0.256404 -0.338743 
0.497862 -0.130769 
0.491993 -0.14835 
0.506817 -0.0952401 
0.485094 -0.165729 
-0.011049 -0.30822 
0.50277 -0.113059 
-0.171596 -0.269154 
0.512771 -0.0595395 
-0.215401 -0.266648 
-0.639903 -0.185579 
0.274777 -0.335439 
-0.6359 -0.202508 
0.220041 -0.342635 
0.510107 -0.0773879 
0.292566 -0.33129 
0.458308 -0.215205 
-0.372658 -0.304564 
0.115282 -0.337518 
-0.64546 -0.057623 
0.477219 -0.182633 
0.0286889 -0.319264 
-0.0959643 -0.28401 
-0.518302 -0.331946 
-0.439281 -0.3284 
-0.596708 -0.283365 
-0.619176 -0.248014 
-0.382773 -0.308669 
-0.402004 -0.316234 
-0.36212 -0.300292 
-0.344048 -0.293183 
0.376821 -0.295487 
0.468353 -0.199043 
-0.124251 -0.27723 
-0.411335 -0.319671 
-0.420627 -0.322868 
