ZONE T="boundary0"
-4 -0.317771 
-4 -0.35569 
-4 0.0904944 
-4 0.238795 
-4 0.171726 
-4 0.291703 
-4 0.518269 
-4 0.337754 
-4 0.862363 
-4 0.13111 
-4 0.0342207 
-4 0.621497 
-4 -0.678124 
-4 0.451037 
-4 0.383804 
-4 -0.0220529 
-4 -0.410214 
-4 -0.464738 
-4 -0.279851 
-4 -0.247255 
-4 -0.214658 
-4 -0.0857589 
-4 -0.149465 
-4 -0.571431 
-4 -1 
-4 1 
-4 0.724725 
-4 -0.182061 
-4 -0.33673 
-4 0.20526 
-4 0.265249 
-4 0.314728 
-4 0.110802 
-4 0.569883 
-4 0.41742 
-4 0.00608393 
-4 0.0623576 
-4 0.151418 
-4 -0.437476 
-4 -0.298811 
-4 -0.230956 
-4 -0.0539059 
-4 -0.117612 
-4 0.360779 
-4 -0.624777 
-4 0.484653 
-4 -0.839062 
-4 0.931181 
-4 0.673111 
-4 0.793544 
-4 -0.263553 
-4 -0.165763 
-4 -0.19836 
-4 -0.382952 
-4 -0.518084 
ZONE T="boundary1"
-3.83324 1 
-0.737167 1 
-0.694348 1 
0.311377 1 
3.07202 1 
3.29029 1 
-0.164655 1 
-0.275339 1 
3.87714 1 
3.75428 1 
0.768223 1 
0.570104 1 
2.35188 1 
-2.40372 1 
1.72992 1 
1.40951 1 
1.27576 1 
-3.08124 1 
1.91659 1 
-2.82951 1 
2.5878 1 
-0.887568 1 
-0.937701 1 
-0.65153 1 
-0.0479531 1 
-0.00214018 1 
0.0894857 1 
0.0436728 1 
-0.106304 1 
-0.343791 1 
-0.412242 1 
-0.531886 1 
-0.472064 1 
-0.591708 1 
0.267357 1 
0.661835 1 
0.394874 1 
0.478372 1 
0.223338 1 
0.135299 1 
0.874611 1 
0.974714 1 
1.07482 1 
1.17529 1 
1.54325 1 
-1.19228 1 
-3.66648 1 
-1.30305 1 
-1.41381 1 
-1.54656 1 
-1.6793 1 
-1.84527 1 
-2.01125 1 
-4 1 
2.82372 1 
-3.49973 1 
-1.06499 1 
-3.33297 1 
1.63659 1 
-2.20749 1 
-2.61661 1 
2.13423 1 
-0.837434 1 
-0.787301 1 
3.63142 1 
3.50856 1 
3.39942 1 
4 1 
-0.715758 1 
3.18115 1 
3.81571 1 
1.34264 1 
-2.95537 1 
2.46984 1 
-0.912635 1 
-0.672939 1 
-0.0250467 1 
0.0665793 1 
-0.135479 1 
-0.0771285 1 
-0.219997 1 
-0.378016 1 
-0.309565 1 
-0.501975 1 
-0.561797 1 
0.0207663 1 
0.289367 1 
0.61597 1 
0.353126 1 
0.436623 1 
-0.621619 1 
0.715029 1 
0.524238 1 
0.179318 1 
0.821417 1 
0.924662 1 
1.02477 1 
1.22553 1 
1.12505 1 
1.47638 1 
-1.35843 1 
-1.61293 1 
-1.76228 1 
-1.92826 1 
-3.91662 1 
2.94787 1 
-3.5831 1 
-1.12863 1 
-3.2071 1 
1.82325 1 
1.58992 1 
-2.10937 1 
-2.51017 1 
-2.72306 1 
-2.30561 1 
-3.41635 1 
-3.74986 1 
2.70576 1 
2.24305 1 
2.02541 1 
-0.442153 1 
0.112392 1 
0.245348 1 
-0.812368 1 
-0.762234 1 
-0.862501 1 
3.69285 1 
3.45399 1 
3.56999 1 
3.34485 1 
3.93857 1 
-1.48018 1 
-1.00135 1 
-1.24766 1 
1.68325 1 
ZONE T="boundary2"
4 -0.730364 
4 -0.309902 
4 -0.0682479 
4 -0.250339 
4 -0.224027 
4 -0.343155 
4 -0.404154 
4 0.309913 
4 0.282412 
4 0.476565 
4 0.396774 
4 -0.119826 
4 0.353344 
4 0.667267 
4 0.571916 
4 -0.541735 
4 0.0130792 
4 0.199911 
4 -0.865182 
4 -0.472945 
4 -0.27665 
4 -0.171405 
4 0.0944063 
4 0.254912 
4 0.147159 
4 -1 
4 0.833633 
4 1 
4 -0.237183 
4 -0.373655 
4 0.296163 
4 0.43667 
4 0.331628 
4 0.619591 
4 -0.797773 
4 -0.293276 
4 -0.326529 
4 -0.197716 
4 -0.0940371 
4 -0.0275843 
4 -0.145616 
4 0.0537428 
4 0.52424 
4 0.375059 
4 0.173535 
4 -0.50734 
4 -0.43855 
4 -0.636049 
4 -0.932591 
4 -0.263494 
4 0.268662 
4 0.227412 
4 0.120783 
4 0.75045 
4 0.916817 
ZONE T="boundary3"
-2.07737 -1 
-1.72321 -1 
-0.50396 -1 
-0.414609 -1 
0.0559715 -1 
3.23819 -1 
0.4573 -1 
-1.2327 -1 
-1.05399 -1 
-0.708228 -1 
-1.14334 -1 
3.70385 -1 
3.40771 -1 
1.75278 -1 
-0.938566 -1 
3.06868 -1 
2.38619 -1 
2.56269 -1 
2.73919 -1 
-3.37461 -1 
-3.24118 -1 
2.14155 -1 
-0.294302 -1 
0.184142 -1 
-0.00757807 -1 
0.120057 -1 
-0.187803 -1 
-0.129465 -1 
-0.0711276 -1 
0.315803 -1 
-0.241052 -1 
-0.823145 -1 
-0.593311 -1 
0.249973 -1 
0.789366 -1 
0.89168 -1 
0.62523 -1 
0.541265 -1 
0.993993 -1 
1.08765 -1 
3.875 -1 
4 -1 
0.707298 -1 
-4 -1 
-3.75402 -1 
-3.50804 -1 
1.1813 -1 
-1.43305 -1 
-1.57813 -1 
1.60865 -1 
1.35817 -1 
-2.97431 -1 
-2.72633 -1 
1.89691 -1 
2.90393 -1 
-2.60234 -1 
-2.47836 -1 
-2.27786 -1 
-1.33287 -1 
-0.354456 -1 
-1.90029 -1 
-0.459285 -1 
-1.18802 -1 
3.55578 -1 
-0.996277 -1 
2.65094 -1 
-3.30789 -1 
0.0241967 -1 
0.1521 -1 
-0.100296 -1 
-0.214428 -1 
-0.158634 -1 
-0.880856 -1 
-0.548635 -1 
-0.765686 -1 
-0.650769 -1 
0.840523 -1 
0.386552 -1 
0.583247 -1 
0.282888 -1 
0.942837 -1 
3.9375 -1 
0.748332 -1 
-3.87701 -1 
3.78943 -1 
-3.63103 -1 
-1.09866 -1 
1.13447 -1 
-1.65067 -1 
1.48341 -1 
-2.85032 -1 
2.01923 -1 
-3.10774 -1 
1.26973 -1 
2.9863 -1 
-2.54035 -1 
1.82485 -1 
1.68072 -1 
3.15343 -1 
3.32295 -1 
2.47444 -1 
2.26387 -1 
-2.17762 -1 
0.0880142 -1 
0.499282 -1 
0.666264 -1 
-0.384533 -1 
-0.267677 -1 
-0.324379 -1 
-0.0393528 -1 
0.217057 -1 
-1.38296 -1 
2.82156 -1 
-1.28278 -1 
-1.50559 -1 
-3.44133 -1 
1.04082 -1 
-2.37811 -1 
-2.66434 -1 
ZONE T="boundary4"
-0.593752 0.239788 
-0.297236 0.393237 
-0.274437 0.392025 
-0.319982 0.393618 
-0.633728 0.015971 
-0.635823 0.0389495 
-0.636632 0.0621231 
-0.636098 0.0854397 
-0.521661 0.328452 
-0.508388 0.338622 
0.634519 0.0755205 
0.636611 0.0595578 
-0.250862 0.39009 
-0.63417 0.108792 
-0.625974 0.15514 
-0.630806 0.13206 
0.54474 0.243356 
-0.619684 0.177832 
-0.612607 0.198311 
-0.603805 0.219443 
-0.569924 0.277646 
-0.582472 0.259226 
0.605499 0.161206 
0.618008 0.134309 
0.612067 0.147965 
-0.558613 0.292002 
0.406353 0.329048 
0.432824 0.318744 
-0.546835 0.305148 
0.631443 0.0914417 
-0.49405 0.348251 
-0.534363 0.31742 
0.582398 0.198602 
0.573779 0.210198 
-0.463311 0.364879 
-0.445963 0.372197 
0.590579 0.186588 
0.627448 0.107021 
-0.479223 0.356903 
-0.406367 0.384278 
-0.385366 0.388445 
0.555049 0.232485 
-0.0999529 0.372699 
-0.0730971 0.370233 
0.598303 0.174113 
-0.126864 0.375561 
-0.364092 0.391315 
-0.42635 0.378926 
-0.34213 0.39302 
-0.227293 0.387652 
-0.20272 0.384773 
-0.17819 0.381739 
-0.152504 0.378569 
0.381481 0.337012 
0.0126904 0.36529 
0.635542 -0.00474157 
0.356388 0.343603 
0.328568 0.349447 
0.637741 0.0435492 
0.510329 0.273782 
0.458715 0.306509 
0.637924 0.0274049 
0.564613 0.221551 
0.534054 0.253718 
0.0728969 0.364059 
0.10366 0.363801 
0.135843 0.363554 
0.0420889 0.36452 
0.235242 0.360501 
0.267953 0.357871 
0.300618 0.353987 
0.623066 0.120836 
0.637183 0.0113561 
-0.0449134 0.368116 
-0.0168056 0.366495 
0.168022 0.363111 
0.201619 0.362182 
0.485079 0.291391 
0.522426 0.264028 
-0.285832 0.392724 
-0.634934 0.0274458 
-0.636536 0.0737852 
-0.515103 0.333639 
0.635685 0.0675549 
-0.262644 0.391132 
-0.632668 0.120452 
-0.616299 0.188124 
-0.623012 0.166537 
-0.576369 0.268553 
0.615125 0.141175 
-0.608375 0.208947 
0.419674 0.324117 
-0.552827 0.298667 
0.633101 0.0835044 
0.578147 0.204444 
-0.454698 0.368682 
0.586552 0.192639 
0.629561 0.0992609 
-0.486704 0.352693 
-0.3959 0.386531 
0.549951 0.237974 
-0.0865299 0.371414 
0.601977 0.167702 
-0.528097 0.323033 
-0.436216 0.375735 
-0.331059 0.393449 
0.594511 0.180394 
-0.239072 0.388921 
-0.215003 0.386243 
-0.165349 0.380143 
0.393973 0.333204 
-0.540696 0.311382 
-0.598943 0.229697 
-0.636392 0.0505307 
0.342514 0.346696 
-0.308607 0.393543 
-0.190454 0.383265 
0.368976 0.340466 
0.445882 0.312865 
0.637951 0.0354783 
0.569252 0.21592 
0.539452 0.248594 
0.559885 0.227065 
0.0882783 0.363916 
-0.113413 0.374087 
0.119752 0.363688 
-0.139687 0.377038 
0.0273871 0.364857 
0.251609 0.359325 
0.314617 0.351867 
0.625348 0.113957 
0.608864 0.154626 
0.620623 0.127605 
0.637295 0.0515619 
0.636472 0.0032961 
0.637667 0.0193752 
-0.471331 0.361019 
-0.501295 0.34355 
-0.635311 0.0971303 
-0.628573 0.143639 
0.0574932 0.364254 
-0.0308632 0.367246 
0.284306 0.356101 
0.151933 0.363372 
0.184823 0.362723 
-0.00205964 0.365833 
-0.0590099 0.369113 
0.472057 0.29923 
0.218436 0.361453 
-0.564383 0.284914 
-0.416403 0.381769 
-0.37475 0.390037 
-0.353122 0.392316 
-0.58828 0.249605 
0.528298 0.258942 
0.516437 0.268975 
0.497906 0.282876 
ZONE T="boundary5"
-0.509009 -0.256624 
-0.523854 -0.237799 
-0.596925 -0.116071 
-0.494174 -0.274091 
-0.605752 -0.0947907 
-0.613535 -0.0732461 
-0.587089 -0.13706 
-0.538046 -0.218477 
0.465303 -0.374076 
-0.633728 0.015971 
-0.620268 -0.051369 
0.629764 -0.0366613 
0.621028 -0.0682411 
-0.576272 -0.157758 
-0.630403 -0.00676742 
-0.625898 -0.0292288 
-0.396461 -0.363839 
-0.414778 -0.349611 
0.609859 -0.0995808 
-0.205647 -0.467874 
-0.229799 -0.4583 
-0.338174 -0.403321 
-0.317951 -0.415233 
-0.25363 -0.447964 
-0.275667 -0.437579 
0.418247 -0.420097 
0.442577 -0.398254 
-0.358138 -0.390706 
-0.180047 -0.477086 
-0.12743 -0.493171 
-0.154162 -0.485464 
-0.100464 -0.500005 
-0.463543 -0.306362 
-0.478684 -0.290997 
0.596722 -0.131209 
-0.564498 -0.178179 
-0.551645 -0.198571 
-0.377686 -0.377463 
-0.447881 -0.321206 
-0.431561 -0.335676 
0.402142 -0.432667 
0.385507 -0.444306 
0.582639 -0.162517 
-0.0729063 -0.506043 
0.0696969 -0.522414 
0.040615 -0.521111 
-0.0451742 -0.511173 
0.0115757 -0.518754 
-0.0168554 -0.515445 
0.218359 -0.510652 
0.188547 -0.515764 
0.12895 -0.521639 
0.0993581 -0.522619 
0.158707 -0.519389 
0.248346 -0.503853 
0.278168 -0.495245 
0.307702 -0.48466 
0.361477 -0.459024 
0.336729 -0.471954 
0.496034 -0.333792 
0.481163 -0.354532 
0.514085 -0.304859 
0.505287 -0.31952 
0.530686 -0.274027 
0.568851 -0.192404 
0.55507 -0.222379 
0.633061 -0.0206961 
0.635542 -0.00474157 
-0.29737 -0.426524 
0.543114 -0.248309 
-0.516515 -0.247277 
-0.609771 -0.0840644 
-0.531031 -0.228197 
-0.617035 -0.0623487 
0.625721 -0.0525411 
-0.58179 -0.147466 
-0.632217 0.0045795 
-0.623222 -0.0403342 
-0.405678 -0.356801 
-0.217761 -0.463182 
-0.328109 -0.409355 
-0.264688 -0.442856 
0.430643 -0.409434 
-0.192885 -0.472584 
-0.167139 -0.481379 
-0.47118 -0.298745 
0.60345 -0.115461 
-0.570489 -0.168028 
-0.544934 -0.208584 
-0.387128 -0.370727 
-0.367965 -0.384163 
-0.455775 -0.31385 
-0.423225 -0.34271 
0.393899 -0.438594 
-0.348206 -0.397092 
0.589751 -0.146895 
-0.241756 -0.453227 
-0.601461 -0.105481 
0.0551499 -0.521896 
-0.0590613 -0.508722 
-0.00265399 -0.517221 
-0.592123 -0.12662 
-0.55817 -0.188437 
0.203486 -0.513398 
0.114159 -0.522281 
0.143841 -0.520677 
0.263322 -0.499774 
-0.486509 -0.282617 
0.37362 -0.451875 
0.34921 -0.465694 
0.410277 -0.426489 
0.454195 -0.386405 
0.48875 -0.34427 
0.509747 -0.312226 
0.500724 -0.326697 
0.473383 -0.364425 
0.522608 -0.289563 
0.56195 -0.207386 
0.634403 -0.0127348 
0.549116 -0.235355 
0.536994 -0.261214 
0.631508 -0.0286985 
0.615687 -0.0839978 
-0.439781 -0.328508 
-0.501673 -0.265426 
-0.628296 -0.0180273 
-0.307704 -0.420956 
-0.286561 -0.432135 
-0.0867101 -0.503137 
-0.113975 -0.496697 
0.0845265 -0.522662 
0.2334 -0.507461 
0.293022 -0.490195 
-0.0310328 -0.513428 
-0.140827 -0.489427 
0.0260849 -0.520061 
0.173649 -0.517752 
0.322328 -0.478565 
0.575753 -0.177464 
