ZONE T="boundary0"
-4 -0.217374 
-4 -0.169298 
-4 -0.318047 
-4 -0.359221 
-4 0.21874 
-4 -0.0276626 
-4 0.46364 
-4 0.353534 
-4 0.73182 
-4 1 
-4 0.59773 
-4 0.309432 
-4 0.17215 
-4 -0.571575 
-4 -1 
-4 -0.839062 
-4 -0.276874 
-4 -0.0744423 
-4 -0.121222 
-4 -0.247124 
-4 -0.412123 
-4 0.265329 
-4 0.119023 
-4 0.0658969 
-4 -0.678124 
-4 -0.465026 
-4 -0.193336 
-4 -0.338634 
-4 0.408587 
-4 0.86591 
-4 0.530685 
-4 0.664775 
-4 -0.919531 
-4 -0.0978322 
-4 -0.14526 
-4 0.28738 
-4 0.195445 
-4 0.0924601 
-4 0.242034 
-4 0.331483 
-4 0.0191172 
-4 0.145587 
-4 -0.624849 
-4 -0.0510524 
-4 -0.758593 
-4 -0.232249 
-4 -0.29746 
-4 -0.438575 
-4 -0.385672 
-4 -0.518301 
-4 -0.261999 
ZONE T="boundary1"
-4 1 
0.879852 1 
0.995226 1 
-0.00889655 1 
0.0472946 1 
-0.19087 1 
0.543561 1 
0.764479 1 
4 1 
0.105356 1 
0.163419 1 
-0.633254 1 
-3.75297 1 
-1.54482 1 
3.74476 1 
3.48953 1 
1.80495 1 
-1.4367 1 
1.16163 1 
1.07843 1 
1.60139 1 
2.15932 1 
2.00851 1 
-2.17991 1 
-3.04581 1 
-3.27103 1 
-3.512 1 
-2.60379 1 
-2.387 1 
2.31014 1 
3.23429 1 
2.97905 1 
2.61178 1 
2.79541 1 
0.303246 1 
-0.303697 1 
-0.435215 1 
0.658869 1 
0.428252 1 
-0.0650877 1 
-0.127979 1 
-0.857192 1 
1.39064 1 
1.27614 1 
-0.745223 1 
1.49601 1 
0.233332 1 
-1.09254 1 
-0.974863 1 
-1.32858 1 
-1.21056 1 
-1.75882 1 
-1.97282 1 
-2.82058 1 
0.937539 1 
0.822165 1 
0.134388 1 
-3.87648 1 
3.61714 1 
1.12003 1 
2.08392 1 
-3.39151 1 
-2.4954 1 
3.10667 1 
2.70359 1 
-0.247283 1 
-0.534234 1 
-0.369456 1 
0.601215 1 
1.03683 1 
0.0763256 1 
-0.0369921 1 
0.019199 1 
0.711674 1 
-0.159424 1 
0.485907 1 
-3.63248 1 
1.33339 1 
-0.689238 1 
0.365749 1 
0.268289 1 
1.5487 1 
1.70317 1 
1.44333 1 
-1.0337 1 
-1.49076 1 
-1.38264 1 
-1.86582 1 
-1.65182 1 
3.87238 1 
1.21888 1 
-2.07637 1 
-3.15842 1 
1.90673 1 
2.23473 1 
2.88723 1 
2.46096 1 
-2.9332 1 
-2.71219 1 
-0.0965332 1 
0.198375 1 
-0.801207 1 
-0.916028 1 
-1.15155 1 
-1.26957 1 
3.36191 1 
-2.28346 1 
ZONE T="boundary2"
4 -0.849863 
4 0.106918 
4 0.278162 
4 0.586179 
4 0.3632 
4 0.320681 
4 0.448239 
4 0.793089 
4 1 
4 -0.699727 
4 -1 
4 0.245862 
4 0.16024 
4 0.213563 
4 -0.0224415 
4 -0.20015 
4 -0.390811 
4 -0.350583 
4 -0.310356 
4 -0.270128 
4 -0.565383 
4 -0.431039 
4 -0.130172 
4 -0.0763065 
4 0.341941 
4 0.896545 
4 0.133579 
4 0.299421 
4 0.405719 
4 0.517209 
4 0.186902 
4 0.042238 
4 -0.370697 
4 -0.290242 
4 0.689634 
4 -0.498211 
4 -0.632555 
4 -0.924932 
4 -0.774795 
4 0.262012 
4 0.229713 
4 -0.165161 
4 -0.330469 
4 -0.235139 
4 -0.410925 
4 -0.103239 
4 -0.049374 
ZONE T="boundary3"
-0.0367075 -1 
-0.0981957 -1 
1.364 -1 
1.43487 -1 
-0.687224 -1 
-0.435068 -1 
-0.917159 -1 
-0.986348 -1 
-1.24331 -1 
0.185914 -1 
0.283638 -1 
-1.39967 -1 
-0.797082 -1 
-0.320642 -1 
0.130259 -1 
1.50574 -1 
-1.05554 -1 
-1.14942 -1 
1.67837 -1 
1.98363 -1 
1.831 -1 
-1.78349 -1 
2.36781 -1 
2.66947 -1 
2.885 -1 
4 -1 
3.55027 -1 
-2.89111 -1 
-2.18218 -1 
3.10053 -1 
-4 -1 
-3.66311 -1 
-3.32621 -1 
-2.01094 -1 
3.3254 -1 
-2.35343 -1 
-2.62227 -1 
0.383355 -1 
-0.591533 -1 
-0.495843 -1 
-0.213336 -1 
-0.159684 -1 
0.483071 -1 
0.0746033 -1 
-0.266989 -1 
-0.374294 -1 
0.701489 -1 
1.05697 -1 
1.1757 -1 
0.59228 -1 
0.819864 -1 
-1.59158 -1 
-1.49563 -1 
0.938239 -1 
1.26985 -1 
-3.10866 -1 
2.17572 -1 
-0.0674516 -1 
1.39943 -1 
-0.951754 -1 
0.234776 -1 
-0.857121 -1 
1.59205 -1 
1.90731 -1 
2.51864 -1 
3.77513 -1 
2.99276 -1 
-3.49466 -1 
-2.75669 -1 
0.333497 -1 
-0.543688 -1 
-0.639378 -1 
-0.742153 -1 
-0.18651 -1 
-1.19637 -1 
-1.10248 -1 
0.433213 -1 
0.158086 -1 
-0.12894 -1 
0.0189479 -1 
-0.240163 -1 
-0.293815 -1 
-0.465456 -1 
-1.32149 -1 
1.11634 -1 
0.760676 -1 
-1.5436 -1 
0.537675 -1 
0.646884 -1 
-1.68754 -1 
-1.02094 -1 
1.47031 -1 
1.31692 -1 
-1.89722 -1 
3.43783 -1 
-3.83155 -1 
3.21296 -1 
-3.21744 -1 
2.07967 -1 
2.27177 -1 
2.77723 -1 
1.75468 -1 
-2.99989 -1 
0.102431 -1 
-0.347468 -1 
-0.404681 -1 
0.997605 -1 
1.22278 -1 
-1.44765 -1 
0.879052 -1 
-2.48785 -1 
-2.26781 -1 
-2.09656 -1 
ZONE T="boundary4"
-0.528041 0.230267 
-0.512832 0.250025 
-0.617506 0.054779 
-0.623539 0.0311874 
-0.360718 0.387212 
-0.339745 0.400511 
-0.318334 0.413107 
-0.249495 0.447684 
-0.225588 0.457801 
-0.631542 -0.0160019 
-0.628216 0.00758724 
0.555095 0.225602 
0.540268 0.255737 
0.638733 0.000977035 
0.639923 -0.0139204 
-0.45908 0.308986 
0.438931 0.396878 
0.425764 0.408671 
-0.295893 0.425326 
-0.61014 0.078263 
-0.601469 0.101563 
-0.591527 0.124619 
-0.556219 0.189253 
-0.569151 0.167835 
-0.54254 0.209977 
0.451731 0.384349 
0.464017 0.371214 
-0.580399 0.1473 
-0.200964 0.467299 
-0.176045 0.476003 
-0.124477 0.491289 
-0.150382 0.484058 
-0.485388 0.282073 
-0.472444 0.295729 
-0.49939 0.266283 
0.486043 0.344506 
-0.431303 0.334199 
-0.415704 0.347158 
-0.380453 0.373756 
-0.399724 0.359649 
-0.273054 0.436799 
-0.0708821 0.503505 
-0.0431809 0.508413 
-0.0153485 0.512399 
0.0133553 0.515517 
-0.445376 0.321792 
0.475275 0.358111 
0.397812 0.430545 
0.321422 0.473722 
0.352722 0.458517 
0.569689 0.195407 
0.6307 0.0456468 
0.634087 0.0307854 
0.412127 0.419842 
0.383055 0.440595 
0.496456 0.33024 
0.515342 0.301187 
0.0421243 0.517623 
0.101608 0.518638 
0.0718754 0.518706 
-0.0977742 0.49783 
0.132427 0.517298 
0.289739 0.486256 
0.163072 0.514604 
0.257929 0.496366 
0.532253 0.271241 
0.626644 0.0605231 
0.616733 0.0902319 
0.59473 0.142653 
0.582352 0.169059 
0.606232 0.116621 
0.636786 0.0158321 
0.194794 0.510274 
0.226227 0.504293 
-0.520526 0.240215 
-0.620683 0.0430227 
-0.329092 0.406897 
-0.237582 0.452839 
-0.630045 -0.00418591 
0.547742 0.240699 
0.432412 0.402848 
-0.307165 0.41931 
-0.613979 0.0665685 
-0.596643 0.113152 
-0.605955 0.0899678 
-0.562798 0.178612 
-0.549479 0.199681 
0.457945 0.37785 
-0.586099 0.136025 
-0.535381 0.220187 
-0.188539 0.47175 
-0.137458 0.487776 
-0.478969 0.288951 
-0.492458 0.274239 
-0.465812 0.302408 
-0.423553 0.340737 
-0.370642 0.380565 
-0.40776 0.353462 
-0.213315 0.462649 
-0.284521 0.431156 
-0.0570509 0.506074 
-0.0010088 0.514083 
-0.506179 0.25821 
0.469712 0.364721 
0.337221 0.466428 
-0.350288 0.39395 
0.632475 0.0382345 
0.419006 0.414332 
0.390488 0.435652 
0.405028 0.425274 
-0.390149 0.366784 
0.491317 0.337424 
0.506144 0.31588 
0.0867438 0.518818 
0.305694 0.480274 
0.273919 0.491572 
-0.626041 0.019418 
0.480725 0.351363 
0.621944 0.0754603 
-0.452275 0.31544 
0.576037 0.182237 
0.611633 0.103483 
-0.438384 0.328046 
0.445399 0.390685 
0.637851 0.0084166 
0.635525 0.0233245 
0.628747 0.0531053 
0.562398 0.210503 
-0.261319 0.442338 
0.588593 0.155876 
-0.574883 0.157626 
0.639424 -0.00646374 
0.536299 0.26351 
-0.111152 0.494667 
-0.0843506 0.500775 
0.0277319 0.516698 
0.0569965 0.518305 
-0.163245 0.480133 
-0.0292803 0.510522 
0.117027 0.518133 
0.147767 0.516125 
0.600578 0.129676 
0.178963 0.512639 
0.242139 0.500566 
0.210553 0.507496 
0.368075 0.449876 
0.524003 0.286336 
ZONE T="boundary5"
-0.374555 -0.395784 
-0.399974 -0.390265 
-0.57687 -0.262575 
-0.589036 -0.241964 
-0.633372 -0.0861803 
-0.634121 -0.0629356 
0.322953 -0.348637 
-0.631252 -0.109287 
-0.622854 -0.154828 
-0.627754 -0.132169 
0.640327 -0.0286862 
0.639939 -0.0434527 
0.615327 -0.142088 
-0.322598 -0.401471 
0.593804 -0.181098 
0.601644 -0.168362 
-0.631542 -0.0160019 
-0.296201 -0.402008 
-0.282977 -0.401793 
-0.243046 -0.39957 
-0.216295 -0.397075 
0.630457 -0.100993 
-0.563317 -0.28207 
0.639923 -0.0139204 
-0.548253 -0.300487 
-0.531523 -0.317869 
-0.135186 -0.387223 
-0.162317 -0.390685 
0.576712 -0.205144 
-0.0799906 -0.380536 
-0.107557 -0.38377 
0.585495 -0.19333 
-0.493349 -0.34866 
-0.471466 -0.362053 
0.608886 -0.155241 
0.546895 -0.239086 
0.524705 -0.259655 
-0.63351 -0.0395208 
0.463029 -0.301501 
0.436272 -0.314543 
0.408799 -0.325579 
0.482426 -0.290347 
-0.599633 -0.220848 
-0.608801 -0.199228 
0.00467142 -0.372701 
-0.0238549 -0.374952 
-0.0518785 -0.377553 
0.0330907 -0.370835 
0.0618934 -0.369268 
-0.424629 -0.382852 
0.0906007 -0.367944 
0.119532 -0.366735 
0.348236 -0.343341 
0.293888 -0.353509 
0.177464 -0.364135 
0.148376 -0.365521 
0.373366 -0.33693 
0.264747 -0.357302 
0.391171 -0.331595 
0.501189 -0.277932 
0.562219 -0.222676 
0.62614 -0.114948 
0.621112 -0.128591 
0.633997 -0.0868856 
0.638751 -0.0580846 
0.636774 -0.0725312 
0.235619 -0.360209 
0.206484 -0.362427 
-0.269746 -0.401298 
-0.348755 -0.39946 
-0.335701 -0.400663 
-0.448578 -0.373425 
-0.513196 -0.33399 
-0.503431 -0.341537 
-0.616539 -0.177206 
-0.189473 -0.394051 
-0.387324 -0.393263 
-0.583136 -0.25238 
-0.633917 -0.0745656 
-0.625478 -0.143539 
0.640233 -0.0360717 
-0.632485 -0.0977519 
0.597798 -0.174775 
-0.28959 -0.401938 
-0.229666 -0.398402 
0.640223 -0.0213003 
-0.555967 -0.291429 
-0.570279 -0.272455 
-0.148749 -0.388954 
-0.0937734 -0.38212 
-0.482558 -0.355598 
0.612188 -0.148704 
0.536017 -0.249609 
0.449771 -0.308274 
-0.629676 -0.120757 
-0.632694 -0.0277493 
-0.540066 -0.30935 
-0.604387 -0.210113 
-0.00958915 -0.373777 
-0.065933 -0.379 
0.0474948 -0.370015 
-0.412382 -0.386805 
0.0762492 -0.368583 
0.162921 -0.364858 
0.133956 -0.366138 
0.360836 -0.340281 
0.27933 -0.355527 
0.308441 -0.351219 
0.400013 -0.328674 
0.335618 -0.346118 
0.491907 -0.284291 
0.472812 -0.296072 
0.569599 -0.214022 
0.422626 -0.320295 
0.581165 -0.199283 
0.589716 -0.187259 
0.623716 -0.121802 
0.618306 -0.135376 
0.605345 -0.161845 
0.632323 -0.0939628 
0.637862 -0.0653212 
0.628392 -0.107999 
0.635484 -0.079727 
0.639445 -0.0507764 
0.382291 -0.334344 
-0.633985 -0.051226 
0.0188828 -0.371724 
0.25019 -0.358853 
0.191975 -0.363333 
-0.12137 -0.385477 
-0.256393 -0.400545 
-0.0378654 -0.376204 
0.105068 -0.367331 
-0.342234 -0.400113 
-0.436709 -0.378391 
-0.460149 -0.367987 
-0.508353 -0.337816 
0.554678 -0.230997 
-0.612843 -0.188281 
-0.619871 -0.166069 
-0.594505 -0.231494 
-0.329156 -0.401115 
-0.361695 -0.397842 
-0.522529 -0.326123 
-0.498429 -0.345152 
-0.309411 -0.401911 
-0.276363 -0.401579 
-0.20288 -0.395613 
-0.175891 -0.392392 
0.513147 -0.269051 
0.221054 -0.361392 
