ZONE T="boundary0"
-4 -0.316425 
-4 -0.367413 
-4 0.323995 
-4 0.294655 
-4 0.655039 
-4 0.82752 
-4 0.410428 
-4 0.353335 
-4 0.467521 
-4 -0.252567 
-4 1 
-4 0.236828 
-4 -0.418402 
-4 -0.132798 
-4 -0.180262 
-4 -0.0853339 
-4 -0.482226 
-4 -0.54605 
-4 0.00959422 
-4 0.265741 
-4 0.56128 
-4 0.13665 
-4 0.0942978 
-4 -0.755274 
-4 -0.284496 
-4 0.207915 
-4 0.179001 
-4 -1 
-4 -0.341919 
-4 0.309325 
-4 0.741279 
-4 0.381882 
-4 0.338665 
-4 -0.392908 
-4 -0.216415 
-4 -0.514138 
-4 0.438975 
-4 0.514401 
-4 -0.0378699 
-4 0.051946 
-4 -0.650662 
-4 0.91376 
-4 -0.268532 
-4 -0.30046 
-4 -0.109066 
-4 -0.15653 
-4 0.251285 
-4 0.280198 
-4 0.193458 
-4 0.115474 
-4 0.222371 
-4 0.157825 
-4 -0.450314 
-4 0.60816 
-4 -0.877637 
ZONE T="boundary1"
1.70127 1 
1.4852 1 
4 1 
3.76905 1 
-0.217763 1 
0.418359 1 
0.32881 1 
0.1679 1 
0.248355 1 
-0.802669 1 
-0.863526 1 
0.521065 1 
-0.988932 1 
-0.0314936 1 
3.53809 1 
-3.65865 1 
-1.24109 1 
-4 1 
2.55806 1 
2.3547 1 
2.15135 1 
3.07618 1 
2.81712 1 
-2.26716 1 
-2.0262 1 
3.30714 1 
-3.17473 1 
-2.84143 1 
-2.50812 1 
-0.0955769 1 
0.0325897 1 
0.623772 1 
0.727198 1 
-0.15667 1 
-0.342239 1 
-0.518226 1 
-0.430232 1 
-0.630019 1 
-0.741813 1 
-1.11434 1 
-1.36785 1 
0.935567 1 
0.830624 1 
1.04051 1 
1.14639 1 
1.25226 1 
1.36873 1 
-1.43997 1 
-1.5121 1 
-1.74882 1 
-1.84128 1 
-1.65636 1 
-1.58423 1 
-3.41669 1 
1.92631 1 
1.59324 1 
3.88452 1 
0.373585 1 
0.208128 1 
-0.833098 1 
0.469712 1 
-0.926229 1 
3.65357 1 
-3.82933 1 
2.45638 1 
2.94665 1 
-2.14668 1 
3.19166 1 
-3.00808 1 
-2.67477 1 
-0.0635352 1 
0.288583 1 
0.100245 1 
0.000547953 1 
0.675485 1 
-0.187216 1 
-0.280001 1 
-0.126123 1 
-0.386236 1 
0.572419 1 
-0.474229 1 
-0.574123 1 
-0.685916 1 
-1.05163 1 
-1.30447 1 
0.883096 1 
0.988038 1 
0.778911 1 
1.19933 1 
1.42697 1 
1.09345 1 
1.3105 1 
-1.17772 1 
-1.47604 1 
-1.79505 1 
-1.62029 1 
3.42261 1 
-3.29571 1 
-3.53767 1 
2.03883 1 
-1.93374 1 
-2.38764 1 
2.25303 1 
1.81379 1 
2.68759 1 
-0.772241 1 
-1.40391 1 
-1.54817 1 
-1.70259 1 
ZONE T="boundary2"
4 -0.599635 
4 -0.0310209 
4 0.227666 
4 0.300266 
4 0.775419 
4 1 
4 0.108308 
4 0.35972 
4 0.550839 
4 0.485007 
4 0.419175 
4 0.0615505 
4 0.663129 
4 -0.369717 
4 -0.427197 
4 -0.484676 
4 0.155066 
4 -0.287652 
4 -0.24662 
4 -0.205587 
4 -0.799818 
4 -1 
4 -0.161945 
4 -0.118304 
4 -0.328685 
4 0.88771 
4 0.517923 
4 0.0152648 
4 -0.398457 
4 0.191366 
4 0.263966 
4 0.389447 
4 0.329993 
4 0.131687 
4 0.0849294 
4 -0.267136 
4 -0.542156 
4 0.452091 
4 0.719274 
4 -0.899909 
4 -0.699727 
4 -0.140125 
4 -0.226103 
4 -0.349201 
4 -0.308168 
4 -0.455936 
4 0.606984 
4 -0.183766 
4 -0.0746624 
ZONE T="boundary3"
-3.63617 -1 
-2.80366 -1 
-2.38961 -1 
2.64539 -1 
-0.22298 -1 
-0.117681 -1 
-1.04414 -1 
-0.935314 -1 
-0.366839 -1 
-0.486647 -1 
-3.40662 -1 
1.16269 -1 
1.09332 -1 
0.667169 -1 
2.05066 -1 
2.19945 -1 
3.81061 -1 
3.62122 -1 
3.31972 -1 
-0.82649 -1 
-3.81809 -1 
-1.98983 -1 
-2.18972 -1 
3.01823 -1 
-3.10514 -1 
0.131551 -1 
0.189542 -1 
-0.0575091 -1 
0.067107 -1 
0.485502 -1 
0.573196 -1 
-0.29491 -1 
0.00266308 -1 
0.247533 -1 
0.761141 -1 
-0.606454 -1 
-0.716472 -1 
0.942496 -1 
0.851818 -1 
1.23205 -1 
1.32703 -1 
-1.15923 -1 
1.422 -1 
4 -1 
-1.27432 -1 
-1.35887 -1 
1.51315 -1 
1.90188 -1 
-1.66853 -1 
-1.44342 -1 
2.42242 -1 
1.75309 -1 
-1.82918 -1 
0.322671 -1 
0.397809 -1 
1.60431 -1 
-4 -1 
-2.59664 -1 
-0.989726 -1 
-0.426743 -1 
-3.5214 -1 
2.12505 -1 
3.47047 -1 
-0.880902 -1 
-2.08978 -1 
2.83181 -1 
-2.9544 -1 
0.160547 -1 
0.099329 -1 
0.529349 -1 
-0.170331 -1 
-0.258945 -1 
-0.0875952 -1 
-0.027423 -1 
0.218537 -1 
-0.330874 -1 
0.620182 -1 
-0.54655 -1 
-0.771481 -1 
-0.661463 -1 
0.80648 -1 
1.19737 -1 
-1.10168 -1 
1.12801 -1 
1.01791 -1 
-3.25588 -1 
1.37452 -1 
1.27954 -1 
3.9053 -1 
3.71591 -1 
-3.72713 -1 
-1.21677 -1 
-1.3166 -1 
1.46758 -1 
-1.55597 -1 
3.16898 -1 
-2.28967 -1 
2.31093 -1 
2.5339 -1 
1.82748 -1 
1.97627 -1 
-1.90951 -1 
-1.74885 -1 
0.285102 -1 
0.034885 -1 
0.714155 -1 
0.897157 -1 
0.36024 -1 
1.6787 -1 
1.55873 -1 
-3.90904 -1 
-1.40115 -1 
0.441656 -1 
ZONE T="boundary4"
-0.635664 0.133992 
0.132468 0.379623 
0.161857 0.380097 
-0.64288 0.0117644 
-0.6447 0.0360531 
0.641629 0.0422232 
-0.280787 0.370834 
-0.254925 0.371002 
-0.620436 0.181494 
-0.628968 0.158027 
-0.64497 0.0605175 
-0.46095 0.341936 
-0.355485 0.366756 
-0.37969 0.363584 
-0.442641 0.34863 
-0.423971 0.354255 
-0.640526 0.109627 
-0.610961 0.202479 
-0.643605 0.085087 
0.639814 0.0702678 
0.637802 0.0842292 
-0.599243 0.223959 
-0.586045 0.244206 
-0.578829 0.253934 
-0.554948 0.280943 
-0.571213 0.263343 
0.64109 0.0562464 
-0.539939 0.294723 
-0.524046 0.307248 
-0.0668258 0.37135 
-0.0388053 0.372278 
-0.509061 0.317441 
-0.493522 0.326601 
-0.477446 0.334767 
0.58058 0.215507 
0.57188 0.227167 
-0.0109173 0.373425 
-0.094344 0.370704 
-0.202568 0.370612 
-0.176149 0.370365 
0.604091 0.178385 
-0.149014 0.370245 
-0.229057 0.370873 
0.0174045 0.374747 
0.284138 0.373948 
-0.402016 0.359519 
-0.305922 0.370198 
-0.330958 0.368896 
-0.122012 0.370339 
0.638906 0.000103831 
0.627396 0.125599 
0.6316 0.111857 
0.507766 0.291197 
0.494983 0.300466 
0.46859 0.317034 
0.253145 0.377088 
0.409818 0.344378 
0.439613 0.331944 
0.562754 0.238493 
0.552705 0.25 
0.520104 0.281339 
0.542179 0.261061 
0.641436 0.0281157 
0.531362 0.271458 
0.103121 0.378701 
0.191973 0.379961 
0.222161 0.379035 
0.635058 0.0981116 
0.622513 0.139136 
0.596899 0.190813 
0.610763 0.165674 
0.0456624 0.376133 
0.074404 0.377499 
0.616943 0.152538 
0.315499 0.36935 
0.347145 0.36303 
0.378644 0.354786 
0.147159 0.379926 
-0.64398 0.0238968 
-0.267855 0.370967 
-0.62493 0.169846 
-0.367612 0.365313 
-0.433349 0.351572 
-0.638318 0.121857 
-0.632544 0.146076 
-0.615889 0.192074 
-0.644496 0.0728166 
0.638899 0.077261 
-0.582488 0.249108 
-0.563275 0.272322 
-0.575072 0.25868 
-0.592844 0.234212 
0.641451 0.0492376 
-0.532111 0.301132 
-0.0528112 0.371782 
-0.516639 0.312466 
-0.485549 0.330806 
-0.451849 0.345419 
0.576283 0.221378 
-0.469254 0.338472 
-0.0248571 0.372827 
-0.0805789 0.370992 
-0.189355 0.370479 
-0.162577 0.370282 
-0.241989 0.370963 
0.00324676 0.374072 
-0.645034 0.0482856 
-0.318447 0.369644 
-0.108173 0.370486 
-0.501367 0.322143 
0.629584 0.118754 
0.481966 0.309036 
-0.413037 0.357047 
0.424831 0.338445 
0.557789 0.244299 
0.525789 0.276462 
0.547503 0.255589 
0.501428 0.295905 
0.117792 0.379209 
0.176912 0.380117 
-0.642282 0.0973867 
-0.547575 0.287974 
0.207066 0.379607 
-0.390884 0.361696 
-0.21581 0.370749 
0.63652 0.0911875 
0.641624 0.0351677 
0.625037 0.132397 
0.633416 0.105006 
0.640544 0.0632648 
0.640522 0.0140764 
0.513993 0.286341 
0.607494 0.172066 
0.536829 0.26632 
0.0600323 0.376829 
0.237657 0.378198 
0.268653 0.375678 
0.0887598 0.378128 
-0.135507 0.370261 
0.0315332 0.375438 
0.299842 0.371838 
0.331361 0.36641 
0.394319 0.349856 
-0.343235 0.367946 
-0.605311 0.213333 
-0.293357 0.370587 
0.619806 0.145871 
0.588979 0.203319 
0.567371 0.232872 
0.613928 0.159138 
0.454256 0.324794 
0.362955 0.359155 
0.600559 0.184634 
ZONE T="boundary5"
-0.210849 -0.469627 
-0.238905 -0.458919 
-0.639587 -0.0122919 
-0.634893 -0.0360787 
-0.50319 -0.278216 
-0.592172 -0.15054 
-0.603165 -0.128223 
-0.536851 -0.237215 
-0.552368 -0.215828 
-0.347151 -0.405292 
-0.372507 -0.389428 
-0.566738 -0.194325 
-0.64288 0.0117644 
-0.612963 -0.105625 
0.42028 -0.39498 
0.403808 -0.409503 
-0.32091 -0.420273 
-0.266735 -0.447087 
0.561994 -0.189084 
-0.294088 -0.434204 
-0.0964144 -0.501848 
-0.125185 -0.495386 
-0.153942 -0.487853 
-0.18242 -0.479298 
-0.580022 -0.172564 
0.465765 -0.345914 
-0.0674513 -0.507291 
-0.520519 -0.257993 
0.380569 -0.42761 
0.356229 -0.443988 
-0.397181 -0.372542 
-0.48457 -0.298067 
-0.464732 -0.317399 
0.492372 -0.309664 
0.616021 -0.0819708 
-0.621535 -0.0827473 
-0.628863 -0.0595491 
0.331066 -0.45853 
0.049011 -0.518545 
0.0198201 -0.517342 
-0.00934474 -0.515047 
-0.0384528 -0.511689 
0.078236 -0.518619 
0.222492 -0.500109 
0.194114 -0.506544 
0.136531 -0.515174 
0.107397 -0.517516 
0.165441 -0.51154 
0.250484 -0.49216 
0.278019 -0.48261 
0.30486 -0.471444 
0.446368 -0.36862 
0.433564 -0.38211 
0.483746 -0.322115 
0.539414 -0.230147 
0.636615 -0.0137707 
0.638906 0.000103831 
0.524417 -0.25724 
0.550704 -0.209571 
0.604284 -0.108663 
0.576741 -0.162227 
0.591083 -0.13529 
0.625934 -0.0549772 
0.633657 -0.027633 
0.508809 -0.283969 
-0.420818 -0.354866 
-0.443685 -0.336182 
-0.224927 -0.464403 
-0.637412 -0.024217 
-0.597802 -0.139446 
-0.544711 -0.226595 
-0.35991 -0.397489 
0.412135 -0.402349 
-0.641414 -0.000286078 
-0.334106 -0.412914 
-0.252876 -0.453135 
-0.307568 -0.42737 
-0.139596 -0.491747 
-0.168219 -0.483703 
-0.573496 -0.183514 
-0.528789 -0.247685 
0.368538 -0.436011 
-0.586222 -0.16162 
-0.559659 -0.205147 
-0.384932 -0.381113 
-0.511967 -0.268199 
-0.474759 -0.307842 
-0.608205 -0.116983 
-0.0819558 -0.504697 
-0.632041 -0.0478539 
0.00522886 -0.516329 
-0.625355 -0.0711955 
-0.0239123 -0.513499 
0.208347 -0.503511 
0.343768 -0.451471 
0.121979 -0.516504 
0.151009 -0.513523 
0.264322 -0.487588 
-0.617397 -0.09424 
0.291526 -0.477235 
0.426989 -0.388617 
0.440035 -0.375433 
0.488099 -0.315919 
0.474922 -0.334146 
0.392343 -0.418762 
0.236544 -0.496328 
0.637843 -0.00684731 
0.556346 -0.199324 
0.56939 -0.175662 
0.545057 -0.219854 
0.610335 -0.0953944 
0.583983 -0.148791 
0.621214 -0.0685594 
0.630079 -0.0413854 
0.635215 -0.0207188 
0.456242 -0.357423 
-0.0529703 -0.509619 
0.516724 -0.270673 
0.0928242 -0.518218 
0.531955 -0.243714 
0.0636253 -0.518726 
-0.280474 -0.440777 
-0.409093 -0.363829 
-0.454311 -0.326904 
-0.110827 -0.498743 
0.0344118 -0.518082 
0.17981 -0.509217 
0.59781 -0.122035 
0.318067 -0.465201 
-0.493994 -0.288246 
-0.196679 -0.474592 
0.500737 -0.296915 
-0.432354 -0.345648 
