ZONE T="boundary0"
-4 -0.216514 
-4 -0.146605 
-4 -0.294647 
-4 0.343517 
-4 0.41362 
-4 0.216922 
-4 -0.0616452 
-4 0.180317 
-4 0.029431 
-4 -0.345741 
-4 -0.396835 
-4 -0.478023 
-4 -0.669408 
-4 0.8115 
-4 0.623001 
-4 -1 
-4 1 
-4 0.245168 
-4 0.143712 
-4 0.0865717 
-4 0.273414 
-4 -0.559211 
-4 0.51831 
-4 -0.779605 
-4 -0.181559 
-4 0.378568 
-4 -0.104125 
-4 -0.371288 
-4 0.717251 
-4 0.90575 
-4 0.231045 
-4 0.162015 
-4 0.115142 
-4 0.19862 
-4 0.0580014 
-4 0.308465 
-4 -0.255581 
-4 -0.320194 
-4 -0.0161071 
-4 -0.518617 
-4 -0.437429 
-4 0.570656 
-4 0.465965 
-4 -0.614309 
-4 -0.724507 
-4 -0.889803 
-4 0.259291 
ZONE T="boundary1"
0.418403 1 
-2.78274 1 
1.60296 1 
0.990896 1 
0.283606 1 
1.07934 1 
0.934753 1 
-1.66854 1 
1.38448 1 
4 1 
0.351004 1 
0.214343 1 
-0.502505 1 
1.82145 1 
2.35478 1 
-1.54544 1 
-1.42234 1 
2.15603 1 
3.01273 1 
-4 1 
-3.04338 1 
-2.91306 1 
-3.24567 1 
-3.44796 1 
2.55353 1 
2.78313 1 
0.145081 1 
-0.142156 1 
0.554797 1 
-0.270566 1 
-0.206361 1 
-0.386536 1 
-0.328551 1 
-0.724765 1 
-0.613635 1 
0.718651 1 
0.798631 1 
-0.964333 1 
-0.844549 1 
0.636724 1 
-3.72398 1 
-1.30733 1 
1.16779 1 
1.27613 1 
-1.07832 1 
-1.19231 1 
-1.86756 1 
1.98874 1 
-2.06657 1 
3.70558 1 
3.41116 1 
3.21195 1 
-2.52209 1 
-2.29433 1 
0.0773632 1 
0.00964555 1 
-0.0662554 1 
0.87861 1 
1.03512 1 
1.49372 1 
0.384704 1 
-1.48389 1 
-2.97822 1 
-3.34682 1 
0.179712 1 
0.4866 1 
0.317305 1 
-0.238464 1 
-0.44452 1 
-0.299558 1 
-0.6692 1 
-0.55807 1 
0.758641 1 
-0.904441 1 
0.677688 1 
-3.58597 1 
-1.36484 1 
1.12357 1 
1.22196 1 
-1.13532 1 
-1.02133 1 
-2.8479 1 
-3.14453 1 
1.7122 1 
-1.76805 1 
1.33031 1 
2.07239 1 
2.25541 1 
1.90509 1 
-1.60699 1 
-1.96707 1 
2.45415 1 
-3.86199 1 
3.85279 1 
3.55837 1 
3.31155 1 
-2.65242 1 
-2.18045 1 
-0.357543 1 
0.248975 1 
0.111222 1 
0.0435044 1 
-0.174259 1 
0.595761 1 
-0.0283049 1 
-0.104206 1 
0.838621 1 
0.962824 1 
0.906682 1 
-1.24982 1 
2.89793 1 
2.66833 1 
-0.784657 1 
-2.40821 1 
3.11234 1 
ZONE T="boundary2"
4 -0.40496 
4 -0.791132 
4 -0.582263 
4 -0.342097 
4 0.0757196 
4 0.00804543 
4 0.192336 
4 0.241279 
4 0.305354 
4 0.770734 
4 1 
4 -0.279234 
4 0.541467 
4 -1 
4 0.351437 
4 0.39752 
4 0.143394 
4 -0.0676625 
4 -0.211302 
4 -0.14337 
4 0.469494 
4 -0.686697 
4 0.0418825 
4 0.216807 
4 0.885367 
4 -0.895566 
4 0.273316 
4 0.374478 
4 0.109557 
4 0.6561 
4 -0.0298085 
4 -0.177336 
4 -0.373528 
4 -0.493611 
4 -0.245268 
4 0.50548 
4 -0.310666 
4 0.328396 
4 -0.105516 
4 0.167865 
4 0.433507 
ZONE T="boundary3"
3.68753 -1 
3.47922 -1 
-0.406185 -1 
-0.261714 -1 
1.2857 -1 
0.182846 -1 
0.241845 -1 
0.319697 -1 
-0.691676 -1 
-0.577883 -1 
-0.492034 -1 
-0.201305 -1 
-0.805468 -1 
-0.906219 -1 
-0.33395 -1 
0.538717 -1 
-4 -1 
-3.77878 -1 
1.17435 -1 
3.84377 -1 
4 -1 
2.00972 -1 
2.18222 -1 
2.78851 -1 
-1.23551 -1 
-2.32972 -1 
3.32299 -1 
2.97763 -1 
3.16676 -1 
-3.3351 -1 
-3.11264 -1 
-2.85066 -1 
-1.65414 -1 
-1.86245 -1 
-2.58867 -1 
-2.07076 -1 
-0.140897 -1 
-0.01007 -1 
-0.0754834 -1 
-1.01124 -1 
0.397549 -1 
0.0568884 -1 
0.123847 -1 
0.679885 -1 
0.871443 -1 
0.775664 -1 
1.063 -1 
0.967222 -1 
-1.50444 -1 
1.51679 -1 
1.40125 -1 
-3.55756 -1 
1.83723 -1 
2.48537 -1 
-1.42959 -1 
-1.35475 -1 
1.67701 -1 
-1.11627 -1 
3.58338 -1 
0.212345 -1 
-0.634779 -1 
-0.855844 -1 
-0.297832 -1 
-3.88939 -1 
3.92188 -1 
2.09597 -1 
3.0722 -1 
-3.22387 -1 
-2.98165 -1 
-1.75829 -1 
-2.71966 -1 
-0.171101 -1 
0.280771 -1 
-0.0427767 -1 
-0.23151 -1 
-0.370068 -1 
-0.534959 -1 
-0.44911 -1 
-0.10819 -1 
-0.748572 -1 
-0.958731 -1 
0.358623 -1 
0.0903676 -1 
0.0234092 -1 
0.609301 -1 
0.468133 -1 
0.727774 -1 
1.01511 -1 
-1.57929 -1 
1.23003 -1 
1.45902 -1 
1.11868 -1 
-3.66817 -1 
2.63694 -1 
2.88307 -1 
2.33379 -1 
-2.4592 -1 
3.24487 -1 
3.40111 -1 
-1.39217 -1 
-3.44633 -1 
1.75712 -1 
-1.96661 -1 
-2.20024 -1 
3.76565 -1 
1.92347 -1 
0.153346 -1 
1.34348 -1 
0.823553 -1 
-1.46702 -1 
-1.29513 -1 
-1.17589 -1 
-1.06375 -1 
0.919333 -1 
1.5969 -1 
ZONE T="boundary4"
0.406717 0.496933 
0.376887 0.50503 
0.63885 0.154782 
0.495902 0.458273 
0.509867 0.449552 
0.638242 0.213305 
0.63897 0.194229 
0.627151 0.056499 
0.625009 0.299039 
0.623924 0.0435176 
0.564712 0.403657 
-0.509317 0.141502 
-0.5188 0.125372 
0.534262 0.43181 
0.544741 0.423003 
-0.576073 -0.039775 
-0.544097 0.0742022 
-0.57288 -0.0203801 
-0.568809 -0.00107414 
-0.26918 0.378434 
-0.563871 0.018091 
-0.395712 0.28103 
-0.558083 0.0370686 
-0.527719 0.108917 
-0.536241 0.0917186 
-0.235971 0.39822 
-0.551477 0.0557952 
-0.499421 0.157133 
-0.454077 0.218148 
-0.489048 0.172441 
-0.47157 0.196253 
-0.422471 0.254004 
-0.409277 0.267703 
-0.438538 0.236321 
-0.349732 0.321304 
-0.3325 0.33478 
-0.369714 0.304643 
-0.285068 0.36826 
-0.253076 0.38827 
-0.314906 0.34778 
-0.218648 0.407801 
-0.20011 0.417528 
-0.181347 0.426843 
-0.161071 0.436336 
-0.140562 0.445356 
-0.0954904 0.463221 
-0.0709331 0.471874 
-0.0461252 0.479874 
-0.0210332 0.487227 
0.00427524 0.49391 
0.0534382 0.504835 
0.0287735 0.499691 
0.639178 0.173813 
0.613988 0.329206 
0.619445 0.315696 
0.593453 0.367159 
0.579768 0.386163 
0.629495 0.281987 
0.63694 0.232319 
0.466491 0.473908 
0.635085 0.249999 
0.620211 0.0306492 
0.611128 0.00513656 
0.632276 0.0827929 
0.481371 0.466422 
0.436519 0.486724 
0.0792303 0.509497 
0.523403 0.440143 
0.133264 0.516886 
0.161482 0.519449 
0.250306 0.521385 
0.220382 0.521817 
0.105166 0.513447 
0.285201 0.51937 
0.600953 0.354982 
0.632691 0.266078 
0.635791 0.109092 
0.637992 0.135736 
0.607779 0.342384 
-0.11815 0.454568 
0.316129 0.516103 
0.3475 0.511217 
0.190899 0.521148 
0.391864 0.50121 
0.502937 0.453996 
0.638673 0.20377 
-0.514127 0.133477 
0.53955 0.427467 
0.55496 0.413571 
-0.574585 -0.0300599 
-0.570952 -0.0107045 
-0.566446 0.0085357 
-0.561081 0.0276113 
-0.523332 0.117184 
-0.540254 0.0829988 
-0.504432 0.149357 
-0.480441 0.184444 
-0.41592 0.260898 
-0.532061 0.100358 
-0.402541 0.274414 
-0.430573 0.245225 
-0.341163 0.328102 
-0.359796 0.313061 
-0.446375 0.227292 
-0.261154 0.383394 
-0.277151 0.373389 
-0.323747 0.341339 
-0.209406 0.412717 
-0.171237 0.431649 
-0.190754 0.422238 
-0.150843 0.440906 
-0.227335 0.403057 
-0.0832413 0.46763 
-0.382861 0.292999 
-0.0336044 0.483635 
-0.00840198 0.490654 
0.0410886 0.502344 
-0.462926 0.207283 
-0.494292 0.164826 
0.639146 0.184023 
0.61681 0.322492 
0.586821 0.376813 
0.627388 0.290549 
0.637669 0.222818 
-0.244551 0.393291 
0.615941 0.0177982 
0.639078 0.164296 
0.62213 0.0370659 
0.629927 0.0696057 
0.625596 0.0499942 
0.473972 0.470247 
0.421706 0.492086 
0.451632 0.480613 
0.0663178 0.507255 
0.488684 0.462431 
0.516694 0.444933 
-0.547883 0.0650371 
0.147362 0.518279 
0.235346 0.521745 
0.597287 0.361122 
0.6361 0.241169 
0.633981 0.258053 
0.6312 0.274054 
0.634213 0.0959199 
0.637046 0.122403 
0.119201 0.515275 
0.63849 0.145258 
0.604454 0.348731 
-0.55488 0.0464672 
-0.0585564 0.475957 
0.0921838 0.511563 
-0.106848 0.458965 
-0.129385 0.450032 
0.0165052 0.49688 
0.300684 0.517917 
0.205638 0.521615 
0.362235 0.508322 
0.176183 0.520424 
0.331846 0.513864 
0.267765 0.520588 
0.528879 0.436035 
0.572425 0.395069 
0.610978 0.335837 
0.622365 0.307414 
-0.300096 0.358178 
ZONE T="boundary5"
-0.0759201 -0.607562 
-0.0993315 -0.612023 
-0.498243 -0.37411 
-0.516881 -0.342342 
-0.48797 -0.389824 
-0.0539739 -0.600773 
-0.52553 -0.325779 
-0.533612 -0.308918 
-0.57415 -0.17631 
-0.576972 -0.15675 
-0.578956 -0.137261 
-0.578387 -0.0592367 
-0.579825 -0.0787377 
-0.397314 -0.494547 
-0.570537 -0.195738 
-0.560903 -0.234879 
-0.555006 -0.254185 
-0.548379 -0.273238 
-0.477031 -0.405425 
-0.4656 -0.42065 
-0.566082 -0.215405 
-0.541328 -0.291222 
-0.265208 -0.582745 
-0.19597 -0.606425 
-0.219501 -0.600083 
-0.242927 -0.592013 
-0.171589 -0.611065 
-0.122999 -0.613989 
-0.147467 -0.613618 
-0.580393 -0.0982254 
-0.0328622 -0.591421 
0.529684 -0.104968 
-0.440544 -0.450796 
-0.412644 -0.480075 
-0.426838 -0.465687 
-0.580101 -0.117743 
-0.453316 -0.435939 
-0.346592 -0.53556 
-0.327923 -0.548293 
-0.381489 -0.508419 
-0.364293 -0.522359 
0.0923054 -0.361671 
0.0856895 -0.388228 
-0.576073 -0.039775 
0.315358 -0.17835 
0.344975 -0.173713 
0.232731 -0.197494 
-0.28716 -0.572102 
-0.30776 -0.560738 
0.0695012 -0.454945 
0.518161 -0.113589 
-0.0137727 -0.580049 
0.00398454 -0.566301 
0.0195595 -0.550905 
0.0333075 -0.533717 
0.0630223 -0.475129 
0.0556808 -0.493765 
0.0454107 -0.514533 
0.0748508 -0.435008 
0.0796959 -0.414572 
0.134761 -0.268096 
0.179485 -0.224342 
0.155468 -0.244241 
0.196758 -0.213558 
0.214688 -0.204644 
0.101504 -0.332068 
0.251139 -0.191664 
0.283684 -0.183945 
0.374771 -0.16869 
0.550554 -0.0865447 
0.481679 -0.135337 
0.494126 -0.12875 
0.506233 -0.12155 
0.569502 -0.0657551 
0.611128 0.00513656 
0.401975 -0.163084 
0.585919 -0.0433053 
0.115684 -0.299025 
0.599788 -0.0195232 
0.455458 -0.146898 
0.428945 -0.155965 
-0.0875605 -0.610113 
-0.507819 -0.358378 
-0.49317 -0.382009 
-0.0648485 -0.604478 
-0.529644 -0.317383 
-0.575662 -0.166545 
-0.578067 -0.147016 
-0.579215 -0.0689793 
-0.558044 -0.24456 
-0.551786 -0.263745 
-0.471377 -0.413084 
-0.568404 -0.205593 
-0.572439 -0.186042 
-0.537551 -0.300105 
-0.207787 -0.603464 
-0.254132 -0.587545 
-0.135232 -0.614094 
-0.111136 -0.613304 
-0.0432781 -0.596415 
-0.419803 -0.472943 
-0.579634 -0.127508 
-0.482563 -0.397669 
-0.459522 -0.428346 
-0.337325 -0.542029 
-0.405045 -0.487382 
-0.389465 -0.501557 
-0.355509 -0.529051 
0.0888738 -0.374924 
-0.37296 -0.515476 
-0.577339 -0.049493 
0.33016 -0.176022 
-0.297529 -0.56655 
-0.276255 -0.577577 
-0.580354 -0.107986 
-0.00468554 -0.57345 
0.0119957 -0.558838 
0.0266737 -0.542514 
0.0595125 -0.484521 
0.0507946 -0.504285 
0.0722702 -0.44501 
0.0773225 -0.424808 
0.0826778 -0.401406 
0.0664061 -0.465092 
0.167072 -0.233789 
0.187985 -0.218728 
0.205626 -0.208895 
0.096615 -0.346781 
0.223653 -0.200891 
0.241883 -0.194433 
0.299492 -0.180999 
0.359883 -0.171298 
-0.18382 -0.608989 
-0.15955 -0.612601 
0.487944 -0.132119 
0.523981 -0.109357 
0.540367 -0.0960368 
0.51225 -0.117649 
-0.433754 -0.458301 
-0.521275 -0.334097 
-0.446991 -0.443421 
-0.563581 -0.225166 
-0.580217 -0.0884786 
-0.544939 -0.282264 
0.0396143 -0.524299 
-0.231277 -0.596242 
-0.023148 -0.586022 
-0.317914 -0.554637 
0.3884 -0.166043 
0.124597 -0.283166 
0.560312 -0.0764077 
0.468699 -0.141422 
0.442286 -0.151694 
0.415512 -0.15974 
0.605746 -0.00732343 
0.593154 -0.031587 
0.578009 -0.0547463 
0.267335 -0.187482 
0.144638 -0.255752 
0.108054 -0.315319 
0.500224 -0.125228 
