ZONE T="boundary0"
-4 -0.369474 
-4 0.328965 
-4 0.237704 
-4 0.38079 
-4 0.768134 
-4 -0.134382 
-4 -0.0498447 
-4 0.536267 
-4 0.127079 
-4 0.0826654 
-4 0.0164103 
-4 0.204598 
-4 0.432616 
-4 -0.218919 
-4 -0.430148 
-4 -0.490822 
-4 -0.294196 
-4 -0.620411 
-4 -0.75 
-4 -0.875 
-4 -1 
-4 1 
-4 0.171492 
-4 -0.17665 
-4 0.283335 
-4 0.354878 
-4 -0.0921132 
-4 0.104872 
-4 -0.0167172 
-4 0.221151 
-4 0.484442 
-4 -0.460485 
-4 -0.685206 
-4 -0.555617 
-4 -0.9375 
-4 -0.8125 
-4 0.6522 
-4 0.884067 
-4 0.149285 
-4 0.406703 
-4 -0.399811 
-4 -0.331835 
-4 -0.256557 
-4 0.0495378 
-4 -0.197784 
-4 -0.155516 
-4 0.188045 
ZONE T="boundary1"
1.16287 1 
1.37607 1 
1.55842 1 
-0.211951 1 
2.14654 1 
0.376059 1 
1.78627 1 
1.96641 1 
-0.342007 1 
-0.472064 1 
-0.561797 1 
3.03281 1 
3.2298 1 
0.865519 1 
0.770316 1 
-2.05128 1 
-3.74986 1 
-3.52017 1 
-3.29048 1 
3.8567 1 
-2.41205 1 
-2.84893 1 
3.57009 1 
3.42679 1 
0.233894 1 
0.304976 1 
-0.829815 1 
-0.054222 1 
-0.133086 1 
-0.740672 1 
-0.65153 1 
-0.918958 1 
0.0229101 1 
0.481676 1 
0.587293 1 
0.960722 1 
1.0618 1 
0.678804 1 
-1.09606 1 
-1.18402 1 
-1.0081 1 
-1.30441 1 
-1.4248 1 
2.81414 1 
2.59546 1 
-1.66273 1 
-1.85701 1 
-4 1 
3.7134 1 
4 1 
2.371 1 
-3.0697 1 
0.166968 1 
0.100042 1 
-1.54376 1 
1.26947 1 
1.46725 1 
1.87634 1 
-0.407036 1 
1.67234 1 
3.13131 1 
0.817918 1 
-3.40533 1 
-2.63049 1 
3.49844 1 
-2.23167 1 
0.340517 1 
-0.785244 1 
-0.696101 1 
-0.606663 1 
-0.51693 1 
0.269435 1 
0.428867 1 
-0.276979 1 
0.534484 1 
0.913121 1 
1.01126 1 
1.11233 1 
0.633049 1 
-1.14004 1 
-0.963529 1 
-1.3646 1 
2.92348 1 
3.3283 1 
-1.75987 1 
-1.95414 1 
-3.87493 1 
3.64174 1 
3.78505 1 
3.92835 1 
-3.63502 1 
2.48323 1 
2.7048 1 
2.25877 1 
-2.95931 1 
-3.18009 1 
2.05648 1 
-0.0936542 1 
0.72456 1 
-0.0156559 1 
0.133505 1 
0.200431 1 
0.0614762 1 
-0.172519 1 
-0.874387 1 
-1.24421 1 
-1.05208 1 
-1.48428 1 
-1.60325 1 
ZONE T="boundary2"
4 -0.537299 
4 -0.730364 
4 -0.171927 
4 -0.198108 
4 0.353344 
4 0.418844 
4 -0.0940962 
4 -0.0162656 
4 -0.224288 
4 -0.250469 
4 -0.3095 
4 -0.40805 
4 -0.34235 
4 -0.633832 
4 0.581641 
4 0.484345 
4 0.279941 
4 0.304409 
4 0.198026 
4 0.255474 
4 0.0621558 
4 0.678937 
4 -1 
4 -0.865182 
4 0.839468 
4 1 
4 -0.27665 
4 -0.3752 
4 0.22675 
4 0.101366 
4 0.140577 
4 -0.185017 
4 -0.0551809 
4 -0.237379 
4 -0.472675 
4 -0.682098 
4 -0.585566 
4 0.532993 
4 0.292175 
4 0.0229451 
4 0.451595 
4 -0.797773 
4 -0.932591 
4 0.759203 
4 0.919734 
4 -0.133012 
4 -0.293075 
4 -0.358775 
4 -0.391625 
4 -0.211198 
4 -0.263559 
4 0.241112 
4 0.212388 
4 0.120972 
4 0.328876 
4 0.386094 
4 0.0817611 
4 0.169301 
4 0.267708 
4 -0.325925 
4 0.630289 
ZONE T="boundary3"
-3.75402 -1 
-3.87701 -1 
-3.37461 -1 
-3.17918 -1 
-3.56432 -1 
-1.57813 -1 
1.03432 -1 
0.838358 -1 
0.936341 -1 
1.1813 -1 
1.10781 -1 
1.28814 -1 
-0.823461 -1 
-0.719829 -1 
0.522434 -1 
1.39498 -1 
2.14155 -1 
3.75 -1 
2.35212 -1 
-2.4401 -1 
-2.98375 -1 
-2.71193 -1 
3.11344 -1 
2.97575 -1 
3.27104 -1 
3.42864 -1 
-2.12779 -1 
0.379552 -1 
0.233649 -1 
0.177138 -1 
-0.0665156 -1 
-0.0061411 -1 
0.057243 -1 
0.120627 -1 
-0.357468 -1 
-0.27437 -1 
-0.616198 -1 
-0.440566 -1 
-0.20063 -1 
-0.12689 -1 
0.306601 -1 
0.665316 -1 
4 -1 
1.57388 -1 
-0.941502 -1 
1.48443 -1 
1.75278 -1 
-1.05954 -1 
-1.97163 -1 
-1.81547 -1 
-1.4555 -1 
-1.33287 -1 
-1.19621 -1 
2.83807 -1 
-4 -1 
2.56269 -1 
1.94717 -1 
-2.28394 -1 
-3.81552 -1 
-3.2769 -1 
-3.65917 -1 
0.887349 -1 
0.985333 -1 
1.14456 -1 
-0.771645 -1 
-3.46946 -1 
-2.84784 -1 
3.0446 -1 
2.24684 -1 
3.34984 -1 
0.450993 -1 
0.205394 -1 
-0.0363284 -1 
0.088935 -1 
-0.315919 -1 
-0.528382 -1 
-0.16376 -1 
-0.0967029 -1 
0.270125 -1 
0.593875 -1 
1.34156 -1 
1.07107 -1 
1.23472 -1 
-0.668014 -1 
0.751837 -1 
3.875 -1 
1.66333 -1 
-0.882481 -1 
-1.00052 -1 
3.58932 -1 
-2.04971 -1 
-1.6968 -1 
-1.51681 -1 
-1.39419 -1 
-1.26454 -1 
2.90691 -1 
-3.93851 -1 
2.70038 -1 
-3.08147 -1 
1.84997 -1 
2.04436 -1 
3.19224 -1 
2.45741 -1 
-0.399017 -1 
-0.2375 -1 
0.0255509 -1 
0.148883 -1 
0.343076 -1 
1.4397 -1 
-2.36202 -1 
-2.20586 -1 
-1.12788 -1 
-2.57602 -1 
-1.89355 -1 
1.52915 -1 
ZONE T="boundary4"
-0.0707098 0.391245 
-0.0448623 0.396348 
0.486767 0.341526 
0.499389 0.332193 
0.534897 0.300297 
-0.633222 0.0111283 
-0.454177 0.279538 
0.63161 0.0799461 
-0.325942 0.329716 
-0.304821 0.335804 
0.601317 0.199537 
-0.623509 0.0764329 
-0.628294 0.0548727 
-0.609198 0.118255 
-0.631518 0.0330632 
0.56455 0.264407 
0.555374 0.276711 
0.572885 0.252079 
-0.599734 0.138199 
0.628228 0.112416 
0.625177 0.128475 
-0.550715 0.206587 
-0.535708 0.221517 
0.630397 0.096139 
0.580697 0.239402 
0.588014 0.22643 
-0.564789 0.190679 
-0.577831 0.173766 
-0.589718 0.15587 
0.617598 0.156967 
-0.617143 0.097605 
-0.522697 0.233116 
-0.496064 0.253741 
-0.482615 0.262811 
-0.509572 0.243757 
-0.468829 0.271303 
0.473734 0.350288 
0.631861 0.0638238 
0.631134 0.0476821 
-0.346986 0.323257 
-0.42337 0.294641 
-0.405293 0.302368 
-0.438907 0.287364 
-0.367062 0.316635 
-0.192247 0.364387 
-0.21564 0.358801 
-0.168862 0.369843 
-0.282896 0.341797 
-0.144738 0.375342 
-0.386984 0.30951 
-0.260946 0.347538 
-0.120597 0.380704 
-0.0956739 0.386071 
-0.0189378 0.40116 
0.00806817 0.405789 
-0.633465 -0.0108349 
-0.238291 0.353253 
0.629433 0.0317522 
0.62675 0.0158978 
0.523531 0.311559 
0.511715 0.322162 
0.397016 0.388246 
0.448217 0.365243 
0.421894 0.378101 
0.545658 0.288497 
0.371828 0.39681 
0.0636283 0.413823 
0.122388 0.419634 
0.152703 0.421344 
0.184849 0.422064 
0.315771 0.410698 
0.343857 0.40456 
0.283025 0.416012 
0.621698 0.142837 
0.612725 0.171422 
0.0922003 0.417032 
0.0351827 0.409982 
0.21707 0.42154 
0.24997 0.419584 
-0.0577931 0.39383 
0.493131 0.336932 
-0.315393 0.332801 
-0.626098 0.065696 
-0.630099 0.0439962 
0.560036 0.270614 
0.568785 0.258289 
0.62681 0.120466 
-0.543327 0.214167 
0.629428 0.104292 
0.584415 0.232951 
-0.571457 0.182335 
-0.59488 0.147121 
-0.613366 0.108005 
-0.583936 0.164924 
-0.529273 0.227395 
-0.489387 0.258347 
-0.502874 0.248823 
0.480299 0.345979 
-0.475764 0.267127 
0.631621 0.0557469 
-0.336479 0.326537 
-0.414364 0.298582 
-0.43117 0.291068 
-0.203947 0.36161 
-0.156803 0.372609 
-0.396165 0.306007 
-0.271927 0.344694 
-0.108141 0.383409 
-0.0831975 0.388684 
-0.00544432 0.403525 
-0.516195 0.23851 
-0.0319081 0.398794 
-0.132671 0.378041 
-0.620523 0.0870779 
-0.226969 0.356045 
-0.557883 0.198748 
-0.632556 0.0221101 
-0.293867 0.338835 
0.631856 0.0718865 
0.517688 0.316933 
-0.461544 0.275493 
0.631122 0.088051 
0.435172 0.371911 
-0.357042 0.320003 
0.550588 0.282663 
0.505612 0.327251 
0.529285 0.306 
0.540353 0.294465 
0.137538 0.420608 
0.168771 0.421851 
0.329854 0.407814 
0.62352 0.135676 
0.615238 0.16422 
0.619724 0.149924 
0.630405 0.0397036 
-0.633522 0.000148545 
-0.377047 0.31314 
-0.249624 0.350418 
-0.180557 0.36713 
0.628213 0.0238039 
0.0779037 0.415512 
0.0216155 0.407945 
0.357898 0.400887 
0.384483 0.392708 
0.107284 0.418439 
0.0493945 0.411977 
0.409533 0.383366 
0.200961 0.421966 
0.266519 0.418008 
0.23353 0.42075 
-0.604656 0.128316 
0.576856 0.245778 
0.594906 0.213103 
0.607292 0.18559 
-0.446579 0.283522 
0.299434 0.413583 
0.461123 0.358017 
ZONE T="boundary5"
-0.321252 -0.459389 
-0.342336 -0.44756 
-0.607682 -0.140411 
-0.599327 -0.161451 
-0.58993 -0.182309 
-0.621088 -0.0978377 
-0.568036 -0.223763 
-0.579398 -0.203247 
-0.253282 -0.491318 
-0.276711 -0.481317 
-0.529232 -0.282759 
-0.542754 -0.263896 
-0.629821 -0.0546039 
-0.626065 -0.0762815 
0.599582 -0.0599403 
-0.299759 -0.470467 
0.606763 -0.0451958 
0.613068 -0.0303336 
-0.614951 -0.119197 
-0.500588 -0.318011 
-0.149116 -0.524484 
-0.176032 -0.517583 
-0.202676 -0.509634 
-0.228149 -0.500958 
-0.0373185 -0.541462 
-0.0655849 -0.538938 
-0.0937859 -0.535224 
-0.121543 -0.530409 
-0.454699 -0.364833 
-0.437795 -0.379803 
-0.470436 -0.349879 
-0.485634 -0.334392 
-0.555781 -0.244066 
-0.382469 -0.422148 
-0.401672 -0.408498 
-0.63231 -0.0327661 
-0.420365 -0.394173 
-0.51491 -0.301094 
0.460257 -0.254113 
-0.362631 -0.435208 
0.0198846 -0.542781 
-0.00867308 -0.542771 
-0.633465 -0.0108349 
0.105826 -0.534288 
0.0484958 -0.541434 
0.134085 -0.528345 
0.0773622 -0.538613 
0.161995 -0.520702 
0.268876 -0.470985 
0.293831 -0.453371 
0.189437 -0.51128 
0.216573 -0.499879 
0.314862 -0.43625 
0.24308 -0.486476 
0.349234 -0.403156 
0.335165 -0.417515 
0.404542 -0.335345 
0.362933 -0.388041 
0.384017 -0.362566 
0.44753 -0.273002 
0.476776 -0.230245 
0.434797 -0.291916 
0.493798 -0.206942 
0.419832 -0.313775 
0.513295 -0.181668 
0.533013 -0.156833 
0.62675 0.0158978 
0.623127 0.000318156 
0.582918 -0.0888064 
0.573582 -0.10295 
0.591703 -0.0743165 
0.618549 -0.0151304 
0.553804 -0.130212 
-0.331847 -0.453568 
-0.603627 -0.15098 
-0.573815 -0.213559 
-0.265042 -0.486424 
-0.53609 -0.273397 
-0.628096 -0.0654692 
-0.288285 -0.475998 
-0.584772 -0.192832 
0.610015 -0.0378074 
-0.623722 -0.0870932 
-0.618157 -0.108557 
-0.611447 -0.129849 
-0.162607 -0.521165 
-0.215453 -0.505416 
-0.240761 -0.496258 
-0.310554 -0.465023 
-0.0514642 -0.54035 
-0.0797038 -0.537227 
-0.135359 -0.527584 
-0.446313 -0.372393 
-0.478103 -0.342202 
-0.549366 -0.254045 
-0.392131 -0.415409 
-0.631227 -0.0437034 
-0.429143 -0.387064 
-0.462632 -0.357424 
-0.522165 -0.291999 
-0.372608 -0.428766 
-0.493186 -0.32627 
0.00560672 -0.542941 
0.0341993 -0.542281 
0.119999 -0.531522 
0.148099 -0.524739 
0.281514 -0.46241 
0.203103 -0.505814 
-0.594743 -0.171932 
0.229945 -0.493416 
0.342271 -0.410408 
0.356154 -0.395664 
0.325153 -0.427038 
0.394412 -0.349058 
0.453883 -0.263549 
0.468456 -0.242133 
0.441172 -0.282464 
0.485208 -0.218532 
0.412242 -0.3246 
0.503477 -0.194247 
0.523142 -0.169238 
0.625056 0.00808033 
0.578313 -0.0959175 
0.603265 -0.0526136 
0.595724 -0.0671737 
0.427348 -0.302868 
-0.411083 -0.40142 
0.615917 -0.0227712 
0.620952 -0.00744038 
0.30448 -0.444978 
-0.633058 -0.0218095 
-0.507829 -0.30962 
-0.562003 -0.233971 
-0.352538 -0.441473 
-0.0230022 -0.542275 
0.0916244 -0.536645 
-0.189392 -0.513738 
-0.107688 -0.532956 
0.0629481 -0.540211 
0.175792 -0.516215 
0.256118 -0.478969 
0.373636 -0.375441 
0.587386 -0.0816074 
0.563862 -0.116703 
0.543481 -0.143575 
