ZONE T="boundary0"
-4 -0.325081 
-4 -0.275629 
-4 0.270852 
-4 0.205203 
-4 0.297752 
-4 0.381652 
-4 0.483781 
-4 0.844716 
-4 0.689432 
-4 -0.168602 
-4 -0.378338 
-4 -0.431595 
-4 -0.517493 
-4 -0.111026 
-4 1 
-4 -0.226177 
-4 -0.801696 
-4 0.243952 
-4 0.432716 
-4 -0.603391 
-4 0.0292501 
-4 -1 
-4 0.097852 
-4 0.166454 
-4 -0.300355 
-4 0.339702 
-4 0.767074 
-4 -0.404966 
-4 -0.19739 
-4 0.586606 
-4 0.257402 
-4 0.407184 
-4 0.284302 
-4 -0.351709 
-4 0.458249 
-4 0.922358 
-4 -0.250903 
-4 -0.139814 
-4 -0.040888 
-4 -0.702543 
-4 0.224578 
-4 0.063551 
-4 -0.560442 
-4 -0.474544 
-4 -0.900848 
-4 0.185828 
-4 0.132153 
ZONE T="boundary1"
3.74456 1 
4 1 
1.97881 1 
1.78326 1 
0.18282 1 
0.23322 1 
2.17435 1 
0.522466 1 
0.660512 1 
-3.77298 1 
-4 1 
0.0486386 1 
0.872215 1 
0.942783 1 
-0.817502 1 
-0.935235 1 
0.28362 1 
-1.16283 1 
-1.34401 1 
-1.43031 1 
-1.55141 1 
3.0873 1 
-1.84984 1 
1.66823 1 
1.08766 1 
1.1601 1 
-3.09193 1 
-3.54596 1 
1.47303 1 
1.39287 1 
1.3127 1 
1.23254 1 
2.61964 1 
2.397 1 
2.85347 1 
-2.51864 1 
-0.366818 1 
-0.45145 1 
-0.536081 1 
-0.0913888 1 
-0.0213751 1 
-0.226178 1 
-0.158783 1 
-0.296498 1 
0.115729 1 
0.403043 1 
-0.612104 1 
-0.688128 1 
-0.752815 1 
-1.06795 1 
-1.2577 1 
0.801647 1 
-1.67251 1 
-2.80528 1 
-2.66196 1 
-2.2729 1 
-2.02716 1 
1.55319 1 
3.38866 1 
3.28821 1 
3.48911 1 
3.87228 1 
1.88103 1 
0.20802 1 
2.07658 1 
-3.88649 1 
0.907499 1 
-1.49086 1 
1.72574 1 
1.12388 1 
-3.31895 1 
1.43295 1 
1.27262 1 
2.50832 1 
2.97039 1 
-0.493765 1 
-0.056382 1 
-0.19248 1 
0.082184 1 
0.25842 1 
0.149275 1 
0.343332 1 
0.462755 1 
0.591489 1 
-0.876368 1 
-0.720471 1 
-1.00159 1 
-1.21026 1 
-1.11539 1 
0.836931 1 
0.731079 1 
-1.30086 1 
-1.38716 1 
-1.61196 1 
-2.73362 1 
-2.94861 1 
-1.9385 1 
-1.76117 1 
1.61071 1 
-3.65947 1 
-2.5903 1 
-2.39577 1 
2.28568 1 
3.33844 1 
-0.785159 1 
0.0136318 1 
-0.331658 1 
-0.650116 1 
-0.125086 1 
-0.409134 1 
-0.261338 1 
-0.574093 1 
3.18776 1 
3.61684 1 
-2.15003 1 
3.43889 1 
1.01522 1 
2.73656 1 
1.35278 1 
1.19632 1 
1.51311 1 
ZONE T="boundary2"
4 -0.432071 
4 -0.628222 
4 -0.352797 
4 -0.273523 
4 -0.207085 
4 -0.140647 
4 0.222287 
4 0.29164 
4 1 
4 0.171635 
4 0.00635304 
4 -0.067147 
4 -0.530146 
4 0.120983 
4 -1 
4 0.805596 
4 0.353689 
4 0.415737 
4 0.513465 
4 -0.392434 
4 0.611192 
4 -0.814111 
4 -0.31316 
4 -0.240304 
4 0.256964 
4 0.196961 
4 -0.030397 
4 -0.481108 
4 0.0636678 
4 0.902798 
4 -0.173866 
4 -0.103897 
4 0.384713 
4 0.464601 
4 -0.372615 
4 -0.412252 
4 0.562328 
4 0.708394 
4 0.322664 
4 0.146309 
4 -0.579184 
4 -0.721166 
4 -0.907055 
ZONE T="boundary3"
-3.61695 -1 
2.97628 -1 
3.1629 -1 
-0.0705526 -1 
1.67324 -1 
-1.00549 -1 
-0.886289 -1 
-0.0141696 -1 
3.33569 -1 
3.50847 -1 
0.715544 -1 
-0.45088 -1 
-0.54531 -1 
-1.23847 -1 
1.00683 -1 
-3.23947 -1 
1.31616 -1 
1.81878 -1 
1.96432 -1 
-2.9953 -1 
2.78965 -1 
4 -1 
3.75424 -1 
2.16307 -1 
2.36182 -1 
-2.14272 -1 
-2.00117 -1 
0.194185 -1 
0.0422135 -1 
0.118199 -1 
-0.131292 -1 
-0.76709 -1 
0.387076 -1 
0.46865 -1 
0.305502 -1 
0.249843 -1 
-0.6562 -1 
-0.356451 -1 
0.65203 -1 
0.56034 -1 
-0.274241 -1 
0.906085 -1 
1.10757 -1 
-0.233136 -1 
-0.192031 -1 
1.21186 -1 
-4 -1 
-3.80847 -1 
0.779058 -1 
1.52365 -1 
1.41991 -1 
-1.12198 -1 
-1.3483 -1 
-1.45813 -1 
-1.5881 -1 
-1.71807 -1 
-1.85962 -1 
-2.28426 -1 
2.57573 -1 
-2.75112 -1 
-2.87321 -1 
-2.51769 -1 
3.06959 -1 
-0.945888 -1 
3.42208 -1 
-0.498095 -1 
-3.42821 -1 
-3.11738 -1 
3.87712 -1 
2.26244 -1 
-2.07194 -1 
0.0802064 -1 
0.0140219 -1 
0.427863 -1 
0.222014 -1 
0.277673 -1 
0.346289 -1 
0.156192 -1 
-0.600755 -1 
0.606185 -1 
-0.315346 -1 
-0.403666 -1 
-0.711645 -1 
0.514495 -1 
0.956456 -1 
1.0572 -1 
-0.212584 -1 
-0.826689 -1 
1.26401 -1 
-3.90424 -1 
1.47178 -1 
1.15972 -1 
-1.18022 -1 
-1.40321 -1 
-1.29338 -1 
-1.52311 -1 
-1.65309 -1 
0.842571 -1 
1.59845 -1 
1.89155 -1 
-1.78885 -1 
-2.21349 -1 
1.74601 -1 
2.06369 -1 
2.46878 -1 
2.68269 -1 
2.88296 -1 
3.63135 -1 
-2.81217 -1 
-2.63441 -1 
-2.40098 -1 
-1.9304 -1 
-2.93425 -1 
-0.0423611 -1 
-0.161662 -1 
-0.253689 -1 
0.747301 -1 
0.683787 -1 
-0.100922 -1 
1.36803 -1 
-1.06373 -1 
3.24929 -1 
-3.71271 -1 
ZONE T="boundary4"
-0.216462 0.364453 
-0.193803 0.356906 
-0.630097 0.106435 
-0.627843 0.042108 
-0.62518 0.0209978 
-0.276183 0.384709 
-0.257282 0.378479 
-0.448207 0.397317 
-0.432328 0.401171 
0.383891 0.317372 
-0.170953 0.349825 
-0.62883 0.127972 
-0.415823 0.403831 
-0.570307 0.30601 
-0.586684 0.278817 
-0.236961 0.37151 
-0.312867 0.395281 
-0.294959 0.390437 
-0.623162 0.170626 
-0.61885 0.191167 
-0.613858 0.210268 
-0.626519 0.149415 
-0.601528 0.246538 
-0.608108 0.22864 
-0.594497 0.262994 
0.473543 0.276441 
-0.561465 0.318222 
0.533419 0.224601 
-0.399338 0.405219 
-0.542007 0.340673 
0.60796 0.0570318 
-0.629573 0.0634137 
-0.530694 0.351484 
-0.518862 0.361343 
-0.506023 0.370582 
-0.492737 0.37873 
-0.478287 0.386137 
-0.463561 0.392282 
0.508576 0.249453 
0.521228 0.237481 
0.575943 0.164203 
0.56145 0.188428 
-0.0907828 0.331514 
-0.119394 0.33674 
-0.330754 0.399345 
-0.382323 0.405417 
-0.365436 0.404467 
-0.348043 0.402395 
0.594398 0.121624 
0.586003 0.143413 
0.495448 0.260546 
-0.630336 0.0848914 
0.609187 0.0351915 
0.119295 0.330127 
0.0890445 0.32789 
0.607415 -0.00852664 
0.058691 0.325987 
0.0283704 0.324748 
0.608952 0.0133173 
0.429534 0.300548 
0.451721 0.289537 
0.407052 0.309716 
0.356628 0.32438 
0.545034 0.210892 
0.553492 0.199842 
0.484665 0.268751 
0.149204 0.332354 
0.179223 0.334291 
0.329485 0.329494 
0.208635 0.335612 
0.60058 0.100588 
0.605116 0.0789372 
-0.145228 0.342738 
-0.0623106 0.327804 
-0.00189653 0.324472 
-0.0328103 0.325456 
0.298698 0.333358 
0.238261 0.336092 
0.268352 0.335442 
-0.205146 0.360633 
-0.626628 0.0315408 
-0.266726 0.381636 
-0.44031 0.399398 
-0.182396 0.35329 
-0.629593 0.117215 
-0.578866 0.292654 
-0.3039 0.392942 
-0.621133 0.180928 
-0.616467 0.200752 
-0.627806 0.138712 
-0.611092 0.219492 
-0.590701 0.270965 
-0.565971 0.312181 
-0.407602 0.404676 
-0.598119 0.254816 
-0.552065 0.329746 
-0.60493 0.237635 
-0.524861 0.356517 
-0.499455 0.37478 
-0.470986 0.389353 
0.514985 0.243555 
0.568985 0.176487 
-0.455937 0.39495 
-0.485586 0.382575 
-0.105106 0.333941 
-0.321799 0.397417 
-0.424108 0.402661 
-0.390841 0.405469 
-0.373881 0.405079 
-0.339389 0.400984 
0.59043 0.132606 
-0.28556 0.38764 
0.502091 0.255093 
-0.226717 0.367971 
-0.624972 0.160046 
-0.630078 0.0741515 
0.608765 0.0461231 
-0.512526 0.366081 
0.104169 0.328987 
0.0435417 0.325266 
0.609243 0.0242538 
0.440732 0.295255 
0.418372 0.30533 
0.370315 0.321114 
0.549323 0.205414 
0.479147 0.272658 
-0.24712 0.375013 
0.490103 0.26471 
0.462768 0.283215 
0.164203 0.333378 
0.343089 0.327147 
-0.628828 0.0527542 
0.193916 0.335039 
0.603062 0.0898069 
0.608335 0.00238649 
0.395532 0.313735 
0.606745 0.0680116 
-0.630343 0.0956682 
0.557535 0.194179 
-0.158114 0.346158 
-0.132332 0.339596 
-0.0765554 0.329476 
0.0132467 0.324472 
-0.0475605 0.326447 
0.134242 0.331258 
0.314111 0.331662 
0.223437 0.335975 
0.283529 0.334596 
-0.0173458 0.324788 
-0.356735 0.403562 
0.527411 0.231125 
0.539322 0.217828 
0.597698 0.111167 
-0.53644 0.346175 
0.2533 0.335927 
0.0738706 0.326876 
0.581185 0.153909 
ZONE T="boundary5"
-0.531192 -0.211963 
-0.564333 -0.15725 
-0.553906 -0.175754 
-0.62518 0.0209978 
0.434719 -0.473568 
0.455874 -0.457163 
0.596958 -0.0740882 
0.592294 -0.095952 
-0.605923 -0.0608142 
-0.611967 -0.0407681 
-0.59911 -0.0805611 
0.532953 -0.354747 
0.525486 -0.37016 
-0.621624 0.000136827 
-0.617206 -0.0204674 
-0.574126 -0.138414 
-0.478858 -0.281168 
-0.492835 -0.264361 
-0.398469 -0.359956 
-0.240545 -0.461317 
-0.262316 -0.450346 
-0.28328 -0.43899 
0.365132 -0.511717 
0.389132 -0.500767 
-0.362194 -0.38829 
-0.323795 -0.414645 
-0.343313 -0.40168 
-0.172061 -0.490889 
-0.12288 -0.50798 
-0.591538 -0.100054 
-0.0968592 -0.515751 
-0.21845 -0.471646 
-0.195402 -0.481606 
-0.1476 -0.499794 
-0.506241 -0.247115 
-0.542823 -0.194027 
-0.518959 -0.229711 
-0.380647 -0.374331 
-0.464043 -0.297786 
-0.448658 -0.3139 
-0.432498 -0.329731 
-0.583184 -0.119384 
-0.415822 -0.345031 
0.539585 -0.33886 
0.243001 -0.543865 
0.279192 -0.537673 
0.207476 -0.547794 
0.474996 -0.43947 
0.492646 -0.419918 
0.553098 -0.295847 
0.508431 -0.398797 
0.601202 -0.0522006 
0.544626 -0.324887 
0.5566 -0.280818 
0.107481 -0.549314 
0.0443201 -0.543991 
-0.0149839 -0.534897 
-0.0428908 -0.529247 
0.0146034 -0.539926 
0.299424 -0.53312 
0.319389 -0.527764 
0.340726 -0.520986 
-0.0706164 -0.522745 
0.41246 -0.488043 
0.500774 -0.409554 
0.517348 -0.384767 
0.571285 -0.197303 
0.607415 -0.00852664 
0.549092 -0.310643 
0.5669 -0.223138 
0.56264 -0.24895 
0.576643 -0.168676 
0.604767 -0.0303251 
0.173367 -0.549795 
0.587403 -0.118039 
0.582545 -0.140183 
-0.303886 -0.427022 
0.14046 -0.550235 
0.0758713 -0.547221 
-0.559196 -0.166544 
0.445473 -0.465592 
0.594663 -0.0850251 
-0.609045 -0.0508198 
0.529328 -0.362509 
-0.623514 0.0105505 
-0.61469 -0.0306426 
-0.485918 -0.272823 
-0.251472 -0.455912 
-0.27284 -0.444745 
0.377228 -0.506446 
-0.333604 -0.408236 
-0.595417 -0.0903424 
-0.109899 -0.511963 
-0.183766 -0.486332 
-0.206963 -0.476711 
-0.13527 -0.503977 
-0.499606 -0.255791 
-0.548436 -0.184933 
-0.525137 -0.220879 
-0.389615 -0.367213 
-0.371475 -0.381382 
-0.471523 -0.28954 
-0.440644 -0.321882 
-0.57874 -0.128939 
-0.537073 -0.203037 
0.261151 -0.541056 
0.225271 -0.546075 
0.484044 -0.429898 
0.536376 -0.346852 
-0.0289585 -0.532179 
-0.602613 -0.0707194 
0.0294463 -0.54208 
0.289332 -0.535496 
0.309437 -0.530547 
0.353003 -0.51654 
0.330101 -0.524505 
-0.0837636 -0.519345 
0.49677 -0.414784 
0.51299 -0.391848 
0.504665 -0.404221 
-0.512661 -0.238458 
0.521521 -0.377524 
0.546931 -0.31779 
-0.569311 -0.147873 
0.55491 -0.28835 
0.551164 -0.303266 
0.542182 -0.331903 
0.559798 -0.264929 
0.564786 -0.236052 
0.569052 -0.210216 
-0.229536 -0.466562 
-0.587451 -0.109757 
0.573892 -0.182975 
0.603082 -0.0412758 
0.606216 -0.019439 
0.599147 -0.0631547 
-0.619523 -0.0101864 
-0.407206 -0.352562 
-0.456419 -0.305907 
0.190438 -0.548999 
0.584956 -0.129106 
-0.313887 -0.420908 
-0.159864 -0.495432 
-0.352805 -0.395056 
-0.424222 -0.337448 
0.589856 -0.106994 
-0.293628 -0.433083 
-0.00020971 -0.537531 
0.400916 -0.494622 
0.156919 -0.55019 
-0.0567784 -0.526103 
0.0600831 -0.545745 
0.0916687 -0.548412 
0.123969 -0.54994 
0.465629 -0.448527 
0.423736 -0.481028 
0.579533 -0.154415 
