ZONE T="boundary0"
-4 0.297752 
-4 -0.111026 
-4 0.381652 
-4 0.432716 
-4 -0.603391 
-4 -0.517493 
-4 -0.801696 
-4 -1 
-4 0.689432 
-4 0.585909 
-4 0.097852 
-4 0.0292501 
-4 0.166454 
-4 0.243952 
-4 0.218119 
-4 0.269785 
-4 0.325719 
-4 0.483781 
-4 -0.040888 
-4 -0.250903 
-4 -0.275629 
-4 -0.168602 
-4 -0.226177 
-4 0.792955 
-4 1 
-4 -0.431595 
-4 -0.300355 
-4 -0.325081 
-4 -0.378338 
-4 0.407184 
-4 -0.560442 
-4 -0.900848 
-4 0.637671 
-4 0.063551 
-4 0.132153 
-4 0.231036 
-4 -0.263266 
-4 -0.139814 
-4 -0.00581893 
-4 -0.075957 
-4 0.353685 
-4 0.534845 
-4 0.741193 
-4 0.896477 
-4 -0.474544 
-4 -0.702543 
-4 0.283768 
-4 0.311735 
-4 0.458249 
-4 0.192287 
-4 0.256869 
-4 -0.19739 
-4 -0.312718 
-4 -0.23854 
-4 -0.287992 
-4 -0.351709 
-4 -0.404966 
ZONE T="boundary1"
3.0873 1 
3.28821 1 
1.39071 1 
1.23254 1 
0.815082 1 
0.660512 1 
0.522466 1 
-0.744007 1 
-0.536081 1 
-0.413698 1 
1.07048 1 
-1.2577 1 
-0.0913888 1 
-0.688128 1 
3.74456 1 
4 1 
0.23322 1 
-0.890998 1 
3.48911 1 
0.403043 1 
-1.16283 1 
0.942783 1 
1.78326 1 
1.97881 1 
-3.54596 1 
-2.80528 1 
-3.09193 1 
-2.2729 1 
-2.51864 1 
2.61964 1 
2.397 1 
-1.67251 1 
-0.319938 1 
-0.158783 1 
-0.226178 1 
-0.632248 1 
-0.817502 1 
-0.935235 1 
-0.979472 1 
0.115729 1 
0.0486386 1 
-0.0213751 1 
0.28362 1 
-1.06795 1 
0.18282 1 
-1.34401 1 
-1.43031 1 
-3.77298 1 
-1.55141 1 
-4 1 
0.591489 1 
-0.366818 1 
-1.84984 1 
1.55319 1 
-3.31895 1 
2.17435 1 
1.66823 1 
2.85347 1 
-2.02716 1 
3.18776 1 
1.31162 1 
0.737797 1 
1.15151 1 
3.87228 1 
3.61684 1 
-1.21026 1 
1.00663 1 
1.88103 1 
-2.94861 1 
-2.39577 1 
-0.19248 1 
-0.47489 1 
-0.584165 1 
-0.660188 1 
-0.716067 1 
-0.85425 1 
-0.780755 1 
-0.957353 1 
0.082184 1 
0.462755 1 
0.0136318 1 
0.343332 1 
-0.273058 1 
-1.02371 1 
-1.11539 1 
0.20802 1 
0.149275 1 
0.25842 1 
-1.38716 1 
-1.61196 1 
0.556978 1 
0.626 1 
-0.390258 1 
0.878932 1 
-1.30086 1 
-1.49086 1 
-1.76117 1 
-3.65947 1 
1.47195 1 
-3.88649 1 
3.38866 1 
-3.20544 1 
-3.43245 1 
2.28568 1 
2.07658 1 
1.61071 1 
2.73656 1 
-1.9385 1 
-2.15003 1 
-0.056382 1 
-0.913116 1 
-0.343378 1 
-0.125086 1 
1.72574 1 
2.97039 1 
-2.66196 1 
2.50832 1 
ZONE T="boundary2"
4 -0.814111 
4 -0.628222 
4 -0.31316 
4 -0.273523 
4 0.222287 
4 0.256055 
4 0.415737 
4 0.29164 
4 0.611192 
4 0.513465 
4 0.00635304 
4 1 
4 0.805596 
4 -1 
4 0.327225 
4 0.188519 
4 -0.392434 
4 -0.352797 
4 -0.207085 
4 -0.173866 
4 -0.067147 
4 -0.140647 
4 0.120983 
4 0.0636678 
4 -0.530146 
4 -0.240304 
4 -0.432071 
4 -0.721166 
4 -0.293341 
4 0.239171 
4 0.273848 
4 0.562328 
4 0.708394 
4 0.371481 
4 0.205403 
4 -0.372615 
4 -0.332978 
4 -0.030397 
4 -0.907055 
4 -0.103897 
4 0.0923252 
4 0.0350104 
4 0.464601 
4 -0.579184 
4 0.902798 
4 -0.256913 
4 -0.157257 
4 -0.190475 
4 -0.223694 
4 0.154751 
4 -0.481108 
4 -0.412252 
4 0.309433 
ZONE T="boundary3"
-3.80847 -1 
-3.61695 -1 
-0.0705526 -1 
-0.0289314 -1 
0.113358 -1 
0.194185 -1 
-1.23847 -1 
-0.649606 -1 
-0.76709 -1 
0.249843 -1 
3.50847 -1 
3.36433 -1 
3.1629 -1 
-0.54531 -1 
1.31616 -1 
0.46865 -1 
0.56034 -1 
-4 -1 
1.41991 -1 
1.52365 -1 
1.96432 -1 
2.61783 -1 
3.65261 -1 
4 -1 
2.78965 -1 
-1.00549 -1 
-1.1264 -1 
-2.75112 -1 
-2.9953 -1 
2.96147 -1 
2.36182 -1 
-1.87044 -1 
-2.51769 -1 
-2.28426 -1 
-1.71807 -1 
-1.56571 -1 
-0.271889 -1 
-0.356451 -1 
0.0422135 -1 
0.65203 -1 
0.305502 -1 
-0.112174 -1 
-0.192031 -1 
0.715544 -1 
0.387076 -1 
-0.884574 -1 
-0.441014 -1 
1.00683 -1 
1.21186 -1 
-3.42821 -1 
1.67324 -1 
1.59845 -1 
1.10757 -1 
1.82283 -1 
2.1058 -1 
-1.45813 -1 
-1.35054 -1 
-3.23947 -1 
0.842571 -1 
0.906085 -1 
0.779058 -1 
-3.71271 -1 
-0.049742 -1 
0.153772 -1 
-0.708348 -1 
0.222014 -1 
3.26362 -1 
-0.597458 -1 
0.514495 -1 
-3.90424 -1 
3.82631 -1 
2.70374 -1 
-1.06594 -1 
-2.87321 -1 
-2.40098 -1 
-2.07735 -1 
-1.64189 -1 
-0.31417 -1 
0.277673 -1 
0.00664104 -1 
-0.0913633 -1 
-0.152103 -1 
0.606185 -1 
0.683787 -1 
-0.23196 -1 
-0.493162 -1 
-0.825832 -1 
1.26401 -1 
-3.52258 -1 
1.47178 -1 
1.63585 -1 
1.36803 -1 
1.15972 -1 
1.74804 -1 
2.03506 -1 
-1.40433 -1 
-1.51192 -1 
-1.29451 -1 
-1.79426 -1 
3.58054 -1 
3.4364 -1 
1.89357 -1 
2.23381 -1 
-3.33384 -1 
-2.63441 -1 
-3.11738 -1 
2.87556 -1 
3.06219 -1 
-0.398732 -1 
0.346289 -1 
0.0777859 -1 
0.427863 -1 
1.0572 -1 
0.810815 -1 
0.747301 -1 
0.956456 -1 
0.874328 -1 
1.56105 -1 
-1.18244 -1 
2.48982 -1 
-0.945031 -1 
ZONE T="boundary4"
-0.122556 0.368071 
-0.145854 0.379897 
-0.616363 0.0273 
-0.474447 0.418495 
-0.393395 0.451548 
-0.599524 0.238953 
-0.459673 0.427495 
-0.525621 0.373817 
-0.620717 0.0700107 
-0.621442 0.091708 
0.620432 -0.0160462 
-0.621162 0.113527 
-0.578981 0.292015 
-0.619859 0.135403 
0.61987 0.0272029 
-0.609941 0.200083 
0.617525 0.0487261 
-0.189452 0.403068 
0.591532 0.13298 
-0.339545 0.45454 
-0.427774 0.442163 
-0.168807 0.39206 
-0.617528 0.157257 
-0.614186 0.178963 
-0.605075 0.219838 
-0.410639 0.44762 
-0.593203 0.257716 
-0.514232 0.385868 
-0.321579 0.452625 
-0.586459 0.27511 
-0.563373 0.321638 
-0.554971 0.335243 
0.522469 0.221916 
-0.303222 0.449262 
-0.536444 0.360982 
-0.285136 0.444626 
-0.266582 0.438595 
-0.501772 0.397553 
-0.488759 0.408272 
-0.444079 0.435436 
0.580557 0.152965 
0.564987 0.176044 
-0.0964566 0.35588 
0.535275 0.209989 
0.0191233 0.320251 
-0.0113083 0.326645 
-0.357763 0.455033 
-0.375517 0.454053 
0.556509 0.186828 
-0.24823 0.43148 
0.509263 0.232942 
0.484575 0.250643 
0.495665 0.243127 
-0.229111 0.423019 
-0.619014 0.0485357 
0.620791 0.00558554 
-0.209974 0.413701 
0.428624 0.279525 
0.382726 0.294444 
0.405997 0.287703 
0.451032 0.269593 
0.547539 0.197205 
0.613602 0.0702386 
0.473201 0.257675 
0.297031 0.308129 
0.26632 0.309934 
0.175106 0.310678 
0.205387 0.310819 
0.328059 0.304874 
0.355346 0.300517 
0.600898 0.111891 
-0.0416831 0.335115 
-0.0699081 0.344943 
0.235709 0.310702 
0.0501419 0.315679 
0.0819543 0.312736 
0.112962 0.311225 
0.144092 0.310673 
0.608041 0.0914144 
-0.13424 0.373911 
-0.621204 0.0808568 
-0.621429 0.102621 
-0.620638 0.124475 
0.618884 0.037985 
-0.157348 0.38595 
-0.618821 0.146346 
-0.615982 0.168132 
-0.612181 0.18955 
-0.60761 0.209988 
-0.419264 0.445073 
-0.330552 0.453756 
-0.596466 0.248372 
-0.582819 0.28361 
-0.559248 0.32849 
-0.312378 0.451113 
-0.589929 0.266454 
-0.546013 0.348346 
-0.275823 0.441753 
-0.508092 0.39181 
-0.53112 0.367477 
-0.481693 0.413514 
-0.495351 0.403021 
-0.435994 0.438965 
0.573058 0.164696 
-0.467142 0.423133 
-0.520012 0.379927 
-0.109563 0.36184 
-0.179128 0.397579 
0.528953 0.216041 
0.00386879 0.323205 
-0.40206 0.449765 
-0.348655 0.454973 
-0.384486 0.452991 
-0.25737 0.435158 
0.490158 0.246944 
-0.238634 0.427354 
0.560812 0.181486 
-0.294149 0.447096 
-0.619987 0.0592649 
-0.219514 0.418437 
-0.617807 0.0379044 
0.620761 -0.00523211 
0.586253 0.143086 
0.417377 0.283805 
0.394411 0.291255 
0.439917 0.274766 
0.541498 0.203685 
0.552084 0.192068 
0.478924 0.254219 
0.50253 0.238125 
0.515939 0.227517 
-0.602397 0.229426 
0.281678 0.309184 
0.190244 0.310757 
0.341728 0.302885 
0.596439 0.122535 
0.6205 0.016402 
-0.571506 0.307012 
-0.0558584 0.339814 
-0.0832445 0.350239 
-0.0265523 0.330626 
0.220543 0.310817 
0.251011 0.310423 
0.0346104 0.317739 
0.312558 0.306704 
0.0660383 0.314009 
0.0974559 0.311837 
0.12853 0.310853 
-0.451952 0.431618 
-0.366655 0.454726 
0.604672 0.101723 
0.611028 0.0808803 
0.615764 0.0595189 
-0.199695 0.408437 
0.462232 0.263852 
0.36908 0.297703 
0.159596 0.310632 
ZONE T="boundary5"
-0.60308 -0.0346031 
-0.60836 -0.0142936 
-0.554873 -0.150481 
-0.544308 -0.168788 
-0.351805 -0.377786 
-0.370182 -0.364109 
-0.45356 -0.28901 
-0.612801 0.00635525 
-0.616363 0.0273 
0.61342 -0.0810257 
0.616559 -0.0593483 
-0.596976 -0.0546254 
0.483104 -0.436526 
-0.590091 -0.0743099 
0.546354 -0.355079 
-0.564793 -0.131819 
0.620432 -0.0160462 
-0.209368 -0.459672 
-0.231198 -0.449485 
-0.252719 -0.438686 
-0.27347 -0.42752 
-0.333024 -0.390911 
-0.313639 -0.403622 
-0.293885 -0.415768 
-0.11513 -0.495687 
-0.163599 -0.478701 
-0.0895016 -0.503445 
0.596218 -0.17407 
0.601573 -0.146177 
0.246486 -0.53399 
0.282668 -0.528451 
-0.186624 -0.46951 
-0.13949 -0.487539 
-0.508895 -0.222009 
-0.496021 -0.239138 
-0.53308 -0.186836 
-0.521294 -0.204525 
-0.405285 -0.335392 
-0.387957 -0.350021 
-0.438137 -0.304846 
-0.421961 -0.320385 
0.369353 -0.504596 
0.393837 -0.494397 
-0.482489 -0.256117 
0.528882 -0.384081 
0.618964 -0.0376563 
-0.468428 -0.272665 
0.569838 -0.297896 
0.537935 -0.369986 
0.46292 -0.453344 
0.605744 -0.124415 
0.565056 -0.312283 
0.519079 -0.397589 
0.501965 -0.417853 
0.590979 -0.201986 
0.5863 -0.227166 
0.111977 -0.537837 
0.0807528 -0.535511 
0.0496091 -0.532089 
0.211099 -0.537384 
-0.00885278 -0.522736 
0.323055 -0.519419 
0.302967 -0.524317 
-0.0636521 -0.510458 
-0.0363457 -0.517008 
0.344601 -0.513179 
0.417787 -0.482486 
0.440825 -0.468862 
0.510744 -0.40792 
0.0203078 -0.527878 
-0.573968 -0.112933 
0.559796 -0.326123 
0.581382 -0.252265 
0.609761 -0.102646 
0.553942 -0.339684 
0.574069 -0.283275 
-0.582425 -0.093722 
0.177219 -0.538956 
0.144604 -0.539049 
-0.605827 -0.0244753 
-0.549668 -0.159679 
-0.361046 -0.371016 
-0.614697 0.0168091 
0.615067 -0.0701971 
-0.600131 -0.0446449 
-0.593632 -0.0645016 
-0.610692 -0.0039922 
-0.220319 -0.454656 
-0.263135 -0.433176 
-0.303806 -0.409766 
-0.323378 -0.397338 
-0.102344 -0.49966 
0.598886 -0.160122 
0.264622 -0.531492 
-0.175144 -0.474187 
-0.198032 -0.464672 
-0.127339 -0.491699 
-0.502517 -0.230618 
-0.559916 -0.141194 
-0.538767 -0.177857 
-0.515156 -0.213311 
-0.342463 -0.384418 
-0.396679 -0.342774 
-0.445915 -0.296993 
-0.430113 -0.312682 
0.381678 -0.499691 
-0.413683 -0.327955 
-0.489318 -0.247678 
-0.475527 -0.264449 
0.473187 -0.445146 
0.603668 -0.135297 
0.492739 -0.427397 
0.533508 -0.377099 
0.588645 -0.214579 
0.0963553 -0.536813 
0.0651668 -0.533935 
0.228817 -0.53592 
0.313036 -0.521967 
-0.0500235 -0.513836 
0.333865 -0.516422 
0.357041 -0.509066 
0.429435 -0.47589 
0.50641 -0.412936 
0.524076 -0.390905 
0.51497 -0.402802 
0.54225 -0.362594 
0.583901 -0.23973 
0.607782 -0.113535 
-0.241997 -0.444162 
0.550253 -0.347435 
0.556946 -0.332938 
0.56752 -0.305116 
0.572021 -0.290607 
0.5625 -0.319233 
0.593582 -0.188026 
-0.586353 -0.0840532 
-0.461064 -0.280901 
0.292838 -0.526478 
-0.569468 -0.122418 
0.45203 -0.461327 
0.611643 -0.0918435 
0.617865 -0.0485127 
0.619825 -0.0268588 
-0.578289 -0.103367 
-0.527253 -0.195725 
0.19417 -0.538365 
-0.151577 -0.483207 
0.577951 -0.267828 
-0.379124 -0.357133 
-0.283721 -0.421717 
0.034942 -0.530101 
0.0057073 -0.525422 
0.405917 -0.48865 
0.128286 -0.538602 
-0.0766024 -0.507045 
-0.0226205 -0.519975 
0.160914 -0.539171 
