ZONE T="boundary0"
-4 -1 
-4 -0.29351 
-4 0.349736 
-4 0.313458 
-4 0.633473 
-4 0.447879 
-4 0.386015 
-4 -0.208266 
-4 -0.0403958 
-4 -0.107249 
-4 0.0264574 
-4 1 
-4 0.816736 
-4 0.279146 
-4 0.244835 
-4 0.509744 
-4 -0.250888 
-4 0.0880081 
-4 0.197197 
-4 -0.527131 
-4 -0.610724 
-4 -0.805362 
-4 0.221016 
-4 0.149559 
-4 -0.368525 
-4 -0.443539 
-4 0.331597 
-4 0.416947 
-4 0.908368 
-4 0.261991 
-4 0.296302 
-4 0.478811 
-4 0.571608 
-4 -0.272199 
-4 0.0572328 
-4 -0.229577 
-4 -0.157757 
-4 -0.0069692 
-4 -0.0738223 
-4 -0.568928 
-4 -0.708043 
-4 -0.902681 
-4 0.725104 
-4 0.209106 
-4 0.367876 
-4 0.173378 
-4 0.232925 
-4 0.118784 
-4 -0.331018 
-4 -0.406032 
-4 -0.485335 
ZONE T="boundary1"
-1.28486 1 
-1.17909 1 
2.17318 1 
0.359415 1 
-0.469136 1 
0.858812 1 
0.462016 1 
0.255094 1 
1.16741 1 
0.187506 1 
-1.44216 1 
3.12272 1 
1.32752 1 
-3.30066 1 
-3.15699 1 
-4 1 
-2.59189 1 
-2.73237 1 
-3.01332 1 
2.31116 1 
1.5769 1 
3.52991 1 
3.68661 1 
2.87222 1 
-3.588 1 
3.37322 1 
-0.0210305 1 
-0.384566 1 
-0.299996 1 
0.119918 1 
-0.0918388 1 
0.564618 1 
-0.670512 1 
-0.870302 1 
0.660609 1 
-1.59946 1 
4 1 
3.8433 1 
-0.569824 1 
-0.947499 1 
-1.0247 1 
-0.770407 1 
0.7566 1 
1.06422 1 
0.961025 1 
-3.794 1 
-1.77311 1 
-1.94676 1 
1.45221 1 
2.59169 1 
-1.68628 1 
1.80605 1 
1.69148 1 
-2.45142 1 
-2.32525 1 
-2.19909 1 
2.0352 1 
0.0494437 1 
-0.162647 1 
-0.231321 1 
-1.23197 1 
0.307254 1 
0.2213 1 
-1.36351 1 
-3.22883 1 
-2.66213 1 
2.24217 1 
3.60826 1 
3.24797 1 
-0.426851 1 
0.153712 1 
0.513317 1 
-0.342281 1 
0.410716 1 
0.612614 1 
-1.52081 1 
3.92165 1 
-0.51948 1 
-0.620168 1 
-0.986098 1 
0.807706 1 
-3.897 1 
-3.691 1 
-3.44433 1 
-0.820354 1 
-1.85994 1 
1.11582 1 
1.24747 1 
1.01262 1 
1.51456 1 
-0.9089 1 
-3.08515 1 
3.45157 1 
-1.10189 1 
2.99747 1 
2.73195 1 
2.45143 1 
1.63419 1 
-2.38834 1 
-2.07293 1 
3.76496 1 
-2.26217 1 
1.92063 1 
2.10419 1 
-2.52166 1 
-2.87284 1 
-0.0564346 1 
0.0142066 1 
-0.127243 1 
-0.265659 1 
-0.720459 1 
-0.196984 1 
0.0846808 1 
0.708605 1 
-1.7297 1 
-1.64287 1 
0.909919 1 
1.38986 1 
1.74877 1 
ZONE T="boundary2"
4 -1 
4 -0.40373 
4 -0.0930664 
4 -0.489898 
4 0.19959 
4 0.24861 
4 0.404799 
4 0.349023 
4 0.767943 
4 0.293248 
4 -0.0303037 
4 -0.835667 
4 -0.671333 
4 0.470343 
4 0.535887 
4 0.0324589 
4 0.0915148 
4 -0.360646 
4 -0.317562 
4 -0.149341 
4 -0.205616 
4 -0.289575 
4 -0.233602 
4 0.150571 
4 0.651915 
4 1 
4 -0.580615 
4 -0.261589 
4 0.2241 
4 0.376911 
4 0.321135 
4 -0.0616851 
4 -0.7535 
4 -0.917833 
4 0.437571 
4 0.503115 
4 0.0619869 
4 0.0010776 
4 -0.339104 
4 -0.177478 
4 0.121043 
4 0.593901 
4 0.709929 
4 0.883972 
4 -0.382188 
4 -0.275582 
4 -0.219609 
4 -0.303569 
4 -0.247596 
4 -0.446814 
4 -0.535256 
4 -0.625974 
4 -0.121204 
4 0.270929 
4 0.175081 
ZONE T="boundary3"
-4 -1 
-3.61743 -1 
-1.23005 -1 
-1.12026 -1 
3.6124 -1 
4 -1 
0.281372 -1 
0.549868 -1 
0.456204 -1 
0.870133 -1 
1.48187 -1 
1.63418 -1 
3.41859 -1 
1.7865 -1 
-3.31186 -1 
-3.00628 -1 
-3.46464 -1 
-2.503 -1 
-1.62678 -1 
-1.55505 -1 
2.62015 -1 
2.1574 -1 
2.38877 -1 
-2.08195 -1 
2.92247 -1 
0.362541 -1 
0.200204 -1 
0.654498 -1 
-0.544643 -1 
-0.660346 -1 
0.124743 -1 
-0.273563 -1 
-0.221771 -1 
-0.157634 -1 
-0.0934976 -1 
-0.0221077 -1 
0.0492823 -1 
0.814631 -1 
-0.428939 -1 
0.981138 -1 
1.09401 -1 
1.20688 -1 
1.34437 -1 
0.759129 -1 
-0.377147 -1 
-0.772368 -1 
-1.00233 -1 
-0.88439 -1 
-1.33985 -1 
-2.75464 -1 
1.97195 -1 
-1.48331 -1 
-1.74058 -1 
-1.85437 -1 
3.07363 -1 
3.22479 -1 
-0.325355 -1 
-3.80872 -1 
-1.17516 -1 
3.8062 -1 
0.503036 -1 
1.55803 -1 
-3.15907 -1 
-3.54104 -1 
-1.59092 -1 
2.27309 -1 
-2.29247 -1 
2.77131 -1 
0.321957 -1 
0.240788 -1 
0.409372 -1 
0.602183 -1 
-0.602494 -1 
0.162474 -1 
-0.247667 -1 
-0.125566 -1 
0.0135873 -1 
0.842382 -1 
0.925636 -1 
1.03757 -1 
1.15044 -1 
1.27562 -1 
0.706813 -1 
-0.486791 -1 
-0.943358 -1 
1.41312 -1 
-3.38825 -1 
-2.62882 -1 
1.87922 -1 
1.71034 -1 
-1.51918 -1 
-1.68368 -1 
-2.88046 -1 
-1.79747 -1 
2.50446 -1 
3.14921 -1 
-1.96816 -1 
3.32169 -1 
2.06468 -1 
0.0870127 -1 
-0.0578026 -1 
-0.716357 -1 
-0.828379 -1 
-0.299459 -1 
-0.351251 -1 
0.78688 -1 
-0.403043 -1 
-0.189702 -1 
-1.28495 -1 
-1.06129 -1 
-1.41158 -1 
2.99805 -1 
3.51549 -1 
ZONE T="boundary4"
-0.346356 0.478242 
0.539985 0.103383 
-0.610036 0.0485172 
-0.605654 0.111601 
-0.590366 0.175193 
-0.583191 0.195748 
-0.601729 0.132855 
-0.596612 0.154092 
-0.608356 0.0904054 
-0.566639 0.234957 
-0.557877 0.252798 
-0.548456 0.270303 
-0.609024 0.0279735 
-0.474707 0.371559 
0.592498 0.0374976 
0.582377 0.053487 
-0.539088 0.28626 
-0.417698 0.426313 
-0.365636 0.465696 
0.378096 0.249273 
0.394625 0.230277 
-0.609817 0.0693406 
-0.383741 0.452965 
-0.509051 0.330283 
-0.529152 0.301883 
-0.487047 0.357607 
-0.461931 0.385122 
-0.447966 0.399029 
-0.43355 0.412481 
-0.575306 0.215518 
-0.519327 0.316241 
-0.401377 0.4396 
-0.26201 0.522457 
-0.239183 0.531773 
-0.305757 0.501557 
-0.284474 0.512241 
-0.215144 0.540472 
-0.190806 0.548156 
-0.0851471 0.568746 
-0.0573836 0.570649 
-0.0282937 0.570963 
0.343829 0.295507 
0.362507 0.26919 
0.61549 -0.0139459 
0.620485 -0.0317756 
0.326206 0.32246 
0.310313 0.347897 
0.247569 0.440363 
0.263777 0.419203 
0.521569 0.120431 
0.496361 0.141629 
0.429601 0.196167 
0.450095 0.178732 
0.114837 0.542136 
0.0871949 0.552391 
0.0588075 0.560295 
0.229202 0.461539 
0.188485 0.498999 
0.209405 0.481254 
0.165455 0.515391 
0.60918 0.00354829 
0.601489 0.0207739 
0.557324 0.0853175 
0.570362 0.069836 
0.624176 -0.049849 
-0.326629 0.490072 
-0.165215 0.555041 
0.470503 0.162277 
-0.112315 0.565439 
-0.139429 0.560756 
0.411831 0.212621 
0.279526 0.39649 
0.294596 0.373147 
0.141178 0.529648 
0.000445151 0.569477 
0.0294205 0.566018 
-0.586896 0.185512 
-0.603838 0.122256 
-0.599311 0.143508 
-0.607155 0.101024 
-0.562338 0.243917 
-0.55325 0.261595 
-0.609684 0.0382393 
0.587574 0.0455836 
-0.543844 0.278323 
-0.356053 0.472058 
0.386238 0.239647 
-0.374745 0.459411 
-0.534189 0.294115 
-0.480932 0.364632 
-0.455005 0.392133 
-0.440813 0.405813 
-0.579351 0.205674 
-0.468372 0.37839 
-0.425684 0.419465 
-0.392619 0.446361 
-0.250641 0.527228 
-0.593621 0.164682 
-0.273291 0.51746 
-0.227206 0.536247 
-0.295165 0.507 
-0.0712723 0.569887 
-0.0428341 0.571027 
-0.498258 0.344112 
0.353023 0.282234 
0.618148 -0.0228128 
0.334914 0.30892 
0.318221 0.335162 
0.255803 0.429905 
-0.610081 0.058932 
0.370189 0.259133 
0.509075 0.13116 
0.439781 0.187346 
-0.409595 0.433026 
0.101124 0.547561 
0.0730826 0.556631 
0.238551 0.451125 
0.199114 0.490351 
0.177137 0.507455 
-0.571066 0.22528 
0.605492 0.0122354 
0.563961 0.0776824 
0.597144 0.0292207 
0.62249 -0.0407772 
-0.316247 0.495913 
0.530884 0.112027 
0.576509 0.0617693 
0.548799 0.0944987 
-0.203012 0.544442 
-0.178045 0.551741 
-0.336546 0.484247 
-0.125895 0.563265 
0.403118 0.221317 
-0.0987468 0.567266 
0.271759 0.407941 
0.302472 0.36055 
0.12814 0.536187 
-0.15235 0.558046 
0.460273 0.170457 
0.014969 0.568 
0.219478 0.471603 
0.287125 0.384878 
0.0441738 0.563439 
-0.0139057 0.57045 
0.153463 0.52279 
0.483462 0.151976 
0.612494 -0.00513776 
-0.60924 0.079885 
-0.514245 0.323301 
-0.524297 0.309102 
0.420629 0.204283 
ZONE T="boundary5"
-0.0148606 -0.43464 
-0.0400568 -0.428477 
-0.323559 -0.321124 
-0.303822 -0.33102 
-0.537168 -0.154219 
-0.524505 -0.169832 
-0.606801 0.00777277 
-0.603394 -0.0120505 
0.533553 -0.342055 
0.544107 -0.330614 
0.294901 -0.453417 
0.277802 -0.455711 
0.583096 -0.273993 
0.522623 -0.352769 
-0.598837 -0.0314319 
-0.593151 -0.0503929 
-0.548886 -0.138203 
-0.586383 -0.06887 
0.244589 -0.458822 
0.120505 -0.456919 
-0.178729 -0.384585 
-0.156617 -0.39266 
-0.200251 -0.376343 
-0.221636 -0.367776 
-0.283638 -0.340667 
-0.0642488 -0.422012 
-0.0882523 -0.415082 
-0.11139 -0.407931 
-0.134362 -0.400385 
0.491954 -0.37804 
0.471611 -0.39177 
-0.559821 -0.121482 
-0.482604 -0.213057 
-0.497165 -0.199203 
-0.451216 -0.239923 
0.618347 -0.176482 
0.614448 -0.192105 
-0.511198 -0.184761 
-0.343116 -0.310804 
-0.36223 -0.300145 
-0.417088 -0.265475 
-0.434347 -0.252988 
-0.578543 -0.0868992 
-0.381097 -0.288976 
-0.399257 -0.277514 
0.621671 -0.160638 
0.605092 -0.222598 
-0.609024 0.0279735 
-0.467128 -0.226756 
0.150654 -0.459164 
0.0371026 -0.445426 
0.21228 -0.460274 
0.0920972 -0.45385 
0.0638721 -0.449924 
0.0105329 -0.440241 
-0.569674 -0.104446 
0.311938 -0.45063 
0.335344 -0.445924 
0.180942 -0.460317 
0.428171 -0.415118 
0.358706 -0.440129 
0.405364 -0.424775 
0.450567 -0.403982 
0.511177 -0.362946 
0.382111 -0.433105 
0.576551 -0.285719 
0.627812 -0.0865689 
0.627852 -0.10513 
0.554023 -0.318683 
0.569466 -0.297161 
0.624699 -0.142231 
0.594977 -0.248969 
0.626797 -0.123599 
0.610035 -0.207435 
0.626601 -0.0681036 
0.624176 -0.049849 
-0.242536 -0.35903 
-0.263305 -0.349953 
-0.0274787 -0.431628 
-0.313714 -0.326121 
-0.530932 -0.162102 
-0.605248 -0.00216304 
0.538904 -0.336402 
0.28636 -0.454624 
-0.601262 -0.0217741 
-0.589905 -0.0596804 
0.261213 -0.457479 
-0.16769 -0.388666 
-0.21096 -0.372101 
-0.29375 -0.33589 
-0.052172 -0.425305 
-0.0998391 -0.411558 
-0.145507 -0.396567 
0.481903 -0.385083 
-0.554467 -0.129916 
-0.489948 -0.206198 
0.616469 -0.184312 
-0.517935 -0.177371 
-0.352704 -0.305533 
-0.333365 -0.316018 
-0.425767 -0.259303 
-0.408219 -0.271567 
-0.3717 -0.294626 
-0.596137 -0.0409537 
0.620087 -0.168576 
-0.390218 -0.283313 
0.135566 -0.458174 
0.0779662 -0.451991 
-0.574235 -0.0957348 
0.323665 -0.448403 
0.196608 -0.460457 
0.347058 -0.443162 
-0.00218353 -0.437514 
-0.608066 0.0178579 
0.416838 -0.420114 
-0.543129 -0.146285 
0.439457 -0.409727 
0.501706 -0.37067 
0.528154 -0.347479 
0.516961 -0.357926 
0.461189 -0.398048 
-0.459224 -0.233405 
0.370452 -0.436765 
-0.189506 -0.380505 
0.627974 -0.0958478 
0.549143 -0.324713 
0.623297 -0.151453 
0.579889 -0.279892 
0.589302 -0.261606 
0.573074 -0.29148 
0.60763 -0.215039 
0.627456 -0.114371 
0.625872 -0.132928 
-0.474924 -0.219974 
-0.564866 -0.113031 
0.228439 -0.459733 
0.625544 -0.0589536 
0.561988 -0.308096 
0.303428 -0.452086 
-0.232103 -0.363443 
-0.122894 -0.404207 
-0.07627 -0.418605 
0.0237977 -0.442918 
0.393794 -0.429099 
-0.27349 -0.345353 
-0.252938 -0.354533 
0.106285 -0.455495 
0.0504687 -0.447764 
0.165789 -0.459882 
0.627357 -0.0773246 
-0.582595 -0.0779407 
-0.442833 -0.246526 
-0.504255 -0.192054 
0.600262 -0.235873 
0.612309 -0.199789 
