ZONE T="boundary0"
-4 1 
-4 0.73744 
-4 -0.436507 
-4 -0.187172 
-4 -0.2178 
-4 0.383654 
-4 0.60616 
-4 -0.156543 
-4 -0.092037 
-4 -0.0275313 
-4 -0.805483 
-4 -0.610966 
-4 -0.313377 
-4 -0.265589 
-4 0.0691298 
-4 0.11746 
-4 0.165791 
-4 0.229109 
-4 0.292427 
-4 0.47488 
-4 -1 
-4 -0.374942 
-4 0.86872 
-4 -0.202486 
-4 -0.12429 
-4 -0.171857 
-4 -0.241694 
-4 -0.523737 
-4 -0.0597841 
-4 0.0207993 
-4 0.19745 
-4 0.33804 
-4 0.54052 
-4 0.429267 
-4 -0.708225 
-4 -0.902742 
-4 0.6718 
-4 -0.344159 
-4 -0.289483 
-4 -0.405724 
-4 0.0932951 
-4 0.141626 
-4 0.260768 
ZONE T="boundary1"
-4 1 
0.648954 1 
1.63548 1 
3.64244 1 
3.82122 1 
1.37359 1 
-0.640634 1 
-0.929695 1 
-0.848781 1 
-0.74181 1 
0.0433791 1 
0.109511 1 
-1.01061 1 
-1.11655 1 
3.34716 1 
3.4948 1 
3.17698 1 
3.0068 1 
0.250291 1 
0.175643 1 
0.424882 1 
1.86962 1 
4 1 
-1.72398 1 
2.67827 1 
-3.14358 1 
-2.9545 1 
-3.75 1 
-2.76541 1 
-2.46453 1 
-2.31409 1 
-2.61497 1 
2.08246 1 
2.2953 1 
-0.219846 1 
-0.497566 1 
-0.0218681 1 
-0.0871152 1 
-0.5691 1 
-0.153481 1 
-0.351695 1 
-0.285771 1 
0.324939 1 
0.524824 1 
-1.22249 1 
-1.40975 1 
1.30001 1 
-1.56686 1 
1.22644 1 
1.12369 1 
0.897016 1 
-1.83389 1 
1.55744 1 
-3.50897 1 
1.02095 1 
1.71353 1 
0.773084 1 
-1.94381 1 
-2.16365 1 
3.73183 1 
-0.889238 1 
-0.795295 1 
0.0764451 1 
-0.970153 1 
3.42098 1 
3.09189 1 
0.212967 1 
3.91061 1 
-3.04904 1 
-3.875 1 
-2.38931 1 
-2.69019 1 
2.48679 1 
-0.0544916 1 
-0.120298 1 
-0.424631 1 
-0.318733 1 
-0.186663 1 
0.0107555 1 
-0.691222 1 
0.287615 1 
0.37491 1 
0.474853 1 
-1.06358 1 
-1.16952 1 
-1.31612 1 
-1.48831 1 
1.26322 1 
-1.64542 1 
-1.77893 1 
1.3368 1 
1.46551 1 
3.56862 1 
-3.62949 1 
1.17506 1 
-3.32628 1 
0.586889 1 
-1.88885 1 
-2.05373 1 
1.79157 1 
1.97604 1 
0.958982 1 
-2.85996 1 
2.18888 1 
2.84254 1 
3.26207 1 
0.142577 1 
-0.604867 1 
-0.533333 1 
-0.252808 1 
1.07232 1 
0.83505 1 
0.711019 1 
1.59646 1 
1.67451 1 
-2.53975 1 
-2.23887 1 
ZONE T="boundary2"
4 -0.532226 
4 -0.730221 
4 -0.376039 
4 -0.271162 
4 0.185872 
4 0.121796 
4 -0.3236 
4 0.268655 
4 0.400216 
4 0.339854 
4 0.0577196 
4 -0.146966 
4 1 
4 0.460577 
4 -0.0446231 
4 -0.297381 
4 0.609145 
4 -0.454132 
4 -1 
4 -0.209064 
4 -0.240113 
4 -0.0957944 
4 0.804572 
4 -0.631223 
4 0.153834 
4 0.227264 
4 0.370035 
4 0.304255 
4 0.430396 
4 0.0897578 
4 0.00654824 
4 -0.284271 
4 0.534861 
4 -0.86511 
4 -0.224588 
4 -0.310491 
4 -0.255637 
4 -0.178015 
4 -0.12138 
4 -0.415085 
4 -0.349819 
4 -0.0702088 
4 -0.493179 
4 0.706859 
4 0.902286 
ZONE T="boundary3"
3.50213 -1 
3.6266 -1 
0.36381 -1 
0.91075 -1 
1.10985 -1 
1.31767 -1 
-3.30686 -1 
-3.09837 -1 
0.430133 -1 
0.519853 -1 
0.119633 -1 
1.0103 -1 
1.21376 -1 
2.21081 -1 
2.41654 -1 
1.8413 -1 
-2.53611 -1 
-2.39502 -1 
3.21388 -1 
3.35801 -1 
-2.01807 -1 
-1.8296 -1 
-1.64112 -1 
2.63177 -1 
3.75107 -1 
-2.6772 -1 
-2.88778 -1 
0.18331 -1 
0.297486 -1 
0.0559561 -1 
-0.0132395 -1 
0.761015 -1 
0.609573 -1 
-1.24004 -1 
1.43461 -1 
1.55154 -1 
1.69642 -1 
1.62398 -1 
-1.30663 -1 
-0.661512 -1 
-0.320835 -1 
-0.249745 -1 
-0.534108 -1 
-0.391926 -1 
-0.0824351 -1 
-0.16609 -1 
4 -1 
-1.37322 -1 
-1.00121 -1 
2.02605 -1 
-1.50717 -1 
-1.12062 -1 
-3.75767 -1 
-4 -1 
-0.895063 -1 
-0.788916 -1 
-2.20655 -1 
-3.51534 -1 
3.03045 -1 
2.84701 -1 
3.56437 -1 
-3.20261 -1 
0.474993 -1 
1.06007 -1 
2.31367 -1 
-2.46557 -1 
3.28595 -1 
-1.73536 -1 
-2.78249 -1 
0.240398 -1 
0.151471 -1 
0.396972 -1 
0.330648 -1 
0.685294 -1 
0.835883 -1 
1.1618 -1 
1.26572 -1 
1.49307 -1 
1.37614 -1 
1.6602 -1 
1.76886 -1 
-1.27333 -1 
-0.28529 -1 
-0.463017 -1 
-0.124262 -1 
-1.33993 -1 
1.93367 -1 
-1.4402 -1 
2.11843 -1 
-3.87884 -1 
3.68883 -1 
3.87553 -1 
-1.57415 -1 
-0.84199 -1 
-2.99307 -1 
-2.30079 -1 
-3.63651 -1 
3.43007 -1 
3.12216 -1 
-1.92384 -1 
-3.4111 -1 
2.52416 -1 
-0.207917 -1 
-0.356381 -1 
0.0213583 -1 
0.564713 -1 
0.0877945 -1 
-0.0478373 -1 
-0.59781 -1 
-0.725214 -1 
0.960524 -1 
-0.948136 -1 
2.93873 -1 
1.58776 -1 
-1.06092 -1 
-1.18033 -1 
-2.60665 -1 
2.73939 -1 
-2.11231 -1 
ZONE T="boundary4"
-0.615176 0.0274671 
0.646283 -0.0184706 
0.644398 -0.00306091 
-0.616037 0.0963049 
-0.617153 0.0730766 
0.606586 0.0978845 
0.621635 0.0709083 
0.614482 0.0846698 
-0.103896 0.518168 
-0.0786512 0.513444 
-0.230267 0.517431 
-0.205407 0.520758 
-0.0535271 0.507092 
-0.255018 0.512555 
-0.609514 0.143168 
-0.613491 0.119693 
-0.180062 0.522546 
-0.604124 0.166629 
-0.580259 0.235559 
-0.589339 0.213076 
-0.570512 0.256774 
-0.549068 0.295871 
-0.55976 0.27748 
-0.526628 0.329307 
-0.538038 0.313058 
-0.514584 0.345068 
-0.154817 0.522722 
-0.129501 0.521283 
-0.597376 0.189953 
-0.410179 0.443105 
-0.48936 0.374344 
-0.475452 0.388692 
-0.502251 0.359954 
-0.369969 0.468178 
-0.39088 0.455842 
-0.445543 0.416017 
-0.460994 0.402461 
-0.428154 0.42998 
-0.348508 0.479367 
-0.279126 0.506279 
-0.302946 0.498558 
-0.325943 0.489619 
-0.00323361 0.489387 
0.0216032 0.478214 
-0.028525 0.499122 
0.641634 0.0122036 
0.443412 0.231468 
0.470762 0.216572 
0.348888 0.279612 
0.371612 0.268078 
0.579928 0.133058 
0.589398 0.121845 
0.559213 0.154193 
0.56995 0.143744 
0.627936 0.0567687 
0.150166 0.400133 
0.17499 0.383179 
0.0977168 0.435092 
0.0719131 0.451035 
0.276078 0.318917 
0.394263 0.256668 
0.302177 0.304252 
0.325516 0.29173 
0.199964 0.366355 
0.250156 0.334291 
0.0469566 0.465234 
0.418936 0.244162 
0.598289 0.110135 
0.637977 0.0272857 
0.633412 0.042155 
0.64731 -0.0339594 
-0.616856 0.0501186 
0.548016 0.164138 
0.224953 0.350039 
0.123996 0.417866 
0.49757 0.200661 
0.524579 0.182501 
0.645449 -0.0107522 
-0.616771 0.0846997 
0.61063 0.0913354 
-0.0912379 0.516006 
-0.217862 0.519287 
-0.0660421 0.510463 
-0.242679 0.515182 
-0.611675 0.13146 
-0.606986 0.154938 
-0.584933 0.224372 
-0.614939 0.108019 
-0.575509 0.246224 
-0.554518 0.286737 
-0.532415 0.321241 
-0.543644 0.304524 
-0.520685 0.337248 
-0.142148 0.522204 
-0.593506 0.201567 
-0.482477 0.381588 
-0.495874 0.367212 
-0.380504 0.462147 
-0.453339 0.40932 
-0.468292 0.39565 
-0.565264 0.267194 
-0.508489 0.352571 
-0.436928 0.423098 
-0.359311 0.473915 
-0.267118 0.509596 
-0.314507 0.494251 
-0.192748 0.521853 
0.00925536 0.483965 
-0.0409695 0.503295 
-0.116674 0.519932 
-0.337295 0.48465 
-0.419242 0.436647 
-0.167441 0.522834 
0.643127 0.00459167 
0.457138 0.224117 
0.360243 0.273828 
0.618161 0.0778431 
0.584734 0.127512 
0.564641 0.149034 
0.624892 0.0638864 
0.575003 0.138462 
0.162575 0.39165 
0.0848761 0.443168 
0.382939 0.262371 
0.187456 0.374733 
0.263074 0.326525 
0.337187 0.285636 
0.602521 0.104067 
0.639917 0.0197721 
0.593921 0.116049 
0.630785 0.0495039 
0.646902 -0.0262079 
-0.600909 0.178338 
0.635806 0.0347551 
-0.400606 0.449591 
-0.61718 0.0615958 
0.406609 0.250432 
-0.291092 0.502592 
0.431195 0.237856 
0.0343548 0.471878 
0.0595023 0.458261 
0.212424 0.358141 
0.313823 0.297942 
-0.0158124 0.494438 
0.237514 0.342094 
0.28909 0.311509 
0.1109 0.426551 
0.484255 0.208771 
0.1371 0.409031 
0.536473 0.173548 
-0.616189 0.0387804 
0.55367 0.159227 
0.511224 0.19181 
ZONE T="boundary5"
-0.612148 0.00518099 
-0.615176 0.0274671 
-0.543716 -0.157733 
-0.556261 -0.138918 
-0.578095 -0.0999503 
-0.567731 -0.119661 
-0.587319 -0.0797891 
-0.595359 -0.0592107 
-0.602205 -0.0381701 
-0.515521 -0.194119 
-0.530142 -0.176103 
-0.154087 -0.422693 
-0.179057 -0.413831 
-0.203797 -0.404375 
-0.276465 -0.372444 
-0.25253 -0.383683 
-0.300103 -0.360582 
-0.0251762 -0.458029 
0.0014606 -0.463187 
-0.0516464 -0.452176 
-0.0776278 -0.445728 
-0.128858 -0.43097 
-0.103418 -0.438639 
-0.500198 -0.211465 
-0.466992 -0.245042 
-0.48389 -0.228559 
-0.60781 -0.0167135 
0.506454 -0.368207 
-0.323251 -0.348164 
-0.449017 -0.261334 
-0.410311 -0.292473 
-0.430438 -0.276908 
-0.346038 -0.335079 
-0.36805 -0.321527 
-0.389618 -0.30725 
0.645581 -0.0807635 
0.587186 -0.264748 
0.530112 -0.345444 
0.541092 -0.333277 
0.637547 -0.127428 
0.493847 -0.378759 
0.141317 -0.477773 
0.112364 -0.476547 
0.0287062 -0.467696 
0.0841782 -0.474427 
0.0560901 -0.471435 
0.290025 -0.466809 
0.25973 -0.471664 
0.199891 -0.47712 
0.17031 -0.477992 
0.229424 -0.475075 
0.320479 -0.460321 
0.35092 -0.452033 
0.381079 -0.441803 
0.643544 -0.0963193 
0.439659 -0.414895 
0.46752 -0.39797 
0.410831 -0.429431 
0.480894 -0.388649 
0.518567 -0.357084 
0.551598 -0.320456 
0.561488 -0.307128 
0.646923 -0.0651289 
0.574981 -0.286507 
0.606037 -0.22382 
0.597878 -0.242682 
0.619193 -0.189489 
0.612835 -0.20674 
0.629345 -0.15837 
0.64731 -0.0339594 
0.647512 -0.0494949 
-0.228291 -0.394329 
-0.613832 0.0163014 
-0.550106 -0.148403 
-0.573046 -0.109876 
-0.591486 -0.0695573 
-0.52293 -0.185191 
-0.166599 -0.418337 
-0.191456 -0.409177 
-0.264533 -0.37814 
-0.0118753 -0.460697 
-0.0646577 -0.449034 
-0.116162 -0.434882 
-0.288324 -0.366591 
-0.475514 -0.236876 
-0.605167 -0.0274832 
-0.562121 -0.129364 
-0.31172 -0.354454 
-0.420451 -0.28479 
-0.357097 -0.32839 
-0.400032 -0.299956 
-0.458082 -0.253274 
-0.582848 -0.0899341 
-0.610144 -0.00579864 
0.535674 -0.339426 
0.500211 -0.373554 
0.126835 -0.477282 
0.0701225 -0.473037 
0.0423843 -0.469664 
-0.492123 -0.220087 
0.274907 -0.469421 
0.185105 -0.477698 
0.214668 -0.476249 
0.335761 -0.4564 
0.366082 -0.447159 
0.453763 -0.406718 
0.487425 -0.383775 
0.64084 -0.11193 
0.546422 -0.32693 
0.524408 -0.351332 
0.512575 -0.362716 
-0.439804 -0.269212 
0.556623 -0.313851 
0.646343 -0.0729539 
0.581263 -0.275728 
0.602037 -0.233286 
0.61607 -0.198135 
0.609492 -0.215302 
0.633686 -0.142962 
0.624468 -0.173994 
0.644646 -0.0885523 
0.474257 -0.393381 
0.592679 -0.253787 
-0.507946 -0.202868 
0.647314 -0.0573154 
0.647512 -0.0417257 
-0.537037 -0.166998 
-0.378895 -0.314481 
-0.334693 -0.341706 
-0.141498 -0.426907 
0.0150674 -0.465536 
0.155812 -0.478012 
0.305295 -0.463768 
-0.240443 -0.389081 
-0.0905454 -0.442263 
-0.0384308 -0.455189 
0.0982626 -0.475598 
0.244596 -0.47354 
-0.216075 -0.399426 
0.396063 -0.435877 
0.425383 -0.422436 
-0.598936 -0.0487403 
0.568414 -0.296935 
