ZONE T="boundary0"
-4 0.297752 
-4 -0.111026 
-4 0.381652 
-4 0.432716 
-4 -0.603391 
-4 -0.517493 
-4 -0.801696 
-4 -1 
-4 0.689432 
-4 0.585909 
-4 0.097852 
-4 0.0292501 
-4 0.166454 
-4 0.243952 
-4 0.218119 
-4 0.269785 
-4 0.325719 
-4 0.483781 
-4 -0.040888 
-4 -0.250903 
-4 -0.275629 
-4 -0.168602 
-4 -0.226177 
-4 0.792955 
-4 1 
-4 -0.431595 
-4 -0.300355 
-4 -0.325081 
-4 -0.378338 
-4 0.407184 
-4 -0.560442 
-4 -0.900848 
-4 0.637671 
-4 0.063551 
-4 0.132153 
-4 0.231036 
-4 -0.263266 
-4 -0.139814 
-4 -0.00581893 
-4 -0.075957 
-4 0.353685 
-4 0.534845 
-4 0.741193 
-4 0.896477 
-4 -0.474544 
-4 -0.702543 
-4 0.283768 
-4 0.311735 
-4 0.458249 
-4 0.192287 
-4 0.256869 
-4 -0.19739 
-4 -0.312718 
-4 -0.23854 
-4 -0.287992 
-4 -0.351709 
-4 -0.404966 
ZONE T="boundary1"
3.0873 1 
3.28821 1 
1.39071 1 
1.23254 1 
0.815082 1 
0.660512 1 
0.522466 1 
-0.744007 1 
-0.536081 1 
-0.413698 1 
1.07048 1 
-1.2577 1 
-0.0913888 1 
-0.688128 1 
3.74456 1 
4 1 
0.23322 1 
-0.890998 1 
3.48911 1 
0.403043 1 
-1.16283 1 
0.942783 1 
1.78326 1 
1.97881 1 
-3.54596 1 
-2.80528 1 
-3.09193 1 
-2.2729 1 
-2.51864 1 
2.61964 1 
2.397 1 
-1.67251 1 
-0.319938 1 
-0.158783 1 
-0.226178 1 
-0.632248 1 
-0.817502 1 
-0.935235 1 
-0.979472 1 
0.115729 1 
0.0486386 1 
-0.0213751 1 
0.28362 1 
-1.06795 1 
0.18282 1 
-1.34401 1 
-1.43031 1 
-3.77298 1 
-1.55141 1 
-4 1 
0.591489 1 
-0.366818 1 
-1.84984 1 
1.55319 1 
-3.31895 1 
2.17435 1 
1.66823 1 
2.85347 1 
-2.02716 1 
3.18776 1 
1.31162 1 
0.737797 1 
1.15151 1 
3.87228 1 
3.61684 1 
-1.21026 1 
1.00663 1 
1.88103 1 
-2.94861 1 
-2.39577 1 
-0.19248 1 
-0.47489 1 
-0.584165 1 
-0.660188 1 
-0.716067 1 
-0.85425 1 
-0.780755 1 
-0.957353 1 
0.082184 1 
0.462755 1 
0.0136318 1 
0.343332 1 
-0.273058 1 
-1.02371 1 
-1.11539 1 
0.20802 1 
0.149275 1 
0.25842 1 
-1.38716 1 
-1.61196 1 
0.556978 1 
0.626 1 
-0.390258 1 
0.878932 1 
-1.30086 1 
-1.49086 1 
-1.76117 1 
-3.65947 1 
1.47195 1 
-3.88649 1 
3.38866 1 
-3.20544 1 
-3.43245 1 
2.28568 1 
2.07658 1 
1.61071 1 
2.73656 1 
-1.9385 1 
-2.15003 1 
-0.056382 1 
-0.913116 1 
-0.343378 1 
-0.125086 1 
1.72574 1 
2.97039 1 
-2.66196 1 
2.50832 1 
ZONE T="boundary2"
4 -0.814111 
4 -0.628222 
4 -0.31316 
4 -0.273523 
4 0.222287 
4 0.256055 
4 0.415737 
4 0.29164 
4 0.611192 
4 0.513465 
4 0.00635304 
4 1 
4 0.805596 
4 -1 
4 0.327225 
4 0.188519 
4 -0.392434 
4 -0.352797 
4 -0.207085 
4 -0.173866 
4 -0.067147 
4 -0.140647 
4 0.120983 
4 0.0636678 
4 -0.530146 
4 -0.240304 
4 -0.432071 
4 -0.721166 
4 -0.293341 
4 0.239171 
4 0.273848 
4 0.562328 
4 0.708394 
4 0.371481 
4 0.205403 
4 -0.372615 
4 -0.332978 
4 -0.030397 
4 -0.907055 
4 -0.103897 
4 0.0923252 
4 0.0350104 
4 0.464601 
4 -0.579184 
4 0.902798 
4 -0.256913 
4 -0.157257 
4 -0.190475 
4 -0.223694 
4 0.154751 
4 -0.481108 
4 -0.412252 
4 0.309433 
ZONE T="boundary3"
-3.80847 -1 
-3.61695 -1 
-0.0705526 -1 
-0.0289314 -1 
0.113358 -1 
0.194185 -1 
-1.23847 -1 
-0.649606 -1 
-0.76709 -1 
0.249843 -1 
3.50847 -1 
3.36433 -1 
3.1629 -1 
-0.54531 -1 
1.31616 -1 
0.46865 -1 
0.56034 -1 
-4 -1 
1.41991 -1 
1.52365 -1 
1.96432 -1 
2.61783 -1 
3.65261 -1 
4 -1 
2.78965 -1 
-1.00549 -1 
-1.1264 -1 
-2.75112 -1 
-2.9953 -1 
2.96147 -1 
2.36182 -1 
-1.87044 -1 
-2.51769 -1 
-2.28426 -1 
-1.71807 -1 
-1.56571 -1 
-0.271889 -1 
-0.356451 -1 
0.0422135 -1 
0.65203 -1 
0.305502 -1 
-0.112174 -1 
-0.192031 -1 
0.715544 -1 
0.387076 -1 
-0.884574 -1 
-0.441014 -1 
1.00683 -1 
1.21186 -1 
-3.42821 -1 
1.67324 -1 
1.59845 -1 
1.10757 -1 
1.82283 -1 
2.1058 -1 
-1.45813 -1 
-1.35054 -1 
-3.23947 -1 
0.842571 -1 
0.906085 -1 
0.779058 -1 
-3.71271 -1 
-0.049742 -1 
0.153772 -1 
-0.708348 -1 
0.222014 -1 
3.26362 -1 
-0.597458 -1 
0.514495 -1 
-3.90424 -1 
3.82631 -1 
2.70374 -1 
-1.06594 -1 
-2.87321 -1 
-2.40098 -1 
-2.07735 -1 
-1.64189 -1 
-0.31417 -1 
0.277673 -1 
0.00664104 -1 
-0.0913633 -1 
-0.152103 -1 
0.606185 -1 
0.683787 -1 
-0.23196 -1 
-0.493162 -1 
-0.825832 -1 
1.26401 -1 
-3.52258 -1 
1.47178 -1 
1.63585 -1 
1.36803 -1 
1.15972 -1 
1.74804 -1 
2.03506 -1 
-1.40433 -1 
-1.51192 -1 
-1.29451 -1 
-1.79426 -1 
3.58054 -1 
3.4364 -1 
1.89357 -1 
2.23381 -1 
-3.33384 -1 
-2.63441 -1 
-3.11738 -1 
2.87556 -1 
3.06219 -1 
-0.398732 -1 
0.346289 -1 
0.0777859 -1 
0.427863 -1 
1.0572 -1 
0.810815 -1 
0.747301 -1 
0.956456 -1 
0.874328 -1 
1.56105 -1 
-1.18244 -1 
2.48982 -1 
-0.945031 -1 
ZONE T="boundary4"
-0.123365 0.355077 
-0.147708 0.365239 
-0.61938 0.0254983 
-0.476622 0.409246 
-0.396223 0.43727 
-0.602783 0.236197 
-0.461843 0.417287 
-0.528189 0.367713 
-0.623775 0.0681597 
-0.624531 0.0898117 
0.616371 -0.0135569 
-0.624286 0.11157 
-0.582138 0.288498 
-0.623023 0.133368 
0.616561 0.0298855 
-0.613201 0.197684 
0.614579 0.0515332 
-0.193051 0.38609 
0.589875 0.136567 
-0.343423 0.43776 
-0.430128 0.429914 
-0.171642 0.376041 
-0.620731 0.155123 
-0.617422 0.176709 
-0.608343 0.217273 
-0.413199 0.434328 
-0.596439 0.254736 
-0.516676 0.379103 
-0.325798 0.435249 
-0.589663 0.271882 
-0.566389 0.317457 
-0.557892 0.330674 
0.5221 0.227278 
-0.307736 0.431418 
-0.539144 0.355471 
-0.28986 0.426468 
-0.271408 0.420279 
-0.5041 0.390034 
-0.49099 0.399942 
-0.446307 0.424219 
0.579182 0.156834 
0.563937 0.180311 
-0.0961482 0.345016 
0.534722 0.215021 
0.0219635 0.319566 
-0.00869616 0.323422 
-0.361273 0.438987 
-0.378672 0.438837 
0.555613 0.191311 
-0.253016 0.413178 
0.509064 0.238635 
0.484623 0.256902 
0.495614 0.249142 
-0.233693 0.404928 
-0.622047 0.0467158 
0.617108 0.0081639 
-0.214173 0.396029 
0.428932 0.28678 
0.383113 0.302311 
0.406349 0.29528 
0.451272 0.276487 
0.546795 0.201919 
0.611005 0.0731955 
0.47333 0.264164 
0.297616 0.316627 
0.267053 0.318432 
0.176624 0.31805 
0.206587 0.318791 
0.328547 0.313236 
0.355777 0.308668 
0.598937 0.115228 
-0.0396057 0.329176 
-0.0686215 0.33643 
0.236644 0.319036 
0.0529542 0.317301 
0.0845437 0.316369 
0.115221 0.316451 
0.145977 0.317139 
0.605774 0.0945479 
-0.135575 0.360051 
-0.624277 0.0789849 
-0.624535 0.100696 
-0.623782 0.122481 
0.615757 0.0407272 
-0.159706 0.370574 
-0.622005 0.144264 
-0.619203 0.16594 
-0.615431 0.187226 
-0.610876 0.20751 
-0.421712 0.432299 
-0.334604 0.436661 
-0.599715 0.245509 
-0.586002 0.280243 
-0.562219 0.324121 
-0.316752 0.433484 
-0.593151 0.263355 
-0.548829 0.343333 
-0.280613 0.423495 
-0.510476 0.384678 
-0.533754 0.361678 
-0.483891 0.404732 
-0.497628 0.395104 
-0.438276 0.427233 
0.571847 0.168757 
-0.469308 0.41341 
-0.522517 0.373501 
-0.109804 0.349878 
-0.182363 0.381049 
0.528494 0.221237 
0.00662876 0.321278 
-0.404746 0.435974 
-0.352349 0.438544 
-0.387472 0.438234 
-0.262194 0.416827 
0.490159 0.253082 
-0.243339 0.409132 
0.559839 0.185859 
-0.29878 0.429075 
-0.623032 0.057431 
-0.223926 0.400528 
-0.620831 0.0360951 
0.616889 -0.00269992 
0.584739 0.14681 
0.417709 0.291225 
0.394781 0.298983 
0.440195 0.281844 
0.540851 0.208556 
0.551263 0.196665 
0.479015 0.260594 
0.502408 0.24398 
0.515657 0.233045 
-0.605663 0.22677 
0.282331 0.317701 
0.191598 0.318461 
0.342185 0.311151 
0.594633 0.125992 
0.617005 0.0190303 
-0.574602 0.303187 
-0.0541453 0.332581 
-0.0824259 0.340529 
-0.0241694 0.326056 
0.221603 0.318997 
0.251838 0.318862 
0.0374642 0.318246 
0.31309 0.315149 
0.0687582 0.316683 
0.0998893 0.316311 
0.130605 0.316743 
-0.454143 0.420909 
-0.369984 0.439082 
0.602561 0.104955 
0.608599 0.083922 
0.612995 0.0623978 
-0.203617 0.391081 
0.462423 0.270549 
0.369488 0.30572 
0.161294 0.31759 
ZONE T="boundary5"
-0.606092 -0.0364177 
-0.611366 -0.016093 
-0.558044 -0.152586 
-0.547522 -0.170971 
-0.355266 -0.381261 
-0.373668 -0.367485 
-0.457057 -0.291869 
-0.615809 0.00456069 
-0.61938 0.0254983 
0.608275 -0.0787783 
0.611756 -0.0570175 
-0.600001 -0.0564653 
0.480718 -0.437603 
-0.593134 -0.0761843 
0.542331 -0.355055 
-0.567925 -0.133853 
0.616371 -0.0135569 
-0.212391 -0.463664 
-0.234311 -0.453426 
-0.255914 -0.442567 
-0.276737 -0.431335 
-0.33645 -0.39448 
-0.317022 -0.40728 
-0.297215 -0.419507 
-0.117707 -0.499791 
-0.166415 -0.482768 
-0.091948 -0.507555 
0.590161 -0.17237 
0.595662 -0.144277 
0.245402 -0.537315 
0.281607 -0.531566 
-0.189547 -0.473543 
-0.142189 -0.491629 
-0.512254 -0.224471 
-0.499431 -0.241702 
-0.536338 -0.189105 
-0.524601 -0.206888 
-0.408797 -0.338562 
-0.39146 -0.353296 
-0.441645 -0.307807 
-0.425474 -0.32345 
0.368111 -0.507037 
0.392459 -0.496596 
-0.485941 -0.258781 
0.525442 -0.384401 
0.614527 -0.0352473 
-0.471908 -0.275425 
0.564758 -0.297293 
0.53421 -0.370134 
0.460854 -0.45471 
0.600032 -0.122376 
0.560223 -0.311817 
0.515914 -0.398085 
0.499209 -0.418637 
0.58491 -0.200519 
0.580344 -0.225917 
0.11051 -0.541678 
0.0791538 -0.539428 
0.0478666 -0.536068 
0.209954 -0.54088 
-0.0108833 -0.526799 
0.321958 -0.522253 
0.301897 -0.527299 
-0.0659648 -0.514562 
-0.0385173 -0.521097 
0.343452 -0.515841 
0.41623 -0.484421 
0.439039 -0.470519 
0.507788 -0.40856 
0.0184237 -0.531905 
-0.577067 -0.114905 
0.555216 -0.325793 
0.575652 -0.251245 
0.604309 -0.100495 
0.549619 -0.339493 
0.568755 -0.282535 
-0.585494 -0.0956406 
0.175985 -0.54259 
0.143263 -0.542796 
-0.608835 -0.026281 
-0.55286 -0.161822 
-0.36452 -0.374443 
-0.617708 0.0150124 
0.61009 -0.067907 
-0.603149 -0.0464709 
-0.596666 -0.0663576 
-0.613698 -0.00578786 
-0.223388 -0.458623 
-0.266367 -0.437026 
-0.307164 -0.413466 
-0.326784 -0.400952 
-0.104856 -0.503768 
0.592886 -0.158318 
0.263555 -0.534716 
-0.178014 -0.478238 
-0.201005 -0.468686 
-0.129978 -0.495798 
-0.505902 -0.23313 
-0.563068 -0.143262 
-0.542002 -0.180082 
-0.518489 -0.215722 
-0.345908 -0.387941 
-0.400187 -0.345997 
-0.449419 -0.299902 
-0.433625 -0.315695 
0.380373 -0.502014 
-0.417196 -0.331072 
-0.492751 -0.250293 
-0.478994 -0.267161 
0.470967 -0.446368 
0.597848 -0.133325 
0.490173 -0.428327 
0.529927 -0.377332 
0.582619 -0.21322 
0.0948239 -0.540694 
0.0634971 -0.537884 
0.227707 -0.539334 
0.311955 -0.524877 
-0.0522657 -0.517934 
0.332745 -0.519172 
0.35585 -0.511621 
0.427769 -0.477688 
0.503555 -0.413647 
0.520775 -0.391313 
0.51191 -0.40337 
0.538376 -0.362655 
0.578044 -0.238595 
0.602193 -0.111438 
-0.245153 -0.448075 
0.546081 -0.347327 
0.552494 -0.332677 
0.562563 -0.304581 
0.566822 -0.289935 
0.557793 -0.318835 
0.587502 -0.18644 
-0.589408 -0.0859486 
-0.464554 -0.28371 
0.291774 -0.529528 
-0.572583 -0.124419 
0.450111 -0.46284 
0.606339 -0.0896426 
0.613243 -0.0461429 
0.615575 -0.0244105 
-0.581371 -0.105312 
-0.530536 -0.19804 
0.192984 -0.541933 
-0.154335 -0.487286 
0.572414 -0.266947 
-0.382619 -0.360459 
-0.28702 -0.425495 
0.0331294 -0.534105 
0.0037504 -0.529469 
0.404455 -0.490719 
0.126884 -0.542398 
-0.0789821 -0.511153 
-0.0247214 -0.524053 
0.159629 -0.542863 
