ZONE T="boundary0"
-4 0.437675 
-4 0.35808 
-4 -0.358376 
-4 -0.209487 
-4 -0.0230558 
-4 0.061331 
-4 0.617548 
-4 0.808774 
-4 0.178909 
-4 0.145718 
-4 -0.174749 
-4 -0.0989026 
-4 -1 
-4 0.212101 
-4 0.278484 
-4 -0.279382 
-4 -0.244225 
-4 -0.31454 
-4 -0.402212 
-4 -0.457085 
-4 -0.511958 
-4 -0.621704 
-4 -0.716278 
-4 0.245292 
-4 0.318282 
-4 0.527612 
-4 1 
-4 -0.810852 
-4 0.397877 
-4 0.0191376 
-4 0.713161 
-4 0.162314 
-4 -0.136826 
-4 -0.192118 
-4 -0.226856 
-4 -0.261804 
-4 -0.380294 
-4 -0.336458 
-4 -0.429649 
-4 -0.0609792 
-4 -0.484522 
-4 -0.566831 
-4 0.261888 
-4 0.298383 
-4 0.57258 
-4 0.482643 
-4 0.904387 
-4 -0.296961 
-4 0.195505 
-4 0.228696 
-4 0.103524 
-4 0.338181 
-4 -0.763565 
-4 -0.668991 
-4 -0.905426 
ZONE T="boundary1"
1.91639 1 
1.75202 1 
1.29431 1 
1.09644 1 
1.38646 1 
0.0910907 1 
-1.57183 1 
-1.0996 1 
-3.51616 1 
-3.30157 1 
-0.0413673 1 
0.489262 1 
0.383436 1 
4 1 
3.87622 1 
-3.75808 1 
1.4786 1 
3.62865 1 
3.50486 1 
3.24841 1 
-2.4938 1 
-3.08699 1 
-2.8553 1 
2.78746 1 
2.58295 1 
0.963596 1 
2.99196 1 
-2.15057 1 
-2.62362 1 
2.33185 1 
-1.93717 1 
-0.10608 1 
-0.170792 1 
0.595088 1 
0.303994 1 
0.224551 1 
0.157821 1 
-0.349175 1 
-0.853065 1 
-0.976334 1 
0.712918 1 
-0.215388 1 
-0.304579 1 
-0.534035 1 
-0.773307 1 
-0.69355 1 
-0.613793 1 
-1.20462 1 
-1.30963 1 
-4 1 
-0.441605 1 
-1.48178 1 
-1.66189 1 
-1.79953 1 
0.830747 1 
1.61531 1 
3.75243 1 
-2.36397 1 
2.08076 1 
-0.259984 1 
1.83421 1 
1.19538 1 
1.34038 1 
-3.40887 1 
0.436349 1 
3.93811 1 
-3.63712 1 
1.43253 1 
3.56676 1 
-2.97115 1 
2.6852 1 
1.03002 1 
2.88971 1 
-3.19428 1 
-0.138436 1 
0.542175 1 
0.264273 1 
0.191186 1 
-0.914699 1 
0.343715 1 
-0.813186 1 
0.124456 1 
0.0248617 1 
-0.653671 1 
-0.573914 1 
-1.25712 1 
-3.87904 1 
-0.48782 1 
-1.03797 1 
-1.3957 1 
-1.61686 1 
-1.5268 1 
-1.73071 1 
-1.86835 1 
0.897172 1 
0.771833 1 
1.54696 1 
3.12019 1 
3.81432 1 
-2.25727 1 
2.4574 1 
2.20631 1 
3.37664 1 
-2.55871 1 
-2.73946 1 
-2.42888 1 
-2.04387 1 
3.69054 1 
-0.282282 1 
-0.39539 1 
-0.0737236 1 
-0.326877 1 
-0.237686 1 
-0.19309 1 
1.68367 1 
0.654003 1 
-0.733429 1 
1.99857 1 
-1.15211 1 
ZONE T="boundary2"
4 -0.472264 
4 -0.3765 
4 -0.307594 
4 0.143193 
4 0.211869 
4 -0.238689 
4 0.266489 
4 0.32111 
4 0.382744 
4 0.444379 
4 -0.163247 
4 1 
4 -0.676021 
4 -0.83801 
4 -1 
4 -0.0849456 
4 -0.00664382 
4 0.637085 
4 0.0682748 
4 0.818542 
4 -0.424382 
4 -0.342047 
4 0.177531 
4 -0.273142 
4 0.239179 
4 0.413562 
4 -0.200968 
4 -0.757015 
4 0.2938 
4 -0.0457947 
4 -0.124096 
4 -0.574142 
4 0.540732 
4 0.0308155 
4 0.727813 
4 -0.919005 
4 0.351927 
4 0.105734 
4 0.909271 
ZONE T="boundary3"
-3.64592 -1 
-3.82296 -1 
2.64377 -1 
2.94532 -1 
3.46765 -1 
3.20649 -1 
-0.572384 -1 
-0.224498 -1 
-0.150819 -1 
0.456252 -1 
0.593124 -1 
0.0641515 -1 
3.73383 -1 
-4 -1 
-0.780309 -1 
-1.11044 -1 
-1.22513 -1 
0.195293 -1 
-0.888029 -1 
1.17407 -1 
-3.06476 -1 
-2.86255 -1 
4 -1 
3.33707 -1 
-2.64733 -1 
-2.2138 -1 
-2.43211 -1 
2.12383 -1 
2.3838 -1 
0.326368 -1 
0.129722 -1 
0.260831 -1 
-0.00649401 -1 
-0.0771395 -1 
-0.3052 -1 
-0.479143 -1 
-0.385902 -1 
0.729996 -1 
-0.676347 -1 
-0.432523 -1 
-0.995748 -1 
0.853882 -1 
0.977768 -1 
1.07592 -1 
1.29832 -1 
1.5823 -1 
1.74204 -1 
-1.63179 -1 
-1.32679 -1 
-1.42846 -1 
-1.53013 -1 
1.42256 -1 
-3.45644 -1 
-3.26697 -1 
-1.9955 -1 
1.93294 -1 
-1.81365 -1 
-3.73444 -1 
2.79455 -1 
-0.187659 -1 
0.524688 -1 
3.60074 -1 
-3.91148 -1 
-1.16778 -1 
-0.834169 -1 
-2.96366 -1 
3.86691 -1 
-2.75494 -1 
-2.53972 -1 
2.25381 -1 
0.0969368 -1 
0.39131 -1 
0.228062 -1 
0.293599 -1 
0.0288288 -1 
-0.264849 -1 
-0.0418168 -1 
-0.525764 -1 
0.66156 -1 
-0.728328 -1 
-0.624365 -1 
-0.941888 -1 
0.915825 -1 
1.02684 -1 
1.23619 -1 
1.66217 -1 
3.40236 -1 
-1.27596 -1 
-1.47929 -1 
1.50243 -1 
-3.55118 -1 
-3.3617 -1 
3.27178 -1 
-3.16586 -1 
2.51379 -1 
-2.10465 -1 
2.02838 -1 
3.0759 -1 
-1.90457 -1 
1.83749 -1 
-1.72272 -1 
-2.32296 -1 
0.162507 -1 
-0.113979 -1 
-0.345551 -1 
-0.455833 -1 
-0.409213 -1 
-1.05309 -1 
1.125 -1 
1.36044 -1 
-1.58096 -1 
-1.37763 -1 
0.791939 -1 
ZONE T="boundary4"
-0.322945 0.352025 
-0.221569 0.361418 
-0.195266 0.363492 
-0.24722 0.359374 
-0.645019 0.05366 
-0.643062 0.0778158 
-0.643943 0.00552436 
-0.645282 0.0295381 
0.620935 0.144648 
0.638385 0.0610756 
0.635464 0.0891706 
-0.346936 0.348787 
-0.297951 0.354815 
-0.272932 0.357195 
-0.414189 0.335085 
-0.393768 0.340149 
-0.370772 0.34484 
0.588717 0.209962 
0.603251 0.184493 
0.508919 0.300853 
0.521107 0.290697 
0.365067 0.371593 
0.380719 0.366976 
-0.468729 0.316045 
-0.451863 0.322936 
-0.434262 0.329117 
0.572104 0.234611 
-0.633754 0.125614 
-0.636773 0.113792 
0.496276 0.310416 
-0.639331 0.10185 
-0.616931 0.171579 
-0.605716 0.193387 
-0.577665 0.234272 
-0.561084 0.252853 
-0.626288 0.148927 
-0.547067 0.266279 
0.563039 0.246538 
0.632906 0.103137 
-0.532268 0.278593 
0.333628 0.37927 
-0.516901 0.289692 
-0.501324 0.299468 
-0.485208 0.308255 
0.629641 0.116981 
0.615653 0.158085 
-0.169074 0.365616 
-0.115639 0.370322 
-0.088456 0.372928 
-0.0339165 0.378455 
-0.0613714 0.375639 
-0.00649352 0.38127 
0.0213357 0.384048 
0.0491734 0.386654 
0.411347 0.356198 
0.637224 0.0188954 
0.635387 0.00496532 
0.532583 0.280167 
0.638736 0.0469858 
0.483364 0.31929 
0.469782 0.327764 
0.455724 0.335712 
0.553495 0.25808 
0.543556 0.269088 
0.106037 0.39103 
0.135158 0.392551 
0.194414 0.393528 
0.224518 0.392674 
0.310078 0.383766 
0.25544 0.390658 
0.286422 0.387318 
0.441346 0.343064 
0.625625 0.130904 
0.609809 0.171244 
0.638346 0.0329193 
0.164398 0.39343 
-0.142294 0.367904 
0.077567 0.389034 
-0.592759 0.21412 
-0.208413 0.362452 
-0.234392 0.360405 
-0.644256 0.0657575 
-0.644808 0.0175225 
0.637292 0.0751581 
-0.334951 0.350484 
-0.285443 0.356046 
-0.404008 0.337726 
0.596226 0.197366 
0.515073 0.295848 
0.372912 0.369349 
-0.443102 0.326132 
0.580638 0.222442 
-0.635321 0.119718 
-0.638109 0.107834 
-0.611552 0.1826 
-0.569577 0.243739 
-0.621844 0.16035 
-0.554193 0.259687 
0.56763 0.240619 
0.349403 0.375672 
-0.52468 0.28427 
-0.630256 0.137347 
-0.493333 0.30398 
-0.460343 0.319598 
0.63136 0.110079 
-0.477025 0.312263 
-0.260075 0.358309 
0.618369 0.151395 
-0.182165 0.364543 
-0.102043 0.371608 
-0.0476416 0.377043 
-0.382296 0.34261 
0.00741883 0.382674 
0.0352508 0.385378 
0.636393 0.0119182 
-0.645356 0.0416031 
-0.310454 0.353482 
0.47662 0.323602 
-0.509191 0.294701 
0.462793 0.331814 
0.396127 0.361858 
0.558328 0.252359 
0.526908 0.2855 
0.548587 0.263639 
0.502653 0.305708 
0.12059 0.391863 
0.209466 0.393229 
-0.539776 0.272564 
0.321874 0.38164 
0.270946 0.389162 
0.298265 0.385655 
-0.424265 0.332223 
0.426473 0.349924 
0.627718 0.123966 
0.6128 0.164695 
0.538136 0.274693 
0.623361 0.137803 
0.638633 0.0399492 
0.638653 0.0540323 
0.634274 0.0961692 
0.637876 0.0258995 
0.48987 0.314925 
0.606598 0.177902 
-0.020205 0.379867 
0.149772 0.393079 
0.179401 0.393589 
-0.128961 0.369096 
0.0917953 0.390088 
-0.07491 0.374272 
0.239985 0.39182 
-0.15568 0.366744 
0.0633646 0.387886 
-0.599454 0.203887 
-0.585429 0.224355 
0.448574 0.339461 
-0.358872 0.346914 
-0.641421 0.0898692 
ZONE T="boundary5"
-0.606467 -0.133768 
-0.615937 -0.111188 
0.53214 -0.215136 
0.544345 -0.194885 
-0.571001 -0.200012 
-0.583964 -0.178172 
-0.641089 -0.018308 
0.556505 -0.17491 
0.598134 -0.102673 
0.610713 -0.0763981 
-0.643943 0.00552436 
-0.631143 -0.0652633 
0.629641 -0.0226288 
0.621327 -0.0497433 
-0.636798 -0.0419216 
-0.595798 -0.156096 
-0.159166 -0.495875 
-0.187791 -0.487439 
-0.216434 -0.47781 
-0.24469 -0.467088 
-0.272778 -0.455154 
-0.300363 -0.442111 
-0.0433793 -0.51868 
-0.0142765 -0.521646 
-0.0723875 -0.514624 
-0.101417 -0.509466 
-0.13026 -0.50324 
-0.525825 -0.263922 
-0.470581 -0.32395 
-0.490237 -0.304419 
-0.556964 -0.221613 
-0.541816 -0.243072 
-0.449715 -0.342927 
-0.327402 -0.427957 
-0.403881 -0.379424 
-0.427193 -0.361674 
0.4877 -0.28885 
0.504102 -0.262362 
0.616287 -0.0631281 
-0.62417 -0.0883646 
0.520031 -0.235528 
0.632857 -0.00885483 
0.0439397 -0.524194 
0.0148305 -0.523494 
0.102028 -0.521981 
0.0730456 -0.523706 
0.159584 -0.514569 
0.130959 -0.51895 
0.296779 -0.469856 
0.216002 -0.50143 
0.188039 -0.508736 
0.270468 -0.482054 
0.243506 -0.49256 
0.322298 -0.45594 
0.346713 -0.440427 
0.370291 -0.423102 
0.413917 -0.383726 
0.433891 -0.361915 
0.39259 -0.404277 
0.470663 -0.314359 
0.452871 -0.338629 
0.568583 -0.154977 
0.583814 -0.129023 
0.635387 0.00496532 
-0.353816 -0.412706 
-0.508636 -0.284412 
-0.379211 -0.396591 
-0.611343 -0.122535 
0.538228 -0.204997 
-0.577598 -0.18916 
0.550423 -0.184891 
0.60462 -0.0896279 
0.62578 -0.0362779 
-0.639119 -0.0301448 
-0.634136 -0.0536306 
-0.173517 -0.491791 
-0.202158 -0.482761 
-0.258793 -0.46126 
-0.286637 -0.448771 
-0.02884 -0.520301 
-0.590006 -0.1672 
-0.0869244 -0.512179 
-0.115866 -0.506485 
-0.480518 -0.314294 
-0.564088 -0.21088 
-0.460252 -0.333552 
-0.415633 -0.370673 
0.495994 -0.275665 
-0.549493 -0.232415 
0.526073 -0.225321 
0.631331 -0.0157613 
-0.620202 -0.0998283 
0.512094 -0.248959 
0.0293838 -0.523989 
-0.601266 -0.144994 
0.0875487 -0.523002 
0.1453 -0.516934 
0.202071 -0.505275 
0.229818 -0.497195 
0.28372 -0.476166 
0.334633 -0.44839 
0.424064 -0.372974 
0.358646 -0.431967 
0.461909 -0.326603 
0.576277 -0.14204 
0.443537 -0.350406 
-0.642701 -0.00641208 
0.562561 -0.16495 
0.618873 -0.0564604 
0.613559 -0.0697878 
-0.627814 -0.0768595 
0.634207 -0.0019607 
0.591116 -0.115921 
-0.144747 -0.499692 
-0.313955 -0.435173 
-0.340689 -0.420469 
0.000270021 -0.522711 
-0.499551 -0.294519 
0.173851 -0.511837 
0.309651 -0.463111 
-0.230614 -0.472585 
-0.391639 -0.388139 
-0.0579005 -0.516787 
0.0584977 -0.524102 
-0.438558 -0.352424 
-0.53393 -0.253579 
0.116513 -0.520632 
0.257067 -0.487514 
0.381593 -0.413878 
-0.517348 -0.274263 
0.479306 -0.301692 
-0.366599 -0.404781 
0.403416 -0.394178 
