ZONE T="boundary0"
-4 1 
-4 0.73744 
-4 -0.436507 
-4 -0.187172 
-4 -0.2178 
-4 0.383654 
-4 0.60616 
-4 -0.156543 
-4 -0.092037 
-4 -0.0275313 
-4 -0.805483 
-4 -0.610966 
-4 -0.313377 
-4 -0.265589 
-4 0.0691298 
-4 0.11746 
-4 0.165791 
-4 0.229109 
-4 0.292427 
-4 0.47488 
-4 -1 
-4 -0.374942 
-4 0.86872 
-4 -0.202486 
-4 -0.12429 
-4 -0.171857 
-4 -0.241694 
-4 -0.523737 
-4 -0.0597841 
-4 0.0207993 
-4 0.19745 
-4 0.33804 
-4 0.54052 
-4 0.429267 
-4 -0.708225 
-4 -0.902742 
-4 0.6718 
-4 -0.344159 
-4 -0.289483 
-4 -0.405724 
-4 0.0932951 
-4 0.141626 
-4 0.260768 
ZONE T="boundary1"
-4 1 
0.648954 1 
1.63548 1 
3.64244 1 
3.82122 1 
1.37359 1 
-0.640634 1 
-0.929695 1 
-0.848781 1 
-0.74181 1 
0.0433791 1 
0.109511 1 
-1.01061 1 
-1.11655 1 
3.34716 1 
3.4948 1 
3.17698 1 
3.0068 1 
0.250291 1 
0.175643 1 
0.424882 1 
1.86962 1 
4 1 
-1.72398 1 
2.67827 1 
-3.14358 1 
-2.9545 1 
-3.75 1 
-2.76541 1 
-2.46453 1 
-2.31409 1 
-2.61497 1 
2.08246 1 
2.2953 1 
-0.219846 1 
-0.497566 1 
-0.0218681 1 
-0.0871152 1 
-0.5691 1 
-0.153481 1 
-0.351695 1 
-0.285771 1 
0.324939 1 
0.524824 1 
-1.22249 1 
-1.40975 1 
1.30001 1 
-1.56686 1 
1.22644 1 
1.12369 1 
0.897016 1 
-1.83389 1 
1.55744 1 
-3.50897 1 
1.02095 1 
1.71353 1 
0.773084 1 
-1.94381 1 
-2.16365 1 
3.73183 1 
-0.889238 1 
-0.795295 1 
0.0764451 1 
-0.970153 1 
3.42098 1 
3.09189 1 
0.212967 1 
3.91061 1 
-3.04904 1 
-3.875 1 
-2.38931 1 
-2.69019 1 
2.48679 1 
-0.0544916 1 
-0.120298 1 
-0.424631 1 
-0.318733 1 
-0.186663 1 
0.0107555 1 
-0.691222 1 
0.287615 1 
0.37491 1 
0.474853 1 
-1.06358 1 
-1.16952 1 
-1.31612 1 
-1.48831 1 
1.26322 1 
-1.64542 1 
-1.77893 1 
1.3368 1 
1.46551 1 
3.56862 1 
-3.62949 1 
1.17506 1 
-3.32628 1 
0.586889 1 
-1.88885 1 
-2.05373 1 
1.79157 1 
1.97604 1 
0.958982 1 
-2.85996 1 
2.18888 1 
2.84254 1 
3.26207 1 
0.142577 1 
-0.604867 1 
-0.533333 1 
-0.252808 1 
1.07232 1 
0.83505 1 
0.711019 1 
1.59646 1 
1.67451 1 
-2.53975 1 
-2.23887 1 
ZONE T="boundary2"
4 -0.532226 
4 -0.730221 
4 -0.376039 
4 -0.271162 
4 0.185872 
4 0.121796 
4 -0.3236 
4 0.268655 
4 0.400216 
4 0.339854 
4 0.0577196 
4 -0.146966 
4 1 
4 0.460577 
4 -0.0446231 
4 -0.297381 
4 0.609145 
4 -0.454132 
4 -1 
4 -0.209064 
4 -0.240113 
4 -0.0957944 
4 0.804572 
4 -0.631223 
4 0.153834 
4 0.227264 
4 0.370035 
4 0.304255 
4 0.430396 
4 0.0897578 
4 0.00654824 
4 -0.284271 
4 0.534861 
4 -0.86511 
4 -0.224588 
4 -0.310491 
4 -0.255637 
4 -0.178015 
4 -0.12138 
4 -0.415085 
4 -0.349819 
4 -0.0702088 
4 -0.493179 
4 0.706859 
4 0.902286 
ZONE T="boundary3"
3.50213 -1 
3.6266 -1 
0.36381 -1 
0.91075 -1 
1.10985 -1 
1.31767 -1 
-3.30686 -1 
-3.09837 -1 
0.430133 -1 
0.519853 -1 
0.119633 -1 
1.0103 -1 
1.21376 -1 
2.21081 -1 
2.41654 -1 
1.8413 -1 
-2.53611 -1 
-2.39502 -1 
3.21388 -1 
3.35801 -1 
-2.01807 -1 
-1.8296 -1 
-1.64112 -1 
2.63177 -1 
3.75107 -1 
-2.6772 -1 
-2.88778 -1 
0.18331 -1 
0.297486 -1 
0.0559561 -1 
-0.0132395 -1 
0.761015 -1 
0.609573 -1 
-1.24004 -1 
1.43461 -1 
1.55154 -1 
1.69642 -1 
1.62398 -1 
-1.30663 -1 
-0.661512 -1 
-0.320835 -1 
-0.249745 -1 
-0.534108 -1 
-0.391926 -1 
-0.0824351 -1 
-0.16609 -1 
4 -1 
-1.37322 -1 
-1.00121 -1 
2.02605 -1 
-1.50717 -1 
-1.12062 -1 
-3.75767 -1 
-4 -1 
-0.895063 -1 
-0.788916 -1 
-2.20655 -1 
-3.51534 -1 
3.03045 -1 
2.84701 -1 
3.56437 -1 
-3.20261 -1 
0.474993 -1 
1.06007 -1 
2.31367 -1 
-2.46557 -1 
3.28595 -1 
-1.73536 -1 
-2.78249 -1 
0.240398 -1 
0.151471 -1 
0.396972 -1 
0.330648 -1 
0.685294 -1 
0.835883 -1 
1.1618 -1 
1.26572 -1 
1.49307 -1 
1.37614 -1 
1.6602 -1 
1.76886 -1 
-1.27333 -1 
-0.28529 -1 
-0.463017 -1 
-0.124262 -1 
-1.33993 -1 
1.93367 -1 
-1.4402 -1 
2.11843 -1 
-3.87884 -1 
3.68883 -1 
3.87553 -1 
-1.57415 -1 
-0.84199 -1 
-2.99307 -1 
-2.30079 -1 
-3.63651 -1 
3.43007 -1 
3.12216 -1 
-1.92384 -1 
-3.4111 -1 
2.52416 -1 
-0.207917 -1 
-0.356381 -1 
0.0213583 -1 
0.564713 -1 
0.0877945 -1 
-0.0478373 -1 
-0.59781 -1 
-0.725214 -1 
0.960524 -1 
-0.948136 -1 
2.93873 -1 
1.58776 -1 
-1.06092 -1 
-1.18033 -1 
-2.60665 -1 
2.73939 -1 
-2.11231 -1 
ZONE T="boundary4"
-0.615028 0.0277905 
0.646985 -0.0169971 
0.645258 -0.00148939 
-0.61627 0.0967527 
-0.617245 0.073482 
0.608469 0.100269 
0.623256 0.0730507 
0.616238 0.0869344 
-0.108081 0.511491 
-0.083175 0.506017 
-0.23314 0.51447 
-0.208467 0.517114 
-0.0583889 0.498952 
-0.257745 0.51023 
-0.610056 0.143707 
-0.613875 0.120185 
-0.183351 0.51817 
-0.604829 0.167217 
-0.581453 0.236295 
-0.590374 0.213764 
-0.57185 0.25755 
-0.550654 0.296705 
-0.561232 0.278289 
-0.52841 0.330167 
-0.539726 0.313909 
-0.516451 0.345927 
-0.158372 0.517591 
-0.133354 0.515383 
-0.598246 0.190592 
-0.412458 0.443463 
-0.491373 0.375166 
-0.47753 0.389473 
-0.504194 0.360802 
-0.372329 0.468073 
-0.393197 0.455999 
-0.447729 0.416652 
-0.463129 0.403181 
-0.430389 0.430494 
-0.35091 0.478948 
-0.281735 0.504525 
-0.30547 0.497315 
-0.328398 0.488819 
-0.00867221 0.479991 
0.0159859 0.468325 
-0.033699 0.490323 
0.642654 0.0138793 
0.446093 0.233599 
0.473462 0.219168 
0.350693 0.278495 
0.373762 0.267948 
0.582127 0.135756 
0.5915 0.124447 
0.561583 0.157049 
0.572237 0.146528 
0.629415 0.0587895 
0.145957 0.390203 
0.171564 0.3739 
0.0923669 0.424548 
0.0662994 0.440538 
0.276162 0.314137 
0.396659 0.25741 
0.302992 0.300834 
0.326877 0.289497 
0.197408 0.357958 
0.249403 0.328176 
0.0412639 0.454966 
0.421518 0.245692 
0.600285 0.112632 
0.639153 0.0290714 
0.634742 0.0440558 
0.647855 -0.0325779 
-0.616821 0.050483 
0.550459 0.167048 
0.22331 0.342707 
0.119119 0.407503 
0.500229 0.203518 
0.527145 0.18545 
0.64623 -0.0092305 
-0.616933 0.085126 
0.612451 0.0936605 
-0.0955914 0.50895 
-0.220824 0.51599 
-0.0707365 0.502673 
-0.245475 0.512546 
-0.612137 0.131976 
-0.607609 0.155501 
-0.586048 0.225084 
-0.615247 0.108488 
-0.576777 0.24698 
-0.556048 0.287558 
-0.534151 0.322097 
-0.545282 0.305367 
-0.52251 0.338109 
-0.145849 0.516689 
-0.594458 0.20223 
-0.484524 0.382392 
-0.497854 0.368048 
-0.382843 0.462179 
-0.4555 0.41 
-0.470399 0.396402 
-0.566671 0.267987 
-0.510395 0.353426 
-0.439139 0.423677 
-0.361692 0.47366 
-0.269782 0.507563 
-0.316994 0.493237 
-0.195918 0.517847 
0.00371544 0.474308 
-0.0459918 0.494817 
-0.120691 0.513642 
-0.339723 0.484048 
-0.421499 0.437087 
-0.170858 0.518083 
0.644067 0.00621447 
0.459838 0.226509 
0.362231 0.273218 
0.619851 0.0800465 
0.586885 0.130164 
0.56697 0.151856 
0.626443 0.0659678 
0.577247 0.141205 
0.158741 0.382017 
0.0793712 0.432622 
0.385223 0.262693 
0.184454 0.365869 
0.262749 0.321069 
0.338782 0.283971 
0.604462 0.106508 
0.641015 0.0215021 
0.595971 0.1186 
0.63219 0.0514643 
0.647525 -0.0247811 
-0.601696 0.178951 
0.63706 0.0365978 
-0.402905 0.449854 
-0.617207 0.0619805 
0.40911 0.25159 
-0.293655 0.501102 
0.433837 0.239709 
0.0286842 0.46178 
0.0538303 0.447857 
0.210323 0.350254 
0.314923 0.295122 
-0.021127 0.485329 
0.23632 0.335355 
0.289553 0.30741 
0.105762 0.416067 
0.486942 0.21152 
0.132535 0.398852 
0.538982 0.176491 
-0.616096 0.0391244 
0.556078 0.162112 
0.513842 0.194733 
ZONE T="boundary5"
-0.611904 0.00546215 
-0.615028 0.0277905 
-0.543375 -0.158077 
-0.555868 -0.139138 
-0.577649 -0.0999703 
-0.567302 -0.119774 
-0.586875 -0.0797298 
-0.594936 -0.0590841 
-0.601823 -0.0379853 
-0.515332 -0.194762 
-0.52987 -0.176587 
-0.155226 -0.426502 
-0.180202 -0.417546 
-0.204935 -0.407977 
-0.277492 -0.375587 
-0.253608 -0.386998 
-0.301065 -0.363535 
-0.0260912 -0.46204 
0.000622263 -0.467191 
-0.0526288 -0.45618 
-0.0786673 -0.449709 
-0.129976 -0.434854 
-0.104503 -0.44258 
-0.500105 -0.212281 
-0.467124 -0.246248 
-0.483907 -0.229566 
-0.607488 -0.0164778 
0.506603 -0.369424 
-0.324135 -0.350913 
-0.449269 -0.262749 
-0.410792 -0.294325 
-0.430804 -0.278535 
-0.346834 -0.337611 
-0.368747 -0.323836 
-0.39021 -0.309329 
0.645685 -0.0796292 
0.586793 -0.264764 
0.53014 -0.346346 
0.541052 -0.334024 
0.637297 -0.126522 
0.494046 -0.380133 
0.140965 -0.481527 
0.111906 -0.480379 
0.0279537 -0.471678 
0.083617 -0.478322 
0.0554297 -0.475381 
0.290173 -0.469934 
0.259791 -0.474952 
0.199752 -0.480674 
0.170064 -0.481655 
0.229387 -0.478506 
0.320704 -0.463262 
0.351204 -0.454768 
0.381402 -0.444307 
0.643518 -0.0952612 
0.439982 -0.41687 
0.467797 -0.399651 
0.411168 -0.431681 
0.481136 -0.390178 
0.518658 -0.358143 
0.551486 -0.321047 
0.561302 -0.307568 
0.647167 -0.0639158 
0.574687 -0.28673 
0.605528 -0.223496 
0.597407 -0.242507 
0.618689 -0.188928 
0.612316 -0.206293 
0.628932 -0.157625 
0.647855 -0.0325779 
0.647905 -0.0482 
-0.229406 -0.397797 
-0.613633 0.0166039 
-0.549736 -0.148683 
-0.572607 -0.10994 
-0.59105 -0.0694631 
-0.522698 -0.185753 
-0.167742 -0.422101 
-0.192599 -0.412838 
-0.265588 -0.381372 
-0.012753 -0.464706 
-0.06567 -0.453028 
-0.117265 -0.438796 
-0.28932 -0.369642 
-0.475588 -0.237981 
-0.604812 -0.0272721 
-0.561708 -0.129529 
-0.312645 -0.357307 
-0.420875 -0.286529 
-0.357845 -0.330811 
-0.400569 -0.301922 
-0.458274 -0.254584 
-0.5824 -0.0899129 
-0.609859 -0.0055397 
0.535668 -0.34025 
0.500385 -0.37485 
0.12643 -0.481078 
0.0695113 -0.47696 
0.0416772 -0.473629 
-0.492084 -0.220998 
0.275013 -0.47263 
0.184913 -0.481308 
0.214581 -0.479743 
0.336017 -0.45924 
0.366388 -0.449781 
0.454066 -0.408548 
0.487647 -0.385227 
0.640695 -0.110947 
0.546346 -0.327599 
0.524468 -0.352312 
0.512695 -0.363854 
-0.440113 -0.270732 
0.556474 -0.314367 
0.646516 -0.0717807 
0.580917 -0.275845 
0.601544 -0.233035 
0.615555 -0.19763 
0.608974 -0.214916 
0.633345 -0.142135 
0.623999 -0.173339 
0.644684 -0.0874564 
0.474517 -0.394986 
0.592243 -0.253705 
-0.507804 -0.203596 
0.647632 -0.0560619 
0.64798 -0.0403881 
-0.536728 -0.16741 
-0.37954 -0.316675 
-0.335534 -0.344349 
-0.142628 -0.430756 
0.0142711 -0.469531 
0.155514 -0.481722 
0.305484 -0.466804 
-0.241542 -0.392475 
-0.0916091 -0.446226 
-0.0393807 -0.459198 
0.0977524 -0.479464 
0.244609 -0.476902 
-0.217203 -0.402964 
0.396396 -0.438257 
0.425716 -0.424551 
-0.598531 -0.0485836 
0.568174 -0.297266 
