ZONE T="boundary0"
-4 -1 
-4 -0.374942 
-4 0.82806 
-4 0.656121 
-4 0.47488 
-4 0.5655 
-4 0.159967 
-4 0.279837 
-4 0.304347 
-4 0.0402226 
-4 -0.0952851 
-4 -0.0275313 
-4 -0.436507 
-4 -0.523737 
-4 -0.805483 
-4 -0.610966 
-4 1 
-4 -0.265589 
-4 -0.313377 
-4 0.100095 
-4 0.207647 
-4 0.231487 
-4 0.255327 
-4 -0.2178 
-4 -0.156543 
-4 0.414124 
-4 0.353367 
-4 0.742091 
-4 0.52019 
-4 0.292092 
-4 -0.0614082 
-4 -0.480122 
-4 -0.902742 
-4 -0.708225 
-4 0.0701586 
-4 0.219567 
-4 0.267582 
-4 0.00634566 
-4 -0.125914 
-4 -0.187172 
-4 -0.289483 
-4 -0.241694 
-4 -0.405724 
-4 0.383746 
-4 0.444502 
-4 0.610811 
-4 0.91403 
-4 0.243407 
-4 0.328857 
-4 0.183807 
-4 0.130031 
-4 -0.344159 
-4 -0.567351 
ZONE T="boundary1"
1.7038 1 
1.87304 1 
0.0451068 1 
-0.415525 1 
-0.469056 1 
-0.0224043 1 
-0.0899154 1 
-0.151826 1 
-0.579607 1 
4 1 
3.68217 1 
2.28014 1 
-0.690157 1 
3.52326 1 
-4 1 
-3.55947 1 
1.45224 1 
1.246 1 
1.13762 1 
0.50448 1 
-2.40385 1 
0.904274 1 
0.779306 1 
-1.56533 1 
-2.02988 1 
2.97778 1 
3.17106 1 
-2.72605 1 
-2.56495 1 
-3.13112 1 
0.242124 1 
0.173218 1 
0.109163 1 
-0.213737 1 
-0.287865 1 
0.407755 1 
0.311029 1 
0.641893 1 
-0.797041 1 
-0.903926 1 
-1.11106 1 
-1.00749 1 
-1.23041 1 
-1.34977 1 
-1.49348 1 
-1.42163 1 
-1.63718 1 
-1.83353 1 
3.36434 1 
1.02924 1 
-2.92859 1 
-3.3453 1 
2.04228 1 
2.518 1 
2.74789 1 
-0.361994 1 
-1.73536 1 
1.78842 1 
-0.442291 1 
-0.0561598 1 
3.84109 1 
3.60271 1 
-3.77974 1 
1.57802 1 
1.19181 1 
0.84179 1 
-2.21687 1 
3.07442 1 
-2.4844 1 
0.207671 1 
0.14119 1 
0.0113513 1 
-0.250801 1 
0.0771347 1 
-0.120871 1 
0.359392 1 
0.276576 1 
-0.524331 1 
0.456118 1 
0.573187 1 
-0.850483 1 
-0.634882 1 
-0.743599 1 
-1.17074 1 
-1.29009 1 
-1.45755 1 
-1.60126 1 
0.7106 1 
-1.5294 1 
3.4438 1 
1.08343 1 
3.2677 1 
-2.82732 1 
-3.23821 1 
-3.45239 1 
2.16121 1 
2.39907 1 
2.63294 1 
2.86283 1 
1.95766 1 
1.34912 1 
-1.93171 1 
-3.02985 1 
-0.182782 1 
-0.32493 1 
-0.388759 1 
-0.955709 1 
-1.05927 1 
0.966758 1 
-1.3857 1 
-1.68627 1 
-1.78445 1 
-2.6455 1 
ZONE T="boundary2"
4 -0.327921 
4 -0.146966 
4 0.221188 
4 0.524176 
4 0.0799251 
4 0.609145 
4 0.000198272 
4 1 
4 0.694113 
4 0.847057 
4 -1 
4 -0.760196 
4 -0.520393 
4 0.321049 
4 0.411054 
4 0.150557 
4 -0.0795286 
4 -0.214403 
4 -0.271162 
4 -0.424157 
4 0.0400617 
4 0.923528 
4 -0.880098 
4 0.271119 
4 0.366051 
4 0.467615 
4 0.185872 
4 0.115241 
4 0.651629 
4 0.56666 
4 -0.113247 
4 -0.0396651 
4 -0.180684 
4 -0.376039 
4 0.770585 
4 -0.299541 
4 -0.242782 
4 -0.472275 
4 -0.640294 
ZONE T="boundary3"
-4 -1 
-3.6769 -1 
-0.895566 -1 
-1.95697 -1 
-1.10685 -1 
-0.534108 -1 
-0.153576 -1 
-0.225805 -1 
-0.081348 -1 
1.42224 -1 
1.20279 -1 
2.63938 -1 
2.4095 -1 
-2.22632 -1 
-2.39502 -1 
-3.35379 -1 
-3.51534 -1 
-3.15689 -1 
-2.95999 -1 
-2.56373 -1 
-2.76186 -1 
4 -1 
3.43002 -1 
-1.53584 -1 
3.71501 -1 
0.606718 -1 
0.710438 -1 
0.814157 -1 
0.508708 -1 
-0.0112938 -1 
0.187652 -1 
0.0587605 -1 
-0.385949 -1 
-0.345913 -1 
1.01134 -1 
0.912748 -1 
0.410699 -1 
-0.305877 -1 
-0.788916 -1 
-0.682267 -1 
1.31251 -1 
1.10707 -1 
1.5386 -1 
1.65496 -1 
-1.00121 -1 
-1.37322 -1 
-1.45453 -1 
-1.30663 -1 
-1.24004 -1 
1.97792 -1 
1.81644 -1 
-1.75069 -1 
3.57252 -1 
3.33618 -1 
3.05464 -1 
3.24233 -1 
2.19371 -1 
0.299175 -1 
0.243413 -1 
2.84701 -1 
0.123206 -1 
-3.83845 -1 
-0.18969 -1 
2.52444 -1 
-2.31067 -1 
-3.43457 -1 
-3.05844 -1 
-2.66279 -1 
3.85751 -1 
0.658578 -1 
0.557713 -1 
0.762297 -1 
-0.117462 -1 
-0.460028 -1 
-0.365931 -1 
0.962044 -1 
-0.325895 -1 
-0.608188 -1 
-0.735592 -1 
1.36737 -1 
1.15493 -1 
1.25765 -1 
1.59678 -1 
-0.948387 -1 
-0.842241 -1 
-3.59612 -1 
-1.41388 -1 
0.863453 -1 
-1.27333 -1 
1.89718 -1 
-1.85383 -1 
-1.64326 -1 
-1.49519 -1 
3.50127 -1 
-3.25534 -1 
-2.47937 -1 
-2.86092 -1 
3.14849 -1 
2.08581 -1 
-2.09165 -1 
-0.0463209 -1 
0.354937 -1 
0.459704 -1 
-0.265841 -1 
0.215532 -1 
2.95082 -1 
0.0909833 -1 
0.155429 -1 
-1.05403 -1 
0.271294 -1 
-1.17344 -1 
1.48042 -1 
1.0592 -1 
1.7357 -1 
3.3831 -1 
3.28925 -1 
2.74319 -1 
3.64376 -1 
-1.33993 -1 
2.3016 -1 
0.0237334 -1 
ZONE T="boundary4"
-0.574291 0.222605 
0.40153 0.293325 
-0.595253 0.177916 
-0.627309 0.0169291 
-0.622226 0.0855338 
0.617762 0.0352397 
0.623249 0.0210049 
-0.51365 0.314952 
-0.282036 0.488949 
-0.257709 0.498903 
-0.500829 0.330179 
0.627872 0.00658586 
-0.181746 0.522836 
-0.207518 0.515882 
-0.604034 0.155 
-0.611503 0.131893 
-0.617583 0.108707 
-0.585242 0.200588 
-0.550577 0.26369 
-0.562857 0.243385 
-0.525916 0.299286 
-0.538616 0.281726 
-0.233014 0.507839 
0.253225 0.444403 
0.272705 0.428622 
-0.459868 0.372599 
-0.474355 0.358552 
-0.44491 0.386155 
-0.428145 0.400317 
-0.410876 0.413871 
-0.328479 0.466532 
-0.305482 0.478215 
-0.391589 0.427881 
-0.35038 0.45427 
0.233252 0.459036 
-0.155237 0.528787 
-0.128555 0.533567 
-0.487831 0.344583 
-0.0461205 0.540682 
-0.0737957 0.539597 
-0.101498 0.537184 
-0.625404 0.0624499 
-0.371773 0.441141 
-0.627099 0.039566 
0.634518 -0.0227354 
0.604353 0.0628908 
0.596523 0.0762417 
0.484293 0.203167 
0.385043 0.312302 
0.317242 0.386967 
0.335694 0.367658 
0.360578 0.340215 
0.550562 0.135912 
0.529837 0.157784 
0.507176 0.180457 
0.418044 0.274404 
0.434646 0.255658 
0.29828 0.405621 
0.570159 0.113129 
0.459212 0.22893 
-0.0182433 0.5404 
0.0952883 0.52351 
0.0665758 0.530372 
0.0383845 0.535324 
0.00977453 0.538668 
0.151694 0.504053 
0.206435 0.476329 
0.631629 -0.00800168 
0.611426 0.0492633 
0.63654 -0.0375495 
0.579343 0.10133 
0.123313 0.514893 
0.179235 0.491301 
0.588065 0.089182 
0.620607 0.0281624 
-0.269923 0.494052 
-0.194668 0.519495 
-0.607927 0.143498 
-0.614709 0.120344 
-0.599791 0.166515 
-0.620078 0.0971554 
-0.579886 0.211656 
-0.556825 0.253602 
-0.532355 0.29057 
-0.544688 0.272768 
-0.519854 0.307174 
-0.245406 0.503498 
0.263054 0.436629 
-0.467171 0.365637 
-0.436591 0.393312 
-0.419572 0.407172 
-0.452446 0.37944 
-0.31704 0.472491 
-0.293813 0.483701 
-0.401301 0.420969 
0.243327 0.451847 
-0.141921 0.531324 
-0.0599629 0.540307 
-0.115045 0.535528 
-0.361142 0.447813 
-0.481151 0.351623 
-0.49439 0.337435 
-0.626434 0.0510219 
-0.507307 0.322621 
0.600522 0.0696163 
0.393288 0.302812 
0.326531 0.377377 
0.348218 0.354013 
0.540302 0.146944 
0.518553 0.169162 
-0.33949 0.46051 
0.426323 0.265008 
0.409778 0.283853 
0.560528 0.124664 
0.446845 0.242201 
0.080985 0.527167 
-0.623994 0.0740168 
0.0241042 0.537198 
0.219987 0.467918 
-0.568678 0.233052 
0.285646 0.417304 
-0.381745 0.434606 
0.629857 -0.000679519 
0.614691 0.0422965 
0.60798 0.0561248 
0.625664 0.0138298 
0.633181 -0.0153466 
-0.590383 0.189312 
0.635636 -0.030127 
-0.627389 0.0282499 
-0.168522 0.525955 
-0.0321787 0.540717 
-0.00422179 0.539719 
0.109368 0.519428 
0.137594 0.509717 
0.307839 0.396379 
-0.220307 0.511995 
-0.0876596 0.538553 
0.0525167 0.533054 
0.165571 0.497916 
0.583765 0.0953017 
0.495719 0.191787 
0.471675 0.215957 
0.192961 0.484055 
0.592368 0.0827621 
0.574805 0.107272 
0.372846 0.326288 
ZONE T="boundary5"
-0.400982 -0.298003 
-0.423058 -0.286343 
-0.626039 -0.00538716 
-0.57671 -0.148702 
-0.627309 0.0169291 
0.636294 -0.0972415 
0.634271 -0.112129 
0.470258 -0.365909 
-0.613443 -0.0699115 
-0.619095 -0.0488471 
-0.597864 -0.11047 
-0.623295 -0.0273364 
-0.17857 -0.379373 
-0.204115 -0.371946 
-0.229573 -0.364193 
-0.280114 -0.347632 
-0.305163 -0.338729 
0.613991 -0.185655 
0.60201 -0.213901 
-0.254958 -0.356085 
-0.329802 -0.329407 
-0.049642 -0.411465 
-0.0233912 -0.41676 
-0.0756445 -0.40577 
-0.101535 -0.399685 
-0.152951 -0.386478 
-0.127292 -0.393249 
-0.483795 -0.24682 
-0.501916 -0.232279 
-0.535118 -0.201137 
-0.464657 -0.260672 
0.631529 -0.126942 
0.624036 -0.156334 
-0.564125 -0.166847 
-0.550261 -0.184308 
0.566974 -0.275291 
-0.354254 -0.319477 
-0.444547 -0.273765 
-0.37778 -0.309136 
0.483276 -0.357346 
0.49602 -0.348156 
0.62809 -0.141738 
0.542394 -0.305922 
0.552738 -0.293954 
-0.519061 -0.217032 
-0.587968 -0.1299 
-0.606366 -0.0904493 
0.111389 -0.435337 
0.1394 -0.437064 
0.0297201 -0.425926 
0.00298253 -0.421583 
0.083928 -0.432866 
0.0565889 -0.429692 
0.196206 -0.437867 
0.167505 -0.437935 
0.591484 -0.235131 
0.224934 -0.436756 
0.254189 -0.434462 
0.312905 -0.42587 
0.342421 -0.419253 
0.371768 -0.410898 
0.429241 -0.388372 
0.456889 -0.373932 
0.400864 -0.40062 
0.520165 -0.328152 
0.508342 -0.338411 
0.531486 -0.317363 
0.63756 -0.0823557 
0.638043 -0.0673871 
0.579988 -0.255426 
0.637708 -0.0524178 
0.63654 -0.0375495 
0.283449 -0.430888 
-0.412078 -0.292286 
0.635374 -0.104697 
-0.616452 -0.0594275 
-0.191353 -0.375699 
-0.216856 -0.368111 
-0.292658 -0.343239 
0.608238 -0.199879 
-0.267552 -0.351909 
-0.0365293 -0.414169 
-0.0886018 -0.402775 
-0.140133 -0.389905 
-0.492946 -0.239662 
-0.474311 -0.253865 
0.632986 -0.119551 
0.619292 -0.171089 
-0.557332 -0.175686 
-0.342059 -0.324523 
-0.454681 -0.267341 
-0.433875 -0.280179 
-0.38943 -0.303675 
-0.366055 -0.314397 
0.489698 -0.352821 
0.54764 -0.300001 
-0.510588 -0.224766 
-0.582499 -0.139395 
-0.624854 -0.0163843 
-0.610084 -0.0802413 
-0.60229 -0.100533 
0.125387 -0.436303 
0.0163385 -0.423824 
0.070247 -0.431364 
0.181854 -0.438026 
0.210574 -0.437447 
-0.62686 0.00576095 
0.327707 -0.422762 
-0.593084 -0.120269 
0.357156 -0.415293 
0.443204 -0.381419 
0.476812 -0.361696 
0.514312 -0.33335 
0.502236 -0.343353 
0.537009 -0.311708 
0.525889 -0.322824 
0.463614 -0.369989 
0.637902 -0.074874 
0.560026 -0.284752 
0.626138 -0.149057 
0.637023 -0.0898062 
0.585885 -0.245363 
0.637229 -0.0449746 
0.629891 -0.134359 
0.637979 -0.0598994 
-0.165772 -0.382965 
-0.010217 -0.419234 
0.153448 -0.437611 
0.298207 -0.428561 
0.268838 -0.43284 
0.3864 -0.405996 
-0.317507 -0.334136 
-0.242279 -0.360185 
-0.114425 -0.396511 
-0.0626556 -0.408669 
0.0431423 -0.427885 
0.0976482 -0.434193 
0.239572 -0.435761 
-0.570568 -0.157877 
-0.62138 -0.0381271 
-0.5272 -0.209195 
-0.542817 -0.192835 
0.596885 -0.224585 
0.573654 -0.265471 
0.415161 -0.394747 
