ZONE T="boundary0"
-4 -0.262543 
-4 -0.230887 
-4 0.255766 
-4 0.21989 
-4 -0.10894 
-4 -0.164107 
-4 0.291643 
-4 0.15866 
-4 0.0974309 
-4 0.493187 
-4 -1 
-4 0.61989 
-4 0.875 
-4 0.746594 
-4 -0.339082 
-4 -0.383965 
-4 -0.497466 
-4 -0.0537723 
-4 -0.610966 
-4 0.0218293 
-4 0.363395 
-4 1 
-4 -0.294199 
-4 -0.136523 
-4 0.128046 
-4 0.556539 
-4 0.810797 
-4 -0.361524 
-4 -0.440716 
-4 -0.246715 
-4 -0.0813559 
-4 -0.554216 
-4 0.189275 
-4 0.0596301 
-4 0.428291 
-4 -0.805483 
-4 0.9375 
-4 0.683242 
-4 -0.278371 
-4 -0.316641 
-4 -0.197497 
-4 0.237828 
-4 -0.0159715 
-4 0.327519 
-4 0.273704 
ZONE T="boundary1"
1.60938 1 
1.4767 1 
3.79606 1 
0.891669 1 
-0.968918 1 
0.124619 1 
0.77331 1 
0.551562 1 
-0.373047 1 
4 1 
-1.49301 1 
1.2503 1 
-0.670582 1 
3.18422 1 
2.93102 1 
-1.7792 1 
-1.37937 1 
-2.34847 1 
-3.0938 1 
-2.83928 1 
-3.27848 1 
-3.46315 1 
3.38817 1 
-3.73158 1 
2.67782 1 
2.53553 1 
1.92537 1 
1.74206 1 
2.25095 1 
0.247851 1 
0.297931 1 
0.0546563 1 
-0.0153066 1 
0.186235 1 
-0.0819981 1 
-0.14869 1 
0.662436 1 
-0.210341 1 
-0.271992 1 
-0.474101 1 
0.449787 1 
-0.572342 1 
-0.772045 1 
-0.873508 1 
-3.86579 1 
1.1111 1 
1.00139 1 
-1.06433 1 
-1.26573 1 
-1.16503 1 
3.59211 1 
-1.56456 1 
-1.63611 1 
-1.94569 1 
-2.11218 1 
-4 1 
2.10867 1 
2.39324 1 
-2.58476 1 
0.348012 1 
1.3635 1 
1.54304 1 
0.83249 1 
3.89803 1 
3.05762 1 
-3.37081 1 
-3.59736 1 
2.80442 1 
2.60667 1 
1.83372 1 
0.272891 1 
0.0196748 1 
0.155427 1 
0.217043 1 
-0.0486524 1 
0.0896378 1 
-0.115344 1 
-0.241166 1 
-0.179515 1 
-0.423574 1 
-0.322519 1 
-0.621462 1 
-0.822777 1 
-0.523221 1 
0.717873 1 
1.05624 1 
1.1807 1 
-1.01662 1 
-0.921213 1 
-1.21538 1 
3.69408 1 
-1.43619 1 
-1.60034 1 
-1.32255 1 
-1.86245 1 
-1.70766 1 
-2.02894 1 
3.2862 1 
3.49014 1 
-3.79868 1 
-3.93289 1 
1.67572 1 
2.01702 1 
-2.23032 1 
2.17981 1 
-2.71202 1 
-2.96654 1 
-3.18614 1 
-2.46661 1 
2.46439 1 
0.606999 1 
0.500674 1 
0.398899 1 
0.322971 1 
-0.721314 1 
0.946528 1 
1.4201 1 
1.3069 1 
-1.11468 1 
-1.52879 1 
2.3221 1 
ZONE T="boundary2"
4 -0.349615 
4 -0.647197 
4 0.238136 
4 0.308418 
4 0.39812 
4 -0.0036885 
4 0.47996 
4 0.5618 
4 1 
4 0.67135 
4 -0.823599 
4 -1 
4 0.89045 
4 0.135926 
4 -0.136986 
4 -0.187709 
4 -0.294024 
4 -0.238432 
4 -0.476875 
4 0.7809 
4 0.273277 
4 0.52088 
4 0.616575 
4 -0.735398 
4 0.945225 
4 0.353269 
4 -0.162347 
4 0.0661187 
4 0.187031 
4 -0.0703371 
4 -0.213071 
4 -0.321819 
4 -0.266228 
4 -0.413245 
4 -0.562036 
4 0.726125 
4 0.43904 
4 -0.911799 
4 0.835675 
ZONE T="boundary3"
-3.73584 -1 
-3.47168 -1 
-3.04316 -1 
-0.870061 -1 
-1.27559 -1 
-1.16745 -1 
-2.61464 -1 
0.656069 -1 
1.20941 -1 
-4 -1 
3.79334 -1 
4 -1 
2.05258 -1 
-2.47696 -1 
-2.10445 -1 
-1.86963 -1 
-1.53372 -1 
3.31743 -1 
-2.8289 -1 
2.43136 -1 
2.62882 -1 
-0.00785133 -1 
-0.0794139 -1 
-0.227658 -1 
-0.265998 -1 
-0.150976 -1 
0.223821 -1 
0.314131 -1 
0.449448 -1 
-0.476842 -1 
-0.575774 -1 
-0.674705 -1 
0.133512 -1 
0.584765 -1 
0.727373 -1 
0.86998 -1 
-0.390591 -1 
0.984554 -1 
1.09913 -1 
-0.964684 -1 
-0.772383 -1 
3.58669 -1 
-1.05931 -1 
-3.25742 -1 
3.04817 -1 
-1.40465 -1 
2.83849 -1 
1.54423 -1 
1.43196 -1 
1.70774 -1 
1.3197 -1 
1.87126 -1 
-1.70167 -1 
2.2339 -1 
-2.33928 -1 
-0.347465 -1 
-0.304339 -1 
0.0628302 -1 
-3.60376 -1 
-1.22152 -1 
-3.86792 -1 
3.89667 -1 
-1.98704 -1 
-2.93603 -1 
2.53009 -1 
-0.0436326 -1 
-0.246828 -1 
-0.189317 -1 
0.268976 -1 
-0.115195 -1 
-0.526308 -1 
0.38179 -1 
0.517107 -1 
0.798677 -1 
-0.433717 -1 
0.691721 -1 
1.04184 -1 
-0.917373 -1 
-0.625239 -1 
-0.821222 -1 
-0.723544 -1 
-1.012 -1 
-3.36455 -1 
3.1828 -1 
-1.46919 -1 
-1.34012 -1 
3.45206 -1 
1.48809 -1 
1.37583 -1 
1.7895 -1 
1.62598 -1 
-1.78565 -1 
-1.6177 -1 
-3.15029 -1 
2.14324 -1 
-2.22187 -1 
1.96192 -1 
-2.40812 -1 
2.94333 -1 
3.69002 -1 
-0.369028 -1 
-0.285169 -1 
0.0274895 -1 
0.098171 -1 
-0.325902 -1 
0.178667 -1 
0.927267 -1 
-1.11338 -1 
1.26455 -1 
0.620417 -1 
1.15427 -1 
2.73366 -1 
2.33263 -1 
-2.5458 -1 
-2.72177 -1 
ZONE T="boundary4"
-0.232212 0.363796 
-0.253557 0.355874 
-0.616692 0.0207075 
-0.619876 -0.000682757 
0.555787 0.299658 
0.565944 0.285853 
0.633271 0.103617 
0.634474 0.0869465 
0.544866 0.312917 
-0.589448 0.103319 
-0.598408 0.0833292 
-0.0957713 0.40709 
-0.0715773 0.413418 
0.628195 0.136918 
-0.462531 0.248646 
-0.371235 0.304618 
-0.352794 0.31375 
-0.621635 -0.0221879 
0.533906 0.324879 
0.405007 0.409707 
0.428836 0.399257 
-0.605954 0.0628283 
-0.612053 0.0419227 
-0.579152 0.122668 
0.475111 0.373341 
0.463768 0.380483 
-0.515286 0.203826 
-0.528405 0.190456 
-0.419992 0.277403 
-0.405011 0.286317 
0.590346 0.244599 
-0.555088 0.158919 
-0.448775 0.258562 
-0.434732 0.268058 
-0.502451 0.215899 
-0.210774 0.371427 
-0.489185 0.227508 
-0.0463116 0.419549 
0.574676 0.272586 
-0.38823 0.295692 
0.609674 0.200352 
-0.294744 0.339576 
-0.274201 0.347882 
-0.314529 0.331201 
-0.334183 0.322465 
-0.166211 0.386302 
-0.188542 0.379013 
-0.143076 0.393504 
-0.119832 0.400375 
-0.0208936 0.425202 
-0.542137 0.175077 
0.634728 0.0703673 
0.629588 0.0215551 
0.632297 0.0376222 
0.499416 0.355932 
0.522345 0.336285 
0.634009 0.0539165 
0.452191 0.387212 
0.37988 0.418992 
0.63115 0.120357 
0.511104 0.346362 
0.0902113 0.443151 
0.120308 0.445907 
0.150542 0.447667 
0.240506 0.446248 
0.270007 0.443334 
0.354522 0.426781 
0.62444 0.153427 
0.582771 0.258874 
0.603778 0.215244 
0.597381 0.229926 
0.032896 0.435336 
0.0614696 0.439637 
0.0059179 0.430575 
0.298411 0.439219 
0.326817 0.433689 
0.180783 0.448353 
0.211081 0.447887 
-0.567596 0.141313 
0.61999 0.16969 
-0.242899 0.359871 
-0.618463 0.010038 
0.56096 0.292825 
0.633988 0.0952893 
0.550417 0.306362 
-0.0836887 0.410304 
-0.36204 0.309238 
0.539462 0.318968 
0.417001 0.404662 
-0.609184 0.052427 
-0.602358 0.0731429 
-0.584462 0.113078 
-0.521918 0.197211 
-0.412531 0.281911 
-0.441788 0.263363 
-0.508925 0.209922 
-0.221505 0.367647 
-0.495868 0.221761 
-0.05896 0.416542 
0.570393 0.279273 
-0.427395 0.272785 
-0.396652 0.291063 
-0.379759 0.300208 
-0.263893 0.351915 
-0.304653 0.33543 
-0.284488 0.343769 
-0.177389 0.382694 
-0.131468 0.396982 
-0.033618 0.422438 
-0.548724 0.167087 
-0.107816 0.40378 
-0.324376 0.32688 
0.487446 0.364892 
0.528197 0.330654 
0.633279 0.0457552 
0.631068 0.0295664 
-0.154657 0.389943 
0.440612 0.393425 
0.392511 0.414532 
0.516782 0.341387 
0.505313 0.351212 
0.458009 0.383898 
0.469472 0.376963 
0.105247 0.444649 
0.135416 0.446917 
0.255272 0.444956 
0.626411 0.145194 
0.634721 0.078658 
0.586636 0.251777 
0.606789 0.207822 
-0.476021 0.238284 
0.634492 0.0621355 
0.63232 0.112 
0.629773 0.128655 
0.578805 0.265777 
-0.199671 0.375257 
0.593933 0.237296 
0.0471666 0.437582 
-0.00750442 0.427963 
0.0758261 0.441497 
0.284232 0.441442 
0.312648 0.436633 
0.0193912 0.433036 
0.195933 0.448269 
0.225801 0.447219 
0.367253 0.423057 
0.340715 0.430421 
0.165658 0.448149 
-0.614554 0.0313537 
-0.620931 -0.0114218 
-0.594099 0.0933997 
-0.573525 0.132083 
-0.53537 0.182854 
-0.561477 0.150211 
-0.34351 0.318155 
-0.45569 0.253656 
0.600643 0.222612 
0.615108 0.185115 
0.6223 0.161582 
ZONE T="boundary5"
-0.487289 -0.351741 
-0.504008 -0.332674 
-0.597521 -0.171484 
-0.589379 -0.19237 
0.522384 -0.150454 
-0.546555 -0.274624 
-0.55867 -0.254539 
-0.618759 -0.0866876 
-0.580082 -0.213364 
-0.5699 -0.233968 
-0.604576 -0.150455 
-0.61523 -0.108059 
-0.610493 -0.129301 
0.625887 0.00575187 
-0.189554 -0.530307 
-0.216166 -0.522692 
-0.293296 -0.49298 
-0.31801 -0.480859 
-0.242313 -0.513927 
-0.268086 -0.503995 
-0.0527293 -0.54934 
-0.0803653 -0.548227 
-0.135439 -0.541851 
-0.162693 -0.536691 
-0.108068 -0.545702 
-0.450461 -0.388528 
-0.469304 -0.370513 
-0.533369 -0.294413 
-0.519248 -0.31368 
-0.430499 -0.406007 
-0.387943 -0.438586 
-0.409758 -0.422624 
-0.365422 -0.453593 
-0.342019 -0.467745 
-0.621635 -0.0221879 
0.585012 -0.0804517 
0.608894 -0.0399214 
0.621179 -0.00982558 
-0.621031 -0.0652482 
-0.622006 -0.043724 
-0.0248176 -0.548988 
0.00281321 -0.547108 
0.111278 -0.522879 
0.0578575 -0.538434 
0.0305762 -0.543592 
0.0847894 -0.531549 
0.137218 -0.512381 
0.162495 -0.50004 
0.21165 -0.469211 
0.187515 -0.485551 
0.235132 -0.450888 
0.257978 -0.430635 
0.280253 -0.408577 
0.302258 -0.384736 
0.503789 -0.167595 
0.484937 -0.184621 
0.416653 -0.251193 
0.369418 -0.30522 
0.346254 -0.333015 
0.540785 -0.132553 
0.462919 -0.204788 
0.441203 -0.225692 
0.629588 0.0215551 
0.576587 -0.0919319 
0.592932 -0.0685852 
0.601315 -0.054511 
0.61549 -0.0250956 
0.324427 -0.359118 
0.392869 -0.27776 
0.558391 -0.11386 
-0.495753 -0.342299 
-0.593572 -0.181974 
-0.552724 -0.264649 
-0.575095 -0.223718 
-0.601179 -0.161013 
-0.607672 -0.139917 
-0.613007 -0.118713 
-0.584846 -0.202917 
-0.202902 -0.52665 
-0.305719 -0.487055 
-0.229287 -0.518455 
-0.280751 -0.498626 
-0.0665522 -0.548961 
-0.149094 -0.539431 
-0.121774 -0.543941 
-0.459981 -0.379623 
-0.540074 -0.284593 
-0.511731 -0.32326 
-0.440576 -0.397377 
-0.398939 -0.430725 
-0.564391 -0.244312 
-0.620054 -0.0759853 
-0.621991 -0.0329537 
-0.4784 -0.361226 
-0.0109877 -0.548243 
0.044257 -0.541225 
0.0981048 -0.527437 
0.124336 -0.517855 
0.149961 -0.506434 
0.199718 -0.477593 
0.2467 -0.440936 
0.26925 -0.419752 
0.291368 -0.396768 
0.357818 -0.319099 
0.513127 -0.159066 
0.451984 -0.215147 
0.531663 -0.141585 
0.473891 -0.194655 
0.580861 -0.0862375 
0.58904 -0.074565 
0.605213 -0.047274 
0.612305 -0.03256 
0.627862 0.0136231 
0.623656 -0.00207536 
-0.621683 -0.0544943 
0.618454 -0.0175064 
-0.526415 -0.304124 
0.49437 -0.176111 
0.428802 -0.238306 
0.335369 -0.346092 
-0.176158 -0.533652 
-0.0387692 -0.549353 
-0.330086 -0.474434 
-0.353798 -0.460798 
-0.420219 -0.414428 
0.404669 -0.264383 
-0.0942302 -0.547137 
0.0167221 -0.545557 
-0.376764 -0.446213 
0.0713785 -0.53521 
0.175129 -0.493021 
0.223535 -0.460247 
-0.255253 -0.509104 
0.313418 -0.372001 
0.381086 -0.291433 
-0.617147 -0.097399 
0.597222 -0.0616084 
0.567691 -0.103067 
0.549708 -0.12332 
