ZONE T="boundary0"
-4 -1 
-4 -0.253978 
-4 -0.387564 
-4 0.187081 
-4 0.218343 
-4 0.346539 
-4 0.298073 
-4 -0.442743 
-4 0.584295 
-4 -0.641619 
-4 -0.820809 
-4 0.445727 
-4 0.722864 
-4 1 
-4 -0.332385 
-4 -0.0767392 
-4 0.396133 
-4 0.0239087 
-4 -0.542181 
-4 0.249606 
-4 0.124556 
-4 -0.280114 
-4 -0.114515 
-4 -0.152291 
-4 -0.227843 
-4 -0.0264153 
-4 0.202712 
-4 0.322306 
-4 -0.731214 
-4 -0.910405 
-4 0.515011 
-4 0.861432 
-4 0.42093 
-4 0.371336 
-4 0.653579 
-4 -0.492462 
-4 -0.359974 
-4 -0.415154 
-4 -0.5919 
-4 0.273839 
-4 0.233975 
-4 0.155819 
-4 0.0742326 
-4 -0.306249 
-4 -0.133403 
-4 -0.190067 
-4 -0.0956271 
-4 -0.0012533 
-4 -0.0515772 
-4 -0.267046 
-4 -0.24091 
ZONE T="boundary1"
2.0863 1 
1.91242 1 
1.73854 1 
4 1 
3.84627 1 
1.35514 1 
-0.505058 1 
1.1191 1 
1.23712 1 
-1.19775 1 
0.275177 1 
0.484613 1 
-0.344448 1 
-0.61788 1 
-0.730702 1 
0.100609 1 
1.00498 1 
-0.0898611 1 
-0.0275855 1 
0.329013 1 
1.54684 1 
0.675785 1 
0.783322 1 
3.69254 1 
-0.823476 1 
3.53881 1 
-2.84031 1 
-4 1 
-2.00718 1 
-2.2168 1 
-3.34247 1 
-3.67124 1 
-2.6838 1 
-2.4503 1 
2.82563 1 
2.69878 1 
2.44508 1 
3.38508 1 
3.16878 1 
2.95248 1 
0.0365116 1 
0.160975 1 
0.221341 1 
-0.221524 1 
-0.290911 1 
-0.152137 1 
-0.397985 1 
-0.91625 1 
-1.09505 1 
-1.38722 1 
-1.47399 1 
-1.30045 1 
0.580199 1 
0.890858 1 
-1.63578 1 
-1.79757 1 
2.26569 1 
-3.16965 1 
-2.99682 1 
1.99936 1 
1.82548 1 
3.92314 1 
1.17811 1 
-0.674291 1 
1.06204 1 
-0.0587233 1 
1.64269 1 
0.729553 1 
3.76941 1 
-0.777089 1 
-2.11199 1 
-3.50686 1 
-2.33355 1 
2.76221 1 
3.27693 1 
2.88906 1 
0.130792 1 
0.00446302 1 
0.0685602 1 
0.248259 1 
0.406813 1 
0.302095 1 
-0.256218 1 
-0.120999 1 
-0.18683 1 
-0.451522 1 
-0.869863 1 
-0.371217 1 
-0.31768 1 
-0.561469 1 
-1.00565 1 
-1.43061 1 
-1.1464 1 
-1.2491 1 
0.627992 1 
0.532406 1 
1.29613 1 
1.45099 1 
0.947918 1 
0.83709 1 
-1.71667 1 
-3.83562 1 
-1.90237 1 
2.176 1 
-3.25606 1 
2.57193 1 
2.35539 1 
-2.56705 1 
-3.08324 1 
3.46195 1 
3.61568 1 
3.06063 1 
0.191158 1 
-1.34384 1 
-1.55489 1 
-2.76206 1 
-2.91857 1 
ZONE T="boundary2"
4 -0.442293 
4 0.0143436 
4 0.0903073 
4 0.166271 
4 0.221179 
4 0.362001 
4 0.29159 
4 0.438218 
4 0.817913 
4 1 
4 0.400109 
4 0.537021 
4 0.635825 
4 -0.638191 
4 -0.111787 
4 -0.19062 
4 -0.371641 
4 -0.22741 
4 -0.819096 
4 -1 
4 -0.264199 
4 -0.15383 
4 -0.300989 
4 -0.336315 
4 -0.0697432 
4 -0.540242 
4 0.128289 
4 0.326796 
4 0.256385 
4 0.908956 
4 0.419163 
4 0.726869 
4 0.193725 
4 0.0523255 
4 0.586423 
4 0.381055 
4 0.487619 
4 -0.406967 
4 -0.728643 
4 -0.909548 
4 -0.245804 
4 -0.172225 
4 -0.209015 
4 -0.353978 
4 -0.0276998 
4 -0.0907649 
4 -0.132808 
4 -0.491268 
4 -0.589217 
4 -0.282594 
4 -0.318652 
ZONE T="boundary3"
-3.65027 -1 
-4 -1 
0.00193449 -1 
-0.0660543 -1 
-1.87979 -1 
-2.70501 -1 
-2.57185 -1 
1.23658 -1 
1.38262 -1 
2.76736 -1 
2.93985 -1 
-2.83817 -1 
-2.43869 -1 
-2.30553 -1 
-1.51218 -1 
-1.43695 -1 
-0.921195 -1 
-1.01992 -1 
2.43983 -1 
2.59486 -1 
1.72645 -1 
1.92424 -1 
3.15461 -1 
3.52703 -1 
3.68469 -1 
2.10452 -1 
0.426968 -1 
0.519771 -1 
-0.705181 -1 
-0.813188 -1 
-0.365598 -1 
-0.203631 -1 
0.208622 -1 
0.15695 -1 
0.612574 -1 
-0.319408 -1 
-0.134043 -1 
-0.457976 -1 
-0.581579 -1 
0.714882 -1 
0.0536064 -1 
0.105278 -1 
0.81719 -1 
0.263209 -1 
0.317795 -1 
1.02436 -1 
0.920773 -1 
4 -1 
1.13047 -1 
-3.4754 -1 
-3.30053 -1 
-1.2778 -1 
-1.19822 -1 
-1.11864 -1 
-3.06935 -1 
-1.58741 -1 
-1.73787 -1 
3.36938 -1 
1.62755 -1 
-2.0217 -1 
2.2848 -1 
-2.16362 -1 
-0.273219 -1 
1.52866 -1 
-3.82513 -1 
-0.0320601 -1 
-2.63843 -1 
1.3096 -1 
2.8536 -1 
-2.37211 -1 
-1.47456 -1 
-0.970557 -1 
2.51735 -1 
1.82535 -1 
3.04723 -1 
3.60586 -1 
2.01438 -1 
0.47337 -1 
-0.759185 -1 
0.182786 -1 
-0.168837 -1 
-0.519778 -1 
-0.64338 -1 
0.0794423 -1 
0.0277704 -1 
0.566172 -1 
-0.867192 -1 
0.766036 -1 
0.290502 -1 
0.972564 -1 
-0.411787 -1 
0.372382 -1 
0.868982 -1 
3.84234 -1 
1.18352 -1 
-3.38797 -1 
-1.15843 -1 
-3.56283 -1 
-3.18494 -1 
-1.80883 -1 
3.44821 -1 
3.262 -1 
1.677 -1 
-1.95074 -1 
2.19466 -1 
-2.50527 -1 
-2.23457 -1 
-2.95376 -1 
2.36231 -1 
2.68111 -1 
-2.77159 -1 
-0.238425 -1 
-0.296314 -1 
-0.100049 -1 
0.131114 -1 
0.663728 -1 
0.235915 -1 
-1.06928 -1 
-2.09266 -1 
1.07741 -1 
-1.54979 -1 
-1.35737 -1 
1.45564 -1 
-1.23801 -1 
1.5781 -1 
-1.66264 -1 
-0.342503 -1 
ZONE T="boundary4"
-0.636139 0.00405858 
-0.634354 0.0272403 
0.632371 -0.000893697 
0.628896 0.0135398 
-0.335317 0.440414 
-0.57219 0.208395 
-0.581753 0.19109 
-0.420567 0.383533 
-0.400267 0.398862 
-0.288914 0.46421 
-0.61274 0.120892 
0.635026 -0.0153581 
0.636877 -0.0299704 
-0.631102 0.0505775 
-0.626395 0.0740324 
-0.620261 0.0975046 
-0.459204 0.350584 
0.410163 0.349334 
0.386488 0.375959 
-0.606157 0.138488 
-0.598765 0.156121 
-0.590712 0.173474 
-0.508909 0.298859 
-0.522705 0.282002 
-0.535834 0.264637 
-0.440242 0.367422 
-0.379237 0.413491 
0.533344 0.182194 
-0.357653 0.4273 
-0.312495 0.452671 
-0.1363 0.515326 
-0.264916 0.474855 
-0.240164 0.484743 
-0.476957 0.333498 
-0.215064 0.4937 
-0.109281 0.520604 
-0.0537695 0.528143 
-0.0256175 0.530268 
0.0609205 0.52935 
-0.0815855 0.524919 
-0.493281 0.316492 
-0.555222 0.236265 
0.585697 0.108281 
0.600132 0.0837806 
0.374078 0.388768 
0.321774 0.434517 
0.348597 0.412657 
0.294099 0.453891 
0.514383 0.207827 
0.552269 0.156699 
0.432728 0.321359 
0.454032 0.292883 
0.494389 0.235685 
0.474662 0.26387 
0.0905814 0.526262 
0.149221 0.515435 
0.178553 0.50739 
0.207885 0.497353 
0.624619 0.0278793 
0.613784 0.0561289 
0.619548 0.0421412 
0.119872 0.521678 
0.569431 0.132763 
-0.189229 0.501848 
-0.163118 0.509025 
0.00282646 0.531233 
0.0319548 0.530954 
0.237007 0.485192 
0.265807 0.470742 
-0.635428 0.0156634 
0.630731 0.00634657 
-0.577043 0.199782 
-0.410492 0.391297 
0.636054 -0.0226513 
-0.628921 0.0623394 
-0.616659 0.10925 
0.398504 0.362805 
-0.602546 0.14734 
-0.609535 0.129723 
-0.594817 0.164834 
-0.632904 0.0389335 
-0.515888 0.290497 
-0.529353 0.273383 
-0.430485 0.375575 
-0.449808 0.359099 
-0.389823 0.406279 
-0.368511 0.420499 
-0.300759 0.458552 
-0.227655 0.489338 
-0.0397043 0.529349 
-0.122816 0.518093 
-0.501184 0.307754 
-0.563882 0.222437 
-0.252586 0.479915 
-0.485202 0.325075 
-0.586311 0.182322 
-0.346548 0.433964 
0.593105 0.0961431 
0.633798 -0.00810766 
0.380332 0.382411 
0.335382 0.423828 
0.308115 0.444459 
0.542829 0.169464 
0.443487 0.307203 
0.484513 0.249769 
0.0757704 0.527992 
0.163947 0.511632 
-0.276965 0.469644 
-0.623494 0.0858119 
0.626852 0.0207378 
0.607253 0.0701006 
0.616749 0.0491693 
0.622174 0.0350425 
-0.468166 0.342129 
-0.323964 0.44665 
-0.0954543 0.522896 
-0.0676935 0.526669 
0.105257 0.524163 
0.13459 0.518763 
0.577703 0.120614 
-0.176207 0.505558 
-0.545727 0.250587 
-0.149739 0.512302 
0.0173922 0.531257 
0.0464471 0.53032 
0.193299 0.502607 
0.222549 0.491519 
-0.202185 0.497895 
-0.0114006 0.530901 
0.280107 0.462575 
0.523833 0.194988 
0.251535 0.478223 
0.46441 0.278422 
0.504326 0.221712 
0.560927 0.144786 
0.361535 0.400924 
0.421595 0.335465 
ZONE T="boundary5"
-0.636445 -0.018897 
-0.635261 -0.0415889 
-0.636139 0.00405858 
-0.622667 -0.10741 
0.538746 -0.286425 
-0.628381 -0.0859006 
-0.632579 -0.0639238 
-0.571417 -0.205845 
0.636135 -0.0882029 
-0.211039 -0.365999 
-0.237801 -0.36139 
-0.264565 -0.356525 
-0.393832 -0.324795 
-0.417914 -0.3161 
-0.291037 -0.351353 
-0.317443 -0.345698 
-0.368853 -0.332582 
-0.0762427 -0.387243 
-0.0492303 -0.391151 
-0.103248 -0.383196 
-0.13021 -0.379045 
-0.606613 -0.14893 
-0.615411 -0.128451 
-0.184101 -0.370463 
-0.157193 -0.374797 
-0.513711 -0.263208 
-0.497438 -0.275012 
-0.528845 -0.250767 
0.637901 -0.044589 
0.638109 -0.0591641 
0.548924 -0.275378 
0.558725 -0.263696 
-0.381382 -0.328816 
-0.462099 -0.296131 
-0.480516 -0.285815 
0.636877 -0.0299704 
0.591712 -0.214957 
0.504995 -0.31687 
-0.596289 -0.168754 
-0.584443 -0.187881 
-0.343241 -0.33953 
0.0871917 -0.406826 
0.114831 -0.4087 
0.00501036 -0.39838 
0.0596279 -0.404423 
0.0322837 -0.401586 
-0.0221233 -0.394885 
0.170808 -0.410521 
0.142786 -0.409967 
0.199207 -0.410259 
0.285154 -0.403399 
0.256403 -0.406821 
0.22763 -0.409072 
-0.543266 -0.237391 
0.342772 -0.392443 
0.313985 -0.398654 
0.399666 -0.375049 
0.371431 -0.384609 
0.454447 -0.350095 
0.427466 -0.363563 
0.528064 -0.296994 
0.480483 -0.334481 
0.567986 -0.251584 
0.633989 -0.102627 
0.62646 -0.134802 
0.609858 -0.179501 
0.598821 -0.202067 
0.631104 -0.116943 
0.637513 -0.0737402 
0.619456 -0.156026 
-0.557818 -0.222116 
-0.441374 -0.30624 
0.584156 -0.227589 
-0.636041 -0.0302528 
-0.63411 -0.0527792 
-0.224424 -0.36372 
-0.25119 -0.358994 
-0.405925 -0.320591 
-0.304255 -0.348595 
-0.0627394 -0.389217 
-0.116731 -0.381132 
-0.611202 -0.138772 
-0.17065 -0.372643 
0.638106 -0.0518751 
0.553892 -0.269594 
-0.375127 -0.33073 
-0.471381 -0.291104 
-0.489055 -0.280536 
-0.521371 -0.257101 
-0.630672 -0.074949 
-0.578091 -0.196979 
-0.636477 -0.00741675 
0.101007 -0.407835 
-0.590543 -0.178427 
0.0459505 -0.403056 
-0.00856078 -0.396666 
0.156795 -0.410339 
0.185009 -0.410499 
0.270797 -0.405262 
0.328419 -0.395735 
0.385623 -0.380049 
0.299597 -0.401195 
0.441081 -0.357079 
-0.536155 -0.244187 
0.516756 -0.307194 
0.543899 -0.280961 
0.533466 -0.291771 
0.492927 -0.325937 
0.563422 -0.257691 
0.604518 -0.190872 
0.632636 -0.109803 
0.628917 -0.125907 
0.635156 -0.0954289 
0.637911 -0.0664562 
0.614864 -0.167848 
0.636921 -0.0809808 
-0.564752 -0.214093 
-0.550664 -0.22987 
0.637491 -0.0372726 
-0.601636 -0.158938 
-0.197573 -0.368249 
-0.0356804 -0.393044 
0.128805 -0.409417 
0.242027 -0.408085 
0.413664 -0.369544 
-0.330363 -0.3427 
-0.277811 -0.35399 
-0.143704 -0.376932 
-0.0897476 -0.385235 
0.0186421 -0.400025 
0.0734044 -0.405686 
0.213423 -0.409787 
0.357157 -0.388731 
0.467622 -0.34255 
-0.505664 -0.269233 
0.623139 -0.145474 
-0.619231 -0.117997 
-0.625717 -0.0967065 
-0.387618 -0.326839 
-0.429712 -0.311332 
-0.451808 -0.301332 
-0.356076 -0.336165 
0.58799 -0.221306 
0.595323 -0.208544 
0.576294 -0.239737 
