ZONE T="boundary0"
-4 -0.263636 
-4 -0.302117 
-4 -0.225155 
-4 -0.16538 
-4 0.373351 
-4 0.26392 
-4 0.612087 
-4 0.22527 
-4 0.18662 
-4 -0.105604 
-4 -0.78864 
-4 -1 
-4 1 
-4 0.806043 
-4 0.492719 
-4 -0.353731 
-4 -0.405345 
-4 -0.0297466 
-4 0.116365 
-4 0.0461106 
-4 -0.57728 
-4 -0.491313 
-4 -0.68296 
-4 -0.282877 
-4 -0.195268 
-4 0.318636 
-4 0.205945 
-4 -0.89432 
-4 0.903022 
-4 -0.379538 
-4 -0.0676753 
-4 0.0812379 
-4 0.00818197 
-4 0.244595 
-4 -0.534296 
-4 0.151493 
-4 0.552403 
-4 0.709065 
-4 -0.244396 
-4 -0.135492 
-4 -0.327924 
-4 -0.448329 
-4 -0.63012 
-4 -0.7358 
-4 0.433035 
ZONE T="boundary1"
4 1 
-0.332212 1 
0.340438 1 
-0.416474 1 
-0.500736 1 
0.942102 1 
0.183745 1 
0.476629 1 
1.16143 1 
1.05109 1 
0.612819 1 
-1.90197 1 
-2.23979 1 
-4 1 
-1.46464 1 
-1.3368 1 
-2.48478 1 
-2.72977 1 
-2.85351 1 
3.67218 1 
2.67561 1 
2.37971 1 
-3.22473 1 
-2.97725 1 
0.110191 1 
0.036636 1 
-0.0346691 1 
-0.105974 1 
-0.255711 1 
-0.180843 1 
-0.879505 1 
-0.926892 1 
-0.619039 1 
-0.737343 1 
-0.832118 1 
-1.09272 1 
-1.2424 1 
-1.03744 1 
-1.148 1 
-1.59247 1 
-1.66985 1 
-1.74722 1 
0.833119 1 
1.27178 1 
1.37443 1 
1.85121 1 
1.68239 1 
-3.77486 1 
2.19987 1 
2.02002 1 
0.722969 1 
-3.54973 1 
-3.38723 1 
3.15794 1 
2.97152 1 
3.34435 1 
3.50827 1 
-0.982169 1 
1.47708 1 
1.57974 1 
-0.458605 1 
1.10626 1 
-2.07088 1 
-1.40072 1 
-2.60727 1 
-2.79164 1 
3.83609 1 
2.52766 1 
-2.91538 1 
0.262092 1 
0.146968 1 
0.408533 1 
0.0734133 1 
-0.0703217 1 
0.000983448 1 
-0.143408 1 
-0.903199 1 
-0.559888 1 
-0.374343 1 
-1.2896 1 
-1.06508 1 
-1.1952 1 
-1.52855 1 
-1.70854 1 
-3.10099 1 
0.887611 1 
1.2166 1 
0.996594 1 
1.3231 1 
1.7668 1 
-3.88743 1 
1.93562 1 
2.10995 1 
-2.36229 1 
0.778044 1 
0.667894 1 
-1.8246 1 
-3.30598 1 
-3.46848 1 
3.06473 1 
2.82357 1 
-3.6623 1 
2.28979 1 
3.25115 1 
3.42631 1 
3.59022 1 
0.544724 1 
-0.293962 1 
-0.218277 1 
-0.678191 1 
-0.855811 1 
-0.78473 1 
-1.00981 1 
-1.12036 1 
-0.954531 1 
1.52841 1 
1.63107 1 
-1.63116 1 
1.42576 1 
ZONE T="boundary2"
4 -0.654645 
4 0.246349 
4 0.181199 
4 0.776255 
4 1 
4 0.116048 
4 0.313437 
4 0.041851 
4 -0.154498 
4 -0.093422 
4 -0.373182 
4 -0.258762 
4 -0.452848 
4 -0.503297 
4 -0.0323464 
4 0.380525 
4 0.466517 
4 -0.33335 
4 0.552509 
4 -0.827322 
4 -1 
4 -0.293517 
4 -0.224007 
4 -0.189252 
4 -0.553746 
4 0.213774 
4 0.888127 
4 0.0789497 
4 -0.12396 
4 -0.478073 
4 0.148624 
4 0.00475228 
4 0.664382 
4 -0.740983 
4 -0.913661 
4 -0.276139 
4 -0.171875 
4 -0.353266 
4 -0.241384 
4 -0.313433 
4 -0.413015 
4 -0.528522 
4 -0.604196 
4 -0.0628842 
4 0.346981 
4 0.279893 
4 0.423521 
4 0.509513 
4 -0.20663 
ZONE T="boundary3"
-1.18126 -1 
-1.06806 -1 
-1.85632 -1 
-1.68727 -1 
1.92922 -1 
1.73347 -1 
-0.62412 -1 
0.378694 -1 
0.648444 -1 
0.578725 -1 
1.54602 -1 
-0.954874 -1 
2.12496 -1 
-4 -1 
-3.14536 -1 
-2.9078 -1 
-2.39479 -1 
-2.6513 -1 
-2.02537 -1 
-1.55031 -1 
2.66043 -1 
2.7913 -1 
0.322166 -1 
0.205723 -1 
0.509006 -1 
0.265639 -1 
0.0115629 -1 
0.0786845 -1 
-0.122177 -1 
-0.163973 -1 
0.145806 -1 
-0.515662 -1 
-0.402512 -1 
-0.0553069 -1 
-0.205769 -1 
-0.247565 -1 
-0.843726 -1 
-0.732578 -1 
0.91182 -1 
0.854165 -1 
0.722477 -1 
-0.289361 -1 
1.11565 -1 
1.01373 -1 
0.962777 -1 
-0.345936 -1 
0.796509 -1 
1.23711 -1 
1.35857 -1 
1.45229 -1 
-3.69146 -1 
-3.38292 -1 
2.39868 -1 
-1.2973 -1 
-1.41334 -1 
3.36483 -1 
3.51239 -1 
3.75619 -1 
3.21728 -1 
3.06973 -1 
2.92217 -1 
4 -1 
-1.12466 -1 
-1.77179 -1 
1.83134 -1 
0.613585 -1 
1.63975 -1 
-1.01147 -1 
2.02709 -1 
-3.02658 -1 
-2.21008 -1 
-1.61879 -1 
0.35043 -1 
0.44385 -1 
0.293903 -1 
-0.143075 -1 
0.0451237 -1 
0.112245 -1 
0.235681 -1 
-0.0887418 -1 
-0.226667 -1 
0.175764 -1 
-0.8993 -1 
-0.569891 -1 
-0.788152 -1 
0.882992 -1 
-0.268463 -1 
-0.459087 -1 
1.06469 -1 
-0.678349 -1 
-0.317649 -1 
0.685461 -1 
0.759493 -1 
1.17638 -1 
1.29784 -1 
1.40543 -1 
1.49916 -1 
-3.53719 -1 
2.26182 -1 
-1.23928 -1 
-1.48182 -1 
-1.35532 -1 
3.43861 -1 
3.29106 -1 
3.63429 -1 
3.1435 -1 
2.72586 -1 
2.85674 -1 
2.52956 -1 
-2.52304 -1 
3.8781 -1 
-0.021872 -1 
-0.374224 -1 
0.543865 -1 
-0.184871 -1 
0.825337 -1 
0.988256 -1 
0.937299 -1 
-3.84573 -1 
-2.77955 -1 
-1.94085 -1 
-3.26414 -1 
2.99595 -1 
ZONE T="boundary4"
-0.640554 0.0269684 
-0.640162 0.0630555 
-0.638723 0.07858 
-0.609084 0.170185 
-0.640845 0.0451156 
-0.637282 -0.00939177 
-0.63935 0.0088293 
-0.588713 0.198771 
-0.582312 0.205878 
0.507886 0.0588982 
-0.372443 0.278731 
0.509369 0.108947 
0.509516 0.0921471 
-0.262176 0.288069 
-0.244883 0.290631 
0.504457 0.0256154 
0.481158 0.230017 
0.50031 -0.00799828 
-0.414953 0.275627 
-0.472282 0.266656 
-0.483471 0.263757 
-0.63064 0.119302 
-0.616373 0.156631 
-0.622776 0.142278 
-0.516837 0.251798 
-0.602247 0.181023 
-0.636469 0.0938582 
-0.594749 0.191369 
-0.561064 0.225262 
-0.571818 0.216165 
-0.538993 0.240369 
-0.549978 0.233383 
-0.555596 0.229413 
-0.527879 0.246508 
-0.461077 0.269108 
-0.449601 0.27121 
-0.505762 0.256386 
-0.494691 0.260334 
-0.226137 0.293839 
-0.207634 0.297438 
-0.279698 0.285853 
-0.353491 0.279841 
-0.186137 0.302132 
-0.438241 0.272941 
-0.426618 0.274408 
-0.391333 0.277532 
-0.0910827 0.327677 
-0.0649983 0.335327 
-0.0167833 0.349113 
0.00891577 0.35596 
0.488627 0.212775 
0.494966 0.195014 
-0.140946 0.313523 
-0.117143 0.320145 
0.378729 0.339058 
0.452162 0.277107 
0.440001 0.291285 
0.361354 0.348072 
0.395059 0.329103 
0.499811 0.178192 
-0.339785 0.280677 
-0.326118 0.281594 
-0.0409788 0.342302 
0.0349046 0.362335 
0.0577244 0.367373 
0.463162 0.26195 
0.472722 0.24634 
0.410682 0.317957 
0.425866 0.305247 
0.508459 0.125623 
0.109725 0.376473 
0.139035 0.379912 
0.080842 0.371857 
0.165325 0.381824 
0.192187 0.382525 
0.214641 0.382059 
0.237496 0.380517 
0.259158 0.377978 
0.303821 0.368984 
0.281111 0.374233 
0.326076 0.362314 
0.343875 0.355745 
0.503677 0.160995 
0.506564 0.143408 
-0.302769 0.283475 
-0.164932 0.307247 
-0.639544 0.0708313 
-0.640818 0.0360452 
-0.640062 0.0178965 
-0.585559 0.202361 
-0.63842 -0.00028692 
0.509534 0.100554 
-0.253515 0.289304 
0.506332 0.0422641 
0.502393 0.00882801 
-0.477895 0.265262 
-0.619706 0.149512 
-0.612855 0.163475 
-0.605753 0.175657 
-0.637702 0.0862375 
-0.598583 0.186255 
-0.566527 0.220805 
-0.544545 0.23696 
-0.552805 0.231421 
-0.533487 0.243519 
-0.558349 0.22736 
-0.455351 0.270205 
-0.500255 0.258425 
-0.522399 0.249228 
-0.511334 0.254163 
-0.235492 0.292182 
-0.270924 0.286916 
-0.362962 0.279287 
-0.44393 0.272114 
-0.420789 0.275046 
-0.381887 0.278154 
-0.466694 0.267931 
-0.0780478 0.331499 
-0.00395822 0.352589 
0.491939 0.203952 
-0.129035 0.316796 
0.446225 0.284319 
-0.196867 0.299723 
0.370119 0.343711 
0.508986 0.0755342 
-0.332947 0.281123 
-0.0289006 0.345738 
0.485035 0.221463 
0.0218845 0.359219 
0.0462906 0.36492 
0.457815 0.26964 
0.468088 0.254237 
0.477081 0.238255 
0.418403 0.311754 
0.386982 0.334223 
0.12435 0.378354 
0.178746 0.382339 
0.203413 0.382416 
0.248341 0.379383 
0.292506 0.371783 
0.335024 0.359158 
0.501869 0.169627 
0.27016 0.376256 
0.226075 0.381428 
0.352675 0.352044 
-0.0529996 0.338829 
0.507633 0.134535 
-0.216871 0.295589 
0.509014 0.117296 
0.505246 0.152228 
0.0692604 0.369693 
0.0952493 0.374303 
-0.175519 0.304637 
-0.152922 0.310332 
0.315004 0.365833 
0.152163 0.381012 
-0.104109 0.323886 
-0.489105 0.262107 
-0.577167 0.211116 
-0.432436 0.273709 
-0.591776 0.195107 
-0.40315 0.276656 
0.497512 0.186644 
0.402975 0.323674 
0.433081 0.298414 
-0.291211 0.284594 
-0.62701 0.130898 
-0.63388 0.106663 
-0.640629 0.0540952 
-0.346634 0.280252 
-0.314427 0.282478 
ZONE T="boundary5"
0.562784 -0.345317 
-0.39604 -0.412298 
-0.411591 -0.399273 
0.563446 -0.364483 
-0.630814 -0.0455073 
-0.634426 -0.0274656 
-0.558146 -0.223359 
-0.455274 -0.358333 
-0.468778 -0.344174 
-0.603004 -0.133553 
-0.60975 -0.11628 
-0.637282 -0.00939177 
-0.588052 -0.167291 
-0.178835 -0.536449 
-0.289566 -0.484643 
-0.308822 -0.473447 
-0.345597 -0.449901 
-0.327722 -0.461718 
0.534567 -0.463841 
-0.154103 -0.545515 
-0.127258 -0.554466 
-0.100133 -0.562628 
-0.20326 -0.526671 
-0.269072 -0.495778 
-0.248235 -0.506327 
-0.225911 -0.516822 
-0.0406665 -0.577661 
-0.0705234 -0.570586 
-0.494804 -0.314448 
-0.507267 -0.298884 
-0.481859 -0.329666 
-0.519818 -0.282178 
-0.426747 -0.385837 
-0.441213 -0.372273 
-0.363104 -0.437599 
0.50031 -0.00799828 
0.562314 -0.383301 
0.49706 -0.509423 
0.510779 -0.495481 
0.2649 -0.599163 
0.129091 -0.601354 
0.0939959 -0.598703 
-0.00817647 -0.584331 
0.0245206 -0.590004 
0.059185 -0.594912 
-0.379763 -0.425171 
0.295575 -0.595338 
0.389584 -0.572433 
-0.621525 -0.0812225 
0.357216 -0.58257 
0.325207 -0.590137 
0.421033 -0.559599 
0.405437 -0.566379 
0.452685 -0.542799 
0.43715 -0.551607 
0.467827 -0.53297 
0.482217 -0.522249 
0.373478 -0.577823 
-0.531798 -0.265123 
0.52341 -0.480201 
-0.545321 -0.244436 
0.55152 -0.289893 
0.556023 -0.305652 
0.544615 -0.445395 
0.552678 -0.425878 
0.530338 -0.234483 
0.539947 -0.257922 
0.560295 -0.325621 
0.558692 -0.404977 
0.49633 -0.110918 
0.501176 -0.144939 
0.52081 -0.210747 
0.495039 -0.076556 
0.496728 -0.0420813 
-0.571901 -0.198991 
0.232679 -0.601696 
0.198489 -0.602917 
0.164246 -0.602783 
0.509653 -0.17859 
-0.403862 -0.405839 
0.563338 -0.354898 
-0.63271 -0.0364994 
-0.462077 -0.3513 
-0.606445 -0.124939 
-0.635949 -0.0184388 
-0.595777 -0.150519 
-0.299236 -0.479113 
-0.336703 -0.455872 
-0.318316 -0.46765 
-0.140716 -0.550091 
-0.113727 -0.558645 
-0.191086 -0.531651 
-0.258693 -0.501127 
-0.237114 -0.511657 
-0.0556225 -0.574233 
-0.501095 -0.306711 
-0.434028 -0.379104 
-0.475371 -0.336965 
-0.448293 -0.365351 
-0.488388 -0.322103 
-0.513611 -0.290579 
0.504066 -0.502594 
0.111532 -0.600177 
0.0418323 -0.592597 
-0.0244487 -0.581121 
-0.387949 -0.418791 
0.280262 -0.597432 
-0.371479 -0.431442 
-0.615933 -0.0988344 
0.341278 -0.586613 
0.413276 -0.56308 
0.444983 -0.547313 
0.475113 -0.527728 
0.381562 -0.575208 
0.517267 -0.487982 
0.529183 -0.472153 
-0.538651 -0.254835 
-0.551815 -0.233944 
0.553881 -0.297746 
0.539833 -0.454751 
0.548911 -0.435749 
0.535181 -0.246201 
0.563105 -0.37391 
0.558362 -0.3156 
0.561759 -0.335447 
0.555982 -0.415517 
0.460335 -0.538001 
0.560813 -0.394196 
0.498297 -0.128008 
-0.525877 -0.273696 
0.429147 -0.55571 
0.525504 -0.222655 
-0.419217 -0.392607 
0.489765 -0.51598 
0.495263 -0.0937474 
0.495568 -0.0592959 
-0.354396 -0.443811 
-0.565134 -0.211232 
-0.166503 -0.541071 
-0.279362 -0.490285 
-0.58018 -0.183234 
-0.214623 -0.521828 
0.248805 -0.600606 
-0.0853601 -0.566719 
0.181368 -0.603011 
0.00814922 -0.587291 
0.215592 -0.602484 
0.0765745 -0.596949 
0.310428 -0.59293 
0.546042 -0.273817 
0.36537 -0.580272 
0.397544 -0.569492 
0.498361 -0.0250069 
-0.6265 -0.0634312 
0.146662 -0.602226 
0.514952 -0.194795 
0.504998 -0.161894 
