ZONE T="boundary0"
-4 0.18662 
-4 0.581084 
-4 0.790542 
-4 0.26392 
-4 0.466883 
-4 0.352683 
-4 0.0461106 
-4 0.10932 
-4 -0.194109 
-4 -0.0170984 
-4 -0.225155 
-4 -0.256202 
-4 -0.302117 
-4 -0.348033 
-4 -0.105604 
-4 0.22527 
-4 -0.462657 
-4 1 
-4 -0.78864 
-4 -0.57728 
-4 -0.405345 
-4 -1 
-4 0.409783 
-4 0.0777151 
-4 0.523984 
-4 -0.240678 
-4 -0.325075 
-4 -0.149857 
-4 -0.0613511 
-4 0.14797 
-4 0.0145061 
-4 0.244595 
-4 0.308302 
-4 0.895271 
-4 0.685813 
-4 -0.68296 
-4 -0.89432 
-4 -0.209632 
-4 -0.27916 
-4 0.205945 
-4 -0.376689 
-4 -0.434001 
-4 -0.519968 
ZONE T="boundary1"
3.5382 1 
3.69213 1 
3.18131 1 
0.416952 1 
0.824633 1 
-0.179211 1 
-0.0327376 1 
0.036636 1 
0.719636 1 
0.61464 1 
-1.14974 1 
-2.21986 1 
2.97836 1 
2.16041 1 
2.36578 1 
1.68927 1 
1.86465 1 
1.18593 1 
1.04492 1 
-2.5598 1 
2.77476 1 
2.57115 1 
-3.38723 1 
-3.54973 1 
2.01253 1 
-1.72195 1 
-1.88792 1 
-0.105974 1 
-0.416474 1 
-0.574401 1 
-0.500736 1 
-0.255711 1 
-0.332212 1 
-0.823681 1 
0.261481 1 
-0.648067 1 
0.515796 1 
-1.04916 1 
-0.94859 1 
-0.886136 1 
0.183745 1 
-4 1 
-0.735874 1 
3.84607 1 
-1.24683 1 
-1.34393 1 
-1.44995 1 
3.38426 1 
-1.55598 1 
-1.63896 1 
0.934774 1 
1.25643 1 
-3.77486 1 
1.32694 1 
1.42041 1 
1.51389 1 
-3.06223 1 
-3.22473 1 
-2.89973 1 
-2.72977 1 
1.60158 1 
4 1 
-0.69197 1 
0.10601 1 
3.61516 1 
0.00194918 1 
0.667138 1 
2.26309 1 
1.77696 1 
1.11542 1 
2.67295 1 
-3.46848 1 
2.08647 1 
-1.80493 1 
-0.537569 1 
-0.217461 1 
-0.458605 1 
0.339216 1 
-0.611234 1 
0.466374 1 
0.565218 1 
-1.09945 1 
-0.917363 1 
-0.854908 1 
-0.779777 1 
3.7691 1 
-0.998877 1 
-1.39694 1 
-1.19828 1 
3.46123 1 
-1.50297 1 
-1.68046 1 
3.28279 1 
3.07984 1 
0.879703 1 
0.989845 1 
1.22118 1 
-3.6623 1 
-2.05389 1 
-1.59747 1 
1.29169 1 
1.46715 1 
-3.14348 1 
-2.38983 1 
-2.81475 1 
2.87656 1 
2.46846 1 
1.55773 1 
-3.88743 1 
-2.98098 1 
-2.64478 1 
-3.30598 1 
1.93859 1 
3.92303 1 
-0.713922 1 
-0.142592 1 
-0.293962 1 
-0.374343 1 
0.0713228 1 
-0.670019 1 
0.144877 1 
-0.0693559 1 
0.222613 1 
1.37368 1 
1.64542 1 
0.772134 1 
-1.29538 1 
ZONE T="boundary2"
4 -0.553746 
4 -0.654645 
4 -0.452848 
4 -0.366171 
4 -0.0259619 
4 0.120389 
4 0.183672 
4 0.0571061 
4 0.3069 
4 0.249378 
4 -0.10903 
4 -0.293517 
4 -0.220863 
4 0.612251 
4 0.806126 
4 0.360329 
4 0.413759 
4 -0.164946 
4 -0.827322 
4 -1 
4 1 
4 0.513005 
4 -0.40951 
4 0.15203 
4 0.278139 
4 0.216525 
4 -0.25719 
4 0.709188 
4 0.387044 
4 0.0887474 
4 0.333615 
4 -0.0674959 
4 0.0155721 
4 -0.136988 
4 -0.192904 
4 -0.329844 
4 -0.503297 
4 -0.604196 
4 -0.740983 
4 0.903063 
4 -0.913661 
4 0.463382 
4 0.562628 
ZONE T="boundary3"
-3.68332 -1 
3.13314 -1 
-0.0358718 -1 
3.31863 -1 
0.358536 -1 
0.204164 -1 
-0.609554 -1 
0.580911 -1 
0.709926 -1 
0.28135 -1 
-0.340613 -1 
-0.418183 -1 
-0.135605 -1 
0.0770979 -1 
0.140631 -1 
-0.263042 -1 
0.988982 -1 
1.13797 -1 
-0.950738 -1 
1.24232 -1 
1.34666 -1 
2.12496 -1 
2.57665 -1 
-2.95675 -1 
-3.36664 -1 
2.94764 -1 
-1.06511 -1 
3.65931 -1 
2.35081 -1 
-2.54211 -1 
-1.55636 -1 
-2.01105 -1 
-1.78371 -1 
-2.74943 -1 
-2.27658 -1 
0.437101 -1 
0.509006 -1 
0.783217 -1 
0.0206131 -1 
-0.513869 -1 
0.856507 -1 
1.47482 -1 
-0.836368 -1 
-0.722961 -1 
-1.30378 -1 
-1.18444 -1 
1.60298 -1 
1.73347 -1 
1.86397 -1 
4 -1 
-1.43007 -1 
-1.67004 -1 
-3.52498 -1 
-4 -1 
0.645418 -1 
-0.379398 -1 
-0.0857386 -1 
0.108864 -1 
1.06348 -1 
1.29449 -1 
-3.1617 -1 
2.76215 -1 
3.48897 -1 
-1.89738 -1 
-2.64577 -1 
-2.40934 -1 
-2.14382 -1 
0.172397 -1 
0.319943 -1 
0.397818 -1 
0.473053 -1 
-0.199324 -1 
-0.301828 -1 
0.0488555 -1 
-0.00762936 -1 
-0.466026 -1 
0.922745 -1 
1.19014 -1 
1.41074 -1 
-0.893553 -1 
0.746571 -1 
-0.561712 -1 
-0.779665 -1 
-0.666258 -1 
-1.24411 -1 
1.5389 -1 
1.79872 -1 
-1.00792 -1 
3.82966 -1 
-1.12478 -1 
1.66822 -1 
-1.49322 -1 
-2.85309 -1 
-1.36693 -1 
1.99446 -1 
-1.6132 -1 
3.22588 -1 
3.04039 -1 
-3.60415 -1 
-3.84166 -1 
2.23788 -1 
2.46373 -1 
-3.44581 -1 
0.544958 -1 
0.242757 -1 
0.819862 -1 
-1.72687 -1 
ZONE T="boundary4"
-0.357122 0.527811 
-0.26946 0.526964 
0.130683 0.255862 
0.161699 0.255672 
-0.150288 0.436585 
-0.13626 0.418124 
-0.601443 0.0542153 
-0.598832 0.0344302 
-0.603274 0.0742435 
-0.594444 0.211575 
0.193599 0.256723 
0.307822 0.259123 
0.330037 0.25757 
-0.490116 0.438109 
-0.501518 0.423956 
-0.12085 0.397377 
-0.567038 0.306618 
-0.512388 0.409155 
-0.559226 0.325402 
-0.451838 0.476896 
-0.163933 0.453389 
-0.599407 0.182075 
-0.590324 0.23094 
-0.604302 0.0945238 
0.500329 0.195107 
0.513707 0.184355 
-0.585568 0.250114 
-0.550883 0.34345 
-0.532583 0.377679 
-0.541886 0.36108 
0.568724 0.120383 
0.559726 0.133934 
0.421293 0.237719 
0.437938 0.231138 
0.538603 0.160224 
-0.522684 0.393813 
0.576971 0.106236 
-0.407269 0.507996 
-0.477948 0.451813 
0.526412 0.172796 
-0.465227 0.464731 
-0.422701 0.498764 
0.485984 0.205263 
-0.4375 0.488411 
-0.177864 0.468889 
-0.206462 0.494821 
-0.191739 0.482462 
-0.390792 0.51618 
-0.374167 0.52276 
0.549977 0.146893 
-0.339734 0.531229 
-0.321741 0.532932 
0.471098 0.214508 
-0.304199 0.532779 
-0.286395 0.530742 
-0.22122 0.505207 
0.60457 0.0353676 
0.595926 0.0636738 
-0.253011 0.521471 
-0.23656 0.514038 
0.584374 0.0916708 
-0.57589 0.282326 
0.264737 0.259631 
0.285801 0.259737 
0.218658 0.257918 
-0.604508 0.114952 
-0.602858 0.150996 
0.243888 0.259032 
0.404389 0.243345 
0.3868 0.248166 
0.369381 0.251989 
0.35184 0.254967 
0.454722 0.22335 
0.0233042 0.275892 
0.0586023 0.264961 
0.0768171 0.261193 
-0.10478 0.376389 
-0.0641655 0.331454 
-0.0106555 0.291876 
0.0950427 0.258509 
0.590505 0.0778074 
0.610729 0.00693085 
0.614872 -0.0217871 
-0.0866311 0.354651 
-0.039163 0.310444 
0.146191 0.255571 
-0.14324 0.427417 
-0.600236 0.0443107 
-0.602459 0.0642213 
0.318929 0.258475 
-0.495894 0.431104 
-0.128574 0.407769 
-0.50703 0.41662 
-0.592464 0.221277 
0.5071 0.189832 
-0.588027 0.24055 
-0.563223 0.316052 
-0.537312 0.369429 
0.564325 0.127223 
-0.546468 0.352313 
0.429659 0.234546 
-0.555139 0.33447 
-0.527712 0.385801 
0.572951 0.113368 
-0.517612 0.401542 
-0.484112 0.445043 
0.520149 0.178673 
-0.458614 0.470916 
-0.471668 0.458363 
-0.415061 0.503528 
-0.444753 0.482775 
-0.198996 0.488812 
-0.157042 0.44508 
-0.170806 0.461264 
0.493235 0.200294 
-0.382541 0.519653 
0.554948 0.140484 
-0.330752 0.532312 
0.47861 0.209996 
-0.365691 0.525483 
-0.295271 0.531999 
-0.399105 0.512262 
0.600564 0.0496153 
-0.213745 0.500188 
-0.261174 0.52443 
0.580776 0.0990048 
-0.228802 0.509812 
-0.580985 0.266306 
-0.348461 0.529731 
0.27526 0.259758 
0.206122 0.257308 
-0.312964 0.533081 
-0.277883 0.529074 
-0.603891 0.0843797 
-0.604001 0.132994 
0.378107 0.250187 
0.340946 0.256411 
0.462977 0.219056 
-0.184704 0.475816 
0.446386 0.22737 
0.412876 0.240647 
0.0407994 0.269828 
0.067692 0.262936 
0.0859114 0.259727 
-0.604509 0.104738 
-0.430181 0.49372 
0.254303 0.259381 
0.296805 0.259534 
0.532608 0.166606 
0.587528 0.0847775 
0.544397 0.153648 
0.593302 0.0707732 
0.613028 -0.00739592 
0.231259 0.258508 
0.112849 0.2568 
-0.0958636 0.365398 
-0.601361 0.166565 
-0.571615 0.294534 
0.177644 0.256089 
-0.112899 0.386841 
-0.0756592 0.342793 
-0.0519479 0.320586 
-0.0251864 0.300685 
0.0060703 0.283254 
0.395622 0.245874 
-0.244705 0.517971 
0.607922 0.0212075 
0.360624 0.25358 
-0.59712 0.196862 
ZONE T="boundary5"
-0.316233 -0.387744 
-0.545077 -0.129179 
-0.553385 -0.112358 
-0.392884 -0.326806 
-0.378481 -0.339536 
-0.446392 -0.272581 
-0.598832 0.0344302 
-0.561142 -0.0952758 
-0.56842 -0.0777002 
-0.207133 -0.451879 
-0.226704 -0.441957 
-0.581184 -0.041599 
-0.58661 -0.023108 
-0.575082 -0.0598842 
0.593576 -0.358023 
0.583769 -0.377778 
-0.595472 0.0149511 
-0.591406 -0.00415913 
-0.363524 -0.352074 
-0.246003 -0.431544 
-0.264264 -0.421082 
-0.33239 -0.376185 
-0.299384 -0.399168 
-0.348247 -0.364223 
-0.142581 -0.480428 
-0.165204 -0.471117 
-0.119699 -0.489132 
-0.0700163 -0.505704 
-0.186301 -0.461769 
-0.49736 -0.207614 
-0.0949826 -0.497763 
-0.458956 -0.257893 
-0.472062 -0.241659 
-0.282247 -0.410168 
-0.527766 -0.160567 
-0.433401 -0.286905 
-0.420357 -0.300483 
-0.40694 -0.313696 
-0.509501 -0.189799 
0.468125 -0.489393 
0.600543 -0.340652 
0.452149 -0.497643 
0.436083 -0.505007 
0.41969 -0.511667 
0.619266 -0.107181 
0.619395 -0.135446 
0.618202 -0.238517 
0.616123 -0.269696 
0.109701 -0.541979 
0.142634 -0.544848 
0.0771706 -0.538004 
0.0448005 -0.532931 
-0.0154011 -0.520497 
0.238523 -0.546217 
0.207095 -0.546971 
-0.484732 -0.225075 
0.297711 -0.541209 
0.268746 -0.54428 
0.356717 -0.530719 
0.325918 -0.536957 
-0.042826 -0.5135 
0.388252 -0.522354 
0.500172 -0.469468 
0.483665 -0.480352 
0.516008 -0.457551 
0.545609 -0.430148 
0.531283 -0.44438 
0.0145953 -0.527186 
0.606283 -0.322738 
0.572312 -0.396585 
0.559622 -0.413934 
0.619321 -0.164496 
0.619127 -0.193472 
0.614252 -0.284949 
0.610862 -0.304093 
0.618824 -0.216029 
0.617384 -0.0504525 
0.618708 -0.0788813 
0.614872 -0.0217871 
0.175644 -0.546529 
-0.549298 -0.120802 
-0.385724 -0.333219 
-0.564857 -0.0865189 
-0.216951 -0.44698 
-0.583982 -0.0323782 
-0.557334 -0.103849 
-0.571829 -0.0688213 
0.588885 -0.368009 
-0.597248 0.0246749 
-0.589098 -0.0136558 
-0.371044 -0.345854 
-0.236388 -0.436812 
-0.255167 -0.42637 
-0.307845 -0.393509 
-0.340357 -0.370255 
-0.153924 -0.475849 
-0.19675 -0.456892 
-0.465566 -0.249822 
-0.29085 -0.404721 
-0.452727 -0.265282 
-0.536649 -0.144999 
-0.355925 -0.358197 
-0.426927 -0.293739 
-0.324348 -0.382015 
-0.413694 -0.307135 
-0.503495 -0.198751 
0.460188 -0.493615 
0.427922 -0.508424 
0.619366 -0.121316 
0.617402 -0.254129 
0.126155 -0.543559 
0.060964 -0.535604 
0.222814 -0.546749 
0.253646 -0.545403 
-0.439949 -0.27979 
-0.578216 -0.0507689 
0.341363 -0.53405 
-0.0564507 -0.509703 
0.404072 -0.517296 
-0.0291397 -0.517099 
0.444158 -0.501416 
0.475954 -0.484973 
0.508186 -0.463636 
-0.399956 -0.320299 
0.538574 -0.437393 
0.029675 -0.530177 
-0.518819 -0.175299 
0.566145 -0.405391 
0.492002 -0.475034 
0.619374 -0.149974 
0.60357 -0.331748 
0.619241 -0.178989 
-0.47845 -0.233408 
0.60873 -0.313457 
0.61527 -0.277334 
0.612707 -0.29455 
0.597216 -0.349402 
0.61857 -0.227279 
0.619001 -0.204754 
0.372554 -0.526787 
-0.491105 -0.216387 
0.578242 -0.387306 
0.618165 -0.0646613 
0.619059 -0.0930312 
-0.273291 -0.415682 
-0.593531 0.00537719 
0.523759 -0.451096 
-0.0825277 -0.50182 
-0.107372 -0.493534 
-0.175783 -0.466511 
-0.13117 -0.484856 
0.191368 -0.546895 
0.159132 -0.54584 
0.31184 -0.539243 
-0.000429838 -0.52396 
0.283246 -0.542899 
0.616301 -0.0361051 
0.0934189 -0.54013 
0.552777 -0.422181 
