ZONE T="boundary0"
-4 -0.263636 
-4 -0.320555 
-4 -0.214508 
-4 -0.377474 
-4 0.492719 
-4 0.373351 
-4 -0.0297466 
-4 -0.16538 
-4 -0.0975631 
-4 -0.434394 
-4 -0.491313 
-4 -0.587136 
-4 -0.68296 
-4 -0.84148 
-4 0.116365 
-4 -1 
-4 0.299311 
-4 0.22527 
-4 1 
-4 0.746359 
-4 0.556129 
-4 0.170818 
-4 0.26229 
-4 0.619539 
-4 -0.292096 
-4 -0.239072 
-4 -0.349015 
-4 0.433035 
-4 -0.131471 
-4 -0.189944 
-4 -0.462853 
-4 -0.76222 
-4 -0.405934 
-4 -0.635048 
-4 -0.539224 
-4 -0.0636549 
-4 0.0433093 
-4 -0.92074 
-4 0.87318 
-4 0.524424 
-4 0.198044 
-4 0.280801 
-4 0.143591 
-4 0.336331 
-4 0.587834 
-4 0.682949 
-4 0.24378 
ZONE T="boundary1"
-1.73461 1 
-1.90197 1 
-0.0349976 1 
0.04827 1 
0.178426 1 
0.131538 1 
-3.42208 1 
0.599799 1 
0.476629 1 
3.83328 1 
3.66655 1 
-0.427129 1 
-1.07684 1 
0.832536 1 
0.722969 1 
-1.26054 1 
-2.04767 1 
-3.77486 1 
1.24034 1 
1.16143 1 
-2.43126 1 
2.91678 1 
3.3331 1 
1.85121 1 
2.67726 1 
2.43774 1 
2.14447 1 
0.350971 1 
0.225314 1 
0.288143 1 
-0.182142 1 
-0.10857 1 
-0.259321 1 
-0.749272 1 
-0.633514 1 
-0.336501 1 
-0.517757 1 
4 1 
-4 1 
-0.986113 1 
-0.867693 1 
-1.56724 1 
1.31926 1 
1.05177 1 
0.942102 1 
1.47708 1 
1.66415 1 
-3.6623 1 
-1.16756 1 
-1.35352 1 
-1.46038 1 
1.99784 1 
-2.66914 1 
-3.03912 1 
-2.19338 1 
-3.29442 1 
-3.54973 1 
-1.81829 1 
0.0066362 1 
0.154982 1 
0.538214 1 
3.74991 1 
0.777752 1 
-1.97482 1 
1.20089 1 
3.12494 1 
2.5575 1 
0.20187 1 
-0.145356 1 
-0.220731 1 
-0.691393 1 
-0.472443 1 
-0.381815 1 
3.91664 1 
-0.575636 1 
-0.926903 1 
-1.65092 1 
0.996935 1 
1.2798 1 
1.39817 1 
1.57062 1 
-3.88743 1 
-1.1222 1 
-1.03147 1 
-1.30703 1 
-1.51381 1 
3.49983 1 
2.07116 1 
-2.5502 1 
-2.85413 1 
1.92452 1 
-2.31232 1 
1.75768 1 
2.79702 1 
2.29111 1 
-2.12052 1 
-0.0717836 1 
-0.297911 1 
0.4138 1 
0.0899038 1 
0.256729 1 
0.319557 1 
0.887319 1 
-3.16677 1 
0.661384 1 
-1.21405 1 
-0.808482 1 
-3.71858 1 
-3.35825 1 
-3.60601 1 
-3.4859 1 
1.1066 1 
-1.40695 1 
ZONE T="boundary2"
4 -0.503297 
4 -0.377741 
4 -0.335889 
4 -0.261301 
4 -0.226331 
4 -0.191361 
4 -0.126068 
4 0.56545 
4 0.360093 
4 -0.627473 
4 -0.0759269 
4 0.230546 
4 0.271991 
4 -0.0257855 
4 -0.751649 
4 0.782725 
4 0.313437 
4 -0.419593 
4 0.0428697 
4 0.111525 
4 0.406749 
4 0.486099 
4 0.171035 
4 1 
4 -1 
4 -0.356815 
4 -0.298595 
4 -0.208846 
4 -0.158715 
4 -0.565385 
4 0.251269 
4 -0.689561 
4 -0.0508562 
4 -0.100998 
4 -0.243816 
4 0.292714 
4 -0.398667 
4 -0.461445 
4 0.0771972 
4 0.00854208 
4 0.383421 
4 0.336765 
4 0.525774 
4 0.446424 
4 0.200791 
4 0.14128 
4 -0.875824 
4 0.674087 
4 0.891362 
ZONE T="boundary3"
-1.4238 -1 
-1.18268 -1 
0.263944 -1 
-3.28189 -1 
0.607628 -1 
0.543169 -1 
0.0116888 -1 
-0.62362 -1 
-0.513316 -1 
1.056 -1 
1.13816 -1 
-4 -1 
-3.55494 -1 
1.56459 -1 
1.73762 -1 
-1.99094 -1 
3.07807 -1 
-1.70331 -1 
3.68242 -1 
2.7913 -1 
2.59499 -1 
2.16395 -1 
-3.15187 -1 
-3.02185 -1 
3.36483 -1 
-2.48621 -1 
0.478709 -1 
0.439574 -1 
0.719461 -1 
0.205723 -1 
0.142204 -1 
-0.205769 -1 
-0.130538 -1 
-0.0553069 -1 
0.0786845 -1 
0.663544 -1 
0.848396 -1 
0.400438 -1 
0.322166 -1 
0.973842 -1 
-0.733923 -1 
-0.429626 -1 
-0.345936 -1 
1.26486 -1 
-0.844909 -1 
1.39156 -1 
4 -1 
-0.955896 -1 
3.84121 -1 
-1.30324 -1 
-1.06929 -1 
-1.56356 -1 
1.95078 -1 
-2.32112 -1 
-2.83657 -1 
2.39868 -1 
-2.6513 -1 
-0.275852 -1 
0.575398 -1 
-0.568468 -1 
-3.77747 -1 
1.6511 -1 
-1.84713 -1 
2.69315 -1 
-3.08686 -1 
3.52363 -1 
0.459142 -1 
0.510939 -1 
0.173963 -1 
-0.168153 -1 
-0.0929224 -1 
0.0451867 -1 
0.110444 -1 
-0.021809 -1 
0.635586 -1 
0.691503 -1 
0.783928 -1 
0.361302 -1 
0.911119 -1 
1.09708 -1 
-0.678771 -1 
-0.471471 -1 
0.293055 -1 
0.234833 -1 
1.01492 -1 
1.20151 -1 
-0.789416 -1 
1.32821 -1 
3.9206 -1 
3.76181 -1 
-3.21688 -1 
-3.41841 -1 
-1.12599 -1 
-1.24296 -1 
-1.63343 -1 
-0.900403 -1 
3.22145 -1 
1.8442 -1 
-2.15603 -1 
2.93468 -1 
2.49684 -1 
-2.92921 -1 
-2.74393 -1 
2.05737 -1 
2.28132 -1 
-0.240811 -1 
0.420006 -1 
-0.310894 -1 
-0.387781 -1 
-1.01259 -1 
-1.36352 -1 
-1.49368 -1 
1.47808 -1 
-2.40366 -1 
-2.56875 -1 
ZONE T="boundary4"
-0.61656 -0.0176824 
-0.617089 -0.0347406 
-0.131099 0.35399 
-0.612492 0.0158424 
0.463448 0.230189 
0.465309 0.211138 
-0.425367 0.229981 
0.390954 0.358165 
0.375709 0.369508 
0.462959 0.156363 
-0.608931 0.0321661 
-0.615038 -0.000842479 
-0.604978 0.0461564 
-0.600267 0.0597889 
-0.554575 0.136015 
-0.562409 0.126529 
-0.571175 0.114738 
-0.590491 0.0822292 
-0.533134 0.15824 
-0.546308 0.145157 
-0.461748 0.210164 
-0.207536 0.323984 
-0.190759 0.330709 
-0.522407 0.167803 
0.405211 0.34556 
-0.407089 0.239077 
-0.0861425 0.370381 
-0.109378 0.362071 
0.303068 0.404325 
-0.500822 0.184779 
-0.277993 0.295383 
-0.257911 0.303582 
-0.443475 0.220456 
-0.388711 0.247811 
-0.370269 0.256243 
0.46495 0.174941 
0.465738 0.193192 
-0.241106 0.310414 
-0.353847 0.263519 
-0.337414 0.270623 
-0.317746 0.278944 
-0.22429 0.317226 
-0.1527 0.345711 
-0.171755 0.338254 
-0.0389556 0.385918 
-0.0149692 0.392995 
0.00894286 0.39942 
0.0330793 0.405212 
0.359192 0.379857 
0.258624 0.415367 
0.280531 0.410679 
0.448767 0.283458 
0.440506 0.30008 
-0.29808 0.287123 
-0.0627242 0.378338 
0.46008 0.248777 
0.41866 0.331292 
0.342336 0.388742 
0.32498 0.396421 
-0.579375 0.102271 
0.41765 -0.00645191 
0.43069 0.315743 
0.236927 0.418735 
0.191428 0.422224 
0.0828303 0.414736 
0.057849 0.410378 
0.213984 0.421061 
0.164441 0.42228 
0.450022 0.0979396 
0.455978 0.120116 
0.455221 0.266463 
0.443189 0.0758319 
0.45983 0.13764 
0.434263 0.0488675 
0.425458 0.0216094 
0.10876 0.418293 
0.138075 0.421045 
-0.479649 0.199213 
-0.616948 -0.0262076 
-0.613895 0.00751981 
-0.607055 0.0391895 
-0.610842 0.024033 
-0.602721 0.0530065 
-0.566876 0.120695 
-0.595656 0.0711298 
-0.558547 0.131317 
-0.539824 0.151802 
-0.550492 0.140632 
-0.19915 0.327351 
-0.527825 0.163082 
-0.0977756 0.366268 
-0.267954 0.299487 
-0.452653 0.215384 
-0.41625 0.234575 
-0.379505 0.252058 
0.465493 0.18406 
-0.327588 0.274802 
-0.24951 0.307001 
0.383447 0.363992 
-0.215915 0.320609 
-0.141908 0.349874 
-0.162233 0.341996 
-0.0269828 0.389526 
-0.434451 0.225275 
0.0209908 0.402401 
-0.397918 0.243481 
0.39822 0.352018 
0.367552 0.374844 
0.269612 0.413187 
0.444843 0.291872 
0.464098 0.165637 
-0.0744505 0.374411 
0.461963 0.239519 
-0.345638 0.267088 
-0.307918 0.283046 
0.412105 0.338586 
0.333722 0.392725 
-0.232699 0.313823 
0.350843 0.38445 
-0.585163 0.0923778 
0.464565 0.220682 
-0.181261 0.334491 
0.42487 0.323668 
-0.28804 0.291261 
-0.12025 0.358061 
0.247798 0.417197 
0.0454437 0.407893 
0.291854 0.407694 
0.202713 0.421775 
0.225471 0.420047 
0.177935 0.422426 
0.314098 0.400577 
-0.615926 -0.00925095 
-0.362067 0.259902 
0.453126 0.108994 
0.457854 0.257676 
0.446685 0.0868613 
0.458003 0.128856 
0.461525 0.146979 
0.465677 0.202169 
0.452199 0.275039 
-0.00303373 0.396284 
0.438756 0.0623397 
0.429779 0.0352617 
-0.0508591 0.382188 
0.0703209 0.412665 
0.095778 0.416639 
0.421349 0.00763719 
0.123401 0.419842 
0.151251 0.421815 
0.435789 0.308031 
-0.470753 0.204778 
-0.575366 0.108565 
-0.490343 0.192154 
-0.511777 0.176498 
ZONE T="boundary5"
-0.56977 -0.217551 
-0.583803 -0.186514 
0.524486 -0.515728 
-0.615296 -0.0689202 
-0.522144 -0.299493 
-0.617089 -0.0347406 
-0.558254 -0.240126 
0.544934 -0.314832 
0.55436 -0.334805 
-0.606112 -0.120092 
-0.609981 -0.103093 
-0.59622 -0.15366 
-0.60152 -0.136912 
-0.616655 -0.0517891 
-0.545861 -0.262266 
-0.418419 -0.416734 
-0.433169 -0.403129 
0.567473 -0.395005 
0.566684 -0.418193 
-0.211252 -0.547085 
-0.234093 -0.536925 
-0.256591 -0.52609 
-0.317175 -0.492311 
-0.277475 -0.515243 
-0.298001 -0.503784 
-0.335978 -0.480282 
-0.106419 -0.584387 
0.0214758 -0.613206 
-0.076113 -0.592706 
-0.534354 -0.281084 
-0.186495 -0.557211 
-0.161415 -0.566595 
-0.134065 -0.575899 
-0.486205 -0.346692 
-0.498514 -0.331526 
-0.510588 -0.315686 
-0.37095 -0.45565 
-0.353654 -0.468218 
-0.403267 -0.429919 
-0.387304 -0.443014 
-0.613051 -0.086066 
-0.46073 -0.37542 
0.35024 -0.612301 
-0.0455406 -0.600121 
0.165946 -0.627527 
0.129503 -0.625723 
0.0931782 -0.622685 
0.0572332 -0.618506 
-0.0121494 -0.607167 
0.333493 -0.615871 
0.302595 -0.621058 
0.237069 -0.627075 
0.201497 -0.628001 
0.383812 -0.603261 
0.400551 -0.597666 
0.433178 -0.584204 
0.417015 -0.591334 
0.513938 -0.269618 
0.504919 -0.258917 
0.449831 -0.575756 
0.495938 -0.544466 
0.465817 -0.566404 
0.477117 -0.227352 
0.525366 -0.284254 
0.510874 -0.530712 
0.481314 -0.555928 
0.536763 -0.499273 
0.547278 -0.481632 
0.53589 -0.299497 
0.56126 -0.355014 
0.556269 -0.461729 
0.562808 -0.44068 
0.453234 -0.197636 
0.495694 -0.24839 
0.41765 -0.00645191 
0.410562 -0.0461107 
0.565584 -0.375059 
0.432237 -0.163975 
0.409918 -0.0869519 
0.270623 -0.624759 
0.417256 -0.126855 
-0.577009 -0.202133 
-0.564119 -0.228893 
0.549916 -0.324691 
-0.608139 -0.111616 
-0.598951 -0.145311 
-0.590297 -0.170195 
-0.616989 -0.0432678 
-0.616088 -0.0603636 
0.56748 -0.406613 
-0.245384 -0.531594 
-0.267074 -0.520744 
-0.30763 -0.498118 
-0.0912976 -0.588662 
-0.198913 -0.552243 
-0.17399 -0.561996 
-0.120273 -0.580245 
-0.492416 -0.339155 
-0.552168 -0.251258 
-0.51643 -0.307636 
-0.362349 -0.461999 
-0.34486 -0.474315 
-0.410891 -0.423381 
-0.611615 -0.0945974 
-0.61428 -0.0775071 
-0.447148 -0.389472 
-0.425844 -0.409985 
-0.528333 -0.290344 
-0.0608539 -0.596525 
0.147717 -0.626785 
0.0751892 -0.620738 
0.00464062 -0.610312 
0.318079 -0.618672 
-0.395334 -0.436525 
0.219288 -0.627723 
0.341881 -0.614155 
0.392211 -0.600553 
0.40882 -0.594595 
0.509461 -0.264238 
-0.504612 -0.323653 
0.519744 -0.276864 
0.441566 -0.5801 
0.425142 -0.587871 
0.503554 -0.53775 
0.488731 -0.55033 
-0.473673 -0.361239 
0.542256 -0.490593 
0.530754 -0.291788 
0.540558 -0.307078 
0.55987 -0.451307 
0.565124 -0.429502 
0.464859 -0.212747 
0.486375 -0.237898 
-0.326622 -0.486367 
0.413438 -0.0261626 
-0.379173 -0.449392 
0.367111 -0.608095 
0.473654 -0.561298 
0.530831 -0.507655 
-0.540194 -0.271728 
0.566824 -0.385004 
-0.22271 -0.54209 
0.442098 -0.181204 
-0.287782 -0.509592 
-0.147776 -0.571352 
0.409294 -0.0665168 
0.183719 -0.62793 
0.0393338 -0.615996 
0.253859 -0.626103 
-0.028872 -0.603772 
0.111328 -0.624354 
0.457896 -0.571204 
0.563716 -0.364973 
0.517853 -0.523377 
0.552072 -0.471815 
0.500325 -0.25364 
0.558101 -0.34481 
0.423849 -0.145779 
-0.603903 -0.128524 
0.286631 -0.623101 
0.412558 -0.107095 
