ZONE T="boundary0"
-4 -0.155469 
-4 -0.197736 
-4 0.494078 
-4 0.414531 
-4 0.0632082 
-4 0.115023 
-4 0.234882 
-4 0.30453 
-4 0.359531 
-4 0.573625 
-4 0.166838 
-4 -0.245526 
-4 -0.662561 
-4 -0.831281 
-4 -1 
-4 -0.0249967 
-4 -0.113202 
-4 -0.293317 
-4 -0.382531 
-4 -0.452539 
-4 -0.522546 
-4 0.786813 
-4 1 
-4 -0.337924 
-4 -0.176602 
-4 0.454305 
-4 0.0891158 
-4 0.269706 
-4 0.33203 
-4 -0.91564 
-4 0.20086 
-4 0.387031 
-4 0.0191057 
-4 -0.0690992 
-4 -0.134335 
-4 -0.221631 
-4 -0.269421 
-4 -0.417535 
-4 -0.487542 
-4 -0.592554 
-4 -0.746921 
-4 0.680219 
-4 0.893406 
-4 -0.31562 
-4 -0.360228 
-4 0.140931 
-4 0.533852 
ZONE T="boundary1"
1.68684 1 
1.38147 1 
1.53416 1 
3.83246 1 
3.66492 1 
0.706821 1 
1.01034 1 
0.90991 1 
-0.55685 1 
-0.616024 1 
-1.20301 1 
1.0858 1 
-0.379327 1 
-0.497675 1 
0.63683 1 
0.496848 1 
4 1 
-0.995984 1 
-1.10207 1 
-1.6232 1 
1.27136 1 
1.16125 1 
-3.3726 1 
-3.65581 1 
3.03066 1 
-1.45652 1 
3.32983 1 
3.18024 1 
-1.99714 1 
2.15392 1 
1.92038 1 
2.4427 1 
-2.59373 1 
0.244393 1 
0.17963 1 
0.403002 1 
0.0379233 1 
0.108777 1 
0.309156 1 
-0.0311916 1 
-0.100306 1 
-0.230471 1 
-0.165389 1 
-0.684492 1 
-0.752961 1 
0.356079 1 
0.776812 1 
-0.889897 1 
-0.821429 1 
-1.30394 1 
-1.38023 1 
-3.8279 1 
-3.08938 1 
2.73148 1 
-2.42852 1 
-2.2044 1 
3.49737 1 
-4 1 
-1.78988 1 
-1.70654 1 
-2.75895 1 
-2.92417 1 
-3.23099 1 
1.45781 1 
3.74869 1 
0.960127 1 
-0.586437 1 
-0.438501 1 
0.566839 1 
3.91623 1 
-1.04903 1 
1.21631 1 
1.32642 1 
-3.5142 1 
3.10545 1 
2.03715 1 
0.212011 1 
0.449925 1 
0.0733499 1 
0.276774 1 
0.144203 1 
-0.065749 1 
0.00336583 1 
-0.19793 1 
-0.132848 1 
-0.304899 1 
-0.718726 1 
0.332617 1 
1.04807 1 
0.843361 1 
0.741816 1 
0.671825 1 
-0.527263 1 
-0.855663 1 
-0.787195 1 
-0.942941 1 
1.6105 1 
1.12353 1 
-1.25347 1 
-1.41838 1 
-1.34209 1 
-1.15254 1 
2.58709 1 
2.29831 1 
-2.51113 1 
-2.31646 1 
3.58114 1 
-3.74186 1 
-2.10077 1 
-1.89351 1 
2.88107 1 
1.80361 1 
-0.650258 1 
0.37954 1 
3.4136 1 
-1.53986 1 
-1.66487 1 
-1.74821 1 
-2.67634 1 
-2.84156 1 
3.25504 1 
-3.00678 1 
-3.30179 1 
-3.91395 1 
-3.16019 1 
ZONE T="boundary2"
4 -0.317956 
4 -0.287892 
4 -1 
4 -0.705674 
4 -0.47213 
4 -0.257828 
4 -0.588902 
4 -0.227764 
4 -0.204506 
4 -0.108007 
4 -0.144628 
4 -0.034766 
4 -0.34802 
4 -0.410075 
4 1 
4 -0.181249 
4 0.119242 
4 0.0422378 
4 0.175145 
4 0.203097 
4 0.286537 
4 0.342024 
4 0.448155 
4 0.395089 
4 0.540631 
4 0.633107 
4 0.816553 
4 0.231049 
4 -0.302924 
4 -0.852837 
4 -0.216135 
4 -0.126318 
4 -0.379048 
4 -0.192878 
4 -0.0713867 
4 -0.242796 
4 -0.441103 
4 -0.162938 
4 -0.647288 
4 -0.530516 
4 0.00373593 
4 0.31428 
4 0.421622 
4 0.494393 
4 0.368557 
4 0.586869 
4 0.147194 
4 0.72483 
4 0.908277 
4 -0.332988 
4 -0.27286 
4 0.258793 
4 0.217073 
4 0.189121 
4 0.0807398 
ZONE T="boundary3"
-3.75141 -1 
4 -1 
-0.861507 -1 
-0.327005 -1 
-1.06155 -1 
-1.16141 -1 
0.686428 -1 
0.585043 -1 
1.47328 -1 
3.44741 -1 
3.72371 -1 
-0.566276 -1 
-0.664506 -1 
-4 -1 
-3.87571 -1 
0.150751 -1 
0.216258 -1 
-1.26127 -1 
-1.34526 -1 
-3.18257 -1 
1.80488 -1 
-1.51724 -1 
-1.42925 -1 
2.99535 -1 
2.59607 -1 
2.72917 -1 
-2.94437 -1 
1.63435 -1 
-2.00265 -1 
-0.285175 -1 
-0.243345 -1 
-0.131439 -1 
-0.187392 -1 
-0.762736 -1 
-0.419724 -1 
0.00511453 -1 
0.0779325 -1 
0.357585 -1 
0.433404 -1 
-0.0631621 -1 
0.787814 -1 
0.281765 -1 
-0.960278 -1 
-3.50283 -1 
0.891315 -1 
0.994816 -1 
1.20565 -1 
1.10023 -1 
2.2192 -1 
2.46298 -1 
-1.60524 -1 
-1.78124 -1 
-2.22405 -1 
-2.46511 -1 
3.22138 -1 
1.97542 -1 
-2.70617 -1 
2.86226 -1 
-0.493 -1 
-2.58564 -1 
1.33947 -1 
-1.11148 -1 
0.635736 -1 
3.58556 -1 
-0.615391 -1 
-3.93785 -1 
3.86185 -1 
0.183504 -1 
-1.30327 -1 
-1.47325 -1 
2.66262 -1 
-0.26426 -1 
-0.159415 -1 
-0.713621 -1 
-0.215368 -1 
-0.30609 -1 
-0.373365 -1 
0.395494 -1 
0.737121 -1 
0.114342 -1 
0.249012 -1 
0.319675 -1 
-1.01092 -1 
0.509223 -1 
-0.812121 -1 
-0.910893 -1 
-3.62712 -1 
-3.81356 -1 
0.943066 -1 
0.839565 -1 
1.15294 -1 
2.34109 -1 
2.52953 -1 
1.55382 -1 
-1.69324 -1 
-2.11335 -1 
-1.89194 -1 
3.10837 -1 
-1.21134 -1 
1.89015 -1 
-3.06347 -1 
2.9288 -1 
2.09731 -1 
1.71961 -1 
-3.3427 -1 
-2.34458 -1 
-0.0290238 -1 
-0.529638 -1 
-0.456362 -1 
-0.0973005 -1 
0.0415235 -1 
1.04753 -1 
-1.56124 -1 
-1.38725 -1 
2.79571 -1 
-2.82527 -1 
-2.64591 -1 
-2.52538 -1 
1.27256 -1 
1.40638 -1 
3.3344 -1 
ZONE T="boundary4"
-0.611601 0.0395037 
-0.421908 0.332412 
0.624194 0.00586741 
0.621761 0.0270697 
0.482732 0.405456 
0.471587 0.41741 
0.573779 0.210917 
0.539496 0.31557 
0.5458 0.300366 
-0.406871 0.345391 
-0.391475 0.357947 
0.460009 0.428634 
-0.248132 0.44764 
-0.26806 0.437615 
0.526523 0.342315 
0.511742 0.367321 
0.502804 0.380366 
0.493283 0.39291 
-0.564432 0.153905 
-0.621212 -0.00201772 
-0.624578 -0.0228171 
-0.616887 0.0187598 
-0.578889 0.125892 
-0.599162 0.0780736 
-0.592284 0.0957998 
-0.554043 0.172024 
-0.359106 0.382191 
-0.375458 0.370289 
-0.2877 0.427052 
-0.52304 0.219357 
-0.543055 0.189796 
-0.477015 0.27739 
-0.50665 0.241474 
-0.492149 0.25969 
-0.450505 0.305495 
-0.436404 0.31916 
-0.463976 0.29164 
-0.324576 0.405234 
-0.306289 0.416392 
-0.341999 0.393945 
-0.205442 0.466929 
-0.226925 0.457581 
-0.182477 0.476156 
-0.159252 0.484723 
-0.134321 0.493101 
-0.60538 0.0601184 
0.447906 0.439256 
0.422116 0.458771 
0.366868 0.489927 
0.395187 0.475504 
0.519382 0.355001 
0.618174 0.0484383 
0.00427992 0.525557 
0.0360332 0.529813 
0.0678961 0.532908 
0.135245 0.535444 
0.169586 0.534507 
-0.109149 0.500735 
0.305353 0.512693 
0.336941 0.502296 
0.238384 0.52748 
0.272366 0.521089 
0.608185 0.0916344 
0.602232 0.113281 
0.579906 0.189444 
0.586162 0.168003 
0.625357 -0.0153886 
0.613603 0.0698857 
0.565938 0.238706 
0.557736 0.266313 
-0.082051 0.508064 
0.594263 0.140636 
-0.0253162 0.520542 
-0.0547396 0.514546 
0.204342 0.531872 
0.101576 0.534873 
0.623126 0.0164848 
0.477235 0.411504 
0.542721 0.308001 
-0.399217 0.351722 
0.465868 0.423094 
-0.25813 0.442695 
0.533272 0.329074 
0.507351 0.373898 
0.498119 0.386697 
-0.623012 -0.0123996 
-0.414436 0.338955 
-0.619165 0.008394 
-0.614358 0.0291598 
-0.571852 0.139996 
-0.595804 0.0869675 
-0.559314 0.163009 
-0.367322 0.376295 
-0.277917 0.432402 
-0.54862 0.180954 
-0.499475 0.250642 
-0.443505 0.312379 
-0.457292 0.298618 
-0.47055 0.284565 
-0.383509 0.364173 
-0.315471 0.410875 
-0.350593 0.388126 
-0.429204 0.325838 
-0.29703 0.421784 
-0.216216 0.462329 
-0.193993 0.471625 
-0.170895 0.480522 
-0.146818 0.489005 
-0.533232 0.204701 
-0.608602 0.0498438 
0.488087 0.399251 
0.454022 0.43402 
0.408836 0.467433 
-0.333326 0.399648 
0.435243 0.449322 
0.515628 0.361203 
0.523018 0.348696 
0.0201383 0.527828 
0.0519515 0.531508 
0.152423 0.535174 
-0.602355 0.0691244 
0.321242 0.507776 
0.255426 0.524542 
-0.484663 0.268608 
0.381176 0.483004 
0.60526 0.102471 
0.576827 0.200176 
0.583019 0.178718 
0.624943 -0.00475205 
0.615993 0.059183 
0.620096 0.0377746 
0.610974 0.0807784 
0.561932 0.252538 
0.569864 0.224814 
0.55206 0.28345 
-0.237563 0.452685 
-0.121763 0.497011 
-0.0956282 0.504505 
0.590209 0.154317 
0.598285 0.126967 
-0.0400523 0.517666 
-0.0105384 0.523172 
-0.514945 0.230489 
-0.0684203 0.511411 
0.186983 0.53341 
0.221395 0.529909 
0.118409 0.535337 
0.0847277 0.534061 
0.288932 0.517163 
0.352024 0.496397 
-0.585814 0.110946 
ZONE T="boundary5"
-0.628438 -0.10537 
-0.628906 -0.0848737 
-0.592599 -0.257725 
-0.296939 -0.414231 
-0.556149 -0.319459 
-0.566518 -0.304917 
0.25112 -0.333962 
0.276683 -0.332472 
-0.621322 -0.165976 
-0.624647 -0.145928 
-0.626979 -0.0435694 
-0.584743 -0.273986 
-0.576113 -0.289633 
0.102763 -0.335028 
0.0854586 -0.335267 
-0.599799 -0.240646 
-0.606234 -0.22309 
0.466847 -0.281545 
0.452742 -0.28899 
-0.617102 -0.185586 
0.481405 -0.272902 
0.495533 -0.263468 
-0.35678 -0.420037 
-0.376295 -0.419359 
-0.395774 -0.417222 
0.42387 -0.301776 
0.409205 -0.307174 
0.381983 -0.315521 
-0.43372 -0.408388 
-0.414857 -0.413594 
0.533684 -0.231809 
0.600597 -0.138715 
0.590651 -0.158367 
-0.336919 -0.419343 
-0.31714 -0.417389 
-0.628422 -0.0642904 
-0.235196 -0.399005 
-0.502988 -0.372566 
-0.544422 -0.333911 
-0.531919 -0.347397 
0.55425 -0.210106 
-0.213422 -0.392351 
-0.191586 -0.385412 
-0.168292 -0.37799 
-0.119585 -0.363478 
-0.144877 -0.370766 
-0.094147 -0.356884 
0.544122 -0.221278 
-0.486708 -0.383713 
-0.624578 -0.0228171 
-0.612076 -0.204556 
-0.276777 -0.410061 
-0.46984 -0.39335 
-0.451983 -0.401672 
-0.0664272 -0.35069 
-0.0386754 -0.345601 
0.0208539 -0.338371 
-0.0087249 -0.34136 
0.053264 -0.336305 
0.620162 -0.0780028 
0.615396 -0.098176 
0.120018 -0.334947 
0.207684 -0.335064 
0.180672 -0.335158 
0.153657 -0.33505 
0.136844 -0.334972 
0.229388 -0.3347 
0.302302 -0.330139 
-0.256073 -0.404901 
0.354615 -0.322014 
0.328443 -0.326708 
-0.627019 -0.125709 
0.438324 -0.295758 
0.509465 -0.25303 
0.522833 -0.241835 
0.577984 -0.179069 
0.62341 -0.0573308 
0.625119 -0.0364943 
0.563931 -0.198389 
-0.517816 -0.360613 
0.625357 -0.0153886 
0.609029 -0.11812 
-0.628791 -0.0951264 
-0.56144 -0.312267 
0.263904 -0.33331 
-0.623104 -0.155973 
-0.588777 -0.265909 
0.0941108 -0.335124 
-0.603117 -0.231907 
0.459839 -0.285351 
0.488532 -0.26828 
-0.366549 -0.419873 
-0.38606 -0.418477 
0.416564 -0.30455 
0.395663 -0.311582 
-0.424346 -0.411185 
0.595817 -0.148637 
-0.327022 -0.418515 
-0.62782 -0.0539232 
-0.580534 -0.281871 
-0.307026 -0.415945 
-0.538282 -0.34076 
-0.550401 -0.326782 
-0.202501 -0.388898 
-0.224299 -0.395724 
-0.179943 -0.381689 
-0.132248 -0.367047 
-0.106887 -0.360085 
0.549249 -0.21575 
-0.49496 -0.378305 
-0.571425 -0.297347 
-0.625896 -0.0331809 
-0.614699 -0.195102 
-0.619328 -0.175808 
-0.286841 -0.412259 
-0.478372 -0.388704 
-0.461 -0.397698 
-0.0803081 -0.353656 
-0.05257 -0.348008 
0.00605669 -0.339724 
0.0693636 -0.335677 
0.617972 -0.0881344 
0.111391 -0.334971 
0.194175 -0.335149 
-0.628783 -0.0745808 
0.14525 -0.335007 
0.218535 -0.334922 
-0.266408 -0.407576 
0.368344 -0.318975 
0.315387 -0.328566 
0.289499 -0.331421 
-0.627848 -0.11555 
0.445571 -0.292457 
0.431129 -0.298845 
0.474183 -0.277319 
0.50257 -0.258344 
0.516223 -0.247522 
0.624454 -0.0469278 
-0.609262 -0.213859 
0.528313 -0.236882 
0.53896 -0.226601 
0.240253 -0.334384 
0.559159 -0.204304 
-0.596304 -0.249232 
0.621981 -0.0676971 
0.128431 -0.33495 
-0.524988 -0.354136 
-0.625953 -0.135834 
-0.346851 -0.419857 
-0.442924 -0.405219 
0.0370559 -0.337194 
-0.156595 -0.374337 
0.167163 -0.335116 
-0.0237149 -0.343323 
0.341555 -0.324527 
-0.405357 -0.415598 
-0.24562 -0.402023 
0.625419 -0.0259436 
0.612406 -0.108209 
0.584531 -0.168849 
-0.510514 -0.36673 
0.605023 -0.128502 
0.571143 -0.188864 
