ZONE T="boundary0"
-4 -0.823708 
-4 -0.647416 
-4 -0.220035 
-4 -0.19423 
-4 0.0944671 
-4 0.150861 
-4 -0.550082 
-4 -0.116813 
-4 0.860765 
-4 -0.391459 
-4 -0.452747 
-4 -0.0111728 
-4 -0.168424 
-4 -0.33017 
-4 0.295155 
-4 0.236555 
-4 0.265855 
-4 0.383757 
-4 0.324455 
-4 0.582294 
-4 0.443059 
-4 0.512676 
-4 -1 
-4 0.721529 
-4 1 
-4 0.207256 
-4 -0.275103 
-4 -0.247569 
-4 -0.735562 
-4 -0.207133 
-4 0.122664 
-4 -0.422103 
-4 -0.0639928 
-4 -0.501414 
-4 -0.598749 
-4 0.0416471 
-4 0.413408 
-4 0.547485 
-4 0.477867 
-4 -0.142618 
-4 -0.911854 
-4 0.791147 
-4 0.651912 
-4 0.930382 
-4 0.221906 
-4 0.309805 
-4 0.280505 
-4 0.251205 
-4 0.179059 
-4 0.354106 
-4 -0.261336 
-4 -0.181327 
-4 -0.233802 
-4 -0.302636 
-4 -0.360814 
ZONE T="boundary1"
3.27354 1 
3.51424 1 
3.75712 1 
-0.370088 1 
-0.594788 1 
-0.730875 1 
0.0410136 1 
4 1 
-3.8404 1 
-1.72826 1 
1.79361 1 
1.64115 1 
3.03283 1 
2.69093 1 
2.12972 1 
-2.60676 1 
-2.85467 1 
-2.39756 1 
-3.10813 1 
-2.9814 1 
-3.6808 1 
0.596737 1 
-0.0331816 1 
-0.107377 1 
-0.173369 1 
-0.239362 1 
-0.304725 1 
-0.482438 1 
-0.426263 1 
0.255967 1 
0.185844 1 
0.326091 1 
0.113429 1 
0.461414 1 
-0.866961 1 
0.979743 1 
0.713473 1 
0.393752 1 
0.830209 1 
-1.32122 1 
-1.19856 1 
-1.45402 1 
-0.971435 1 
1.05451 1 
-4 1 
-1.07591 1 
-2.02903 1 
1.33585 1 
1.52293 1 
-1.8697 1 
-1.58681 1 
-2.18835 1 
2.31338 1 
2.50215 1 
1.94606 1 
1.40471 1 
-3.3616 1 
-3.23487 1 
-3.5212 1 
1.26699 1 
1.12928 1 
3.63568 1 
3.39389 1 
3.87856 1 
1.71738 1 
2.86188 1 
-2.73072 1 
-3.04477 1 
-0.206366 1 
-0.337407 1 
-0.454351 1 
-0.272044 1 
0.220905 1 
0.291029 1 
0.149636 1 
0.0772211 1 
-0.538613 1 
-0.398176 1 
-0.662831 1 
-0.798918 1 
0.359921 1 
0.771841 1 
0.529076 1 
-1.25989 1 
-2.91804 1 
-3.9202 1 
-3.7606 1 
-1.38762 1 
3.15319 1 
1.01713 1 
1.58204 1 
-1.79898 1 
-1.65753 1 
-2.10869 1 
-1.94936 1 
-2.29295 1 
2.40777 1 
2.59654 1 
2.03789 1 
1.46382 1 
2.22155 1 
-3.29823 1 
-1.52042 1 
-2.50216 1 
1.86983 1 
-0.919198 1 
-1.02367 1 
-1.13724 1 
0.00391599 1 
-0.140373 1 
0.427583 1 
0.904976 1 
-3.1715 1 
-3.4414 1 
-3.601 1 
1.30142 1 
1.37028 1 
1.09189 1 
1.19814 1 
0.655105 1 
-0.0702792 1 
ZONE T="boundary2"
4 -0.318081 
4 -0.368905 
4 -0.684803 
4 -0.552266 
4 -0.254667 
4 0.136218 
4 0.0773813 
4 0.195054 
4 0.261871 
4 0.321396 
4 -0.0840521 
4 -0.125062 
4 -0.00333544 
4 1 
4 0.589362 
4 0.361909 
4 0.402423 
4 0.495893 
4 -0.210369 
4 -0.166071 
4 -0.419729 
4 0.794681 
4 -0.842402 
4 -1 
4 -0.343493 
4 -0.618535 
4 -0.286374 
4 0.106799 
4 0.165636 
4 0.228462 
4 0.291633 
4 -0.104557 
4 -0.0436938 
4 0.382166 
4 0.542627 
4 0.449158 
4 -0.18822 
4 -0.145566 
4 -0.232518 
4 0.0370229 
4 0.692022 
4 -0.763602 
4 0.897341 
4 -0.921201 
4 0.341653 
4 -0.485998 
4 -0.394317 
ZONE T="boundary3"
-0.178944 -1 
1.20578 -1 
0.0675713 -1 
-0.67382 -1 
-0.760175 -1 
-0.486869 -1 
-0.39453 -1 
-1.31267 -1 
-1.46765 -1 
0.78622 -1 
1.31722 -1 
-0.580345 -1 
0.890142 -1 
-0.84653 -1 
-3.43869 -1 
-3.32948 -1 
-1.69961 -1 
-3.5479 -1 
-3.12631 -1 
2.27795 -1 
2.50191 -1 
-2.06916 -1 
-1.93057 -1 
2.89335 -1 
3.02383 -1 
3.2418 -1 
-2.70405 -1 
-2.48495 -1 
-2.20776 -1 
0.402636 -1 
0.682299 -1 
0.578486 -1 
0.137807 -1 
0.208042 -1 
0.00587128 -1 
-0.302191 -1 
0.330598 -1 
0.26932 -1 
-0.0558287 -1 
-0.117387 -1 
0.474674 -1 
-0.950472 -1 
-1.18354 -1 
-1.05441 -1 
-4 -1 
1.09435 -1 
0.992246 -1 
-3.77395 -1 
1.41237 -1 
1.50752 -1 
-1.54514 -1 
1.72554 -1 
1.61653 -1 
2.054 -1 
1.88977 -1 
3.86494 -1 
4 -1 
3.45977 -1 
-2.92314 -1 
3.72989 -1 
-1.62263 -1 
-1.7766 -1 
2.76287 -1 
-0.716998 -1 
-0.4407 -1 
-1.39016 -1 
-0.803352 -1 
-3.38408 -1 
2.38993 -1 
3.13282 -1 
-2.5945 -1 
2.95859 -1 
0.630392 -1 
0.172924 -1 
0.0367213 -1 
0.366617 -1 
0.102689 -1 
0.238681 -1 
0.299959 -1 
-0.348361 -1 
-0.148165 -1 
-0.0866076 -1 
-0.240568 -1 
-0.533607 -1 
-0.627083 -1 
0.438655 -1 
0.52658 -1 
0.838181 -1 
-0.898501 -1 
-1.11898 -1 
1.0433 -1 
1.2615 -1 
-1.2481 -1 
1.45995 -1 
1.15007 -1 
-1.50639 -1 
1.67104 -1 
1.56203 -1 
1.97188 -1 
1.80765 -1 
-1.99987 -1 
3.93247 -1 
3.35079 -1 
-3.22789 -1 
-3.02472 -1 
-2.81359 -1 
-3.88698 -1 
-2.34636 -1 
2.16598 -1 
-2.13846 -1 
3.59483 -1 
3.79742 -1 
-1.58388 -1 
-1.85358 -1 
-3.4933 -1 
-3.66093 -1 
2.63239 -1 
2.82811 -1 
-0.0249787 -1 
0.73426 -1 
-1.00244 -1 
1.36479 -1 
0.941194 -1 
-1.7381 -1 
-1.66112 -1 
ZONE T="boundary4"
-0.36596 0.333169 
-0.170335 0.357568 
0.6131 0.144132 
0.604612 0.168325 
-0.637637 0.0212223 
-0.637552 0.0423595 
-0.636191 0.063488 
0.583794 0.211826 
0.59132 0.197757 
-0.581006 0.211488 
-0.594996 0.190575 
-0.346073 0.336674 
-0.326073 0.339726 
-0.262629 0.347488 
-0.240782 0.349843 
0.620004 0.00829278 
-0.520834 0.271691 
-0.506283 0.281657 
-0.629445 0.105196 
-0.633499 0.0844839 
-0.625457 0.120618 
-0.62059 0.136004 
0.454285 0.340611 
-0.608767 0.164969 
-0.615068 0.150656 
-0.602207 0.177958 
-0.574138 0.22045 
-0.559479 0.2374 
-0.194675 0.354816 
-0.439986 0.31368 
-0.534816 0.260741 
-0.547447 0.249499 
-0.49055 0.291042 
-0.474351 0.299417 
-0.457358 0.307006 
0.566641 0.239449 
0.556965 0.252901 
0.575741 0.225463 
0.501605 0.30939 
0.520858 0.292905 
0.538933 0.274638 
-0.305303 0.342514 
-0.284517 0.345029 
0.598286 0.183237 
-0.384991 0.329257 
-0.217677 0.352312 
-0.422042 0.319592 
-0.120507 0.363638 
-0.0950116 0.366969 
-0.0680814 0.370614 
-0.0412479 0.374318 
-0.403808 0.32473 
-0.14613 0.36044 
-0.636506 0.00012831 
0.466847 0.333386 
0.428664 0.353423 
0.0152701 0.382016 
0.375241 0.373386 
0.402022 0.364397 
0.548196 0.26397 
0.479105 0.325648 
0.0746113 0.38919 
0.136354 0.394571 
0.105402 0.392211 
0.229647 0.396117 
0.347909 0.380738 
0.319707 0.386637 
0.260385 0.394302 
0.044884 0.385775 
0.622849 0.10062 
0.624849 0.082033 
0.625552 0.0634792 
0.619567 0.11914 
0.623111 0.0266201 
0.624964 0.0449692 
0.29049 0.391154 
-0.0129977 0.378216 
0.167598 0.396119 
0.198999 0.396679 
0.609101 0.156312 
-0.637751 0.0317936 
-0.637035 0.052936 
0.587632 0.204831 
-0.588236 0.201185 
-0.336081 0.338251 
-0.251703 0.348673 
-0.513639 0.276787 
-0.631645 0.0948754 
-0.623128 0.128345 
-0.627551 0.112934 
-0.617928 0.143367 
-0.598683 0.184312 
-0.577617 0.216002 
-0.605571 0.171505 
-0.566978 0.229065 
-0.612016 0.157855 
-0.527915 0.266327 
-0.553556 0.243539 
-0.498493 0.286471 
-0.46591 0.303328 
0.561884 0.246233 
0.57127 0.232507 
0.511399 0.30134 
-0.482515 0.295347 
-0.294911 0.3438 
0.579839 0.218687 
0.594884 0.190536 
-0.375491 0.331285 
-0.229225 0.351076 
-0.431051 0.316739 
-0.182498 0.356177 
-0.0815424 0.368779 
-0.0546627 0.372462 
-0.394422 0.327078 
-0.133311 0.36202 
-0.315692 0.341161 
-0.635014 0.0740092 
-0.356028 0.334986 
-0.273572 0.346277 
0.460603 0.337062 
0.441595 0.347259 
0.388701 0.369105 
-0.412954 0.322254 
0.552642 0.258484 
0.473017 0.329581 
0.530089 0.28396 
0.543626 0.269357 
-0.63722 0.0106693 
0.120865 0.393484 
0.361626 0.377263 
0.245019 0.395376 
-0.448717 0.310452 
0.030069 0.383931 
-0.541219 0.255216 
0.62401 0.091342 
0.601538 0.175819 
0.616608 0.131704 
0.621709 0.0174296 
0.625362 0.0727607 
0.625419 0.0542175 
0.621364 0.109906 
0.624194 0.0357774 
0.415438 0.359144 
-0.107754 0.365287 
-0.158226 0.358986 
0.0597379 0.387534 
0.0899937 0.390774 
0.27545 0.392907 
0.305123 0.389083 
0.0011323 0.380134 
0.183289 0.396533 
0.333844 0.383881 
-0.0271229 0.376273 
0.151964 0.395459 
0.214319 0.396544 
0.490527 0.317755 
-0.206171 0.353556 
ZONE T="boundary5"
0.364303 -0.443702 
-0.580626 -0.181057 
-0.590278 -0.162042 
-0.203803 -0.49804 
-0.228089 -0.488891 
-0.560068 -0.216893 
-0.549306 -0.23381 
-0.500928 -0.298291 
-0.471927 -0.329747 
-0.62642 -0.0622811 
-0.630838 -0.041672 
-0.634222 -0.0208355 
0.287341 -0.494796 
0.317233 -0.478148 
-0.60736 -0.122908 
-0.614646 -0.102899 
-0.599189 -0.142701 
-0.57064 -0.199131 
-0.621004 -0.0827108 
-0.252052 -0.478931 
-0.319997 -0.445133 
-0.34157 -0.432485 
-0.275211 -0.468372 
-0.29799 -0.457038 
-0.538056 -0.250418 
-0.526377 -0.266573 
-0.126877 -0.521219 
-0.100319 -0.527301 
-0.17865 -0.506562 
-0.15323 -0.514231 
-0.51416 -0.282353 
-0.382636 -0.405452 
-0.362345 -0.419321 
-0.456155 -0.345187 
-0.438889 -0.360951 
0.620004 0.00829278 
-0.421065 -0.37611 
-0.402116 -0.391113 
0.345835 -0.4586 
-0.487142 -0.313786 
0.615703 -0.00984707 
0.610298 -0.0277237 
0.429837 -0.370607 
-0.0727828 -0.532611 
0.0419348 -0.543902 
0.0122349 -0.542681 
0.0715563 -0.543869 
-0.0451097 -0.536939 
-0.0164657 -0.540356 
0.132726 -0.539518 
0.22603 -0.519566 
0.194492 -0.528381 
0.102288 -0.542439 
0.256881 -0.508498 
0.331758 -0.468712 
0.414729 -0.390903 
0.382006 -0.427413 
0.398789 -0.40984 
0.444091 -0.349085 
0.458336 -0.325073 
0.471941 -0.299788 
-0.636506 0.00012831 
0.501095 -0.240283 
0.486684 -0.270187 
0.557408 -0.136583 
0.516794 -0.20901 
0.533364 -0.178427 
0.579283 -0.0976537 
0.568531 -0.117172 
0.588177 -0.0804307 
0.596454 -0.0629461 
0.603823 -0.0454847 
0.545344 -0.157407 
0.163461 -0.534909 
-0.58554 -0.171593 
-0.215985 -0.493567 
-0.554748 -0.225389 
-0.628755 -0.0520017 
-0.632664 -0.0312734 
0.302469 -0.486806 
-0.611111 -0.112941 
-0.603377 -0.132845 
-0.623833 -0.0725257 
-0.240113 -0.484012 
-0.330839 -0.438902 
-0.263676 -0.473749 
-0.309045 -0.451179 
-0.532282 -0.258541 
-0.113623 -0.524373 
-0.191262 -0.502407 
-0.165972 -0.510503 
-0.507614 -0.290379 
-0.575709 -0.190135 
-0.543743 -0.242155 
-0.520335 -0.274513 
-0.352015 -0.425992 
-0.447592 -0.353145 
-0.411658 -0.383695 
-0.464107 -0.337534 
0.613131 -0.0188251 
-0.372552 -0.412474 
0.0270824 -0.543445 
-0.0589633 -0.534898 
-0.030801 -0.538781 
0.210341 -0.524244 
0.0869353 -0.543337 
0.324549 -0.473515 
0.355186 -0.451304 
0.338855 -0.46374 
0.241561 -0.51432 
0.422424 -0.380871 
0.390533 -0.418765 
0.451349 -0.33717 
0.46525 -0.312499 
0.4371 -0.359945 
0.373282 -0.435705 
0.617996 -0.000811745 
0.493885 -0.255234 
-0.494101 -0.306096 
-0.617939 -0.0928389 
0.524969 -0.193642 
-0.594829 -0.152413 
0.573965 -0.10744 
0.562998 -0.126889 
0.583796 -0.0890738 
0.592401 -0.0717277 
0.272251 -0.501959 
-0.565424 -0.208052 
-0.635505 -0.0103665 
-0.479605 -0.321832 
0.60024 -0.0542575 
-0.430044 -0.368607 
0.551376 -0.146987 
0.539324 -0.167892 
-0.392439 -0.398367 
0.406899 -0.4005 
-0.28665 -0.462802 
0.508836 -0.224581 
0.479404 -0.28504 
-0.0865728 -0.530078 
0.05675 -0.544045 
0.14813 -0.537427 
-0.140083 -0.517838 
-0.00212333 -0.541656 
0.179031 -0.531883 
0.607179 -0.0366472 
0.11753 -0.541171 
