ZONE T="boundary0"
-4 -0.359472 
-4 -0.401624 
-4 -0.237285 
-4 -0.317319 
-4 0.279966 
-4 0.210999 
-4 0.351851 
-4 0.423736 
-4 0.034353 
-4 0.122676 
-4 -0.182548 
-4 0.787285 
-4 -0.485186 
-4 -0.568747 
-4 -0.0467296 
-4 -0.127812 
-4 -0.731214 
-4 -0.865607 
-4 -1 
-4 1 
-4 0.680927 
-4 0.57457 
-4 -0.380548 
-4 -0.277302 
-4 0.245482 
-4 0.315908 
-4 0.0785144 
-4 -0.526966 
-4 -0.338395 
-4 -0.0872709 
-4 0.387793 
-4 -0.649981 
-4 -0.932804 
-4 -0.798411 
-4 -0.15518 
-4 -0.209917 
-4 -0.00618833 
-4 0.166837 
-4 0.627748 
-4 0.499153 
-4 0.734106 
-4 0.893642 
-4 -0.443405 
ZONE T="boundary1"
-2.9503 1 
-3.22858 1 
4 1 
3.84276 1 
-0.225205 1 
-0.155797 1 
0.308526 1 
0.236734 1 
-0.0921467 1 
1.25651 1 
-0.624546 1 
-0.917926 1 
-1.01379 1 
-3.75343 1 
1.0076 1 
1.13206 1 
-2.7628 1 
-2.22874 1 
1.98385 1 
1.85051 1 
1.71716 1 
1.58381 1 
0.482101 1 
0.166842 1 
-0.371873 1 
-0.536839 1 
-0.843083 1 
-0.768241 1 
-0.294613 1 
0.0342269 1 
-0.0284959 1 
0.0969498 1 
0.380319 1 
0.685919 1 
-1.10965 1 
0.583882 1 
0.787955 1 
0.897777 1 
-1.3543 1 
-1.23197 1 
3.68551 1 
3.37102 1 
-1.50613 1 
-1.43021 1 
-1.58478 1 
-1.66344 1 
-2.02474 1 
1.35349 1 
3.16315 1 
2.95528 1 
3.26709 1 
2.49649 1 
2.72589 1 
-3.50686 1 
-2.40202 1 
-2.5753 1 
-4 1 
1.51713 1 
1.45046 1 
2.24017 1 
-0.449133 1 
-1.82075 1 
-3.08944 1 
3.92138 1 
-0.190501 1 
0.27263 1 
-0.965856 1 
-2.85655 1 
1.91718 1 
0.201788 1 
-0.580693 1 
-0.805662 1 
-0.259909 1 
0.0028655 1 
-0.0603213 1 
0.131896 1 
0.344422 1 
-0.696393 1 
-0.880505 1 
-1.06172 1 
0.532991 1 
0.736937 1 
0.634901 1 
-1.29314 1 
3.52827 1 
-1.46817 1 
-1.39226 1 
-1.62411 1 
1.305 1 
3.05921 1 
2.84058 1 
2.61119 1 
-2.31538 1 
3.76413 1 
-3.87671 1 
-2.66905 1 
1.4838 1 
1.78383 1 
1.65048 1 
-2.48866 1 
2.11201 1 
2.36833 1 
-0.123972 1 
0.43121 1 
0.0655884 1 
-0.333243 1 
-0.410503 1 
-0.492986 1 
-1.17081 1 
-3.63014 1 
-3.36772 1 
0.842866 1 
0.952688 1 
1.19429 1 
1.06983 1 
1.40197 1 
-2.12674 1 
1.55047 1 
-1.92275 1 
-1.74209 1 
-1.54545 1 
3.21512 1 
3.31905 1 
ZONE T="boundary2"
4 -0.305668 
4 -0.355978 
4 -0.243145 
4 0.23182 
4 0.469999 
4 0.812437 
4 1 
4 0.187628 
4 -0.81886 
4 -0.63772 
4 0.624874 
4 -1 
4 -0.199669 
4 -0.156194 
4 0.0357024 
4 0.0895694 
4 0.165532 
4 0.143436 
4 0.291577 
4 -0.0602456 
4 -0.10822 
4 -0.406287 
4 -0.522003 
4 0.261699 
4 0.321455 
4 0.351333 
4 0.410666 
4 -0.330823 
4 -0.274407 
4 0.906218 
4 0.209724 
4 -0.72829 
4 0.718655 
4 -0.177931 
4 0.17658 
4 0.0626359 
4 -0.0122716 
4 -0.381132 
4 -0.464145 
4 0.547436 
4 -0.90943 
4 0.276638 
4 0.336394 
4 0.24676 
4 0.116503 
4 0.154484 
4 0.306516 
4 -0.0842326 
4 -0.132207 
4 -0.221407 
4 -0.579862 
4 0.381 
4 0.440332 
ZONE T="boundary3"
-3.875 -1 
-3.75 -1 
-1.47 -1 
0.314858 -1 
0.366018 -1 
-2.52081 -1 
-0.0351017 -1 
0.0348284 -1 
-0.816188 -1 
1.0676 -1 
1.15772 -1 
-2.73785 -1 
3.60296 -1 
4 -1 
2.11638 -1 
2.72478 -1 
2.26848 -1 
2.42058 -1 
-1.68704 -1 
-1.90409 -1 
3.20592 -1 
2.96535 -1 
-3.17585 -1 
-2.95685 -1 
-2.30378 -1 
0.212538 -1 
0.263698 -1 
0.533138 -1 
-0.105032 -1 
-0.273628 -1 
-0.488145 -1 
0.449578 -1 
0.0981034 -1 
0.640501 -1 
0.747863 -1 
0.862669 -1 
0.161378 -1 
-1.15784 -1 
-1.04284 -1 
-0.434516 -1 
-0.927843 -1 
-0.704534 -1 
0.977475 -1 
1.26927 -1 
1.38081 -1 
-0.59634 -1 
1.64049 -1 
-4 -1 
-1.31392 -1 
-3.46293 -1 
-1.39196 -1 
-2.10394 -1 
1.87843 -1 
3.40444 -1 
-3.31939 -1 
-0.327257 -1 
-0.18933 -1 
-0.380887 -1 
1.51065 -1 
-3.8125 -1 
0.340438 -1 
-0.000136659 -1 
3.80148 -1 
2.34453 -1 
3.08564 -1 
-3.06635 -1 
0.238118 -1 
0.407798 -1 
0.491358 -1 
0.289278 -1 
0.694182 -1 
0.586819 -1 
0.805266 -1 
0.129741 -1 
-1.10034 -1 
-0.872016 -1 
0.920072 -1 
1.11266 -1 
1.32504 -1 
1.02254 -1 
-0.760361 -1 
-0.542242 -1 
-0.650437 -1 
-3.9375 -1 
-3.60646 -1 
-1.35294 -1 
-1.23588 -1 
-1.57852 -1 
-2.20386 -1 
-2.84735 -1 
-2.41229 -1 
3.5037 -1 
2.84507 -1 
1.99741 -1 
1.75946 -1 
-3.39116 -1 
-2.00401 -1 
-1.79557 -1 
2.57268 -1 
-3.24762 -1 
-2.62933 -1 
0.186958 -1 
0.0664659 -1 
-0.300443 -1 
-0.0700668 -1 
-0.231479 -1 
-0.354072 -1 
-0.407701 -1 
-0.461331 -1 
-0.147181 -1 
-0.985343 -1 
1.21349 -1 
1.44573 -1 
-1.43098 -1 
2.19243 -1 
3.30518 -1 
1.57557 -1 
ZONE T="boundary4"
-0.377786 0.392326 
-0.263408 0.39672 
-0.239594 0.394951 
-0.636265 0.0860033 
-0.63697 0.0625183 
0.635071 0.0882021 
-0.636294 0.0391754 
-0.634294 0.0160254 
0.638062 0.0727948 
-0.603606 0.218131 
0.640153 0.0571136 
0.64131 0.0414 
-0.310406 0.398026 
-0.164761 0.386884 
-0.139145 0.383849 
-0.532896 0.317838 
-0.51715 0.331429 
-0.112544 0.380812 
-0.0859965 0.378012 
-0.634126 0.109534 
-0.190354 0.389888 
-0.461633 0.366238 
-0.630517 0.132961 
-0.626794 0.150556 
-0.616609 0.185637 
-0.622164 0.16814 
0.601814 0.171015 
-0.596611 0.232572 
-0.588982 0.24666 
-0.610482 0.202083 
0.512276 0.272099 
-0.399548 0.387927 
0.458104 0.306291 
-0.560506 0.288331 
-0.571172 0.274396 
0.608927 0.158299 
-0.547707 0.30304 
0.631134 0.103578 
0.626343 0.118591 
-0.499808 0.344274 
0.586081 0.195207 
0.576844 0.207601 
0.594183 0.183317 
0.615469 0.145177 
-0.00114835 0.371288 
-0.355724 0.395399 
-0.33317 0.397269 
-0.287128 0.397803 
0.641551 0.0256605 
-0.215014 0.392599 
0.414333 0.325608 
0.436341 0.316652 
-0.481119 0.356006 
-0.0580827 0.375401 
0.500505 0.280746 
0.479282 0.294523 
0.639378 -0.00579126 
0.311835 0.352368 
0.34154 0.346701 
0.366858 0.340652 
0.391973 0.333356 
0.567145 0.219532 
0.640902 0.00997138 
0.0580428 0.368594 
0.0278301 0.369798 
0.18367 0.364599 
0.282015 0.356744 
0.249231 0.360308 
0.216443 0.362839 
0.150894 0.365842 
-0.441515 0.374936 
-0.420742 0.382169 
0.621222 0.132065 
0.545562 0.242919 
0.523665 0.262952 
0.0881219 0.367644 
-0.0302756 0.373186 
0.119555 0.36677 
-0.580435 0.260766 
-0.251499 0.39591 
-0.636793 0.0742686 
-0.636802 0.0508442 
0.640847 0.0492647 
-0.15195 0.385361 
-0.525147 0.324777 
-0.0992687 0.379377 
0.63668 0.0805198 
-0.635376 0.0977874 
-0.628762 0.141783 
-0.619496 0.176925 
-0.624587 0.159378 
-0.592878 0.239661 
-0.613644 0.193898 
-0.565941 0.281443 
0.605444 0.164698 
-0.540435 0.310574 
0.628847 0.111118 
0.581529 0.201454 
0.590194 0.189304 
0.633216 0.0959182 
0.612278 0.151778 
0.598067 0.177207 
-0.344466 0.396482 
-0.298771 0.39803 
-0.275267 0.397358 
-0.388707 0.390299 
-0.600189 0.225391 
-0.20268 0.391276 
-0.2273 0.39383 
-0.125843 0.382308 
0.425397 0.321283 
-0.554229 0.295793 
-0.471476 0.361307 
-0.177555 0.388399 
0.490017 0.287826 
0.326716 0.349708 
0.379459 0.337165 
0.35423 0.343821 
-0.60714 0.210149 
0.447299 0.311636 
0.0133435 0.370497 
-0.490579 0.35032 
0.265634 0.358671 
-0.635458 0.0275884 
0.296942 0.354704 
0.200057 0.363799 
0.4032 0.329625 
-0.508602 0.338016 
0.572056 0.213617 
-0.431197 0.378737 
0.639224 0.0649691 
0.623869 0.125361 
0.618426 0.138657 
-0.632505 0.121278 
0.640246 0.00207951 
0.641544 0.0335315 
0.641336 0.0178111 
0.468787 0.30058 
0.0429391 0.369157 
0.0730857 0.368096 
-0.0441778 0.374244 
-0.072038 0.37666 
0.135225 0.366325 
-0.0157086 0.372184 
0.103838 0.367203 
0.167282 0.36527 
0.232842 0.361685 
-0.366783 0.394022 
-0.451658 0.370772 
-0.321798 0.397779 
0.518019 0.267588 
0.506438 0.276484 
-0.410198 0.385227 
0.534824 0.253169 
0.5566 0.231456 
-0.575896 0.267641 
-0.584796 0.25377 
ZONE T="boundary5"
-0.626535 -0.0295024 
-0.620883 -0.0518004 
-0.57625 -0.158824 
-0.58726 -0.138023 
-0.551964 -0.198577 
-0.631025 -0.00686698 
-0.634294 0.0160254 
-0.614093 -0.0738202 
-0.606216 -0.0955048 
-0.451256 -0.316937 
-0.226117 -0.456501 
-0.200322 -0.466372 
-0.25156 -0.44577 
-0.276519 -0.434226 
-0.371036 -0.379989 
-0.348462 -0.394624 
-0.325005 -0.408649 
-0.0658111 -0.503098 
-0.43343 -0.332686 
-0.12063 -0.49097 
-0.174094 -0.475423 
-0.147581 -0.483607 
-0.0934578 -0.497451 
-0.498769 -0.268349 
-0.512708 -0.251821 
-0.526086 -0.234843 
-0.564497 -0.178937 
-0.413539 -0.348985 
-0.39305 -0.364534 
-0.468484 -0.300543 
-0.483926 -0.284719 
0.584197 -0.166746 
0.595742 -0.142316 
0.57056 -0.194816 
0.556797 -0.22293 
-0.59726 -0.116913 
0.614595 -0.0985323 
0.620291 -0.0833159 
0.0766601 -0.517342 
0.0476852 -0.516484 
-0.0380069 -0.50783 
0.0187275 -0.514568 
-0.0096858 -0.511684 
0.19449 -0.508888 
0.135515 -0.515654 
0.106126 -0.51709 
0.312741 -0.476015 
0.341322 -0.463025 
0.165001 -0.512951 
0.254091 -0.496006 
-0.539318 -0.216921 
0.283593 -0.486971 
0.369171 -0.447875 
0.421591 -0.410972 
0.39594 -0.430573 
0.489264 -0.339476 
0.468449 -0.365228 
0.445773 -0.389204 
0.517395 -0.297496 
0.508519 -0.311748 
0.545654 -0.245452 
0.534151 -0.267804 
0.606725 -0.117706 
0.625476 -0.0679261 
0.630014 -0.0525569 
0.633891 -0.0370379 
0.639378 -0.00579126 
0.637024 -0.0214738 
0.224216 -0.503296 
-0.301057 -0.421827 
-0.623853 -0.0406864 
-0.581869 -0.148482 
-0.632816 0.00455864 
-0.610287 -0.0847092 
-0.628931 -0.018213 
-0.617626 -0.0628517 
-0.213261 -0.461544 
-0.264089 -0.440105 
-0.359816 -0.387409 
-0.336797 -0.401742 
-0.442415 -0.324892 
-0.160871 -0.479623 
-0.187246 -0.471006 
-0.50581 -0.260145 
-0.570476 -0.16894 
-0.476277 -0.2927 
0.590018 -0.15455 
-0.459948 -0.308821 
-0.423562 -0.34093 
-0.491423 -0.276602 
0.563686 -0.208872 
-0.403366 -0.356854 
-0.601865 -0.106261 
0.617502 -0.090945 
0.0621705 -0.517047 
-0.0519276 -0.505579 
0.00450973 -0.513248 
0.12083 -0.516523 
0.327144 -0.469768 
0.150275 -0.514464 
-0.545717 -0.207801 
0.355385 -0.455708 
0.268911 -0.491709 
0.408959 -0.421031 
0.457346 -0.377446 
0.513011 -0.304658 
0.49913 -0.325784 
-0.532773 -0.225934 
0.539969 -0.256664 
-0.382115 -0.372364 
0.551249 -0.234202 
0.601322 -0.130047 
0.627822 -0.0602638 
0.632039 -0.0448187 
0.610736 -0.108148 
0.635551 -0.0292747 
-0.519464 -0.243385 
-0.558323 -0.188816 
0.638302 -0.0136478 
-0.59238 -0.127524 
-0.238884 -0.451243 
-0.079657 -0.500388 
-0.10707 -0.494321 
0.0913963 -0.517361 
0.239206 -0.499859 
0.209391 -0.506282 
0.577402 -0.180787 
0.479096 -0.352553 
-0.31309 -0.415344 
-0.0238615 -0.509877 
-0.134135 -0.487398 
0.0331994 -0.515656 
0.179771 -0.511093 
-0.288842 -0.428133 
0.433898 -0.400335 
0.382721 -0.439484 
0.622952 -0.0756455 
0.298256 -0.481729 
0.525968 -0.282766 
