ZONE T="boundary0"
-4 -0.782466 
-4 -1 
-4 -0.168376 
-4 -0.251128 
-4 -0.278478 
-4 -0.305827 
-4 0.0720331 
-4 0.014238 
-4 0.217155 
-4 0.176715 
-4 0.124374 
-4 0.647647 
-4 -0.3465 
-4 -0.387173 
-4 -0.105967 
-4 -0.564931 
-4 -0.476052 
-4 -0.043557 
-4 0.291365 
-4 0.257595 
-4 0.392675 
-4 0.456418 
-4 0.520161 
-4 0.325135 
-4 0.823823 
-4 1 
-4 -0.891233 
-4 -0.209752 
-4 -0.292152 
-4 0.0431355 
-4 0.196935 
-4 -0.366837 
-4 -0.137171 
-4 -0.520492 
-4 0.0982034 
-4 0.150544 
-4 -0.0146595 
-4 0.27448 
-4 0.424546 
-4 -0.0747617 
-4 -0.673699 
-4 0.488289 
-4 -0.264803 
-4 0.237375 
-4 -0.326164 
-4 0.358905 
-4 0.30825 
-4 -0.431613 
-4 0.583904 
-4 0.735735 
-4 0.911912 
ZONE T="boundary1"
1.86358 1 
2.17893 1 
0.104298 1 
0.514534 1 
-3.39316 1 
1.48974 1 
1.29756 1 
-0.00403976 1 
0.602887 1 
-1.06811 1 
-0.393605 1 
-0.96367 1 
-1.33262 1 
2.80411 1 
-1.20036 1 
-3.54487 1 
-3.69658 1 
-1.83931 1 
-2.6257 1 
2.33464 1 
-3.11876 1 
3.57765 1 
3.78883 1 
-2.18803 1 
-2.87223 1 
0.433848 1 
-0.0761355 1 
-0.148231 1 
-0.217304 1 
-0.286377 1 
0.22873 1 
0.290946 1 
-0.500833 1 
0.691241 1 
0.353161 1 
-0.751896 1 
-0.859234 1 
0.166514 1 
0.86556 1 
-0.644558 1 
1.10052 1 
1.01209 1 
-1.55423 1 
-1.44343 1 
-1.69677 1 
3.36648 1 
3.1553 1 
2.9797 1 
2.02323 1 
2.56937 1 
1.19904 1 
1.70392 1 
-3.25596 1 
-2.01367 1 
-2.40687 1 
0.923666 1 
4 1 
0.807453 1 
-3.84829 1 
-4 1 
1.39365 1 
0.558711 1 
-3.62073 1 
3.68324 1 
-2.74896 1 
0.050129 1 
-0.112183 1 
-0.251841 1 
-0.0400876 1 
-0.339991 1 
0.259838 1 
-0.447219 1 
0.393505 1 
-0.805565 1 
0.197622 1 
-1.01589 1 
-0.698227 1 
-1.13423 1 
-0.911452 1 
-1.26649 1 
1.0563 1 
-0.572696 1 
-1.49883 1 
-1.76804 1 
3.47206 1 
3.26089 1 
2.452 1 
1.14978 1 
1.2483 1 
2.68674 1 
1.78375 1 
-3.18736 1 
-1.92649 1 
-2.10085 1 
-2.29745 1 
2.25678 1 
1.94341 1 
2.10108 1 
-2.51628 1 
0.967879 1 
-3.46901 1 
-3.32456 1 
-2.99549 1 
1.59683 1 
3.89441 1 
-0.182768 1 
0.135406 1 
0.322054 1 
0.474191 1 
0.836507 1 
0.894613 1 
0.749347 1 
0.647064 1 
2.89191 1 
3.0675 1 
-1.38802 1 
-3.77244 1 
-3.92415 1 
-1.6255 1 
ZONE T="boundary2"
4 -0.352803 
4 -0.306667 
4 0.281555 
4 0.212715 
4 0.347321 
4 0.744644 
4 0.0152001 
4 -0.608939 
4 -0.480871 
4 -0.706704 
4 0.418304 
4 0.489287 
4 -0.416837 
4 -0.222877 
4 0.616965 
4 -0.109915 
4 -0.0473575 
4 0.0795377 
4 0.143875 
4 -0.804469 
4 -1 
4 1 
4 -0.260532 
4 -0.185223 
4 -0.147569 
4 -0.329735 
4 0.247135 
4 0.314438 
4 -0.544905 
4 -0.657822 
4 0.453796 
4 -0.448854 
4 -0.38482 
4 0.680805 
4 -0.0160787 
4 0.111707 
4 -0.755587 
4 -0.902235 
4 0.553126 
4 0.872322 
4 -0.283599 
4 -0.241704 
4 -0.166396 
4 -0.20405 
4 -0.0786364 
4 -0.128742 
4 0.178295 
4 0.0473689 
4 0.382813 
ZONE T="boundary3"
-4 -1 
3.49165 -1 
0.579083 -1 
-0.488074 -1 
-0.392516 -1 
0.486751 -1 
-0.304601 -1 
-0.348559 -1 
-0.0784549 -1 
-0.125498 -1 
0.238393 -1 
-0.662114 -1 
-0.583632 -1 
1.68543 -1 
-3.49685 -1 
-1.21861 -1 
-1.15156 -1 
1.83255 -1 
2.52347 -1 
1.97967 -1 
2.69906 -1 
3.3222 -1 
-3.0827 -1 
-2.83877 -1 
-2.12887 -1 
-2.36185 -1 
-1.89672 -1 
0.0216753 -1 
-0.0283898 -1 
-0.17254 -1 
-0.238571 -1 
0.0699163 -1 
0.118157 -1 
0.316406 -1 
0.394419 -1 
0.178275 -1 
-0.740596 -1 
-0.8198 -1 
0.789061 -1 
3.83055 -1 
0.901408 -1 
4 -1 
-0.991759 -1 
-1.08451 -1 
-0.899003 -1 
-1.42479 -1 
-1.3217 -1 
-1.54468 -1 
-1.66457 -1 
-1.78064 -1 
1.01375 -1 
1.12837 -1 
1.45068 -1 
1.34683 -1 
1.56805 -1 
3.6611 -1 
1.24299 -1 
2.87465 -1 
3.09842 -1 
-3.74843 -1 
2.26435 -1 
-2.59484 -1 
-0.440295 -1 
0.532917 -1 
-0.32658 -1 
-0.101976 -1 
-0.622873 -1 
-1.18509 -1 
-3.28978 -1 
-2.24536 -1 
-0.00335727 -1 
-0.535853 -1 
-0.370537 -1 
-0.149019 -1 
-0.205555 -1 
-0.271586 -1 
-0.0534224 -1 
0.0940368 -1 
0.0457958 -1 
0.355413 -1 
0.148216 -1 
0.208334 -1 
-0.780198 -1 
-0.701355 -1 
0.684072 -1 
0.440585 -1 
-1.03814 -1 
-0.859402 -1 
-1.37325 -1 
-1.27016 -1 
-1.48474 -1 
-1.60462 -1 
-1.72261 -1 
0.845234 -1 
1.39875 -1 
1.62674 -1 
1.50936 -1 
1.90611 -1 
1.75899 -1 
-1.83868 -1 
3.40692 -1 
3.57637 -1 
1.18568 -1 
1.07106 -1 
1.29491 -1 
2.98653 -1 
3.91527 -1 
-3.87421 -1 
-3.62264 -1 
-2.0128 -1 
2.12201 -1 
2.39391 -1 
2.61126 -1 
3.74582 -1 
0.2774 -1 
-0.945381 -1 
-1.11804 -1 
3.21031 -1 
0.957581 -1 
-2.47834 -1 
-2.7168 -1 
-2.96074 -1 
2.78685 -1 
ZONE T="boundary4"
0.589944 0.170517 
-0.0149232 0.503063 
-0.647794 -0.0210493 
-0.62806 0.0531103 
-0.636372 0.0285122 
-0.593221 0.125239 
0.647061 -0.0120885 
0.646228 0.000988007 
0.274753 0.491708 
0.245572 0.499606 
-0.483506 0.261255 
-0.618059 0.0774802 
-0.0428693 0.497447 
-0.642956 0.00377692 
0.550011 0.250057 
0.535454 0.27707 
-0.639877 0.0161771 
-0.548307 0.18975 
-0.586044 0.136953 
-0.574613 0.15431 
-0.606424 0.101541 
-0.562547 0.171231 
-0.378277 0.34758 
-0.281287 0.40715 
0.577013 0.196616 
-0.533439 0.207764 
-0.499053 0.245606 
-0.446156 0.295378 
-0.467513 0.276441 
-0.354641 0.363515 
-0.401466 0.330916 
-0.33056 0.378763 
-0.306121 0.393297 
-0.424123 0.313518 
-0.230563 0.432738 
-0.204693 0.444436 
-0.178475 0.455381 
-0.151958 0.465522 
0.332336 0.470032 
0.360338 0.456047 
-0.125121 0.47484 
-0.0979954 0.48329 
-0.0705823 0.490838 
0.602514 0.14431 
0.0133483 0.507658 
0.186891 0.510189 
0.128371 0.514568 
-0.516531 0.226956 
0.0417789 0.511157 
0.43836 0.401026 
0.413618 0.421497 
0.303764 0.481878 
0.387561 0.439841 
0.519573 0.303709 
0.502066 0.329688 
0.482666 0.35485 
0.0705351 0.513525 
0.0993786 0.514681 
0.157606 0.5131 
0.563605 0.223364 
0.216207 0.505735 
0.640148 0.0402055 
0.633318 0.0663219 
0.614184 0.118271 
0.624556 0.0923404 
0.644792 0.0140189 
0.461415 0.378731 
-0.256112 0.420295 
0.636979 0.0533271 
-0.632415 0.0408779 
0.646721 -0.00554533 
0.260223 0.495877 
-0.62325 0.0653725 
-0.0289219 0.500383 
0.54285 0.263627 
-0.641468 0.0099898 
-0.638176 0.022359 
-0.580412 0.145686 
-0.589672 0.13112 
-0.599989 0.113483 
-0.568655 0.162824 
-0.555512 0.180556 
0.583503 0.183577 
-0.540946 0.198818 
-0.456924 0.28601 
-0.475566 0.268908 
-0.491335 0.253486 
-0.366517 0.355633 
-0.389936 0.339337 
-0.318391 0.386114 
-0.342655 0.371224 
-0.43522 0.304545 
-0.217671 0.438681 
-0.165255 0.460553 
0.346463 0.463292 
-0.293752 0.400309 
-0.111593 0.479176 
-0.0843211 0.48718 
-0.000809018 0.505495 
-0.138577 0.470287 
-0.507863 0.236348 
-0.056755 0.494264 
-0.612421 0.0895969 
0.0275466 0.509547 
0.426188 0.411504 
0.318152 0.476199 
0.374102 0.448201 
-0.191625 0.450006 
0.527681 0.290491 
0.511013 0.31683 
0.0561449 0.512489 
0.113876 0.514788 
0.142998 0.514008 
0.556849 0.23673 
0.084951 0.514258 
0.230934 0.502879 
0.289338 0.487026 
0.201579 0.508157 
-0.525061 0.217427 
0.608458 0.131338 
0.596291 0.157442 
0.645584 0.00751169 
0.450099 0.3901 
-0.243381 0.426607 
-0.412866 0.32231 
-0.268745 0.41381 
0.57032 0.209994 
0.619527 0.105368 
0.472258 0.366985 
0.400766 0.430921 
0.638628 0.0467825 
-0.645588 -0.00859549 
0.642749 0.0271615 
0.635208 0.0598392 
0.629141 0.0793992 
0.172267 0.511828 
0.492577 0.342434 
ZONE T="boundary5"
-0.596654 -0.260374 
-0.589199 -0.271052 
-0.647794 -0.0210493 
-0.649549 -0.0334469 
-0.649359 -0.120053 
-0.651668 -0.0954527 
0.644129 -0.0635258 
0.646851 -0.038 
0.647061 -0.0120885 
-0.64522 -0.144432 
0.268662 -0.352126 
0.296325 -0.347531 
-0.423756 -0.386057 
-0.395632 -0.39349 
-0.101629 -0.39169 
-0.0727779 -0.388449 
-0.189039 -0.400648 
-0.218388 -0.402886 
-0.27761 -0.40508 
-0.307475 -0.404547 
-0.639224 -0.168555 
-0.24802 -0.404445 
-0.337202 -0.402587 
0.184665 -0.362649 
0.156308 -0.365502 
-0.500996 -0.351782 
-0.488963 -0.358734 
-0.581296 -0.2814 
0.615399 -0.148135 
0.621264 -0.136578 
-0.130657 -0.39489 
-0.159694 -0.397914 
-0.476642 -0.365162 
-0.450802 -0.376622 
-0.0152125 -0.382123 
0.377233 -0.328669 
0.350591 -0.335957 
-0.610081 -0.238364 
-0.621643 -0.215625 
0.0993742 -0.370853 
-0.63136 -0.192327 
0.240892 -0.356078 
0.21281 -0.359553 
-0.0439562 -0.385239 
0.0421725 -0.376267 
0.0134961 -0.37913 
0.0708005 -0.373521 
0.127897 -0.368204 
0.60903 -0.159404 
-0.366687 -0.398962 
0.323543 -0.342209 
0.403177 -0.320282 
0.521203 -0.257482 
0.428691 -0.310555 
0.5416 -0.240393 
0.56072 -0.221955 
0.59471 -0.181321 
0.63891 -0.0885573 
0.631262 -0.112932 
-0.652165 -0.070723 
-0.544797 -0.319655 
-0.523778 -0.336553 
-0.650868 -0.0458967 
0.578521 -0.20221 
-0.563992 -0.301221 
0.531553 -0.24912 
0.499575 -0.273086 
0.477013 -0.287015 
0.45321 -0.299555 
-0.592982 -0.265754 
-0.648725 -0.0272416 
-0.650741 -0.107775 
0.64727 -0.0250465 
-0.647518 -0.132282 
0.282508 -0.349918 
-0.409766 -0.390036 
-0.0872027 -0.390071 
-0.203709 -0.40184 
-0.292547 -0.404977 
-0.64245 -0.156551 
-0.2332 -0.403766 
-0.322353 -0.403761 
0.170489 -0.364102 
-0.495016 -0.355324 
-0.116141 -0.393304 
-0.145172 -0.396432 
-0.463843 -0.371162 
0.363951 -0.332456 
-0.616077 -0.227104 
0.226858 -0.357871 
-0.437375 -0.381609 
-0.262813 -0.404892 
-0.0295846 -0.383667 
-0.0583669 -0.386836 
0.0278339 -0.377683 
0.0564863 -0.374882 
0.113637 -0.369531 
0.142104 -0.366866 
0.0850876 -0.372181 
-0.381208 -0.396473 
0.254787 -0.354174 
0.309954 -0.344976 
0.390256 -0.324632 
-0.635518 -0.180516 
0.337095 -0.339208 
0.6021 -0.170513 
0.618398 -0.14239 
0.612277 -0.153805 
0.635383 -0.100838 
0.626542 -0.124873 
0.64183 -0.0761059 
-0.351974 -0.400998 
0.198742 -0.361141 
-0.174362 -0.399331 
-0.000858949 -0.380611 
0.645806 -0.0507963 
-0.603587 -0.249504 
-0.651738 -0.0582992 
-0.626721 -0.204068 
-0.585304 -0.276268 
-0.572861 -0.2915 
-0.554598 -0.310649 
-0.650263 -0.0396652 
-0.652142 -0.0830933 
0.586817 -0.191922 
0.569796 -0.212243 
0.551318 -0.23134 
0.526416 -0.253347 
0.510531 -0.265482 
0.536614 -0.244802 
-0.512554 -0.344417 
-0.534474 -0.328335 
-0.482838 -0.362013 
0.488416 -0.280249 
0.465215 -0.293482 
0.441032 -0.305239 
0.416 -0.315593 
