ZONE T="boundary0"
-4 -0.274957 
-4 0.304759 
-4 0.225024 
-4 0.367137 
-4 0.552087 
-4 -0.230859 
-4 -0.142832 
-4 0.459612 
-4 -0.0763712 
-4 0.872025 
-4 0.74405 
-4 -1 
-4 -0.37897 
-4 -0.438886 
-4 0.136924 
-4 0.107557 
-4 -0.00991054 
-4 0.0488231 
-4 -0.319054 
-4 -0.525755 
-4 -0.612625 
-4 -0.806313 
-4 1 
-4 0.195657 
-4 0.16629 
-4 0.264892 
-4 0.335948 
-4 -0.186845 
-4 0.413375 
-4 -0.109601 
-4 0.808037 
-4 0.50585 
-4 -0.408928 
-4 0.0194563 
-4 0.0781899 
-4 -0.297006 
-4 -0.252908 
-4 -0.0431409 
-4 -0.56919 
-4 -0.709469 
-4 -0.48232 
-4 0.936012 
-4 0.210341 
-4 0.12224 
-4 0.151607 
-4 0.648068 
-4 -0.903156 
-4 0.180974 
-4 -0.349012 
ZONE T="boundary1"
4 1 
3.72912 1 
3.45825 1 
1.61297 1 
1.50768 1 
0.000230145 1 
0.231093 1 
1.1898 1 
1.08836 1 
3.30319 1 
3.14814 1 
0.774857 1 
0.880892 1 
0.320129 1 
0.0711442 1 
-3.70897 1 
-0.912359 1 
3.03455 1 
2.92097 1 
2.26115 1 
-2.6786 1 
-3.06032 1 
-2.86946 1 
1.88534 1 
2.07324 1 
0.674769 1 
0.447405 1 
-0.0707274 1 
-0.141685 1 
-0.289089 1 
-0.215387 1 
0.574681 1 
-1.09446 1 
-1.19003 1 
0.142058 1 
-0.365475 1 
-0.441861 1 
-0.738825 1 
-0.546839 1 
-0.651817 1 
0.986928 1 
-1.5772 1 
-1.50519 1 
-0.998886 1 
-0.825832 1 
1.29609 1 
1.40238 1 
-1.31161 1 
-1.73839 1 
-1.89958 1 
-1.43319 1 
-3.41794 1 
-2.27682 1 
2.6938 1 
-2.47771 1 
-3.23913 1 
-3.85449 1 
-4 1 
-2.0882 1 
2.47748 1 
3.86456 1 
3.59369 1 
1.56033 1 
1.13908 1 
3.22566 1 
0.827874 1 
0.0356871 1 
2.97776 1 
-2.96489 1 
1.97929 1 
0.724813 1 
-0.252238 1 
0.624725 1 
-1.14224 1 
0.106601 1 
0.186576 1 
-0.403668 1 
-0.599328 1 
0.383767 1 
0.93391 1 
-1.5412 1 
-0.955622 1 
-0.869095 1 
0.511043 1 
1.24294 1 
1.03765 1 
1.34924 1 
-1.25082 1 
-1.81899 1 
-1.3724 1 
1.74916 1 
1.45503 1 
2.80739 1 
3.38072 1 
-2.37727 1 
-3.56346 1 
-3.92724 1 
-2.77403 1 
-1.99389 1 
-3.32854 1 
-3.14972 1 
-3.78173 1 
2.1672 1 
-0.106206 1 
-0.0352486 1 
0.275611 1 
-1.04667 1 
-0.327282 1 
-0.49435 1 
-0.178536 1 
-1.46919 1 
-1.6578 1 
3.09134 1 
-2.57816 1 
-2.18251 1 
-0.782328 1 
-0.695321 1 
2.36931 1 
2.58564 1 
ZONE T="boundary2"
4 -0.644541 
4 -0.542976 
4 -0.441412 
4 -0.167053 
4 -0.822271 
4 0.263228 
4 0.206431 
4 0.156872 
4 1 
4 0.637211 
4 0.758141 
4 -1 
4 0.31584 
4 0.368452 
4 0.442367 
4 0.516282 
4 0.107313 
4 0.0282789 
4 -0.0507556 
4 -0.108905 
4 -0.197936 
4 -0.365998 
4 -0.228819 
4 -0.290584 
4 -0.259702 
4 -0.492194 
4 -0.733406 
4 0.234829 
4 0.181652 
4 0.697676 
4 0.342146 
4 0.479324 
4 0.289534 
4 0.0677962 
4 -0.0112383 
4 -0.07983 
4 -0.137979 
4 -0.182495 
4 -0.403705 
4 -0.593759 
4 -0.911135 
4 0.87907 
4 -0.328291 
4 -0.213377 
4 -0.275143 
4 0.405409 
4 0.576747 
4 -0.24426 
4 0.132093 
ZONE T="boundary3"
-3.60767 -1 
-3.80384 -1 
2.30577 -1 
-1.36227 -1 
-1.27376 -1 
0.123786 -1 
0.0527729 -1 
0.35412 -1 
-0.0666355 -1 
-0.42768 -1 
-0.306675 -1 
-0.70879 -1 
-0.00693132 -1 
0.194798 -1 
0.274459 -1 
-0.52047 -1 
-1.45078 -1 
0.516245 -1 
0.604173 -1 
0.805941 -1 
0.919781 -1 
1.02211 -1 
1.12444 -1 
-1.15651 -1 
-1.03927 -1 
4 -1 
3.74183 -1 
-4 -1 
3.09847 -1 
3.48365 -1 
2.67839 -1 
-2.45897 -1 
-0.126153 -1 
0.435182 -1 
0.692101 -1 
-0.18567 -1 
-0.61326 -1 
-0.921795 -1 
1.22906 -1 
1.33368 -1 
-0.80432 -1 
-1.61422 -1 
-1.71356 -1 
-1.81289 -1 
1.44918 -1 
1.56467 -1 
1.85748 -1 
-2.01156 -1 
-3.35036 -1 
-3.47901 -1 
2.08163 -1 
-2.30983 -1 
-3.22382 -1 
-3.09728 -1 
-2.85269 -1 
-2.6081 -1 
-0.246173 -1 
-3.70575 -1 
-1.31802 -1 
0.0882792 -1 
-0.367178 -1 
-0.0367836 -1 
0.234629 -1 
-0.474075 -1 
-1.40653 -1 
0.560209 -1 
0.862861 -1 
-1.09789 -1 
3.87091 -1 
-1.21514 -1 
-3.90192 -1 
3.29106 -1 
2.49208 -1 
2.88843 -1 
-0.0963942 -1 
0.475713 -1 
0.394651 -1 
0.314289 -1 
0.159292 -1 
0.0229208 -1 
0.648137 -1 
0.749021 -1 
1.07327 -1 
-0.566865 -1 
-0.661025 -1 
1.28137 -1 
0.970945 -1 
-0.863057 -1 
-0.980532 -1 
-1.5325 -1 
-1.76322 -1 
1.50692 -1 
1.71108 -1 
-1.91223 -1 
3.61274 -1 
-3.41468 -1 
1.96955 -1 
-2.1607 -1 
-3.16055 -1 
-2.97499 -1 
-2.7304 -1 
-2.3844 -1 
-2.53353 -1 
2.1937 -1 
-0.155911 -1 
-0.276424 -1 
-0.215921 -1 
1.17675 -1 
-0.756555 -1 
-1.66389 -1 
1.39143 -1 
-3.54334 -1 
-3.28709 -1 
ZONE T="boundary4"
-0.640639 0.0930851 
-0.641012 0.0432496 
-0.64162 0.0680739 
-0.537913 0.320305 
-0.55164 0.306555 
-0.638883 0.0186694 
-0.128323 0.383669 
-0.182182 0.390625 
-0.155619 0.387176 
-0.633661 0.143189 
-0.455318 0.374355 
-0.432445 0.383123 
-0.336065 0.400626 
-0.311153 0.401244 
-0.477494 0.363661 
-0.60097 0.235703 
-0.638004 0.118167 
-0.629227 0.16196 
-0.62386 0.180335 
-0.609701 0.217458 
0.645845 0.0490082 
-0.593136 0.25012 
0.641923 0.0767149 
-0.584643 0.264078 
-0.574935 0.278277 
-0.20876 0.393932 
-0.234635 0.396816 
0.64688 0.0210295 
0.646721 0.0350277 
0.638876 0.0904086 
-0.408965 0.390037 
0.644239 0.0629607 
-0.0730113 0.377255 
-0.0450343 0.374552 
-0.498748 0.351064 
-0.360732 0.398654 
-0.38503 0.395174 
-0.260505 0.399151 
-0.518933 0.336593 
-0.101039 0.380351 
-0.617467 0.198605 
-0.564518 0.291808 
0.466868 0.301291 
0.438541 0.315036 
0.283187 0.355354 
0.494197 0.285115 
0.562676 0.22668 
0.542206 0.247405 
0.518835 0.267468 
0.10001 0.366507 
-0.0163918 0.372218 
0.0121564 0.370318 
0.0413176 0.368771 
0.0703786 0.367545 
0.220867 0.361341 
0.159807 0.364485 
0.129601 0.365547 
0.189997 0.363162 
0.635119 0.103938 
0.630655 0.117311 
0.645112 -0.00693314 
0.646339 0.00708045 
0.625523 0.130444 
0.598441 0.180935 
0.61327 0.156099 
0.251733 0.358837 
0.314566 0.350696 
0.408363 0.326937 
0.346126 0.344554 
0.37763 0.336665 
-0.285968 0.400689 
0.581828 0.204047 
-0.641511 0.0556578 
-0.544892 0.313545 
-0.640135 0.030944 
-0.168899 0.388906 
-0.443973 0.378972 
-0.323615 0.401093 
-0.466521 0.369242 
-0.639529 0.105649 
-0.636045 0.130716 
-0.641332 0.0805884 
-0.626663 0.171183 
-0.631566 0.152604 
-0.597138 0.242958 
-0.605462 0.226641 
-0.588977 0.257153 
-0.579888 0.271246 
-0.221692 0.395428 
0.646889 0.0280295 
0.640489 0.0835814 
-0.420774 0.386807 
0.645133 0.0559948 
-0.0590251 0.375852 
-0.488258 0.357591 
-0.348415 0.399821 
-0.397046 0.392821 
-0.195467 0.392308 
-0.247564 0.398066 
-0.0870283 0.378759 
-0.620784 0.189513 
-0.558201 0.299289 
-0.569823 0.285117 
-0.528601 0.328656 
0.452839 0.308443 
0.55264 0.23724 
0.506708 0.27656 
0.480707 0.293499 
-0.00211867 0.371217 
0.026736 0.3695 
0.0851944 0.367007 
0.174903 0.363868 
0.646373 0.0420235 
0.632971 0.110655 
0.637085 0.0971975 
0.643171 0.0698527 
0.64581 6.62152e-05 
0.646696 0.0140516 
0.628172 0.123907 
-0.114683 0.381979 
0.114805 0.366027 
0.144704 0.365037 
-0.141972 0.385407 
-0.0307165 0.37333 
0.530739 0.257693 
0.0558478 0.368125 
0.205435 0.362323 
0.236306 0.360188 
0.267473 0.357226 
0.298899 0.353185 
0.42356 0.321264 
0.330382 0.347819 
0.393074 0.332051 
-0.613715 0.208086 
-0.508999 0.344048 
-0.372912 0.397114 
-0.29856 0.4011 
-0.273232 0.400028 
0.619704 0.143417 
0.606134 0.168683 
0.590367 0.192658 
0.572472 0.215551 
0.361933 0.340836 
ZONE T="boundary5"
0.258244 -0.488138 
0.229815 -0.495023 
-0.530188 -0.228696 
0.114064 -0.508943 
0.0849158 -0.509383 
-0.624006 -0.0531546 
-0.607509 -0.0993021 
-0.616384 -0.0764166 
-0.638883 0.0186694 
0.589603 -0.17074 
0.600898 -0.14717 
-0.597386 -0.121876 
-0.452903 -0.311469 
-0.432564 -0.328873 
-0.387685 -0.362771 
-0.411547 -0.345453 
-0.201735 -0.457903 
-0.229714 -0.447269 
-0.257297 -0.435656 
-0.337559 -0.394716 
-0.363142 -0.379108 
0.57604 -0.198029 
0.562222 -0.225255 
-0.311389 -0.409326 
-0.00210883 -0.504304 
-0.0883412 -0.490278 
-0.14531 -0.476074 
-0.116941 -0.483651 
-0.173677 -0.467469 
-0.059726 -0.495916 
-0.48525 -0.280471 
-0.469359 -0.296261 
-0.500204 -0.264477 
-0.514573 -0.247967 
-0.573542 -0.166013 
-0.586051 -0.144117 
-0.630322 -0.0295613 
-0.545106 -0.208877 
0.548066 -0.252361 
0.533122 -0.279008 
0.625103 -0.0894962 
0.201035 -0.500479 
-0.559877 -0.1876 
0.633948 -0.0622465 
0.618626 -0.106536 
-0.635301 -0.00560569 
0.392377 -0.429382 
0.055861 -0.508728 
-0.0309492 -0.500599 
0.0268246 -0.507022 
0.143142 -0.507355 
0.17215 -0.504558 
0.31391 -0.469698 
0.286309 -0.479725 
0.367084 -0.444571 
0.340887 -0.457995 
0.416422 -0.412568 
0.481125 -0.35204 
0.460906 -0.373817 
0.499733 -0.329066 
0.517101 -0.304598 
0.640716 -0.0347374 
0.611616 -0.123382 
0.643225 -0.0208842 
0.637604 -0.0485556 
0.645112 -0.00693314 
-0.284588 -0.422989 
0.43943 -0.393918 
0.244075 -0.491764 
0.0994928 -0.509303 
-0.612097 -0.0879171 
0.595304 -0.158979 
-0.602591 -0.110653 
-0.442822 -0.320275 
-0.399705 -0.354235 
-0.243557 -0.441585 
-0.350427 -0.387037 
0.569157 -0.211654 
-0.324544 -0.402145 
-0.131157 -0.479981 
-0.15953 -0.471892 
-0.477378 -0.288439 
-0.50746 -0.256284 
-0.579924 -0.155138 
-0.461199 -0.303939 
-0.627329 -0.0414015 
-0.4928 -0.272542 
-0.537736 -0.218854 
0.54073 -0.265762 
0.215459 -0.497926 
-0.5526 -0.198314 
0.621937 -0.0980435 
0.070386 -0.509189 
-0.0165443 -0.502573 
0.0123466 -0.505788 
-0.637272 0.00650603 
0.128612 -0.508296 
0.157662 -0.506112 
0.300184 -0.474915 
0.354096 -0.451499 
-0.566828 -0.176881 
0.272335 -0.484126 
0.404546 -0.421186 
0.471203 -0.363105 
-0.620352 -0.0648368 
0.508604 -0.316966 
0.490616 -0.340707 
0.37986 -0.437194 
0.582859 -0.184401 
-0.632984 -0.0176186 
-0.522467 -0.238401 
0.61518 -0.114983 
0.642046 -0.0278231 
0.606344 -0.135314 
0.635841 -0.0554183 
0.639231 -0.0416625 
-0.0740567 -0.493215 
-0.591855 -0.133065 
-0.422136 -0.337266 
0.629751 -0.0759439 
-0.0453568 -0.498377 
-0.215771 -0.452708 
-0.298052 -0.416282 
-0.102669 -0.487083 
0.0413357 -0.508004 
0.186616 -0.502682 
0.32749 -0.464058 
0.450344 -0.384058 
0.525284 -0.291912 
0.555207 -0.238841 
-0.271 -0.429447 
0.644248 -0.0139216 
-0.187747 -0.462806 
-0.375495 -0.371062 
0.428092 -0.40345 
