ZONE T="boundary0"
-4 -0.699686 
-4 0.152687 
-4 0.839565 
-4 0.065866 
-4 0.481475 
-4 0.580302 
-4 -0.0537727 
-4 0.67913 
-4 -0.461533 
-4 0.196097 
-4 0.239507 
-4 0.352959 
-4 0.296233 
-4 0.417217 
-4 -0.170224 
-4 -0.141111 
-4 -0.208218 
-4 -0.530557 
-4 -0.391866 
-4 -0.599581 
-4 -0.799791 
-4 -1 
-4 1 
-4 -0.322199 
-4 -0.284205 
-4 -0.246212 
-4 -0.111999 
-4 0.109276 
-4 0.530888 
-4 0.00604664 
-4 0.629716 
-4 0.174392 
-4 0.324596 
-4 0.26787 
-4 0.449346 
-4 0.385088 
-4 0.217802 
-4 -0.155668 
-4 -0.189221 
-4 -0.565069 
-4 -0.496045 
-4 -0.649634 
-4 -0.749738 
-4 -0.899895 
-4 0.759347 
-4 0.919782 
-4 -0.426699 
-4 -0.357032 
-4 -0.303202 
-4 -0.227215 
-4 -0.265208 
-4 -0.0828856 
-4 -0.126555 
ZONE T="boundary1"
2.17206 1 
1.95249 1 
1.73745 1 
3.55126 1 
3.22219 1 
-0.297173 1 
-0.363204 1 
-1.51449 1 
-0.902894 1 
0.551837 1 
-3.18078 1 
0.820644 1 
0.889833 1 
1.62993 1 
2.84589 1 
4 1 
-2.41499 1 
-2.00944 1 
-2.62417 1 
-2.83335 1 
2.39163 1 
-3.64616 1 
-3.41347 1 
-0.429235 1 
-0.50934 1 
-0.589445 1 
0.188375 1 
-0.233498 1 
-0.0391446 1 
-0.169822 1 
0.0959099 1 
0.0283824 1 
-0.104483 1 
0.234608 1 
0.142143 1 
0.280841 1 
0.416339 1 
-0.790299 1 
-1.01549 1 
-1.12972 1 
-0.689872 1 
1.44828 1 
1.37414 1 
1.06913 1 
0.959021 1 
1.17923 1 
1.27669 1 
-1.24396 1 
-1.37922 1 
1.52241 1 
0.753442 1 
0.686241 1 
3.77563 1 
-1.69437 1 
-1.44685 1 
-3.82308 1 
-4 1 
-2.14463 1 
-1.87426 1 
2.61876 1 
0.34859 1 
2.06228 1 
3.38673 1 
-0.330189 1 
0.855238 1 
3.03404 1 
-2.72876 1 
-3.52981 1 
-2.51958 1 
-0.39622 1 
-0.549393 1 
0.0621463 1 
-0.071814 1 
0.211492 1 
-0.137153 1 
-0.265336 1 
0.119026 1 
0.257725 1 
-0.959192 1 
-1.07261 1 
1.41121 1 
1.01407 1 
1.12418 1 
1.32542 1 
1.22796 1 
0.484088 1 
-1.18684 1 
-1.31159 1 
1.48535 1 
0.719842 1 
0.924427 1 
-1.60443 1 
-1.48067 1 
1.57617 1 
3.88782 1 
3.66345 1 
1.84497 1 
-3.91154 1 
-3.29712 1 
-3.00706 1 
-2.27981 1 
-1.78432 1 
-2.07704 1 
-1.94185 1 
2.50519 1 
-3.73462 1 
2.28184 1 
-0.00538096 1 
-0.469288 1 
0.165259 1 
-0.20166 1 
-0.639659 1 
-0.740086 1 
0.382464 1 
0.314715 1 
-0.846597 1 
2.73232 1 
0.787043 1 
0.619039 1 
1.68369 1 
-1.41304 1 
ZONE T="boundary2"
4 -0.375 
4 -0.698691 
4 -0.849346 
4 -0.284874 
4 -0.144119 
4 -0.42426 
4 -0.522779 
4 0.458107 
4 0.359653 
4 -0.194063 
4 0.306985 
4 0.0598705 
4 -0.0110424 
4 0.254317 
4 1 
4 0.630501 
4 -0.244007 
4 -0.0775807 
4 0.544304 
4 0.130783 
4 0.19255 
4 -1 
4 -0.325741 
4 -0.774018 
4 -0.473519 
4 0.40888 
4 0.0244141 
4 0.81525 
4 -0.26444 
4 -0.169091 
4 -0.11085 
4 -0.219035 
4 -0.0443115 
4 0.587402 
4 0.333319 
4 0.0953269 
4 -0.610735 
4 0.501206 
4 -0.924673 
4 0.280651 
4 -0.305307 
4 -0.350371 
4 -0.39963 
4 0.161667 
4 0.223433 
ZONE T="boundary3"
-1.68817 -1 
1.44917 -1 
1.11195 -1 
0.0724552 -1 
0.140877 -1 
-0.225051 -1 
-0.308979 -1 
3.42836 -1 
3.10819 -1 
-0.392906 -1 
0.348777 -1 
0.441144 -1 
0.651953 -1 
0.770393 -1 
1.20771 -1 
1.93499 -1 
2.29902 -1 
2.51104 -1 
2.81702 -1 
-1.86326 -1 
-3.74665 -1 
-3.49331 -1 
3.71418 -1 
-2.90542 -1 
-2.49337 -1 
-2.28806 -1 
-3.11216 -1 
0.2093 -1 
0.279038 -1 
0.533512 -1 
-0.151347 -1 
-0.0776436 -1 
-0.00259423 -1 
0.893291 -1 
1.01619 -1 
-0.72595 -1 
-0.60733 -1 
-0.84457 -1 
-0.500118 -1 
1.28371 -1 
1.35971 -1 
1.53863 -1 
1.6608 -1 
1.78297 -1 
-1.28261 -1 
-4 -1 
-1.39784 -1 
-1.51308 -1 
-1.07468 -1 
-1.17864 -1 
-1.96946 -1 
3.85709 -1 
4 -1 
2.08701 -1 
-0.959623 -1 
-3.30273 -1 
-2.69869 -1 
-2.07566 -1 
-2.18186 -1 
0.106666 -1 
-0.267015 -1 
3.26828 -1 
0.394961 -1 
0.711173 -1 
2.40503 -1 
2.66403 -1 
-1.77572 -1 
-2.39072 -1 
-0.350943 -1 
0.313907 -1 
0.487328 -1 
-0.114496 -1 
-0.188199 -1 
0.175088 -1 
0.0349305 -1 
0.244169 -1 
0.95474 -1 
-0.66664 -1 
0.592732 -1 
-0.78526 -1 
-0.553724 -1 
1.15983 -1 
1.32171 -1 
1.06407 -1 
1.4939 -1 
1.24571 -1 
1.40444 -1 
1.59972 -1 
1.72189 -1 
-3.87333 -1 
-1.45546 -1 
-1.34022 -1 
-1.12666 -1 
-1.60063 -1 
-1.91636 -1 
3.92855 -1 
2.19302 -1 
-3.61998 -1 
-0.902096 -1 
-3.39802 -1 
2.011 -1 
1.85898 -1 
2.96261 -1 
-2.12876 -1 
3.57127 -1 
3.78564 -1 
-2.23496 -1 
-2.59603 -1 
-0.0401188 -1 
-0.446512 -1 
-3.20744 -1 
0.831842 -1 
-1.23062 -1 
-1.01715 -1 
-2.02256 -1 
-3.00879 -1 
-2.80205 -1 
ZONE T="boundary4"
-0.281524 0.482047 
-0.102522 0.458722 
-0.127786 0.466462 
-0.625255 0.0274347 
-0.627212 0.0519227 
0.654976 -0.0236132 
-0.619178 0.152656 
0.051803 0.395913 
0.0794164 0.384333 
-0.540993 0.328072 
-0.204213 0.481636 
-0.525913 0.347248 
-0.597006 0.226429 
-0.58773 0.248387 
-0.62723 0.089342 
-0.626439 0.101891 
-0.627622 0.0767568 
-0.613087 0.178095 
-0.56638 0.289693 
-0.57759 0.269354 
-0.605414 0.203366 
-0.22994 0.483561 
-0.554186 0.309243 
-0.0773579 0.449925 
-0.509816 0.365462 
-0.491898 0.383448 
-0.405646 0.44497 
-0.428627 0.432009 
-0.471845 0.40114 
-0.450724 0.417365 
-0.25576 0.483727 
0.64502 0.0584123 
-0.381881 0.456164 
-0.357467 0.465505 
-0.30717 0.47846 
-0.33251 0.47295 
0.624545 0.109683 
-0.62363 0.127224 
-0.178608 0.478061 
-0.153105 0.472951 
-0.0520437 0.440182 
-0.0265482 0.429697 
0.529758 0.215565 
0.553211 0.197162 
0.478198 0.247671 
0.449615 0.261832 
0.357649 0.295854 
0.325388 0.30532 
0.420311 0.274273 
0.593246 0.156634 
0.610157 0.133852 
0.636147 0.0845566 
0.654389 0.00406561 
0.504413 0.232552 
0.107218 0.3732 
-0.000981182 0.41876 
0.0253236 0.407333 
0.136764 0.362082 
0.26073 0.32321 
0.166359 0.351734 
0.292795 0.314381 
0.655011 -0.00972812 
0.630665 0.0972939 
0.651097 0.0315085 
0.574015 0.177904 
0.197449 0.341679 
0.228442 0.332367 
0.389213 0.285671 
-0.115124 0.462731 
-0.626427 0.039665 
0.0655937 0.390075 
-0.533588 0.33777 
-0.626884 0.0956205 
-0.627476 0.0830517 
-0.616325 0.165425 
-0.572121 0.279602 
-0.582796 0.258939 
-0.601357 0.214954 
-0.592503 0.237468 
-0.21707 0.482812 
-0.560412 0.299553 
-0.500993 0.374596 
-0.417251 0.4387 
-0.461421 0.409437 
-0.242855 0.48387 
-0.482016 0.392464 
-0.369761 0.461064 
-0.319892 0.475944 
-0.268662 0.483121 
-0.294383 0.480493 
-0.165832 0.475687 
-0.547713 0.318748 
-0.191393 0.480047 
-0.0392792 0.435002 
-0.517994 0.356474 
0.541658 0.2066 
0.341544 0.300669 
0.435043 0.268254 
0.601983 0.145456 
0.491418 0.240326 
0.0933003 0.378698 
0.0121705 0.413052 
0.0385553 0.401601 
-0.0137569 0.424262 
0.121968 0.367553 
-0.140417 0.469867 
0.309106 0.309882 
0.617663 0.121956 
-0.621602 0.139978 
0.654784 -0.00282723 
-0.625234 0.114583 
0.63349 0.0909618 
0.640928 0.071603 
0.653089 0.0178297 
-0.609434 0.19079 
-0.089913 0.454438 
-0.393865 0.450788 
0.655075 -0.0166706 
-0.439802 0.424884 
0.627686 0.103529 
0.46401 0.254977 
0.151542 0.356816 
0.181892 0.346612 
-0.345058 0.469464 
-0.0646796 0.445144 
0.244584 0.327736 
0.212934 0.336949 
0.27677 0.318781 
0.373472 0.290892 
0.648409 0.0450408 
0.56381 0.187756 
0.583876 0.167498 
0.517228 0.22429 
0.404824 0.28015 
-0.627614 0.0643391 
ZONE T="boundary5"
0.297793 -0.468825 
0.26911 -0.474849 
-0.55899 -0.153032 
-0.544888 -0.173628 
-0.571863 -0.132026 
-0.495788 -0.232935 
-0.621798 0.00334495 
-0.625255 0.0274347 
0.619713 -0.174731 
-0.60287 -0.0663403 
-0.610565 -0.043551 
-0.616885 -0.0203283 
0.654976 -0.0236132 
-0.211872 -0.417173 
-0.239099 -0.40599 
-0.262842 -0.395443 
-0.286286 -0.384255 
-0.306124 -0.374147 
-0.325709 -0.363548 
-0.0456105 -0.466643 
-0.101401 -0.453465 
-0.12907 -0.445676 
0.240313 -0.47949 
-0.0735036 -0.460473 
-0.437773 -0.287658 
-0.513262 -0.213525 
-0.381429 -0.329526 
-0.529623 -0.193789 
-0.477589 -0.251629 
-0.344722 -0.352621 
-0.363449 -0.341189 
-0.418692 -0.302861 
0.602623 -0.215474 
-0.399081 -0.317347 
0.590074 -0.242408 
0.576368 -0.268723 
0.642455 -0.106491 
0.552849 -0.306158 
0.561133 -0.293969 
0.611398 -0.195199 
0.124716 -0.486051 
0.0959569 -0.485046 
0.0674043 -0.483105 
0.0389368 -0.480262 
0.0106319 -0.476557 
-0.0175348 -0.472015 
0.182461 -0.485019 
0.153495 -0.486063 
-0.593841 -0.088665 
0.211359 -0.482858 
-0.458243 -0.269929 
0.326262 -0.461314 
0.381878 -0.441499 
0.35433 -0.452237 
0.434465 -0.414914 
0.408724 -0.429032 
0.459343 -0.398888 
0.482925 -0.381093 
0.544127 -0.318004 
0.52533 -0.340664 
0.505017 -0.361601 
-0.583496 -0.110562 
0.634415 -0.133828 
0.62738 -0.154384 
0.653022 -0.0513574 
-0.184319 -0.427551 
0.648759 -0.0789903 
-0.156831 -0.437006 
0.283489 -0.472012 
-0.552065 -0.163417 
-0.606887 -0.0550019 
-0.623714 0.0153647 
-0.613901 -0.0319861 
-0.225527 -0.411683 
-0.251006 -0.400796 
-0.296236 -0.379262 
-0.315949 -0.368909 
-0.115264 -0.449668 
0.254739 -0.477333 
-0.0595798 -0.463657 
-0.537371 -0.183796 
-0.48678 -0.242372 
-0.521546 -0.203744 
-0.354124 -0.346968 
-0.428304 -0.29535 
-0.372479 -0.33542 
-0.390299 -0.323502 
-0.274603 -0.38993 
-0.619524 -0.00852803 
0.583399 -0.255661 
0.596466 -0.228997 
-0.33525 -0.358146 
0.607066 -0.205361 
0.110332 -0.48567 
0.0531593 -0.481794 
0.02477 -0.478516 
0.167983 -0.485676 
-0.598517 -0.0775674 
0.196921 -0.484082 
-0.0315928 -0.46943 
-0.50462 -0.223317 
-0.468014 -0.260884 
0.312078 -0.465257 
0.368186 -0.447078 
0.421715 -0.422194 
0.471301 -0.390214 
0.534947 -0.329519 
0.515374 -0.351331 
-0.577825 -0.121373 
0.447049 -0.407128 
0.548544 -0.312123 
0.139106 -0.486184 
0.557047 -0.300103 
0.568968 -0.281482 
-0.565563 -0.142613 
0.615616 -0.184989 
-0.40895 -0.310192 
0.630984 -0.144135 
0.623617 -0.164584 
-0.448105 -0.278906 
-0.588823 -0.0996861 
-0.0874781 -0.457067 
0.654303 -0.0375055 
0.638623 -0.120213 
-0.198134 -0.422463 
0.645837 -0.0927919 
-0.00346871 -0.474389 
-0.142982 -0.44144 
0.340361 -0.456975 
0.225855 -0.481328 
0.395402 -0.435484 
0.494158 -0.371562 
0.0816728 -0.484191 
-0.170609 -0.432377 
0.651159 -0.065214 
