ZONE T="boundary0"
-4 -1 
-4 -0.251128 
-4 -0.31915 
-4 -0.0138931 
-4 0.481475 
-4 0.271145 
-4 0.75 
-4 0.144594 
-4 0.572173 
-4 -0.836849 
-4 1 
-4 -0.397601 
-4 -0.476052 
-4 -0.174443 
-4 -0.134047 
-4 0.10523 
-4 0.065866 
-4 -0.0936522 
-4 -0.574875 
-4 -0.673699 
-4 0.330961 
-4 0.390776 
-4 0.301053 
-4 0.207869 
-4 0.239507 
-4 -0.285139 
-4 -0.436827 
-4 -0.154245 
-4 0.085548 
-4 0.0259864 
-4 -0.11385 
-4 -0.624287 
-4 0.526824 
-4 0.436126 
-4 0.661086 
-4 0.360869 
-4 0.875 
-4 -0.918425 
-4 -0.755274 
-4 -0.212785 
-4 0.286099 
-4 0.223688 
-4 0.255326 
-4 0.316007 
-4 0.176232 
-4 0.124912 
-4 -0.358376 
-4 -0.0537727 
-4 -0.525464 
ZONE T="boundary1"
0.0973215 1 
0.22463 1 
0.160976 1 
-0.349557 1 
0.389363 1 
1.59655 1 
3.68098 1 
3.36195 1 
1.30001 1 
1.37414 1 
-3.34852 1 
2.72344 1 
3.0427 1 
-3.76411 1 
-4 1 
-2.27505 1 
-2.05321 1 
-2.49786 1 
-2.72068 1 
2.31231 1 
2.12869 1 
-0.472428 1 
0.306996 1 
0.0298206 1 
-0.112103 1 
-0.186527 1 
-0.227284 1 
-0.268042 1 
-0.0376804 1 
0.682268 1 
0.571244 1 
-0.57522 1 
-0.678012 1 
-0.78586 1 
-0.893707 1 
3.84049 1 
-1.01426 1 
-1.13481 1 
-1.36036 1 
-1.24758 1 
4 1 
-1.57244 1 
-1.4664 1 
3.20232 1 
-3.52821 1 
0.793292 1 
1.52241 1 
0.859584 1 
1.05846 1 
0.925875 1 
-1.70191 1 
-3.16883 1 
1.77081 1 
-2.94475 1 
1.94507 1 
-1.83137 1 
1.17923 1 
1.44828 1 
2.51788 1 
2.03688 1 
0.192803 1 
3.52146 1 
1.33707 1 
-3.88205 1 
-2.16413 1 
-2.60927 1 
2.2205 1 
0.129148 1 
0.063571 1 
0.34818 1 
0.265813 1 
-0.410992 1 
-0.149315 1 
-0.247663 1 
-0.0039299 1 
0.626756 1 
-0.0748919 1 
0.480303 1 
-0.206905 1 
-0.839783 1 
-0.523824 1 
-1.07453 1 
-1.30397 1 
-1.1912 1 
3.92024 1 
-1.51942 1 
3.28214 1 
-3.43837 1 
0.73778 1 
1.55948 1 
0.826438 1 
0.992166 1 
2.88307 1 
-3.25867 1 
-2.83272 1 
1.85794 1 
-2.38645 1 
-1.63717 1 
-1.94229 1 
3.76073 1 
-3.64616 1 
1.11884 1 
1.48535 1 
1.41121 1 
2.62066 1 
2.41509 1 
-3.05679 1 
-0.308799 1 
-0.953982 1 
-0.626616 1 
0.892729 1 
-1.41338 1 
1.23962 1 
1.99097 1 
2.08278 1 
1.68368 1 
3.12251 1 
-1.76664 1 
-0.731936 1 
ZONE T="boundary2"
4 -0.693198 
4 -0.154733 
4 0.0606646 
4 0.142877 
4 0.507334 
4 0.686276 
4 0.790851 
4 0.310427 
4 0.22509 
4 -0.016157 
4 -0.216487 
4 -0.503312 
4 -0.428633 
4 -0.353953 
4 -0.391293 
4 1 
4 -0.598255 
4 -1 
4 -0.846599 
4 0.253536 
4 0.281981 
4 0.338872 
4 0.38592 
4 0.432967 
4 0.581702 
4 -0.319587 
4 -0.28522 
4 -0.250854 
4 -0.0929787 
4 0.101771 
4 0.738564 
4 0.183984 
4 0.0222538 
4 -0.465973 
4 -0.372623 
4 0.895425 
4 -0.550784 
4 -0.645726 
4 -0.923299 
4 0.239313 
4 0.267758 
4 0.324649 
4 0.362396 
4 0.296204 
4 0.409443 
4 0.470151 
4 0.544518 
4 0.633989 
4 -0.33677 
4 -0.23367 
4 -0.302403 
4 -0.18561 
4 -0.409963 
4 -0.123856 
4 -0.769898 
4 -0.268037 
4 -0.0545679 
ZONE T="boundary3"
-3.58478 -1 
-4 -1 
-1.75914 -1 
-1.62012 -1 
-1.19832 -1 
-1.38912 -1 
-1.31584 -1 
-0.152245 -1 
-0.190352 -1 
-2.73577 -1 
-2.89991 -1 
-1.46241 -1 
-0.367255 -1 
-0.297857 -1 
-0.228459 -1 
0.426907 -1 
-0.489718 -1 
1.35971 -1 
-3.06404 -1 
3.24636 -1 
3.46342 -1 
-3.32441 -1 
-2.49747 -1 
-2.25916 -1 
-0.961909 -1 
-1.08081 -1 
3.0293 -1 
2.14122 -1 
2.35805 -1 
1.78297 -1 
2.52586 -1 
2.69367 -1 
-0.0776436 -1 
0.147952 -1 
-0.84301 -1 
-0.727596 -1 
-0.612181 -1 
0.2093 -1 
0.270647 -1 
0.533512 -1 
0.0724552 -1 
0.900669 -1 
1.01619 -1 
1.13171 -1 
1.20771 -1 
1.28371 -1 
0.348777 -1 
3.86585 -1 
0.770393 -1 
0.705256 -1 
0.640118 -1 
1.53863 -1 
3.73171 -1 
-1.89816 -1 
1.43571 -1 
1.92439 -1 
2.86149 -1 
4 -1 
1.64156 -1 
-2.07866 -1 
-0.00304192 -1 
0.835531 -1 
-3.79239 -1 
-1.68963 -1 
-1.35248 -1 
-0.171299 -1 
-2.81784 -1 
-1.54127 -1 
-0.263158 -1 
-0.428486 -1 
3.35489 -1 
-3.45459 -1 
-2.37831 -1 
-1.02136 -1 
2.24963 -1 
2.60977 -1 
-0.209406 -1 
-0.114945 -1 
-0.785303 -1 
-0.669888 -1 
0.239973 -1 
-0.332556 -1 
0.958429 -1 
1.24571 -1 
-0.550949 -1 
0.387842 -1 
-1.13957 -1 
-1.42577 -1 
-1.25708 -1 
-0.90246 -1 
0.737824 -1 
0.586815 -1 
3.13783 -1 
-2.61662 -1 
-2.98197 -1 
3.59756 -1 
1.16971 -1 
1.85368 -1 
2.94539 -1 
-3.19422 -1 
3.79878 -1 
1.71226 -1 
2.44195 -1 
2.77758 -1 
-2.16891 -1 
-1.98841 -1 
-1.82865 -1 
2.0328 -1 
-0.0403429 -1 
0.309712 -1 
0.110204 -1 
0.480209 -1 
0.0347066 -1 
0.178626 -1 
1.07395 -1 
0.672687 -1 
1.48717 -1 
1.39771 -1 
1.32171 -1 
3.93293 -1 
0.802962 -1 
0.8681 -1 
1.59009 -1 
ZONE T="boundary4"
-0.163207 0.523038 
-0.135275 0.528529 
-0.601264 0.160796 
-0.610735 0.1361 
0.0615142 0.526596 
0.0888316 0.52019 
0.0338647 0.531413 
0.645008 -0.0352067 
0.641326 -0.00929848 
-0.632153 0.0374521 
-0.107113 0.532648 
-0.0788665 0.535352 
-0.495923 0.32671 
-0.629352 0.0619218 
-0.618607 0.111341 
-0.624828 0.0865849 
-0.590307 0.185288 
-0.567058 0.228957 
-0.57899 0.207633 
-0.554569 0.249422 
0.584023 0.111624 
0.565647 0.13372 
-0.0505207 0.536614 
-0.512484 0.307432 
-0.438683 0.382992 
-0.459597 0.364037 
-0.478572 0.345306 
-0.541296 0.26939 
-0.527287 0.288697 
-0.416943 0.401036 
-0.371182 0.434224 
-0.347225 0.449305 
-0.271488 0.488048 
-0.297329 0.47626 
-0.322604 0.463325 
-0.394436 0.41812 
-0.245072 0.498671 
-0.218191 0.508066 
-0.19086 0.516207 
-0.0222833 0.536398 
0.00593661 0.534671 
-0.633221 0.0132336 
0.316259 0.386869 
0.339538 0.364366 
0.268365 0.428401 
0.292312 0.408521 
0.244069 0.446636 
0.43307 0.267073 
0.456162 0.243175 
0.47953 0.219802 
0.409781 0.291569 
0.502126 0.197909 
0.115849 0.51214 
0.194174 0.477983 
0.219318 0.463193 
0.142405 0.502449 
0.168491 0.491085 
0.524668 0.176159 
0.545558 0.155306 
0.643498 -0.0221913 
0.634951 0.0162532 
0.625931 0.0412021 
0.600382 0.0888142 
0.363173 0.340413 
0.386481 0.316122 
0.614354 0.0654241 
-0.149275 0.525953 
-0.606174 0.148515 
0.0752199 0.523593 
0.0477239 0.529202 
-0.0930066 0.534178 
-0.630963 0.049711 
-0.621913 0.0990123 
-0.614857 0.12378 
-0.595946 0.173114 
-0.573127 0.218353 
-0.584771 0.196523 
-0.560909 0.239248 
0.575012 0.12282 
-0.0647018 0.536165 
-0.504303 0.317157 
-0.449244 0.373628 
-0.469182 0.35477 
-0.487341 0.336096 
-0.534391 0.279116 
-0.359286 0.441896 
-0.51998 0.298139 
-0.284475 0.4823 
-0.334992 0.456451 
-0.382897 0.426299 
-0.405782 0.409701 
-0.258341 0.493511 
-0.204573 0.512298 
-0.121219 0.530762 
-0.0364006 0.536692 
-0.548033 0.259473 
-0.231686 0.503525 
-0.00816169 0.535726 
-0.632902 0.0253523 
-0.310039 0.469934 
0.327978 0.3757 
0.280452 0.418598 
0.256335 0.437677 
0.444577 0.255087 
0.467789 0.231431 
-0.627294 0.0742908 
0.421413 0.27931 
0.0199234 0.533236 
0.304389 0.39781 
0.102401 0.516367 
-0.427911 0.392132 
0.206855 0.470774 
0.155535 0.496966 
0.181432 0.484729 
0.644337 -0.0286893 
0.638469 0.00355977 
0.642495 -0.0157309 
0.630757 0.0288417 
0.535183 0.165803 
0.129201 0.507496 
0.513417 0.187055 
-0.177075 0.519787 
0.23181 0.455089 
0.351412 0.352445 
0.398137 0.303852 
0.374855 0.328295 
0.592426 0.100379 
0.555729 0.144631 
0.607627 0.0772736 
0.620434 0.0534524 
0.490799 0.208826 
ZONE T="boundary5"
0.125626 -0.4279 
-0.620133 -0.0798393 
-0.626004 -0.0572504 
0.645008 -0.0352067 
0.64604 -0.0612955 
0.60433 -0.214048 
0.616115 -0.18938 
-0.265829 -0.355278 
-0.237366 -0.363397 
-0.28713 -0.348841 
-0.308344 -0.342072 
-0.0681505 -0.402983 
-0.124022 -0.391444 
-0.152052 -0.385084 
-0.180469 -0.37826 
-0.208802 -0.371068 
-0.369847 -0.319787 
-0.389579 -0.311528 
0.590977 -0.238138 
-0.565383 -0.183364 
-0.408499 -0.302938 
-0.0959124 -0.397445 
-0.329198 -0.33501 
-0.349915 -0.32752 
-0.43898 -0.2874 
-0.427129 -0.29372 
0.426867 -0.381891 
0.401079 -0.392541 
-0.450663 -0.280776 
-0.49403 -0.251994 
-0.472987 -0.266866 
-0.532367 -0.219442 
-0.513821 -0.236173 
-0.592264 -0.144057 
-0.603252 -0.123287 
0.209006 -0.428552 
-0.549595 -0.201827 
-0.630143 -0.0341822 
0.0150281 -0.416957 
0.153373 -0.428942 
0.0979097 -0.426121 
0.070277 -0.423672 
0.042603 -0.420595 
-0.612549 -0.101859 
0.181172 -0.429184 
0.292344 -0.420623 
0.264623 -0.424358 
0.236834 -0.426971 
0.640585 -0.113275 
-0.012683 -0.412775 
-0.0402968 -0.408123 
0.319977 -0.415665 
0.347375 -0.409396 
0.374456 -0.401716 
0.452086 -0.369527 
0.499323 -0.339835 
0.63442 -0.138937 
-0.633221 0.0132336 
0.57603 -0.261338 
-0.579633 -0.164087 
0.621368 -0.176924 
0.626201 -0.164321 
0.520798 -0.322664 
0.540946 -0.303717 
-0.632551 -0.0106606 
0.644518 -0.0873514 
0.559387 -0.283237 
0.476309 -0.355506 
-0.623286 -0.0686014 
0.645851 -0.0482382 
0.61041 -0.201804 
-0.276491 -0.352098 
-0.297751 -0.345501 
-0.138047 -0.388308 
-0.251614 -0.359396 
-0.194648 -0.374711 
-0.379742 -0.315727 
0.597839 -0.226196 
-0.359905 -0.323715 
-0.417855 -0.298411 
0.414055 -0.387415 
-0.318788 -0.33859 
-0.444843 -0.284127 
-0.483619 -0.259585 
-0.523221 -0.227948 
-0.597958 -0.133778 
-0.109977 -0.394491 
-0.541123 -0.210774 
-0.628293 -0.0457557 
0.139495 -0.428517 
0.111762 -0.427099 
0.0564318 -0.422207 
0.0288067 -0.418843 
0.195091 -0.428982 
0.222927 -0.427885 
0.00116319 -0.414928 
-0.0542333 -0.405606 
0.387833 -0.397321 
0.439579 -0.375919 
0.333715 -0.412699 
0.278503 -0.422636 
0.360966 -0.405737 
0.250741 -0.425798 
0.583713 -0.249873 
-0.586136 -0.154191 
0.618791 -0.183173 
0.623838 -0.170643 
0.637763 -0.126169 
0.0840862 -0.424977 
-0.339577 -0.331322 
-0.504043 -0.24423 
-0.082041 -0.400262 
-0.223098 -0.367285 
-0.399072 -0.307307 
0.630543 -0.151704 
0.167271 -0.429167 
-0.166272 -0.381717 
0.306189 -0.418301 
0.510228 -0.33146 
-0.0264993 -0.410505 
-0.616555 -0.0909227 
-0.631567 -0.0224439 
-0.633104 0.00128038 
-0.461924 -0.273979 
-0.433074 -0.290597 
-0.557648 -0.192732 
-0.608108 -0.112663 
0.645589 -0.0743415 
0.642839 -0.100357 
0.531066 -0.313397 
0.567932 -0.272458 
0.550381 -0.29367 
-0.572683 -0.173855 
0.487963 -0.347887 
0.464322 -0.362732 
