ZONE T="boundary0"
-4 -0.439631 
-4 -1 
-4 -0.804502 
-4 -0.218145 
-4 -0.275468 
-4 -0.153147 
-4 -0.00806148 
-4 0.139644 
-4 0.346079 
-4 0.310072 
-4 -0.0806044 
-4 -0.332791 
-4 -0.386211 
-4 -0.609004 
-4 0.206854 
-4 0.240459 
-4 0.274064 
-4 0.418095 
-4 0.467591 
-4 0.80804 
-4 0.517087 
-4 0.61608 
-4 1 
-4 -0.902251 
-4 -0.246807 
-4 -0.185646 
-4 0.0657914 
-4 0.328075 
-4 -0.116876 
-4 -0.304129 
-4 -0.412921 
-4 -0.524317 
-4 -0.044333 
-4 -0.706753 
-4 0.223656 
-4 0.442843 
-4 0.382087 
-4 0.492339 
-4 0.71206 
-4 0.90402 
-4 -0.359501 
-4 0.257261 
-4 0.292068 
-4 0.173249 
-4 0.566583 
ZONE T="boundary1"
3.77743 1 
3.55487 1 
0.40686 1 
0.315357 1 
-0.814977 1 
0.697619 1 
0.627495 1 
0.0769298 1 
-0.953302 1 
-1.19025 1 
-1.28887 1 
-1.40905 1 
-1.52924 1 
1.27459 1 
0.907993 1 
-1.73259 1 
2.98545 1 
2.8451 1 
-1.92649 1 
3.1258 1 
1.67402 1 
1.85018 1 
-2.31504 1 
-2.50968 1 
-3.07608 1 
-2.1204 1 
2.63752 1 
2.42995 1 
-3.32104 1 
-3.566 1 
-0.19229 1 
0.0104613 1 
-0.124149 1 
-0.0560072 1 
-0.698643 1 
-0.338151 1 
0.150392 1 
0.223855 1 
-0.418169 1 
-0.498186 1 
0.517177 1 
-0.598415 1 
-1.09163 1 
1.16417 1 
0.767744 1 
1.03608 1 
1.45727 1 
4 1 
-3.783 1 
-4 1 
3.34033 1 
-2.65128 1 
2.02633 1 
2.22814 1 
1.38502 1 
1.52952 1 
-2.79288 1 
-0.265221 1 
3.66615 1 
0.361108 1 
0.662557 1 
-0.884139 1 
-1.23956 1 
-1.46914 1 
-1.63091 1 
2.91527 1 
3.05562 1 
1.7621 1 
-2.41236 1 
2.53374 1 
-3.44352 1 
0.0436956 1 
-0.090078 1 
-0.75681 1 
0.187124 1 
0.113661 1 
-0.15822 1 
-0.458177 1 
-1.34896 1 
0.462018 1 
0.269606 1 
-0.648529 1 
0.572336 1 
-1.02246 1 
-1.14094 1 
0.837868 1 
0.732682 1 
1.21938 1 
3.88872 1 
-3.19856 1 
-2.02345 1 
-3.6745 1 
-3.8915 1 
3.23306 1 
-1.82954 1 
3.4476 1 
1.93825 1 
2.32904 1 
2.12723 1 
2.74131 1 
1.42114 1 
-2.21772 1 
-2.58048 1 
-2.93448 1 
-0.0227729 1 
-0.301686 1 
-0.5483 1 
-0.37816 1 
-0.228756 1 
-2.72208 1 
1.60177 1 
1.10012 1 
0.972037 1 
1.49339 1 
1.3298 1 
ZONE T="boundary2"
4 -0.31776 
4 -0.354494 
4 -0.843245 
4 -0.68649 
4 -0.411367 
4 -0.240011 
4 0.502504 
4 0.291093 
4 0.360016 
4 -0.198996 
4 -0.0582262 
4 0.0201505 
4 0.222169 
4 0.685792 
4 0.842896 
4 -0.281026 
4 -0.128611 
4 0.0985272 
4 0.400712 
4 0.441408 
4 0.160348 
4 -0.577365 
4 -0.46824 
4 -1 
4 1 
4 0.5636 
4 -0.336127 
4 -0.764868 
4 -0.38293 
4 0.325554 
4 -0.0190378 
4 -0.219504 
4 -0.163804 
4 -0.260518 
4 -0.0934187 
4 0.42106 
4 0.380364 
4 0.0593388 
4 0.191259 
4 -0.522803 
4 -0.631928 
4 -0.921623 
4 0.921448 
4 0.764344 
4 -0.299393 
4 0.256631 
4 0.129438 
4 -0.439804 
4 0.533052 
4 0.471956 
4 0.624696 
ZONE T="boundary3"
-4 -1 
-3.80418 -1 
-0.114706 -1 
-0.993804 -1 
0.802594 -1 
1.15894 -1 
0.0840471 -1 
0.145696 -1 
-3.37082 -1 
-0.51912 -1 
1.26256 -1 
-0.760177 -1 
-0.639397 -1 
-0.398842 -1 
-0.299343 -1 
2.53988 -1 
3.0459 -1 
2.04769 -1 
2.88694 -1 
2.71341 -1 
-2.2382 -1 
-2.5275 -1 
3.60244 -1 
3.20487 -1 
2.29378 -1 
-3.60835 -1 
1.34258 -1 
-3.21033 -1 
-3.04985 -1 
-2.91926 -1 
0.445856 -1 
0.536515 -1 
0.280836 -1 
0.213266 -1 
0.0223979 -1 
-0.0461542 -1 
0.363346 -1 
0.627173 -1 
0.714883 -1 
0.909633 -1 
-0.880958 -1 
-0.199844 -1 
0.982482 -1 
1.05533 -1 
1.42261 -1 
4 -1 
3.80122 -1 
-1.31675 -1 
-1.2117 -1 
-1.10665 -1 
-1.42938 -1 
-1.54201 -1 
-1.7114 -1 
-2.78867 -1 
-2.05949 -1 
-1.88078 -1 
1.81518 -1 
1.6189 -1 
-3.90209 -1 
0.114872 -1 
-0.699787 -1 
-0.349092 -1 
2.80017 -1 
-2.38285 -1 
3.40365 -1 
3.12539 -1 
2.41683 -1 
-3.70627 -1 
-3.13009 -1 
0.247051 -1 
-0.0118781 -1 
0.0532225 -1 
-0.458981 -1 
0.404601 -1 
0.581844 -1 
0.856114 -1 
-0.820568 -1 
-0.157275 -1 
0.491185 -1 
0.758739 -1 
0.671028 -1 
1.01891 -1 
-0.579258 -1 
1.21075 -1 
1.3826 -1 
1.10714 -1 
3.90061 -1 
3.70183 -1 
-1.26423 -1 
-1.15918 -1 
-1.05023 -1 
1.30257 -1 
-1.37307 -1 
-1.4857 -1 
-3.48959 -1 
2.62664 -1 
-2.65809 -1 
-2.14885 -1 
-1.97014 -1 
2.96642 -1 
1.93143 -1 
-1.62671 -1 
-1.79609 -1 
-3.29058 -1 
1.71704 -1 
1.52076 -1 
2.17073 -1 
0.946058 -1 
0.322091 -1 
0.179481 -1 
-0.0804303 -1 
-0.249593 -1 
-0.937381 -1 
-2.85397 -1 
-2.98456 -1 
ZONE T="boundary4"
0.64212 -0.0120558 
0.642929 -0.0310491 
-0.60838 0.0307325 
-0.610605 0.0520633 
-0.473972 0.409595 
-0.458376 0.42412 
-0.369463 0.48337 
-0.349366 0.492108 
0.610318 0.0986934 
0.599507 0.116775 
-0.604649 0.161772 
-0.328927 0.499447 
-0.549925 0.311068 
-0.575563 0.259011 
-0.567793 0.276642 
0.453005 0.232833 
0.477453 0.221403 
0.248423 0.296759 
0.220197 0.306134 
-0.528348 0.345135 
-0.611722 0.0736689 
-0.611701 0.0955496 
-0.600012 0.183727 
-0.594918 0.20332 
-0.582701 0.240817 
-0.589131 0.222324 
-0.610519 0.117561 
-0.559213 0.294068 
0.584896 0.136964 
0.640161 0.00673548 
-0.539489 0.328364 
-0.515946 0.362117 
-0.502831 0.378451 
0.632538 0.0437831 
0.636966 0.0254595 
0.409621 0.249573 
0.431424 0.241641 
-0.44215 0.437755 
-0.488743 0.394406 
-0.425 0.450679 
-0.407284 0.462556 
0.319461 0.276354 
0.339737 0.270787 
-0.388616 0.47357 
-0.263925 0.512999 
-0.28613 0.510001 
-0.241739 0.51434 
0.539367 0.182222 
0.549468 0.173818 
-0.150817 0.502722 
-0.196459 0.511992 
-0.218974 0.514011 
-0.127705 0.495387 
0.528972 0.190151 
0.391909 0.255445 
-0.0823107 0.475957 
-0.0593256 0.463762 
-0.608167 0.13966 
0.568695 0.155496 
0.356964 0.26595 
0.374099 0.260946 
0.19182 0.316759 
0.516508 0.198829 
-0.105027 0.486492 
-0.035216 0.449531 
-0.0112013 0.434224 
0.27381 0.289099 
0.299061 0.281955 
0.160805 0.330044 
0.130163 0.345097 
0.0990476 0.362403 
0.626786 0.0618944 
0.619732 0.0795665 
0.503693 0.206933 
-0.307619 0.505499 
-0.173455 0.508187 
0.0144459 0.417126 
0.0686125 0.38112 
0.0413117 0.399029 
0.642666 -0.021546 
-0.609631 0.0413846 
-0.466262 0.416959 
-0.359481 0.487903 
0.605094 0.107845 
-0.339203 0.495948 
-0.57177 0.267869 
0.465301 0.2273 
0.234288 0.301323 
-0.611856 0.084611 
-0.597569 0.193553 
-0.586004 0.231603 
-0.602466 0.17278 
-0.579223 0.249952 
-0.611255 0.106565 
-0.592119 0.212853 
-0.563595 0.285403 
-0.554657 0.302619 
0.592437 0.127044 
0.641289 -0.00264422 
-0.534008 0.336813 
-0.50948 0.370362 
-0.522242 0.353699 
0.63491 0.0346602 
0.420552 0.245705 
-0.450347 0.431046 
-0.495879 0.386515 
-0.416222 0.456744 
0.329604 0.273578 
-0.398027 0.468204 
-0.611305 0.0628603 
-0.275054 0.511704 
0.544462 0.178076 
-0.207704 0.513211 
-0.139213 0.49926 
0.534209 0.186242 
0.400779 0.252561 
-0.0707615 0.470012 
-0.5448 0.319775 
-0.481446 0.402094 
-0.37911 0.478619 
-0.609487 0.128628 
0.442254 0.237354 
-0.433659 0.444336 
0.365539 0.263475 
0.348356 0.268386 
0.205969 0.311293 
0.522785 0.194564 
-0.0472175 0.456781 
0.261108 0.292857 
0.176255 0.323191 
0.1454 0.337364 
0.114512 0.353552 
0.309262 0.279146 
0.559287 0.164883 
0.629824 0.0528911 
0.623419 0.0707957 
0.383015 0.258237 
0.63872 0.0161248 
0.490698 0.214423 
-0.252845 0.513874 
-0.230357 0.514391 
-0.116311 0.491125 
-0.0936112 0.481395 
-0.606549 0.150741 
-0.296912 0.507941 
-0.162098 0.505658 
-0.0231738 0.441971 
-0.318321 0.50266 
-0.184931 0.510305 
0.00163546 0.425728 
0.0549145 0.390006 
0.0278612 0.408071 
0.083748 0.371613 
0.615221 0.0892281 
0.577001 0.146416 
0.510142 0.202951 
0.286432 0.285485 
ZONE T="boundary5"
-0.354124 -0.342151 
0.632534 -0.126409 
-0.532779 -0.163286 
-0.520651 -0.180641 
0.642929 -0.0310491 
-0.564842 -0.108681 
-0.60838 0.0307325 
-0.605083 0.00972209 
0.62828 -0.145401 
0.622421 -0.168586 
-0.544226 -0.145501 
-0.581942 -0.0706653 
-0.600755 -0.0109346 
-0.57383 -0.0898501 
-0.589149 -0.0511332 
-0.595434 -0.0312108 
-0.242356 -0.407261 
-0.221301 -0.417222 
-0.263144 -0.396776 
-0.302115 -0.375242 
-0.282766 -0.386253 
-0.320094 -0.364409 
-0.106096 -0.461185 
-0.0815288 -0.46844 
-0.177006 -0.436152 
-0.153844 -0.445017 
-0.199283 -0.426965 
-0.48154 -0.229342 
-0.494961 -0.213646 
-0.454705 -0.258215 
-0.468317 -0.243971 
-0.507922 -0.197547 
-0.441385 -0.271373 
-0.385146 -0.319566 
-0.337799 -0.353131 
-0.370175 -0.330765 
-0.427691 -0.284135 
-0.399831 -0.307983 
-0.413922 -0.296251 
0.204847 -0.502122 
-0.130441 -0.453289 
0.576487 -0.297385 
0.488157 -0.40594 
0.5013 -0.394782 
0.306126 -0.48879 
0.271461 -0.495217 
0.551024 -0.339288 
0.542398 -0.350873 
0.141798 -0.502976 
0.111531 -0.501627 
0.0813412 -0.49921 
-0.030065 -0.481381 
-0.00304212 -0.48698 
0.0526807 -0.495951 
-0.0558979 -0.475262 
0.173332 -0.503189 
0.237709 -0.499549 
0.387719 -0.464034 
0.412112 -0.45336 
-0.555008 -0.127158 
0.642648 -0.0501285 
0.323538 -0.484725 
0.364396 -0.472689 
0.340799 -0.48009 
0.475633 -0.415595 
0.462703 -0.424686 
0.436038 -0.441026 
0.533274 -0.362073 
0.513878 -0.382962 
0.564423 -0.318928 
0.636218 -0.107297 
0.639188 -0.0882861 
0.586094 -0.277271 
0.594696 -0.256337 
0.641372 -0.0691698 
0.609909 -0.211835 
0.603419 -0.231918 
0.615997 -0.191612 
0.0241548 -0.491791 
-0.526795 -0.17202 
-0.606867 0.0202072 
0.625429 -0.157014 
-0.60305 -0.000632804 
-0.577996 -0.0803042 
-0.585661 -0.0609415 
-0.592412 -0.0412095 
0.630472 -0.13592 
-0.23186 -0.412307 
-0.272988 -0.391575 
-0.292476 -0.380809 
-0.311138 -0.369881 
-0.0938375 -0.464894 
-0.165455 -0.440659 
-0.210324 -0.422164 
-0.488306 -0.221543 
-0.461561 -0.251142 
-0.514358 -0.189149 
-0.569441 -0.0993157 
-0.345995 -0.347691 
-0.377695 -0.325213 
-0.59822 -0.0211051 
-0.406916 -0.302164 
0.494797 -0.400443 
-0.392527 -0.313823 
0.288843 -0.49226 
-0.448092 -0.264842 
-0.362185 -0.336509 
0.0964256 -0.50055 
-0.0165748 -0.484278 
0.0669974 -0.497695 
-0.0430037 -0.478411 
0.157564 -0.503238 
0.399998 -0.458883 
0.642919 -0.0405903 
0.332188 -0.48248 
0.469217 -0.420211 
0.449538 -0.433129 
0.481948 -0.410838 
-0.53859 -0.15445 
0.523798 -0.372726 
0.507663 -0.388953 
-0.501502 -0.205647 
0.376116 -0.468517 
0.424177 -0.447391 
0.537896 -0.356523 
0.570643 -0.308266 
0.637793 -0.0978055 
0.590529 -0.266861 
0.546773 -0.345128 
0.557906 -0.329231 
0.581438 -0.287401 
0.606719 -0.221896 
0.613 -0.201739 
0.599182 -0.244175 
-0.328982 -0.358826 
0.634454 -0.116868 
-0.560024 -0.117973 
-0.549713 -0.136386 
-0.474977 -0.236702 
0.352644 -0.476535 
0.314849 -0.486828 
-0.434584 -0.277804 
0.642128 -0.0596566 
0.640385 -0.0787398 
0.619273 -0.180118 
-0.118296 -0.457317 
-0.14217 -0.449228 
-0.252784 -0.402084 
-0.0687379 -0.471939 
-0.188174 -0.431629 
0.126659 -0.502438 
0.0105378 -0.489485 
0.0384007 -0.493983 
0.221294 -0.501028 
-0.420848 -0.290241 
0.254615 -0.497604 
0.189096 -0.502821 
