ZONE T="boundary0"
-4 -0.673699 
-4 -0.599581 
-4 0.109276 
-4 0.277324 
-4 0.239507 
-4 0.572173 
-4 -0.461533 
-4 -0.525464 
-4 -0.397601 
-4 -0.20851 
-4 0.481475 
-4 1 
-4 0.786086 
-4 -0.170224 
-4 -0.0138931 
-4 -0.0936522 
-4 0.065866 
-4 0.196097 
-4 0.152687 
-4 0.390776 
-4 -0.836849 
-4 -1 
-4 -0.3599 
-4 -0.322199 
-4 -0.284498 
-4 -0.131938 
-4 -0.246796 
-4 0.352959 
-4 0.315142 
-4 0.258416 
-4 -0.493498 
-4 0.893043 
-4 -0.63664 
-4 -0.429567 
-4 -0.562522 
-4 -0.0537727 
-4 0.0259864 
-4 0.174392 
-4 0.67913 
-4 -0.755274 
-4 -0.918425 
-4 -0.303348 
-4 -0.227653 
-4 -0.112795 
-4 0.33405 
-4 0.371868 
-4 0.217802 
-4 0.0875711 
-4 0.130981 
-4 0.526824 
-4 0.436126 
-4 -0.189367 
-4 -0.151081 
-4 -0.265647 
-4 -0.378751 
-4 -0.34105 
-4 0.296233 
ZONE T="boundary1"
1.27669 1 
0.959021 1 
-0.169694 1 
-0.105418 1 
-0.57522 1 
-1.13092 1 
-1.01426 1 
1.64661 1 
3.76067 1 
0.751456 1 
0.820644 1 
2.84589 1 
2.64908 1 
2.13417 1 
-3.00706 1 
-3.18078 1 
-2.41499 1 
-2.83335 1 
-4 1 
2.52035 1 
2.39163 1 
1.77081 1 
-2.27554 1 
1.52241 1 
0.0953981 1 
0.164692 1 
-0.498351 1 
0.551837 1 
-0.0411414 1 
-0.68054 1 
-0.78586 1 
-0.298759 1 
-0.36012 1 
-0.421481 1 
0.0271284 1 
-0.234227 1 
0.233986 1 
0.280841 1 
1.44828 1 
1.37414 1 
-0.900059 1 
-1.24758 1 
1.17923 1 
1.06913 1 
0.889833 1 
0.682268 1 
0.421406 1 
-1.4664 1 
-1.35699 1 
-1.67198 1 
3.52135 1 
3.28202 1 
3.40169 1 
-3.76411 1 
3.0427 1 
-3.35449 1 
-3.52821 1 
-2.55444 1 
2.2629 1 
1.95249 1 
-1.87756 1 
-2.07655 1 
0.327696 1 
4 1 
-0.137556 1 
-1.07259 1 
0.78605 1 
2.74749 1 
-3.09392 1 
2.58472 1 
2.45599 1 
-2.34526 1 
0.130045 1 
-0.536785 1 
-0.0732795 1 
-0.7332 1 
-0.390801 1 
0.257413 1 
1.41121 1 
-0.957158 1 
-0.842959 1 
1.70871 1 
1.58451 1 
1.22796 1 
1.48535 1 
1.32542 1 
1.12418 1 
1.01407 1 
0.855238 1 
0.716862 1 
-1.18925 1 
0.486621 1 
-1.4117 1 
-1.56919 1 
-1.30229 1 
3.64101 1 
3.34185 1 
-3.88205 1 
3.16236 1 
-3.26764 1 
-3.44135 1 
-3.64616 1 
-2.69389 1 
2.04333 1 
3.46152 1 
-1.77477 1 
-1.97705 1 
-2.17604 1 
-2.48472 1 
2.19854 1 
2.32726 1 
-2.9202 1 
-0.00700651 1 
-0.32944 1 
-0.459916 1 
-0.266493 1 
0.0612632 1 
0.199339 1 
0.304268 1 
-0.20196 1 
3.88034 1 
1.86165 1 
0.374551 1 
2.94429 1 
-0.62788 1 
0.924427 1 
0.617052 1 
ZONE T="boundary2"
4 -0.598255 
4 -0.325741 
4 -0.244007 
4 -0.202793 
4 -0.144119 
4 -0.799127 
4 -0.522779 
4 -0.0854449 
4 0.198207 
4 0.254317 
4 0.130783 
4 0.0633602 
4 0.359653 
4 -0.366261 
4 -0.447303 
4 -1 
4 -0.0110424 
4 0.310427 
4 0.282372 
4 0.40888 
4 0.507334 
4 0.458107 
4 -0.28522 
4 0.596805 
4 0.686276 
4 1 
4 -0.2234 
4 -0.173456 
4 -0.560517 
4 -0.114782 
4 0.226262 
4 0.164495 
4 0.0970718 
4 -0.485041 
4 -0.698691 
4 -0.899564 
4 -0.0482436 
4 0.0261589 
4 0.296399 
4 0.268344 
4 0.384267 
4 0.33504 
4 0.482721 
4 -0.30548 
4 0.641541 
4 0.433494 
4 0.55207 
4 -0.264613 
4 -0.346001 
4 -0.406782 
4 0.843138 
ZONE T="boundary3"
-3.8311 -1 
-3.6622 -1 
-1.29372 -1 
-1.86326 -1 
-1.64787 -1 
-1.46286 -1 
3.42836 -1 
-0.152245 -1 
1.28371 -1 
0.2093 -1 
-0.228459 -1 
1.53863 -1 
-1.18692 -1 
1.64156 -1 
1.78297 -1 
-0.844753 -1 
-0.726705 -1 
3.80519 -1 
-3.11216 -1 
-2.89991 -1 
-2.69869 -1 
-2.07866 -1 
2.51104 -1 
2.66403 -1 
-0.367255 -1 
-0.297857 -1 
0.0724552 -1 
-0.0776436 -1 
0.770393 -1 
-0.608657 -1 
-0.487956 -1 
0.348777 -1 
0.426907 -1 
0.147952 -1 
0.270647 -1 
0.640118 -1 
0.533512 -1 
0.900669 -1 
1.01619 -1 
1.13171 -1 
1.43571 -1 
-4 -1 
-1.08012 -1 
-0.962434 -1 
1.92439 -1 
3.61037 -1 
-3.32441 -1 
-3.49331 -1 
-1.37829 -1 
2.14122 -1 
3.24636 -1 
2.24963 -1 
2.35805 -1 
2.81702 -1 
-2.49747 -1 
-2.28806 -1 
4 -1 
3.10819 -1 
-0.00304192 -1 
2.97002 -1 
-3.74665 -1 
-1.75557 -1 
-1.55536 -1 
-0.190352 -1 
1.71226 -1 
-0.785729 -1 
-3.00603 -1 
2.58754 -1 
-0.332556 -1 
-0.114945 -1 
-0.548306 -1 
0.387842 -1 
-0.263158 -1 
0.239973 -1 
0.178626 -1 
0.958429 -1 
0.309712 -1 
-0.427605 -1 
1.07395 -1 
1.20771 -1 
1.35971 -1 
1.59009 -1 
0.835531 -1 
0.480209 -1 
0.705256 -1 
-3.91555 -1 
-1.02128 -1 
1.48717 -1 
3.70778 -1 
-3.40886 -1 
-1.13352 -1 
-1.24032 -1 
-1.42058 -1 
3.51937 -1 
-3.57775 -1 
3.33736 -1 
2.30384 -1 
2.74053 -1 
-2.39276 -1 
-2.59808 -1 
3.90259 -1 
1.85368 -1 
-3.21828 -1 
-2.7993 -1 
-1.97096 -1 
-0.667681 -1 
0.110204 -1 
-0.0403427 -1 
0.0347066 -1 
-0.903593 -1 
2.0328 -1 
3.0391 -1 
3.17727 -1 
0.586815 -1 
-1.33601 -1 
-2.18336 -1 
2.19542 -1 
2.43454 -1 
2.89352 -1 
ZONE T="boundary4"
-0.604588 0.174178 
-0.184327 0.520213 
0.653134 -0.0196363 
-0.623223 0.0252292 
0.638852 0.0459038 
0.628382 0.0708043 
0.653968 -0.0330981 
-0.456522 0.399949 
-0.435348 0.417785 
-0.62367 0.0740061 
-0.476717 0.381019 
-0.494869 0.362168 
-0.595773 0.199176 
-0.130202 0.521185 
-0.103375 0.519099 
-0.624267 0.0494463 
-0.61746 0.123898 
-0.621405 0.0988581 
-0.611846 0.149032 
-0.586353 0.222022 
-0.565229 0.264721 
-0.553322 0.285071 
0.58138 0.13892 
-0.540527 0.304728 
-0.526821 0.323784 
0.0759375 0.46085 
0.100725 0.447051 
-0.36657 0.46396 
-0.342086 0.476673 
-0.41327 0.434439 
-0.316913 0.487939 
-0.238287 0.51232 
-0.264915 0.505822 
-0.576164 0.243828 
-0.157249 0.521564 
-0.0244708 0.502964 
-0.0504752 0.509944 
-0.211367 0.51713 
-0.0767366 0.51533 
0.125208 0.432377 
-0.511304 0.343355 
0.00107496 0.494507 
0.404455 0.260966 
0.433415 0.244802 
0.514891 0.195236 
0.539244 0.177376 
0.488788 0.212301 
0.462071 0.228388 
0.0511719 0.473392 
0.0262847 0.484619 
-0.390321 0.449856 
0.202149 0.382332 
0.228574 0.364897 
0.150571 0.41633 
0.651642 -0.00629656 
0.646613 0.0201363 
0.622141 0.0828897 
0.615296 0.0946173 
0.599535 0.117438 
-0.291172 0.497671 
0.17578 0.399829 
0.256666 0.346777 
0.344409 0.294349 
0.31462 0.311452 
0.284935 0.329178 
0.374498 0.277542 
-0.622742 0.0864512 
0.561028 0.159022 
0.633945 0.0584933 
-0.446054 0.409009 
-0.48591 0.371706 
-0.600356 0.186739 
-0.116773 0.520354 
-0.624175 0.0617317 
-0.619634 0.111411 
-0.608405 0.16166 
-0.559397 0.274968 
-0.62395 0.0373293 
-0.533783 0.314335 
0.088391 0.454063 
-0.54704 0.294975 
-0.466744 0.390618 
-0.354418 0.470493 
-0.329581 0.482491 
-0.251651 0.509278 
-0.58138 0.232982 
-0.170799 0.521104 
-0.424422 0.426262 
-0.0374235 0.506646 
-0.0635668 0.512837 
-0.570817 0.254338 
0.113016 0.439801 
-0.51918 0.333663 
-0.5912 0.210656 
-0.503198 0.35286 
-0.0116412 0.498915 
-0.197871 0.518886 
0.418951 0.252909 
0.527203 0.186495 
0.475487 0.22044 
0.0636179 0.467254 
0.0137413 0.489729 
-0.378544 0.457075 
0.215348 0.373592 
0.137929 0.424418 
-0.401901 0.442306 
0.649469 0.00698584 
0.62534 0.076888 
0.618793 0.0887976 
0.652472 -0.0129568 
0.653634 -0.0263619 
-0.224864 0.514937 
-0.278105 0.501947 
-0.0900274 0.517423 
0.0387925 0.479155 
0.501936 0.203919 
0.607701 0.106227 
0.163197 0.408114 
0.188969 0.391086 
-0.304114 0.492998 
-0.143723 0.52159 
0.242591 0.355787 
0.329486 0.302842 
0.299739 0.320244 
0.359439 0.285913 
0.270764 0.337913 
0.643072 0.0331233 
-0.622124 0.0926594 
-0.614849 0.13651 
-0.623258 0.0802336 
0.590708 0.128394 
0.571417 0.14919 
0.5503 0.168399 
0.447776 0.236651 
0.38948 0.269253 
ZONE T="boundary5"
0.156435 -0.463207 
0.12818 -0.462524 
-0.475821 -0.244586 
-0.545279 -0.171324 
-0.529625 -0.190486 
0.43553 -0.404689 
0.409466 -0.417098 
-0.620568 0.00141752 
-0.616336 -0.0219604 
-0.623223 0.0252292 
0.646156 -0.113898 
0.651032 -0.0870355 
-0.60328 -0.0672611 
0.653707 -0.06008 
0.653968 -0.0330981 
-0.610565 -0.0448514 
-0.204453 -0.394499 
-0.231826 -0.384304 
-0.255781 -0.374756 
-0.279523 -0.364677 
-0.299661 -0.355609 
-0.0391788 -0.441284 
-0.0943268 -0.428424 
-0.121766 -0.421002 
-0.176839 -0.404052 
-0.149409 -0.412839 
0.270227 -0.455739 
0.241806 -0.459282 
-0.0667007 -0.435211 
-0.55965 -0.151598 
-0.414947 -0.291565 
-0.376621 -0.315632 
-0.512763 -0.209089 
-0.434638 -0.277718 
-0.455789 -0.261467 
-0.319612 -0.346112 
-0.339015 -0.336336 
-0.394771 -0.304661 
-0.35819 -0.326093 
0.485077 -0.37445 
0.507897 -0.356756 
0.639326 -0.140579 
-0.494804 -0.227122 
-0.572666 -0.131334 
-0.0114966 -0.446687 
0.0161933 -0.451372 
0.0999808 -0.46095 
0.0719494 -0.45854 
0.0440221 -0.455336 
0.184869 -0.462941 
0.213292 -0.461659 
-0.584307 -0.110503 
0.326878 -0.444747 
0.298611 -0.450928 
0.354857 -0.437112 
0.382441 -0.427922 
0.529017 -0.337562 
0.460882 -0.390441 
0.60932 -0.21966 
0.596629 -0.245416 
0.548664 -0.316594 
0.557802 -0.305559 
0.566488 -0.294155 
0.582431 -0.270391 
0.625908 -0.180355 
0.617947 -0.200154 
0.630773 -0.167112 
-0.594522 -0.0891376 
0.142304 -0.462981 
-0.53758 -0.18101 
0.422599 -0.411107 
-0.618651 -0.010307 
-0.622098 0.0133012 
0.64885 -0.100513 
0.654151 -0.0465915 
-0.613644 -0.0334544 
-0.21817 -0.389483 
-0.243829 -0.379595 
-0.267681 -0.369784 
-0.289615 -0.360195 
-0.108068 -0.424792 
-0.190674 -0.399356 
-0.163149 -0.408524 
0.256035 -0.457661 
-0.521308 -0.199892 
-0.445305 -0.269713 
-0.385735 -0.310212 
-0.367439 -0.320923 
0.496657 -0.365823 
-0.309662 -0.350915 
0.642962 -0.127294 
-0.424859 -0.284737 
-0.135611 -0.417 
-0.0529584 -0.43833 
-0.465899 -0.253138 
-0.503885 -0.218207 
0.00233295 -0.449118 
0.114074 -0.461846 
0.0579742 -0.457035 
0.0300941 -0.453447 
0.170653 -0.463197 
0.199086 -0.462431 
-0.0253549 -0.444071 
0.312782 -0.448011 
0.340918 -0.441115 
0.396037 -0.422718 
-0.56631 -0.141564 
0.518647 -0.347368 
0.473127 -0.382669 
0.44833 -0.397787 
0.603139 -0.232619 
0.539054 -0.327278 
-0.485406 -0.235956 
0.553289 -0.311123 
0.562203 -0.299901 
0.589742 -0.258024 
0.574693 -0.28243 
-0.329341 -0.34128 
0.622014 -0.190289 
0.628382 -0.173749 
0.613716 -0.209943 
-0.348634 -0.331274 
-0.404917 -0.298203 
0.284446 -0.453495 
-0.0805341 -0.431899 
0.22756 -0.460611 
0.368715 -0.432714 
0.0859559 -0.459847 
0.652656 -0.073586 
-0.599081 -0.0782712 
-0.589587 -0.0999024 
-0.578649 -0.121009 
-0.552606 -0.161564 
-0.60711 -0.056117 
0.635237 -0.153906 
