ZONE T="boundary0"
-4 -0.143081 
-4 -0.326394 
-4 -0.2885 
-4 -0.21271 
-4 0.322965 
-4 0.26191 
-4 0.205149 
-4 0.387608 
-4 0.0993208 
-4 0.152235 
-4 0.0011881 
-4 -0.0550793 
-4 -0.111347 
-4 -0.469134 
-4 -0.808571 
-4 -1 
-4 0.726125 
-4 0.863063 
-4 -0.174815 
-4 -0.250605 
-4 -0.397764 
-4 -0.617143 
-4 0.45225 
-4 0.657656 
-4 1 
-4 0.589188 
-4 -0.307447 
-4 0.292438 
-4 0.233529 
-4 0.355287 
-4 0.125778 
-4 -0.083213 
-4 -0.904286 
-4 0.794594 
-4 -0.193763 
-4 0.178692 
-4 -0.127214 
-4 -0.231657 
-4 -0.433449 
-4 -0.269552 
-4 -0.362079 
-4 0.0502545 
-4 -0.543138 
-4 -0.712857 
-4 -0.0269456 
-4 0.520719 
-4 0.419929 
-4 0.691891 
-4 0.623422 
-4 0.931531 
-4 -0.158948 
ZONE T="boundary1"
2.02028 1 
3.86744 1 
3.73488 1 
-0.0352351 1 
0.0292853 1 
0.386696 1 
-0.383981 1 
-0.340787 1 
-0.487883 1 
-0.591786 1 
0.443988 1 
-0.947074 1 
4 1 
1.41471 1 
1.08707 1 
0.981448 1 
3.2165 1 
0.557297 1 
3.34609 1 
-2.20034 1 
-2.50161 1 
-2.33928 1 
-3.10479 1 
-1.72486 1 
-1.89313 1 
2.75962 1 
2.39222 1 
-3.52956 1 
2.98806 1 
2.20625 1 
1.77633 1 
-2.88437 1 
0.153126 1 
0.0938057 1 
0.329404 1 
0.212445 1 
0.270925 1 
-0.171311 1 
-0.234452 1 
-0.297593 1 
-0.103273 1 
0.670606 1 
0.875826 1 
0.773216 1 
1.19206 1 
1.29705 1 
1.65435 1 
1.53237 1 
-3.76478 1 
-1.06291 1 
-1.21768 1 
-1.1403 1 
-0.831234 1 
-0.71151 1 
-1.63676 1 
3.47569 1 
-1.29506 1 
-1.37244 1 
-2.66394 1 
-2.06139 1 
-4 1 
-1.54865 1 
3.80116 1 
-0.00297492 1 
-0.362384 1 
-0.539834 1 
3.93372 1 
1.03426 1 
-2.42045 1 
-1.809 1 
2.57592 1 
-3.31717 1 
2.87384 1 
2.11327 1 
0.123466 1 
0.35805 1 
0.500642 1 
0.241685 1 
0.0615455 1 
0.300164 1 
-0.202881 1 
-0.31919 1 
-0.266023 1 
0.613951 1 
-0.137292 1 
0.928637 1 
1.13957 1 
0.721911 1 
1.24456 1 
1.71534 1 
1.47354 1 
1.8983 1 
1.59336 1 
-3.64717 1 
-1.00499 1 
-1.17899 1 
-0.889154 1 
-0.651648 1 
-2.99458 1 
3.10228 1 
3.60528 1 
3.41089 1 
3.2813 1 
-1.33375 1 
-2.58278 1 
-2.77416 1 
-1.97726 1 
2.29924 1 
-3.88239 1 
0.415342 1 
-0.069254 1 
0.182785 1 
-0.771372 1 
-0.435932 1 
0.824521 1 
1.35588 1 
-1.10161 1 
-1.46055 1 
-1.25637 1 
-1.68081 1 
-1.59271 1 
-2.26981 1 
-2.13087 1 
ZONE T="boundary2"
4 -0.31776 
4 -0.354494 
4 -0.198996 
4 -0.281026 
4 -0.411367 
4 -0.240011 
4 0.179129 
4 0.152218 
4 0.295408 
4 0.388522 
4 0.683875 
4 0.582756 
4 0.020084 
4 -0.0582262 
4 0.841937 
4 1 
4 0.228383 
4 0.206041 
4 -0.68649 
4 -0.843245 
4 0.250724 
4 -0.128611 
4 0.0983941 
4 0.481637 
4 -0.577365 
4 -0.46824 
4 -1 
4 -0.336127 
4 -0.38293 
4 0.165673 
4 0.341965 
4 0.633315 
4 -0.0190711 
4 0.920969 
4 0.217212 
4 -0.764868 
4 0.239553 
4 -0.219504 
4 -0.163804 
4 -0.260518 
4 -0.0934187 
4 0.435079 
4 0.532196 
4 -0.522803 
4 -0.631928 
4 -0.921623 
4 0.762906 
4 0.273066 
4 0.192585 
4 0.125306 
4 0.059239 
4 -0.299393 
4 -0.439804 
ZONE T="boundary3"
-1.75217 -1 
-1.55946 -1 
-1.95164 -1 
-1.3837 -1 
-0.186545 -1 
-1.18527 -1 
-1.0839 -1 
1.56993 -1 
-0.0198704 -1 
0.0203682 -1 
-0.544816 -1 
-0.438825 -1 
-4 -1 
1.75471 -1 
1.9306 -1 
-0.790397 -1 
3.50998 -1 
-3.66605 -1 
1.08278 -1 
1.20081 -1 
-2.15112 -1 
3.06407 -1 
2.7815 -1 
2.63274 -1 
2.29523 -1 
-3.16104 -1 
-2.68539 -1 
-2.41825 -1 
0.0846477 -1 
-0.367337 -1 
-0.29585 -1 
-0.241198 -1 
-0.123327 -1 
-0.060109 -1 
0.621636 -1 
0.547432 -1 
0.473229 -1 
-3.49908 -1 
0.282447 -1 
-0.650806 -1 
0.215688 -1 
-0.88646 -1 
3.83666 -1 
-1.28449 -1 
-0.982523 -1 
0.770043 -1 
0.964756 -1 
0.867399 -1 
3.67332 -1 
4 -1 
1.43736 -1 
1.31909 -1 
-2.83768 -1 
-2.98997 -1 
2.10648 -1 
2.48398 -1 
3.34664 -1 
0.148928 -1 
-0.838429 -1 
0.377838 -1 
-3.3321 -1 
-1.65581 -1 
-1.8519 -1 
-1.13459 -1 
0.000248883 -1 
-0.49182 -1 
1.84265 -1 
-1.47158 -1 
1.1418 -1 
-3.83303 -1 
2.70712 -1 
-2.55182 -1 
-0.331594 -1 
-0.091718 -1 
0.052508 -1 
-0.154936 -1 
0.584534 -1 
-3.58257 -1 
-0.213871 -1 
-0.268524 -1 
-0.403081 -1 
-0.720602 -1 
0.249068 -1 
-1.33409 -1 
-1.23488 -1 
0.695839 -1 
0.51033 -1 
0.916078 -1 
3.75499 -1 
1.37823 -1 
-2.76153 -1 
1.50365 -1 
1.66232 -1 
-2.91382 -1 
3.91833 -1 
2.01854 -1 
2.3896 -1 
3.20535 -1 
-2.28468 -1 
2.92278 -1 
-3.0755 -1 
3.59165 -1 
2.20086 -1 
-2.05138 -1 
2.55836 -1 
-0.0399897 -1 
0.116788 -1 
0.818721 -1 
-0.814413 -1 
-0.862444 -1 
-0.597811 -1 
0.182308 -1 
0.330143 -1 
0.425533 -1 
-1.03321 -1 
-0.934492 -1 
3.42831 -1 
1.25995 -1 
1.02377 -1 
-3.24657 -1 
-3.41559 -1 
ZONE T="boundary4"
-0.497299 0.282527 
-0.481534 0.299757 
-0.574373 0.173685 
-0.585443 0.152992 
0.638002 -0.0192959 
0.636509 -0.00450553 
-0.427733 0.350035 
-0.446751 0.333566 
0.634242 0.0102325 
-0.465107 0.316377 
0.631193 0.0250499 
-0.634938 -0.0106016 
-0.631891 0.0129227 
-0.621682 0.0601066 
-0.61455 0.0836257 
-0.345771 0.408702 
-0.323754 0.421668 
-0.606101 0.107001 
-0.596364 0.130182 
-0.562996 0.193065 
-0.550923 0.212029 
-0.538512 0.230167 
-0.511738 0.26547 
-0.52553 0.247904 
-0.38796 0.380747 
-0.367117 0.395098 
-0.408133 0.365755 
-0.301296 0.433867 
-0.278093 0.445456 
-0.254504 0.456251 
-0.230191 0.466398 
-0.20555 0.475725 
-0.0462655 0.515378 
-0.0738719 0.510903 
-0.128006 0.499283 
-0.017882 0.518971 
-0.15447 0.492189 
-0.180146 0.484383 
-0.627473 0.0364955 
0.34606 0.453983 
0.375262 0.434867 
0.315909 0.470377 
0.526613 0.250145 
0.541173 0.222815 
0.474141 0.335663 
0.511648 0.277243 
0.493459 0.307357 
0.452237 0.363567 
0.0105808 0.521545 
0.0691855 0.52353 
0.0994606 0.522728 
0.129575 0.520612 
0.0398849 0.523105 
0.622953 0.054468 
0.580259 0.150014 
0.617866 0.0690166 
0.605908 0.0981333 
-0.101329 0.505486 
0.593211 0.12488 
0.553998 0.198853 
0.566862 0.175027 
0.160718 0.516946 
0.191499 0.51172 
0.253821 0.495568 
0.222865 0.504593 
0.402771 0.413351 
0.428775 0.389206 
0.285181 0.48414 
0.627437 0.0397254 
-0.489501 0.291218 
-0.580016 0.163395 
-0.437321 0.341891 
0.637354 -0.0118904 
0.63547 0.00287836 
0.632809 0.0176602 
-0.633583 0.00118034 
-0.618273 0.0719121 
-0.334819 0.415281 
-0.610477 0.0953669 
-0.59104 0.141651 
-0.568775 0.183428 
-0.601377 0.118652 
-0.54479 0.221147 
-0.5046 0.274066 
-0.518713 0.256748 
-0.456014 0.325062 
-0.377604 0.388016 
-0.398115 0.373342 
-0.289744 0.439761 
-0.356504 0.401994 
-0.418006 0.357986 
-0.266344 0.450953 
-0.21791 0.471164 
-0.0600867 0.513259 
-0.0320882 0.5173 
-0.532092 0.239087 
-0.16734 0.488392 
-0.624739 0.0483391 
-0.242391 0.461427 
-0.557042 0.202599 
-0.629847 0.0247382 
0.360858 0.444732 
0.533907 0.236484 
-0.4734 0.308145 
0.484011 0.321661 
0.519221 0.263744 
0.463437 0.349819 
0.0843296 0.52329 
0.114532 0.521839 
0.0252275 0.522465 
-0.312578 0.427864 
0.612125 0.08367 
-0.114693 0.502495 
0.58681 0.137482 
-0.192884 0.48016 
-0.0876227 0.508311 
0.547572 0.210824 
0.560428 0.186934 
0.0545352 0.523462 
-0.141267 0.495847 
-0.00366065 0.520386 
0.57359 0.162532 
0.145171 0.518971 
0.176145 0.514535 
0.238415 0.500322 
0.389239 0.424403 
0.416022 0.401557 
0.269601 0.490125 
0.300672 0.477544 
0.625274 0.0471216 
0.331146 0.46248 
0.440752 0.376621 
0.599702 0.111571 
0.502738 0.292417 
0.207236 0.508384 
0.6294 0.0324097 
0.620481 0.0617659 
ZONE T="boundary5"
-0.559884 -0.270488 
-0.574265 -0.252007 
-0.636878 -0.0572665 
-0.636602 -0.0340076 
0.638002 -0.0192959 
-0.635757 -0.0803166 
-0.598636 -0.212117 
-0.608537 -0.191223 
-0.633223 -0.103151 
-0.587117 -0.232586 
-0.629259 -0.125694 
0.635956 -0.0777865 
0.630183 -0.106336 
-0.623835 -0.147941 
0.590473 -0.195522 
0.60291 -0.174535 
-0.312227 -0.379182 
-0.336555 -0.377277 
-0.399006 -0.366894 
-0.41807 -0.361699 
-0.287578 -0.380218 
-0.26111 -0.380557 
-0.207311 -0.379688 
-0.23457 -0.380319 
0.612926 -0.15458 
0.626671 -0.118712 
-0.544138 -0.287643 
-0.125027 -0.377195 
-0.47265 -0.339745 
-0.454444 -0.348387 
-0.0971472 -0.376574 
0.506201 -0.287691 
0.494122 -0.29643 
0.46876 -0.312406 
-0.634938 -0.0106016 
-0.507748 -0.318409 
-0.490291 -0.329869 
-0.616929 -0.169819 
-0.436447 -0.355578 
-0.0412649 -0.376047 
-0.0693924 -0.376187 
-0.0132775 -0.376147 
0.0431345 -0.376872 
0.0149811 -0.376445 
0.0714985 -0.377345 
0.0998033 -0.377754 
0.243046 -0.374388 
0.214141 -0.376264 
0.15685 -0.377908 
0.128329 -0.377986 
0.185476 -0.377382 
0.271961 -0.3716 
0.30098 -0.367719 
0.358536 -0.356057 
0.386952 -0.347925 
0.329902 -0.362586 
0.442412 -0.326176 
0.414952 -0.338028 
0.517881 -0.278425 
-0.526706 -0.303704 
0.540227 -0.258072 
0.52928 -0.268508 
-0.379629 -0.371109 
0.638583 -0.0487231 
0.63767 -0.0632841 
0.554558 -0.242895 
0.568169 -0.226704 
0.622592 -0.130927 
0.576815 -0.215394 
0.638695 -0.0340586 
-0.152514 -0.377983 
-0.180078 -0.37886 
-0.358231 -0.374674 
-0.567259 -0.261391 
-0.636914 -0.045637 
-0.636494 -0.0688021 
-0.603766 -0.201757 
-0.631421 -0.114457 
0.633456 -0.0921367 
-0.62673 -0.136864 
0.596875 -0.185137 
-0.408576 -0.364424 
-0.299909 -0.379799 
-0.552188 -0.279228 
-0.463621 -0.344214 
-0.111083 -0.376857 
-0.593058 -0.222454 
0.500209 -0.292127 
-0.499125 -0.324296 
-0.427305 -0.358768 
-0.634669 -0.0917559 
-0.620566 -0.15894 
-0.0553248 -0.376085 
-0.0272678 -0.376069 
0.0290605 -0.376648 
0.0856504 -0.377564 
0.228597 -0.375429 
0.142589 -0.377994 
0.171161 -0.37771 
-0.635941 -0.0222944 
0.286486 -0.369804 
0.3728 -0.352197 
0.315467 -0.365318 
0.428785 -0.332347 
0.481608 -0.304685 
0.512092 -0.283123 
-0.517385 -0.311257 
0.534813 -0.263352 
-0.389347 -0.369121 
0.638227 -0.0560092 
0.561476 -0.234896 
0.618012 -0.142855 
0.608091 -0.164643 
0.572544 -0.22109 
0.628499 -0.112544 
0.6247 -0.124842 
0.523637 -0.273532 
0.636913 -0.0705464 
0.638449 -0.0266721 
0.547505 -0.250591 
-0.58087 -0.242416 
-0.274347 -0.380473 
-0.535593 -0.295857 
-0.324404 -0.378351 
0.638739 -0.041391 
-0.24784 -0.380497 
-0.138767 -0.377571 
-0.166293 -0.378417 
0.0573177 -0.377109 
0.257512 -0.373117 
0.401029 -0.343202 
-0.0832645 -0.376349 
-0.220938 -0.38004 
0.114065 -0.377901 
0.344258 -0.359507 
-0.193691 -0.379288 
0.000855327 -0.376275 
0.199808 -0.376906 
-0.347411 -0.376091 
-0.368956 -0.373021 
-0.481558 -0.334956 
-0.445503 -0.352117 
-0.612915 -0.180595 
0.583804 -0.205569 
0.455717 -0.319546 
