ZONE T="boundary0"
-4 -0.340483 
-4 -0.517724 
-4 -0.610155 
-4 -0.247586 
-4 -0.175638 
-4 0.185977 
-4 0.23128 
-4 0.582642 
-4 0.688388 
-4 0.300277 
-4 0.844194 
-4 0.344431 
-4 -0.117571 
-4 0.0781592 
-4 0.132068 
-4 -0.059505 
-4 -1 
-4 0.476895 
-4 0.388586 
-4 0.00932705 
-4 -0.425293 
-4 1 
-4 -0.805078 
-4 -0.707617 
-4 -0.56394 
-4 -0.211612 
-4 0.208629 
-4 0.635515 
-4 0.265779 
-4 0.766291 
-4 0.322354 
-4 0.105114 
-4 -0.146605 
-4 0.159022 
-4 -0.294034 
-4 0.432741 
-4 -0.025089 
-4 -0.382888 
-4 -0.0885382 
-4 0.529769 
-4 0.0437431 
-4 0.922097 
-4 0.366509 
-4 -0.471508 
-4 -0.902539 
-4 -0.756347 
-4 -0.658886 
ZONE T="boundary1"
1.2638 1 
1.4015 1 
0.457417 1 
-1.20655 1 
-1.30256 1 
0.532501 1 
-0.041855 1 
0.023305 1 
-0.544024 1 
3.26221 1 
0.232164 1 
0.773623 1 
0.653062 1 
-1.39856 1 
2.38457 1 
2.20448 1 
3.57683 1 
2.83046 1 
-2.17199 1 
2.60752 1 
-3.8219 1 
-3.3272 1 
-3.4855 1 
-3.64381 1 
-2.81388 1 
-2.46877 1 
-2.61717 1 
-3.01059 1 
-0.995884 1 
-1.10122 1 
3.04633 1 
2.02438 1 
1.88603 1 
-0.107015 1 
-0.248194 1 
-0.488184 1 
0.127735 1 
-0.177604 1 
-0.432343 1 
0.382333 1 
-0.655704 1 
-0.340269 1 
-0.833463 1 
-0.744584 1 
-0.914674 1 
0.879233 1 
4 1 
3.78842 1 
-4 1 
-1.643 1 
1.53919 1 
1.74768 1 
-1.8333 1 
-1.52078 1 
-2.02359 1 
0.984844 1 
1.12432 1 
-2.32038 1 
-0.386306 1 
1.33265 1 
-1.25456 1 
0.713342 1 
-1.35056 1 
2.29452 1 
3.41952 1 
2.49604 1 
-3.56465 1 
-2.54297 1 
-3.16889 1 
-1.04855 1 
2.9384 1 
1.95521 1 
-0.0744349 1 
0.592781 1 
0.494959 1 
0.419875 1 
-0.00927499 1 
0.0755198 1 
-0.599864 1 
-0.789024 1 
0.307249 1 
0.17995 1 
-0.955279 1 
-1.15389 1 
-0.874069 1 
-0.294231 1 
0.826428 1 
-0.700144 1 
3.68263 1 
3.89421 1 
-3.91095 1 
-3.73285 1 
-3.40635 1 
1.64344 1 
1.47034 1 
2.71899 1 
-1.58189 1 
2.11443 1 
1.81686 1 
-1.73815 1 
1.05458 1 
-2.09779 1 
-2.24618 1 
-1.92845 1 
-2.71552 1 
-2.39458 1 
-0.212899 1 
-0.363287 1 
-0.14231 1 
-0.409325 1 
-0.516104 1 
-0.460263 1 
0.932039 1 
1.19406 1 
-1.45967 1 
-2.91223 1 
3.15427 1 
ZONE T="boundary2"
4 -0.31776 
4 -0.354494 
4 -0.411367 
4 -0.281026 
4 0.119692 
4 0.173018 
4 0.673537 
4 0.782358 
4 0.360776 
4 0.419622 
4 -0.198996 
4 -0.843245 
4 -0.68649 
4 -0.240011 
4 -0.128611 
4 -0.0582262 
4 0.0307328 
4 0.264137 
4 0.30193 
4 0.564716 
4 0.492169 
4 -0.577365 
4 -1 
4 1 
4 -0.46824 
4 0.226344 
4 -0.336127 
4 -0.38293 
4 0.146355 
4 0.727948 
4 0.390199 
4 -0.764868 
4 -0.219504 
4 -0.163804 
4 -0.260518 
4 -0.0934187 
4 -0.0137467 
4 0.283034 
4 0.0752123 
4 0.528442 
4 0.891179 
4 -0.522803 
4 -0.631928 
4 0.619127 
4 -0.921623 
4 0.245241 
4 0.199681 
4 -0.299393 
4 0.331353 
4 0.455895 
4 -0.439804 
ZONE T="boundary3"
0.493758 -1 
0.579173 -1 
0.32887 -1 
1.27109 -1 
1.34247 -1 
-1.10056 -1 
-0.508025 -1 
-2.78789 -1 
-0.992991 -1 
-0.874315 -1 
2.71742 -1 
2.52572 -1 
3.18054 -1 
-1.20814 -1 
-1.55125 -1 
-1.46478 -1 
-3.09838 -1 
-2.90758 -1 
3.72598 -1 
-2.01405 -1 
1.87874 -1 
2.08803 -1 
-1.81064 -1 
-3.46689 -1 
-3.28919 -1 
-3.8223 -1 
-3.6446 -1 
-2.21745 -1 
-2.6682 -1 
-4 -1 
0.028847 -1 
-0.105875 -1 
-0.0409853 -1 
0.249397 -1 
0.682166 -1 
0.0986793 -1 
0.174038 -1 
-0.40977 -1 
-0.311515 -1 
-0.24114 -1 
0.785158 -1 
0.408344 -1 
0.451051 -1 
-0.170765 -1 
-0.631832 -1 
-0.755639 -1 
4 -1 
0.976317 -1 
1.19972 -1 
1.08802 -1 
1.5877 -1 
-1.33646 -1 
1.50595 -1 
1.42421 -1 
1.66944 -1 
-1.63771 -1 
2.30687 -1 
-2.44283 -1 
3.45195 -1 
2.90913 -1 
0.536465 -1 
1.30678 -1 
-0.933653 -1 
-1.15435 -1 
-1.50802 -1 
-3.00298 -1 
1.98338 -1 
-3.37804 -1 
-3.73345 -1 
-2.11575 -1 
-2.72804 -1 
-3.91115 -1 
-0.0734301 -1 
0.136359 -1 
-0.00606911 -1 
-0.276327 -1 
0.211717 -1 
0.289133 -1 
-0.13832 -1 
-0.360642 -1 
-0.205952 -1 
-0.458897 -1 
-0.693735 -1 
3.86299 -1 
0.880738 -1 
0.733662 -1 
1.14387 -1 
1.23541 -1 
1.03217 -1 
-1.2723 -1 
-1.40062 -1 
-1.04678 -1 
1.46508 -1 
-3.55574 -1 
-0.814977 -1 
-1.91235 -1 
-3.19379 -1 
-1.72418 -1 
1.77409 -1 
-2.55551 -1 
3.58897 -1 
3.04484 -1 
3.31625 -1 
2.62157 -1 
2.81328 -1 
2.4163 -1 
-2.84773 -1 
-2.33014 -1 
0.368607 -1 
0.0637632 -1 
0.472404 -1 
0.429697 -1 
0.630669 -1 
1.38334 -1 
-0.569928 -1 
1.62857 -1 
1.54683 -1 
-1.59448 -1 
2.19745 -1 
ZONE T="boundary4"
0.426677 0.32041 
-0.635824 0.0392974 
-0.636594 0.0625357 
-0.148126 0.381351 
-0.122309 0.378217 
0.538943 0.248653 
-0.574802 0.270853 
-0.585486 0.254226 
-0.550064 0.302012 
-0.361448 0.394065 
-0.339287 0.39586 
-0.636008 0.0859422 
-0.634017 0.10936 
-0.619278 0.178653 
-0.625658 0.155883 
-0.630578 0.132706 
-0.60416 0.218348 
-0.61211 0.199219 
0.638813 0.0105525 
0.595794 0.178998 
0.584257 0.196305 
-0.59521 0.236824 
-0.562913 0.28692 
-0.633754 0.016247 
-0.0952593 0.3752 
0.528645 0.258098 
0.606324 0.160781 
-0.535611 0.316733 
-0.520244 0.330253 
-0.502752 0.343422 
0.624065 0.120683 
0.618716 0.134618 
0.628955 0.105463 
-0.445601 0.373868 
-0.4653 0.365251 
0.638123 0.0583618 
0.636008 0.0742526 
0.632969 0.0898674 
0.568035 0.217402 
-0.0683047 0.372557 
-0.42522 0.381038 
-0.404412 0.386736 
-0.484403 0.355095 
0.576339 0.207003 
-0.383071 0.391066 
-0.223454 0.390643 
-0.19876 0.38773 
-0.173986 0.384619 
-0.247285 0.393103 
-0.271027 0.395026 
-0.0118425 0.368376 
-0.294057 0.396205 
0.450795 0.309619 
0.637238 -0.00540058 
0.356617 0.342688 
0.37946 0.336697 
0.402109 0.329602 
0.548932 0.238728 
0.50324 0.278369 
0.639503 0.0264729 
0.476442 0.295854 
-0.316943 0.39653 
0.0177585 0.366904 
0.0471982 0.365852 
0.241385 0.359693 
0.207753 0.36177 
0.304595 0.352703 
0.27301 0.356785 
0.330673 0.348255 
0.639278 0.0424955 
0.612693 0.14816 
-0.0400022 0.370228 
0.078482 0.365072 
0.109614 0.364487 
0.141916 0.36389 
0.174118 0.363086 
-0.636375 0.0509142 
-0.135216 0.379759 
-0.350388 0.395112 
-0.636474 0.0742465 
-0.63519 0.0976697 
-0.62265 0.167324 
-0.628302 0.144337 
-0.608271 0.208842 
0.590158 0.18774 
-0.599817 0.227652 
-0.615847 0.188992 
-0.634949 0.0277605 
-0.108781 0.376668 
-0.556617 0.294578 
0.60121 0.169976 
-0.528051 0.323634 
-0.542971 0.309505 
0.621483 0.127685 
0.626621 0.113108 
-0.455536 0.369743 
0.637185 0.0663222 
-0.511629 0.33701 
-0.0817787 0.373829 
-0.414872 0.384065 
-0.474952 0.360356 
0.572235 0.212239 
-0.372289 0.392726 
-0.393784 0.389073 
0.631079 0.0976943 
-0.211104 0.38922 
-0.161054 0.382977 
0.580347 0.201693 
-0.186369 0.386187 
0.438822 0.315214 
-0.259154 0.394142 
0.390825 0.333291 
0.368069 0.339821 
0.543986 0.24374 
0.533842 0.253428 
0.516188 0.268543 
0.490042 0.287423 
-0.305507 0.396485 
0.0324831 0.366332 
0.224571 0.360844 
-0.580275 0.262627 
-0.568992 0.278989 
0.257203 0.35837 
0.288817 0.354906 
0.343671 0.345619 
0.317651 0.350609 
-0.590476 0.2456 
0.638818 0.0504365 
0.615791 0.141427 
0.638133 0.00256494 
0.639507 0.0344852 
0.63927 0.0185075 
-0.493694 0.349438 
-0.328127 0.396328 
-0.282543 0.395711 
0.414458 0.325191 
0.609583 0.154507 
0.634605 0.0820817 
-0.235367 0.391927 
-0.632478 0.121064 
-0.054148 0.371333 
0.00296491 0.367582 
0.0628444 0.365427 
0.463751 0.302989 
-0.0259184 0.369244 
0.0940523 0.364766 
0.125767 0.3642 
0.158017 0.363528 
-0.435481 0.377637 
0.558686 0.228251 
0.190936 0.362506 
ZONE T="boundary5"
-0.605696 -0.0948022 
-0.395407 -0.363315 
-0.625933 -0.0290744 
-0.63044 -0.00655198 
-0.460828 -0.307965 
-0.613523 -0.0732067 
-0.620284 -0.0512842 
-0.586904 -0.137159 
-0.596814 -0.116121 
-0.551165 -0.198772 
-0.564132 -0.178348 
0.580172 -0.17208 
0.590643 -0.149468 
-0.253538 -0.446271 
-0.276802 -0.435342 
-0.20378 -0.466736 
-0.228829 -0.45691 
-0.299693 -0.42367 
-0.37829 -0.375662 
-0.428548 -0.337062 
-0.320653 -0.412129 
-0.0425008 -0.509503 
-0.070234 -0.504506 
-0.097802 -0.4986 
-0.151634 -0.484294 
-0.177851 -0.47594 
-0.124832 -0.491884 
-0.444517 -0.323153 
-0.359947 -0.388079 
-0.537442 -0.218706 
-0.507988 -0.257059 
-0.523047 -0.238138 
0.535772 -0.265657 
0.546434 -0.24382 
-0.341236 -0.399944 
-0.412146 -0.350466 
0.466984 -0.370911 
-0.633754 0.016247 
0.455891 -0.383148 
0.61203 -0.0994749 
0.623042 -0.0684029 
0.0722097 -0.520194 
0.0431939 -0.519028 
0.0142022 -0.51681 
0.101801 -0.520261 
-0.0141989 -0.513639 
0.131323 -0.519147 
0.161017 -0.516762 
0.190814 -0.513002 
0.220659 -0.50774 
0.280302 -0.492087 
0.571381 -0.190811 
0.309859 -0.481355 
0.366861 -0.45362 
0.393966 -0.436385 
0.444347 -0.394873 
0.419847 -0.416822 
0.338813 -0.468551 
0.477713 -0.358063 
0.497723 -0.331021 
0.487977 -0.344731 
0.507011 -0.316899 
0.600767 -0.126777 
0.634817 -0.0213027 
0.63161 -0.0370793 
0.554527 -0.226697 
0.562561 -0.209582 
-0.476587 -0.29222 
0.627653 -0.0528241 
0.637238 -0.00540058 
-0.492635 -0.274938 
-0.576008 -0.157885 
0.524523 -0.287122 
0.250508 -0.500828 
-0.628335 -0.0178404 
-0.617039 -0.0622855 
-0.591977 -0.126694 
-0.557748 -0.188622 
0.585435 -0.160783 
-0.601379 -0.105512 
-0.609739 -0.0840497 
-0.265214 -0.4409 
-0.216345 -0.461925 
-0.241228 -0.451693 
-0.386894 -0.369551 
-0.310218 -0.41798 
-0.056387 -0.507118 
-0.0840414 -0.501666 
-0.164777 -0.480223 
-0.138264 -0.488198 
-0.436588 -0.330171 
-0.544393 -0.2088 
-0.515603 -0.247666 
0.541161 -0.254768 
-0.330993 -0.406117 
-0.420399 -0.343827 
-0.403825 -0.356953 
-0.369166 -0.38194 
-0.350636 -0.394081 
-0.288296 -0.429599 
0.617785 -0.0840225 
0.0286901 -0.518049 
0.0870079 -0.520372 
-1.01887e-05 -0.515346 
0.146186 -0.518117 
0.175941 -0.515057 
0.29517 -0.486963 
0.380582 -0.445272 
-0.452738 -0.315629 
0.432323 -0.406109 
0.407104 -0.426873 
0.324449 -0.475208 
0.461498 -0.377087 
0.472411 -0.364543 
0.492912 -0.337923 
0.502428 -0.324003 
0.450179 -0.389072 
0.595761 -0.138143 
0.633308 -0.0292099 
0.550493 -0.235263 
0.56697 -0.200193 
0.558545 -0.218139 
-0.468778 -0.300163 
0.575782 -0.181445 
-0.62325 -0.0402131 
0.629718 -0.0449728 
0.606531 -0.113176 
-0.500398 -0.266072 
0.482909 -0.351449 
-0.570175 -0.168177 
0.53024 -0.276442 
0.625424 -0.0606354 
0.636129 -0.0133671 
-0.530327 -0.228483 
-0.484696 -0.283656 
-0.581567 -0.14758 
-0.632251 0.00482774 
-0.0283659 -0.51169 
0.116571 -0.519855 
0.265473 -0.496682 
0.235634 -0.50449 
-0.190853 -0.471444 
-0.111344 -0.495352 
0.0576988 -0.519745 
0.205773 -0.51056 
0.352976 -0.461349 
0.515999 -0.302158 
