ZONE T="boundary0"
-4 -0.153185 
-4 -0.22562 
-4 -0.272518 
-4 -0.62683 
-4 0.272975 
-4 0.232768 
-4 0.109028 
-4 0.457747 
-4 0.377001 
-4 0.192562 
-4 0.538494 
-4 0.0615838 
-4 0.0141393 
-4 -0.111354 
-4 -0.372136 
-4 -0.525843 
-4 -0.424856 
-4 0.769247 
-4 1 
-4 -0.319416 
-4 -0.813415 
-4 -0.720123 
-4 -0.0695227 
-4 0.65387 
-4 -1 
-4 -0.189402 
-4 -0.249069 
-4 0.252872 
-4 0.417374 
-4 0.212665 
-4 0.0378615 
-4 -0.132269 
-4 -0.47535 
-4 0.884623 
-4 -0.295967 
-4 0.150795 
-4 0.324988 
-4 -0.398496 
-4 -0.345776 
-4 -0.766769 
-4 -0.576337 
-4 0.498121 
-4 -0.673476 
-4 -0.906708 
-4 0.085306 
-4 -0.0276917 
-4 -0.0904382 
-4 0.711559 
-4 0.596182 
ZONE T="boundary1"
1.8697 1 
1.72546 1 
1.14236 1 
-0.106613 1 
-0.186875 1 
-0.146744 1 
0.233233 1 
0.375899 1 
0.470572 1 
-0.0019905 1 
-3.7214 1 
0.0610496 1 
0.12409 1 
-0.439008 1 
-0.546545 1 
-4 1 
-2.53372 1 
-2.69727 1 
2.01394 1 
2.18687 1 
0.917292 1 
3.29241 1 
3.6462 1 
-1.72315 1 
-2.37018 1 
2.3598 1 
2.57296 1 
-2.86975 1 
-3.24252 1 
-3.44281 1 
2.78612 1 
3.03926 1 
0.576411 1 
0.304566 1 
0.74101 1 
0.799771 1 
0.68225 1 
-0.259173 1 
-0.331471 1 
0.178661 1 
0.858531 1 
-0.764326 1 
-0.655435 1 
1.02983 1 
4 1 
0.973559 1 
1.39268 1 
1.26752 1 
-0.871271 1 
-0.978216 1 
-3.04223 1 
-1.18805 1 
-1.08313 1 
-3.5821 1 
-1.42047 1 
-1.30426 1 
-1.57181 1 
-1.49614 1 
-1.89087 1 
-2.05859 1 
1.55907 1 
1.79758 1 
-0.16681 1 
0.423235 1 
0.0925696 1 
-0.492777 1 
-2.6155 1 
2.10041 1 
3.46931 1 
2.46638 1 
-2.78351 1 
-3.34266 1 
2.91269 1 
3.16584 1 
2.67954 1 
0.2689 1 
0.770391 1 
0.71163 1 
-0.295322 1 
0.340233 1 
-0.126679 1 
-0.0543019 1 
0.0295295 1 
0.205947 1 
0.151376 1 
0.829151 1 
0.523491 1 
-0.70988 1 
-0.38524 1 
0.62933 1 
1.08609 1 
3.8231 1 
0.945426 1 
-0.60099 1 
1.3301 1 
-0.924744 1 
-3.14237 1 
-1.13559 1 
-0.817798 1 
-3.51245 1 
-3.65175 1 
1.20494 1 
-1.36236 1 
-1.24615 1 
-1.64748 1 
-1.53397 1 
-1.80701 1 
-1.97473 1 
1.64227 1 
-2.45195 1 
-2.21438 1 
-3.8607 1 
2.27334 1 
-2.95599 1 
1.94182 1 
-0.223024 1 
0.887912 1 
1.00169 1 
-1.03067 1 
1.47588 1 
-1.4583 1 
ZONE T="boundary2"
4 -0.68649 
4 -0.843245 
4 -0.31776 
4 -0.354494 
4 -0.411367 
4 -0.281026 
4 -0.198996 
4 0.445798 
4 -0.240011 
4 -0.0582262 
4 0.0201505 
4 0.345902 
4 0.284036 
4 -0.128611 
4 0.0985272 
4 0.160348 
4 0.513427 
4 0.685792 
4 0.790528 
4 0.222169 
4 -0.577365 
4 1 
4 -0.46824 
4 -1 
4 0.39585 
4 0.581056 
4 -0.764868 
4 -0.336127 
4 -0.38293 
4 -0.0190378 
4 0.314969 
4 -0.219504 
4 -0.163804 
4 -0.260518 
4 -0.0934187 
4 0.129438 
4 0.73816 
4 0.0593388 
4 -0.522803 
4 -0.631928 
4 -0.921623 
4 0.895264 
4 -0.299393 
4 0.370876 
4 0.420824 
4 0.479612 
4 0.547241 
4 0.253102 
4 0.191259 
4 -0.439804 
4 0.633424 
ZONE T="boundary3"
-1.66103 -1 
-1.4775 -1 
-1.84457 -1 
-1.30246 -1 
3.44577 -1 
-0.832016 -1 
-1.06364 -1 
-0.984031 -1 
0.150243 -1 
-0.326407 -1 
-1.18305 -1 
0.38736 -1 
-0.194519 -1 
-2.81529 -1 
-2.98255 -1 
-0.463003 -1 
1.47084 -1 
0.855128 -1 
-3.31706 -1 
-3.14981 -1 
2.31271 -1 
2.09668 -1 
2.64519 -1 
1.08559 -1 
-2.56064 -1 
-2.30599 -1 
3.0441 -1 
1.73815 -1 
1.59565 -1 
3.17799 -1 
3.31188 -1 
-0.0545381 -1 
-0.260463 -1 
-0.124528 -1 
0.0142638 -1 
0.0830657 -1 
-0.571502 -1 
-0.756009 -1 
0.30239 -1 
0.50301 -1 
-0.625752 -1 
-3.74216 -1 
0.21742 -1 
0.61866 -1 
0.7463 -1 
0.963955 -1 
1.34603 -1 
1.27663 -1 
-4 -1 
4 -1 
3.78983 -1 
3.57967 -1 
1.20723 -1 
-3.48432 -1 
1.88066 -1 
-2.07528 -1 
-0.680002 -1 
2.84464 -1 
-1.56926 -1 
-1.02383 -1 
-1.12334 -1 
-2.89892 -1 
-0.908024 -1 
-3.23344 -1 
2.20469 -1 
2.47895 -1 
-2.43331 -1 
1.6669 -1 
3.24493 -1 
-0.227491 -1 
-0.0895333 -1 
0.0486648 -1 
-0.394705 -1 
-0.293435 -1 
-0.517252 -1 
-0.794013 -1 
0.445185 -1 
0.183831 -1 
0.116654 -1 
0.259905 -1 
0.344875 -1 
0.560835 -1 
0.68248 -1 
0.909541 -1 
0.800714 -1 
1.31133 -1 
-3.87108 -1 
1.02477 -1 
3.89492 -1 
3.68475 -1 
1.53324 -1 
1.24193 -1 
-1.24275 -1 
-1.38998 -1 
1.14641 -1 
1.40843 -1 
-3.61324 -1 
1.8094 -1 
3.37883 -1 
1.98867 -1 
-3.40069 -1 
-2.68797 -1 
-1.95992 -1 
-1.7528 -1 
-0.0201371 -1 
-0.159524 -1 
-0.718005 -1 
-0.598627 -1 
-0.652877 -1 
2.74492 -1 
-2.19063 -1 
2.94437 -1 
3.11104 -1 
-3.06618 -1 
3.51272 -1 
ZONE T="boundary4"
-0.124949 0.467704 
-0.101321 0.476089 
-0.14832 0.458698 
-0.211007 0.430803 
0.57522 0.359882 
0.565056 0.375289 
0.58451 0.343544 
0.553905 0.390001 
0.543175 0.402494 
0.531748 0.41437 
0.510735 0.433189 
-0.477626 0.220345 
0.598971 0.311398 
-0.390667 0.312192 
-0.376707 0.324138 
-0.594701 -0.0356644 
-0.591356 -0.0155757 
-0.581947 0.0243447 
-0.575914 0.0440504 
-0.50853 0.178434 
-0.493455 0.199681 
-0.587107 0.00442384 
-0.569025 0.0635279 
-0.561321 0.0827084 
-0.55333 0.100524 
-0.169887 0.449734 
-0.191199 0.440233 
-0.284011 0.390568 
-0.300821 0.379944 
-0.544679 0.118026 
-0.460474 0.241212 
-0.442608 0.261436 
-0.417359 0.287484 
0.431133 0.481721 
-0.362454 0.335731 
-0.347646 0.347184 
-0.26695 0.400799 
-0.332567 0.358279 
-0.248882 0.411063 
-0.230566 0.420899 
0.623958 0.195173 
0.609108 0.279725 
-0.316822 0.369297 
0.63196 0.0484541 
0.629965 0.0244699 
0.626475 0.00062243 
-0.527286 0.149154 
0.632674 0.072761 
-0.0496046 0.492039 
0.410978 0.49013 
0.521455 0.424024 
0.46973 0.461761 
0.620382 0.22183 
0.490653 0.448319 
0.387803 0.498382 
0.450935 0.472179 
0.0958724 0.520472 
0.215086 0.525994 
0.244802 0.524638 
0.155571 0.525324 
0.185335 0.526201 
0.0660136 0.51655 
0.364402 0.505366 
0.306261 0.517789 
0.336413 0.512156 
0.276211 0.521861 
0.612918 0.26396 
0.616066 0.248296 
0.592751 0.326519 
0.60441 0.295817 
0.631031 0.122357 
0.629051 0.14763 
0.626697 0.17145 
0.632313 0.0970084 
-0.0755902 0.484428 
-0.0215584 0.499367 
0.125863 0.523414 
0.00672748 0.50585 
0.0362718 0.511668 
-0.113164 0.471975 
-0.136666 0.463279 
0.58 0.351792 
0.559599 0.382736 
0.548629 0.396325 
0.537544 0.408512 
-0.59314 -0.0256021 
-0.579037 0.0342299 
-0.501094 0.189131 
-0.589342 -0.00555296 
-0.565272 0.0731581 
-0.572573 0.0538257 
-0.55741 0.0916543 
-0.180574 0.445051 
-0.292447 0.385305 
-0.549084 0.109315 
-0.48563 0.210083 
-0.451635 0.251408 
-0.404177 0.300015 
-0.469138 0.230853 
-0.355085 0.341502 
-0.369616 0.329978 
-0.275511 0.395733 
-0.340139 0.352776 
-0.383725 0.318209 
-0.239753 0.416035 
-0.257947 0.405985 
-0.220818 0.425911 
-0.159133 0.454284 
-0.584637 0.0144121 
-0.324728 0.363835 
0.631136 0.0364488 
0.628419 0.0125185 
-0.308853 0.374667 
0.632466 0.0606038 
0.421111 0.486056 
0.516147 0.428667 
0.526657 0.419257 
0.622242 0.208515 
0.399448 0.494413 
0.441101 0.477088 
0.50084 0.440948 
0.229951 0.525464 
0.17045 0.525895 
0.0809264 0.518632 
-0.201133 0.435578 
0.321376 0.515171 
0.291262 0.520004 
0.376148 0.50202 
0.350455 0.50895 
0.480313 0.455228 
0.614558 0.256143 
0.595964 0.319003 
0.60686 0.287802 
0.601794 0.303646 
0.611097 0.271865 
0.630116 0.135001 
-0.536229 0.133729 
0.625374 0.183319 
0.627926 0.159547 
0.570263 0.36767 
0.58877 0.335101 
-0.518115 0.163928 
0.632613 0.0848876 
-0.0884865 0.48035 
0.631773 0.10969 
-0.0626257 0.488325 
-0.0356106 0.495809 
0.110855 0.522067 
0.140709 0.524495 
0.260523 0.523428 
-0.430162 0.274633 
0.0214756 0.508875 
0.0511223 0.514227 
-0.00744128 0.502716 
0.460409 0.467106 
0.200212 0.526237 
0.618345 0.235087 
ZONE T="boundary5"
0.346133 -0.238896 
-0.360163 -0.521156 
-0.340903 -0.529799 
0.122917 -0.28319 
-0.524909 -0.362005 
-0.515101 -0.377506 
-0.599061 -0.116194 
-0.599309 -0.0960727 
-0.56698 -0.275292 
-0.593095 -0.176502 
-0.595953 -0.156337 
-0.53418 -0.346116 
-0.573701 -0.256006 
-0.396629 -0.500024 
-0.413689 -0.487867 
-0.584913 -0.21658 
-0.579665 -0.236431 
-0.47088 -0.434957 
-0.279072 -0.546374 
-0.300152 -0.542614 
-0.320565 -0.537112 
-0.379072 -0.510998 
-0.543204 -0.329267 
-0.258201 -0.548162 
-0.237096 -0.547974 
-0.196144 -0.541592 
-0.157305 -0.527465 
-0.176548 -0.535517 
-0.139016 -0.51774 
-0.482801 -0.421164 
-0.457827 -0.448859 
-0.504911 -0.392398 
-0.494223 -0.406861 
-0.121074 -0.506075 
-0.551615 -0.31205 
-0.429227 -0.475437 
-0.559656 -0.293845 
-0.598671 -0.0759399 
-0.597138 -0.0558019 
-0.444246 -0.462109 
-0.594701 -0.0356644 
-0.0712086 -0.46165 
0.207038 -0.257085 
-0.0546563 -0.443215 
-0.0873264 -0.477959 
-0.038046 -0.423518 
0.0240148 -0.352611 
-8.23715e-05 -0.378316 
0.0947298 -0.29766 
0.151727 -0.271751 
0.0718438 -0.31225 
-0.597939 -0.13627 
0.22523 -0.253826 
-0.104046 -0.492922 
0.170221 -0.265907 
0.188697 -0.26106 
0.318899 -0.242394 
0.291796 -0.245402 
-0.0194127 -0.400971 
0.426612 -0.221412 
0.398433 -0.229172 
-0.216568 -0.5458 
0.479891 -0.199674 
0.504571 -0.185445 
0.454634 -0.211306 
0.594832 -0.08975 
0.582068 -0.110447 
-0.58942 -0.19651 
0.605521 -0.0683285 
0.614388 -0.045863 
0.565667 -0.132032 
0.626475 0.00062243 
0.621318 -0.0228979 
0.0501338 -0.32881 
0.259037 -0.249093 
0.546835 -0.152124 
0.526283 -0.169998 
0.372235 -0.23467 
-0.3506 -0.525659 
-0.520073 -0.369803 
-0.599295 -0.106136 
-0.594629 -0.166436 
-0.570438 -0.265686 
-0.40524 -0.494077 
-0.58238 -0.226532 
-0.289642 -0.544732 
-0.330796 -0.533664 
-0.369696 -0.516246 
-0.538769 -0.337736 
-0.247642 -0.548322 
-0.166846 -0.531726 
-0.148068 -0.522817 
-0.476906 -0.428123 
-0.464424 -0.441982 
-0.499631 -0.399682 
-0.510071 -0.385001 
-0.488578 -0.414071 
-0.129943 -0.512114 
-0.529614 -0.354105 
-0.547489 -0.320701 
-0.421532 -0.481759 
-0.563411 -0.284608 
-0.387928 -0.505653 
-0.598017 -0.0658635 
-0.596032 -0.0457204 
-0.079182 -0.46994 
-0.0628613 -0.452542 
0.011754 -0.36527 
-0.0463195 -0.433435 
0.108665 -0.290061 
0.137214 -0.27713 
0.0831495 -0.304698 
0.216126 -0.255381 
0.160945 -0.268705 
-0.597053 -0.146316 
-0.436814 -0.468872 
-0.555724 -0.30299 
0.179441 -0.263374 
0.197854 -0.25898 
0.305341 -0.243928 
-0.00983769 -0.389582 
0.41257 -0.225547 
-0.206307 -0.543948 
0.492392 -0.192861 
-0.268649 -0.547509 
0.588687 -0.100244 
-0.591357 -0.186527 
0.610195 -0.0571892 
0.600413 -0.0791561 
0.574144 -0.12145 
-0.451106 -0.455565 
-0.576776 -0.246249 
-0.599101 -0.0860039 
-0.186282 -0.538793 
-0.226804 -0.547135 
-0.598609 -0.126239 
-0.310406 -0.540079 
-0.112458 -0.49968 
-0.0955844 -0.485604 
0.0608309 -0.3203 
0.275405 -0.247194 
-0.587262 -0.206569 
0.624115 -0.011184 
0.618084 -0.0344481 
0.55651 -0.142323 
0.53678 -0.161321 
0.515604 -0.177982 
0.385351 -0.232099 
0.467378 -0.205769 
0.44071 -0.216659 
-0.0287578 -0.412267 
0.332513 -0.240734 
0.0368151 -0.340402 
0.242122 -0.251286 
0.35919 -0.236914 
