ZONE T="boundary0"
-4 -0.382143 
-4 -0.440695 
-4 0.173712 
-4 0.239153 
-4 0.271215 
-4 0.354956 
-4 0.313085 
-4 0.52602 
-4 0.448504 
-4 0.140333 
-4 0.603536 
-4 0.40173 
-4 -1 
-4 -0.825995 
-4 1 
-4 0.0800911 
-4 0.019849 
-4 0.207091 
-4 -0.281866 
-4 -0.323591 
-4 -0.129809 
-4 -0.0549798 
-4 -0.65199 
-4 -0.546342 
-4 0.801768 
-4 -0.240142 
-4 -0.184975 
-4 -0.411419 
-4 0.255184 
-4 0.29215 
-4 0.487262 
-4 0.425117 
-4 -0.912997 
-4 0.0499701 
-4 0.223122 
-4 0.334021 
-4 0.378343 
-4 -0.302729 
-4 0.564778 
-4 -0.0923942 
-4 -0.599166 
-4 -0.0175654 
-4 0.900884 
-4 0.702652 
-4 -0.738992 
-4 -0.493519 
-4 0.157023 
-4 0.190402 
-4 -0.261004 
-4 -0.212558 
-4 -0.352867 
-4 -0.157392 
-4 0.110212 
ZONE T="boundary1"
0.647606 1 
0.579928 1 
-0.0798555 1 
0.0500811 1 
-0.0124309 1 
-1.86593 1 
0.859245 1 
0.781319 1 
-0.14728 1 
-1.21352 1 
0.93717 1 
-2.22687 1 
3.77399 1 
1.81925 1 
3.28628 1 
3.02458 1 
2.54777 1 
1.58079 1 
-3.70002 1 
-4 1 
2.78618 1 
-3.16281 1 
2.30274 1 
2.05772 1 
0.175327 1 
0.4424 1 
0.271684 1 
0.238061 1 
0.372551 1 
0.305306 1 
-0.222385 1 
-0.297489 1 
0.206694 1 
0.51225 1 
0.0813372 1 
-0.460891 1 
-0.37919 1 
-0.587063 1 
-0.545006 1 
0.714462 1 
-0.703196 1 
-0.777272 1 
-0.502949 1 
-0.62912 1 
-0.830523 1 
-1.1019 1 
-1.41109 1 
-1.3123 1 
1.18039 1 
-3.40005 1 
1.28049 1 
1.38059 1 
-3.28143 1 
1.05878 1 
-1.60866 1 
-1.7373 1 
3.54798 1 
-2.92557 1 
-2.38235 1 
-2.7317 1 
-2.53783 1 
3.66099 1 
4 1 
0.112593 1 
0.14396 1 
-0.883773 1 
-0.990274 1 
-2.63477 1 
0.613767 1 
0.0188251 1 
0.820282 1 
3.15543 1 
1.70002 1 
-3.85001 1 
2.18023 1 
0.254873 1 
0.338928 1 
0.407476 1 
-0.113568 1 
-0.184832 1 
0.191011 1 
0.546089 1 
0.477325 1 
-0.0461432 1 
0.0657091 1 
-0.420041 1 
-0.566035 1 
-0.259937 1 
0.681034 1 
-0.740234 1 
-0.523977 1 
-0.608092 1 
-1.15771 1 
-1.3617 1 
-3.55003 1 
1.23044 1 
1.48069 1 
1.93848 1 
0.997975 1 
-1.50987 1 
-1.80162 1 
3.41713 1 
-2.82863 1 
-2.46009 1 
-2.0464 1 
-2.30461 1 
3.887 1 
-1.67298 1 
0.128277 1 
0.159644 1 
0.222378 1 
0.288495 1 
0.0969652 1 
0.747891 1 
-0.33834 1 
-0.666158 1 
-0.48192 1 
-0.857148 1 
-0.803897 1 
-0.937023 1 
-1.04608 1 
0.898207 1 
2.90538 1 
-1.26291 1 
1.11959 1 
-2.5863 1 
-2.68323 1 
2.66697 1 
2.42526 1 
1.33054 1 
-3.04419 1 
-3.34074 1 
-3.22212 1 
3.60449 1 
3.71749 1 
ZONE T="boundary2"
4 -0.68649 
4 -0.843245 
4 -0.354494 
4 -0.411367 
4 -0.281026 
4 -0.240011 
4 -0.31776 
4 -0.198996 
4 -0.0582262 
4 0.0201505 
4 0.222169 
4 0.160348 
4 -0.128611 
4 0.0985272 
4 0.29085 
4 -0.577365 
4 0.75222 
4 0.431985 
4 0.504439 
4 -0.46824 
4 -1 
4 0.62833 
4 1 
4 0.359531 
4 -0.764868 
4 -0.38293 
4 -0.336127 
4 -0.0190378 
4 0.191259 
4 -0.219504 
4 -0.163804 
4 -0.260518 
4 -0.0934187 
4 0.0593388 
4 0.129438 
4 0.468212 
4 -0.522803 
4 -0.631928 
4 -0.921623 
4 0.690275 
4 0.87611 
4 -0.299393 
4 0.256509 
4 0.32519 
4 -0.439804 
4 0.566385 
4 0.395758 
ZONE T="boundary3"
-3.44452 -1 
-1.72807 -1 
-1.59169 -1 
-0.264251 -1 
-0.122522 -1 
0.56432 -1 
0.130985 -1 
-0.0438081 -1 
0.498027 -1 
0.743139 -1 
0.675129 -1 
-0.34149 -1 
1.06722 -1 
1.1847 -1 
-1.08237 -1 
1.56544 -1 
1.42643 -1 
-2.85877 -1 
-2.62625 -1 
-2.12908 -1 
-4 -1 
-3.72226 -1 
2.14518 -1 
2.96087 -1 
-2.39373 -1 
-0.971847 -1 
-3.15165 -1 
3.45969 -1 
3.63979 -1 
1.70446 -1 
2.39367 -1 
0.257639 -1 
0.317381 -1 
0.0640728 -1 
0.197897 -1 
-0.193386 -1 
0.431734 -1 
0.374558 -1 
0.811148 -1 
0.880439 -1 
0.94973 -1 
-0.41873 -1 
-0.522677 -1 
1.30557 -1 
-0.626625 -1 
-0.86132 -1 
-0.743972 -1 
1.49594 -1 
4 -1 
3.8199 -1 
1.92482 -1 
-1.15213 -1 
-1.3614 -1 
-1.22189 -1 
-1.47655 -1 
-1.86444 -1 
3.27958 -1 
2.51792 -1 
2.64216 -1 
-1.65988 -1 
-0.083165 -1 
0.531174 -1 
0.709134 -1 
-0.30287 -1 
1.12596 -1 
-2.74251 -1 
-3.86113 -1 
-1.02711 -1 
3.54974 -1 
2.26943 -1 
0.0975288 -1 
0.164441 -1 
0.0101323 -1 
0.464881 -1 
0.619724 -1 
0.34597 -1 
0.403146 -1 
-0.228818 -1 
0.28751 -1 
0.845794 -1 
0.777143 -1 
0.915085 -1 
-0.157954 -1 
-0.470703 -1 
1.24513 -1 
-0.38011 -1 
1.00847 -1 
-0.574651 -1 
1.366 -1 
-0.916583 -1 
-0.802646 -1 
1.53069 -1 
1.63495 -1 
3.90995 -1 
-0.685298 -1 
3.72984 -1 
1.81464 -1 
-1.11725 -1 
-1.41897 -1 
-1.79625 -1 
3.12022 -1 
2.58004 -1 
-1.99676 -1 
-3.00521 -1 
-3.29808 -1 
2.45579 -1 
2.80151 -1 
-3.58339 -1 
3.36963 -1 
-2.26141 -1 
-2.50999 -1 
0.227768 -1 
-1.29165 -1 
1.46118 -1 
-1.53412 -1 
-1.18701 -1 
2.035 -1 
ZONE T="boundary4"
0.191614 0.311168 
0.220759 0.316154 
-0.281145 0.636281 
-0.256828 0.650263 
-0.572158 0.0823296 
-0.568472 0.0444244 
-0.485404 0.431466 
-0.170845 -0.0395096 
-0.129829 -0.0491782 
0.313058 0.342637 
0.00198189 -0.0586807 
-0.212833 -0.0231533 
-0.251499 0.00114234 
-0.0481447 -0.0574541 
-0.551941 0.276431 
-0.572821 0.140882 
-0.569985 0.179433 
-0.558993 0.247384 
-0.565051 0.215623 
-0.530537 0.34058 
-0.519937 0.365595 
-0.539927 0.315366 
-0.503789 0.398799 
-0.471676 0.453182 
-0.442974 0.492984 
-0.428177 0.51112 
-0.285469 0.0366552 
-0.307599 0.0814891 
-0.365449 0.574743 
-0.326567 0.605923 
-0.304744 0.621247 
-0.313517 0.129061 
-0.303189 0.175813 
-0.279024 0.215606 
-0.244986 0.246257 
-0.20261 0.268933 
-0.114727 0.291193 
-0.230713 0.663736 
-0.104089 0.710687 
-0.138008 0.700717 
-0.0295886 0.727105 
-0.0674268 0.719651 
-0.398514 0.543585 
0.2632 0.726158 
0.282483 0.721239 
0.463215 0.529605 
0.3656 0.686031 
0.420222 0.640203 
0.401078 0.659759 
0.462409 0.512196 
0.390544 0.668652 
0.462224 0.54623 
0.45204 0.469046 
0.0919653 0.301708 
0.129122 0.304122 
0.160384 0.307101 
0.252817 0.323246 
0.284482 0.332289 
0.340366 0.355021 
0.363599 0.368064 
0.458916 0.491278 
0.0871881 0.739734 
0.334753 0.70235 
0.3511 0.694299 
0.379486 0.676919 
0.31785 0.709484 
0.300373 0.715778 
-0.573273 0.121391 
0.0132559 0.299028 
-0.0281957 0.297815 
0.44595 0.455134 
0.434826 0.620831 
0.459766 0.561558 
0.45601 0.576122 
0.446965 0.599326 
0.429069 0.427298 
0.418094 0.413606 
-0.201374 0.677151 
-0.171323 0.689188 
0.0550936 0.30019 
-0.0878667 -0.0547849 
0.0475451 0.737149 
0.127127 0.740518 
0.166741 0.739331 
0.205699 0.735984 
0.224756 0.73344 
-0.0708769 0.29562 
0.00850833 0.7329 
-0.157323 0.283334 
0.166985 -0.0609852 
0.402463 0.397527 
0.384931 0.382765 
0.438644 0.441711 
0.243678 0.730242 
0.0526128 -0.0588989 
0.109449 -0.059306 
0.206207 0.313507 
-0.269067 0.643408 
-0.570635 0.063346 
-0.15048 -0.0449367 
-0.232812 -0.012043 
-0.19218 -0.0321998 
-0.571721 0.160181 
-0.56778 0.197564 
-0.525375 0.353146 
-0.535372 0.328025 
-0.555652 0.261952 
-0.512111 0.382317 
-0.478653 0.442395 
-0.435664 0.502123 
-0.269727 0.0177056 
-0.298375 0.058156 
-0.346337 0.590735 
-0.315741 0.613704 
-0.457727 0.47337 
-0.312579 0.105023 
-0.292665 0.196666 
-0.263029 0.232073 
-0.224403 0.258736 
-0.243849 0.657149 
-0.121105 0.705897 
-0.0485456 0.723589 
-0.413645 0.527622 
0.272872 0.723808 
-0.293032 0.628898 
0.463048 0.520903 
0.410969 0.650294 
0.395879 0.664285 
0.462934 0.537941 
0.110537 0.302781 
-0.562216 0.231541 
0.144755 0.305489 
0.236832 0.319478 
0.268724 0.327506 
0.352135 0.361296 
0.342991 0.698446 
0.372619 0.681586 
0.326355 0.706033 
0.358415 0.690273 
0.309156 0.712742 
0.385075 0.672864 
-0.57313 0.131138 
-0.0074896 0.298477 
0.461006 0.5017 
0.461177 0.553932 
0.458052 0.568889 
0.455871 0.480067 
0.298867 0.337205 
0.451908 0.587903 
0.423739 0.420342 
0.441261 0.610296 
-0.216127 0.670622 
-0.18642 0.683346 
-0.0858081 0.715381 
0.0735171 0.300862 
-0.154736 0.695155 
0.176009 0.308986 
-0.494844 0.415271 
-0.108914 -0.0524116 
0.0673616 0.738661 
0.146955 0.740183 
0.215243 0.73479 
0.18626 0.737946 
-0.0495607 0.2969 
-0.0105659 0.730206 
-0.0680335 -0.0563695 
-0.0231081 -0.0582769 
0.107164 0.740362 
-0.136129 0.287789 
-0.0928493 0.293763 
-0.310353 0.152882 
-0.180247 0.277006 
0.291465 0.718613 
0.393886 0.389947 
0.374456 0.375166 
0.410499 0.405378 
0.427828 0.630751 
0.442448 0.448361 
0.449148 0.462028 
0.434028 0.434406 
0.326851 0.348545 
-0.546276 0.296004 
0.0341546 0.299571 
0.028011 0.735234 
-0.573054 0.101851 
0.0272691 -0.0588392 
0.0809933 -0.0590077 
0.138186 -0.0599288 
0.253467 0.728299 
0.234234 0.731926 
-0.382281 0.559476 
ZONE T="boundary5"
0.379149 -0.0913894 
-0.501628 -0.161786 
-0.407262 -0.303339 
-0.54416 -0.0617805 
-0.538404 -0.0785047 
-0.558599 -0.0101057 
-0.565743 0.0259934 
-0.568472 0.0444244 
0.256513 -0.596177 
-0.436323 -0.266344 
0.613031 -0.440261 
-0.490197 -0.182792 
0.545574 -0.514355 
0.565242 -0.498227 
-0.450503 -0.246334 
-0.464619 -0.225084 
-0.52565 -0.111056 
-0.511515 -0.14218 
-0.478134 -0.20343 
0.301921 -0.594199 
-0.31971 -0.391569 
-0.298401 -0.409227 
-0.15696 -0.50016 
-0.176854 -0.489728 
-0.087382 -0.531632 
-0.112126 -0.52129 
-0.134711 -0.511045 
0.0446192 -0.572871 
0.0722878 -0.57881 
-0.273216 -0.428573 
-0.22216 -0.463308 
-0.0359159 -0.550379 
-0.0092235 -0.558721 
0.0175717 -0.5662 
-0.0622973 -0.541221 
0.232968 -0.596155 
0.209455 -0.595462 
0.366959 -0.586154 
0.485197 -0.55012 
-0.349504 -0.364653 
-0.392504 -0.320356 
-0.378194 -0.335906 
0.100162 -0.583908 
0.128486 -0.588192 
-0.19644 -0.478776 
0.624889 -0.41666 
0.156966 -0.591595 
-0.554261 -0.0276397 
-0.247266 -0.446933 
0.52547 -0.528208 
0.324614 -0.592138 
-0.421475 -0.285878 
0.613935 -0.249576 
0.183167 -0.593919 
0.46545 -0.558658 
0.279222 -0.595531 
0.406452 -0.577708 
0.446037 -0.565906 
0.426442 -0.57221 
0.558302 -0.183306 
0.504575 -0.540418 
0.453432 -0.117592 
0.470102 -0.125288 
0.544449 -0.171652 
0.486388 -0.133615 
0.636796 -0.308502 
0.501839 -0.142345 
0.599222 -0.461145 
0.583546 -0.480111 
0.640124 -0.337696 
0.63378 -0.390991 
0.297037 -0.0736664 
0.338887 -0.0814987 
0.516857 -0.151713 
0.530892 -0.161368 
0.58346 -0.208296 
0.628201 -0.27895 
0.417808 -0.103546 
0.166985 -0.0609852 
0.210478 -0.0636123 
0.254197 -0.0677797 
0.435754 -0.110242 
0.571481 -0.195686 
0.594658 -0.221579 
0.638854 -0.365096 
0.636772 -0.378147 
0.398582 -0.0971395 
-0.541342 -0.0701634 
-0.562459 0.00788645 
-0.567183 0.0351977 
-0.495996 -0.172335 
0.555584 -0.506512 
-0.457637 -0.23576 
-0.51878 -0.126709 
-0.506647 -0.152022 
-0.309133 -0.400489 
-0.166943 -0.49501 
-0.0997956 -0.526556 
-0.145877 -0.505683 
0.0584292 -0.575946 
-0.443493 -0.256395 
-0.0226038 -0.554653 
-0.123457 -0.516248 
-0.0748781 -0.536522 
0.221208 -0.595891 
-0.334779 -0.378299 
-0.285905 -0.419023 
-0.385404 -0.328181 
-0.484241 -0.193155 
0.114306 -0.58616 
-0.209371 -0.471158 
0.142711 -0.590005 
-0.234789 -0.455235 
0.535655 -0.521479 
0.313275 -0.593262 
-0.428984 -0.276174 
-0.186685 -0.484317 
-0.471454 -0.214306 
0.196304 -0.59479 
0.170057 -0.592853 
0.47538 -0.554522 
0.244739 -0.596252 
0.345835 -0.589505 
0.290576 -0.594953 
0.436273 -0.569167 
0.416475 -0.575063 
-0.414438 -0.294664 
0.494956 -0.545412 
0.461806 -0.12136 
0.455786 -0.562399 
0.267869 -0.595938 
0.00414395 -0.562562 
0.494162 -0.137899 
0.591622 -0.470832 
0.606413 -0.450902 
-0.556498 -0.0188893 
0.629773 -0.403992 
0.619327 -0.428658 
0.38678 -0.582291 
0.537731 -0.16643 
-0.399948 -0.311904 
-0.549464 -0.0447856 
0.47829 -0.129369 
0.509403 -0.146947 
0.0310686 -0.569637 
-0.0491445 -0.545903 
0.0862039 -0.581465 
-0.260333 -0.437879 
0.318007 -0.0773084 
0.188724 -0.0621282 
0.275639 -0.0704814 
0.444628 -0.113832 
0.574613 -0.489397 
0.515129 -0.5345 
0.564978 -0.189403 
0.551458 -0.177391 
0.58916 -0.214851 
0.577565 -0.20191 
0.604783 -0.235254 
0.621678 -0.263985 
0.633138 -0.293562 
0.63907 -0.32305 
0.640011 -0.351438 
0.635388 -0.384595 
0.523933 -0.156464 
0.637928 -0.371648 
0.388891 -0.0941855 
0.35909 -0.0861433 
0.232342 -0.0654854 
-0.364039 -0.350467 
-0.53225 -0.0948687 
0.426814 -0.106815 
0.408223 -0.100258 
