ZONE T="boundary0"
-4 -0.296584 
-4 -0.0143465 
-4 -0.427874 
-4 -0.362229 
-4 0.309669 
-4 0.362265 
-4 0.77972 
-4 0.559439 
-4 0.252669 
-4 -1 
-4 -0.816693 
-4 0.210605 
-4 0.16854 
-4 0.48715 
-4 0.414861 
-4 0.119619 
-4 0.0706975 
-4 -0.0993904 
-4 -0.257174 
-4 -0.217764 
-4 -0.633386 
-4 1 
-4 -0.53063 
-4 -0.395051 
-4 0.335967 
-4 0.669579 
-4 0.281169 
-4 -0.908346 
-4 0.189572 
-4 0.451006 
-4 0.0951582 
-4 -0.276879 
-4 -0.237469 
-4 -0.0568684 
-4 0.0281755 
-4 -0.158577 
-4 0.523295 
-4 -0.725039 
-4 0.88986 
-4 -0.479252 
-4 0.231637 
-4 0.14408 
-4 -0.329407 
-4 0.388563 
-4 -0.582008 
ZONE T="boundary1"
2.05222 1 
1.53671 1 
1.68926 1 
3.81946 1 
1.07993 1 
0.142809 1 
0.207418 1 
-1.53623 1 
-1.30678 1 
-1.4215 1 
-3.8219 1 
3.04132 1 
3.27784 1 
-2.74488 1 
2.26263 1 
2.53371 1 
2.8048 1 
-0.769089 1 
-0.655727 1 
-2.89621 1 
0.316343 1 
-0.345188 1 
-0.445042 1 
-0.259421 1 
0.604753 1 
0.701619 1 
0.507886 1 
0.0782012 1 
-0.045526 1 
0.0163376 1 
-0.10959 1 
0.892132 1 
0.796875 1 
0.412115 1 
0.986032 1 
-0.882451 1 
-0.550385 1 
-1.20345 1 
-1.10012 1 
-0.991284 1 
-1.69895 1 
1.2901 1 
1.18502 1 
-1.86168 1 
1.8418 1 
-2.04996 1 
-2.23825 1 
-2.59355 1 
-2.4159 1 
-3.19887 1 
-3.42134 1 
-3.64381 1 
-4 1 
3.63892 1 
4 1 
3.45838 1 
2.66926 1 
1.4134 1 
-0.173654 1 
1.61298 1 
0.175114 1 
-1.36414 1 
2.39817 1 
2.92306 1 
-0.712408 1 
0.26188 1 
-0.395115 1 
-0.302304 1 
0.653186 1 
-0.0145942 1 
-0.077558 1 
0.844504 1 
0.556319 1 
0.46 1 
0.939082 1 
-1.25511 1 
-0.603056 1 
-0.82577 1 
-0.936867 1 
-1.0457 1 
-1.61759 1 
1.23756 1 
-1.47886 1 
-1.78032 1 
-1.95582 1 
-2.32707 1 
-2.50472 1 
-3.04754 1 
-2.82054 1 
-2.66921 1 
-3.3101 1 
-3.53257 1 
1.94701 1 
-3.91095 1 
3.90973 1 
3.72919 1 
3.54865 1 
-2.1441 1 
1.76553 1 
1.35175 1 
2.15742 1 
-3.73285 1 
0.364229 1 
-0.141622 1 
-0.216537 1 
0.110505 1 
0.0472694 1 
0.749247 1 
-0.497713 1 
1.03298 1 
1.13248 1 
-1.15178 1 
2.60148 1 
2.73703 1 
1.47506 1 
3.36811 1 
3.15958 1 
ZONE T="boundary2"
4 -0.843245 
4 -0.68649 
4 -0.354494 
4 -0.31776 
4 -0.240011 
4 -0.411367 
4 0.619127 
4 -0.198996 
4 -0.0582262 
4 0.150778 
4 0.226344 
4 0.29356 
4 0.746084 
4 -0.281026 
4 -0.128611 
4 0.0752123 
4 -0.577365 
4 0.426472 
4 0.492169 
4 0.360776 
4 -0.46824 
4 -1 
4 1 
4 -0.764868 
4 -0.336127 
4 -0.38293 
4 0.188561 
4 0.259952 
4 0.682606 
4 -0.219504 
4 -0.163804 
4 -0.260518 
4 -0.0934187 
4 0.00849307 
4 0.112995 
4 0.459321 
4 0.327168 
4 -0.522803 
4 -0.631928 
4 -0.921623 
4 0.873042 
4 -0.299393 
4 0.393624 
4 -0.439804 
4 0.555648 
ZONE T="boundary3"
-2.03683 -1 
-1.83363 -1 
0.939758 -1 
1.04299 -1 
-0.235319 -1 
-0.10751 -1 
-0.037084 -1 
0.72212 -1 
0.0333416 -1 
3.80995 -1 
-0.384736 -1 
-0.43316 -1 
0.176267 -1 
-0.843291 -1 
-0.171414 -1 
-1.63042 -1 
0.104804 -1 
1.93889 -1 
1.74357 -1 
-0.667707 -1 
-0.578432 -1 
-1.44748 -1 
-4 -1 
-1.10549 -1 
1.54825 -1 
0.830939 -1 
-1.36198 -1 
-1.27648 -1 
3.23978 -1 
3.02007 -1 
-2.44919 -1 
-2.69315 -1 
2.58193 -1 
-2.24301 -1 
3.61989 -1 
-3.70311 -1 
-3.55466 -1 
-3.40622 -1 
-3.17166 -1 
-2.93711 -1 
-0.310028 -1 
0.325607 -1 
0.505876 -1 
-1.01754 -1 
-0.929599 -1 
0.415741 -1 
-0.481584 -1 
1.14621 -1 
4 -1 
0.613998 -1 
3.42984 -1 
1.46673 -1 
1.26571 -1 
1.38521 -1 
-1.53895 -1 
2.1512 -1 
2.80035 -1 
2.36351 -1 
-0.756983 -1 
-1.93523 -1 
0.991372 -1 
-0.0722968 -1 
-0.408948 -1 
1.84123 -1 
-0.623069 -1 
-1.73202 -1 
0.776529 -1 
-1.31923 -1 
3.12993 -1 
-2.57117 -1 
-2.3461 -1 
-3.85155 -1 
-3.48044 -1 
-3.05439 -1 
-0.272674 -1 
0.0690729 -1 
-0.00187121 -1 
-0.203367 -1 
0.140536 -1 
0.250937 -1 
-0.973571 -1 
-1.06152 -1 
-1.19099 -1 
-0.530008 -1 
0.370674 -1 
1.0946 -1 
3.90497 -1 
0.885349 -1 
3.71492 -1 
3.33481 -1 
3.52487 -1 
1.32546 -1 
2.04504 -1 
-3.28894 -1 
-3.62889 -1 
-2.81513 -1 
1.64591 -1 
2.91021 -1 
-2.13992 -1 
2.25735 -1 
-0.139462 -1 
-0.347382 -1 
-0.457372 -1 
-0.800137 -1 
-0.712345 -1 
2.47272 -1 
0.668059 -1 
1.50749 -1 
1.42597 -1 
0.460809 -1 
0.559937 -1 
1.20596 -1 
-1.58468 -1 
-1.49321 -1 
-1.40473 -1 
2.69114 -1 
-0.886445 -1 
ZONE T="boundary4"
-0.613766 -0.0282626 
-0.13736 0.427859 
0.642073 0.098387 
0.564523 0.304466 
0.622119 0.180484 
0.615904 0.198631 
-0.606535 0.0151698 
-0.328297 0.343824 
0.644165 0.0813832 
-0.565826 0.119351 
-0.576398 0.0993777 
-0.481447 0.22835 
-0.494996 0.214296 
-0.520576 0.185094 
-0.401491 0.29687 
-0.38387 0.309252 
-0.347352 0.332648 
-0.365766 0.321202 
0.631415 0.149258 
-0.600929 0.0366968 
0.57289 0.29157 
-0.610808 -0.00648656 
-0.585831 0.0788579 
-0.555126 0.137268 
-0.544137 0.153875 
-0.532508 0.169922 
-0.594021 0.0579415 
-0.466938 0.242529 
-0.452015 0.256253 
-0.435604 0.270385 
-0.418729 0.28394 
-0.308982 0.354525 
-0.289074 0.364952 
-0.508108 0.19982 
-0.227012 0.393989 
-0.205199 0.403063 
-0.183183 0.411667 
-0.160368 0.420014 
-0.268938 0.374924 
-0.248081 0.384684 
-0.0641008 0.449108 
-0.0892954 0.442435 
0.639225 0.11528 
0.645786 0.0477164 
0.645413 0.0645579 
0.532856 0.344255 
0.507718 0.36879 
0.602121 0.234052 
0.609257 0.216442 
0.471006 0.397213 
0.495501 0.379093 
0.458864 0.40512 
0.64375 0.0146344 
0.587898 0.264819 
-0.0387253 0.455162 
-0.0120588 0.460801 
0.410737 0.430871 
0.433985 0.419449 
0.360007 0.450415 
0.387072 0.440827 
0.645242 0.0311197 
0.544617 0.330864 
0.555649 0.316895 
0.5206 0.356837 
0.0718688 0.473642 
0.165506 0.478719 
0.198027 0.47799 
0.102396 0.476412 
0.299598 0.466013 
0.332703 0.45838 
0.0147742 0.465723 
0.580805 0.278112 
-0.113422 0.435422 
0.133022 0.478123 
0.04325 0.470112 
0.231493 0.475758 
0.265516 0.471819 
0.619075 0.189579 
-0.571249 0.109437 
-0.488274 0.221373 
-0.392727 0.303128 
-0.356597 0.326986 
0.62698 0.164934 
-0.603893 0.0259751 
0.568778 0.298064 
-0.608834 0.00437339 
-0.58126 0.0891849 
-0.560584 0.128374 
-0.538405 0.161958 
-0.526613 0.177564 
-0.590078 0.0684593 
-0.459529 0.249449 
-0.474246 0.235494 
-0.44387 0.26339 
-0.427224 0.277234 
-0.299058 0.359796 
-0.318672 0.349232 
-0.33786 0.338296 
-0.37486 0.315291 
-0.21613 0.398585 
-0.171799 0.415904 
-0.279034 0.369994 
-0.237572 0.389393 
-0.0767189 0.445849 
-0.148886 0.424 
-0.50161 0.207111 
0.635631 0.13234 
0.645713 0.0561394 
-0.514406 0.192511 
0.605753 0.225273 
0.483439 0.388405 
0.464972 0.401223 
0.595281 0.249562 
-0.0254112 0.45807 
0.422447 0.425336 
0.37361 0.44582 
0.644617 0.0228658 
0.550224 0.323952 
0.538823 0.337636 
0.446552 0.412506 
0.501667 0.37401 
0.526808 0.350624 
0.514234 0.362894 
-0.410162 0.290475 
0.398975 0.436016 
0.18177 0.478525 
-0.597633 0.0473701 
0.0871202 0.475156 
-0.61245 -0.0173528 
0.316208 0.462444 
0.346409 0.454583 
0.00134054 0.463353 
0.584417 0.271501 
0.612641 0.207559 
0.645631 0.039414 
0.640738 0.106849 
0.576921 0.284884 
0.560155 0.31073 
-0.194214 0.407424 
0.644894 0.0729783 
0.643218 0.0898971 
-0.0514323 0.452214 
-0.101379 0.438999 
-0.258537 0.379861 
-0.125413 0.43171 
0.117701 0.477403 
0.149261 0.478582 
0.0575455 0.471987 
0.0289955 0.468023 
0.214773 0.477068 
0.282598 0.469154 
0.24853 0.474006 
-0.549722 0.145631 
ZONE T="boundary5"
-0.229884 -0.520264 
0.38788 -0.256327 
0.416071 -0.241656 
-0.255209 -0.514857 
-0.280297 -0.507875 
0.024095 -0.483677 
-0.000343927 -0.494664 
-0.599118 -0.180252 
0.540139 -0.165791 
-0.613766 -0.0282626 
-0.614886 -0.0937122 
-0.612747 -0.115469 
-0.615784 -0.0719242 
-0.501545 -0.359688 
-0.515658 -0.342436 
-0.592265 -0.201643 
-0.584211 -0.223191 
0.554799 -0.153219 
0.570478 -0.137992 
-0.609393 -0.137131 
-0.604842 -0.15873 
-0.553958 -0.285743 
-0.565082 -0.265299 
-0.408697 -0.444227 
-0.204036 -0.524111 
-0.304244 -0.499658 
-0.327789 -0.490048 
-0.178161 -0.526285 
-0.152115 -0.52678 
-0.126284 -0.52558 
-0.0750158 -0.518109 
-0.100471 -0.522675 
-0.528995 -0.324569 
-0.472685 -0.390703 
-0.487432 -0.375504 
-0.457705 -0.404918 
-0.54196 -0.305425 
-0.390004 -0.456728 
-0.370795 -0.468318 
-0.442174 -0.418494 
-0.425698 -0.431726 
0.621781 -0.0635304 
0.614565 -0.0779735 
0.641291 -0.00163558 
-0.0496911 -0.511858 
-0.615419 -0.0500892 
0.444058 -0.226893 
-0.0248466 -0.504037 
0.0480277 -0.471364 
0.0718232 -0.457683 
0.0957767 -0.442618 
0.168585 -0.391682 
0.194846 -0.372801 
0.119397 -0.42672 
-0.349538 -0.479758 
0.144059 -0.409347 
0.221296 -0.354251 
0.249642 -0.335246 
0.524903 -0.177537 
0.466717 -0.214461 
0.363994 -0.268848 
0.340091 -0.28164 
0.62812 -0.0485438 
0.489034 -0.201405 
0.50721 -0.189864 
0.600844 -0.100595 
-0.575194 -0.24433 
0.63787 -0.0175863 
0.585135 -0.121554 
0.607973 -0.0894838 
0.633463 -0.0332807 
0.64375 0.0146344 
0.309123 -0.298893 
0.27837 -0.317095 
0.401978 -0.248992 
-0.267805 -0.511556 
0.0119486 -0.489341 
-0.61397 -0.104606 
-0.615492 -0.082825 
-0.508697 -0.35114 
-0.588363 -0.212464 
0.562768 -0.145741 
-0.611219 -0.126323 
-0.607261 -0.147961 
-0.602118 -0.169528 
-0.559646 -0.275591 
-0.21699 -0.522393 
-0.242587 -0.517756 
-0.292329 -0.503939 
-0.316084 -0.49502 
-0.165142 -0.526746 
-0.13919 -0.526392 
-0.0877073 -0.520599 
-0.522426 -0.333578 
-0.480137 -0.383181 
0.547555 -0.159606 
-0.450009 -0.411786 
-0.417264 -0.438068 
-0.399422 -0.450586 
-0.465267 -0.397887 
0.618286 -0.0708089 
-0.0623054 -0.515187 
-0.615761 -0.0610044 
-0.434006 -0.425198 
0.430086 -0.234314 
-0.191116 -0.525406 
-0.380467 -0.462636 
-0.0372114 -0.50814 
-0.614754 -0.0391641 
-0.0125297 -0.499532 
0.0599965 -0.464654 
0.181701 -0.382219 
0.107636 -0.434747 
-0.33873 -0.485046 
0.156332 -0.40053 
0.0838648 -0.450259 
0.208033 -0.363471 
0.235413 -0.344657 
0.352026 -0.275209 
0.47793 -0.208028 
0.516128 -0.183805 
0.498176 -0.195722 
0.45542 -0.220737 
-0.570263 -0.254876 
-0.53559 -0.315074 
-0.579821 -0.233812 
0.532592 -0.171758 
0.593238 -0.111263 
0.611342 -0.0837709 
0.604477 -0.0950841 
0.625069 -0.0560879 
0.63579 -0.0254686 
0.642644 0.00648047 
0.639704 -0.00963774 
-0.548077 -0.295657 
-0.494571 -0.36767 
0.630912 -0.0409549 
-0.595822 -0.190989 
-0.113355 -0.52434 
-0.360239 -0.474175 
0.37593 -0.262569 
0.036134 -0.477671 
0.131761 -0.418085 
0.293688 -0.307879 
0.263945 -0.326065 
0.57796 -0.129912 
0.324563 -0.290176 
