ZONE T="boundary0"
-4 0.226063 
-4 0.46798 
-4 0.398064 
-4 0.328148 
-4 0.832341 
-4 0.664681 
-4 -0.414223 
-4 -0.60218 
-4 -0.701635 
-4 1 
-4 0.251584 
-4 0.277105 
-4 0.0567617 
-4 -0.00689573 
-4 -0.0767089 
-4 -0.146522 
-4 0.120419 
-4 -0.251986 
-4 -0.28714 
-4 -0.216831 
-4 -0.508202 
-4 0.302626 
-4 0.173241 
-4 0.199652 
-4 -0.350682 
-4 -0.80109 
-4 -1 
-4 0.363106 
-4 0.748511 
-4 -0.651908 
-4 0.238824 
-4 0.264345 
-4 0.024933 
-4 -0.111616 
-4 -0.0418023 
-4 0.566331 
-4 -0.269563 
-4 -0.461213 
-4 -0.555191 
-4 0.91617 
-4 0.289866 
-4 0.186447 
-4 0.212858 
-4 0.14683 
-4 0.0885904 
-4 0.315387 
-4 0.433022 
-4 -0.234408 
-4 -0.181677 
-4 -0.318911 
-4 -0.382453 
-4 -0.751363 
-4 -0.900545 
ZONE T="boundary1"
1.34666 1 
1.53596 1 
1.71186 1 
0.251564 1 
0.201841 1 
0.301288 1 
-1.5555 1 
0.799256 1 
-0.431417 1 
-0.516243 1 
-1.70195 1 
1.15213 1 
1.03533 1 
-2.02145 1 
-1.8617 1 
-2.3257 1 
3.86253 1 
3.72506 1 
-2.67342 1 
-3.41113 1 
-3.70557 1 
3.45013 1 
4 1 
-1.40905 1 
-3.03926 1 
-3.2252 1 
-4 1 
2.07727 1 
0.127278 1 
0.0527149 1 
-0.196977 1 
-0.126982 1 
0.4505 1 
0.565244 1 
0.679988 1 
-0.0569863 1 
-0.0021357 1 
-0.644183 1 
0.918525 1 
-0.346591 1 
1.2494 1 
1.44131 1 
-1.48228 1 
-0.708153 1 
-0.772123 1 
-0.975855 1 
-0.873989 1 
-1.29965 1 
-1.08305 1 
-1.19025 1 
1.88776 1 
1.98251 1 
3.19463 1 
2.95292 1 
2.83207 1 
2.489 1 
2.71122 1 
2.26678 1 
-0.271784 1 
1.62391 1 
0.226703 1 
-0.47383 1 
1.09373 1 
-1.62872 1 
-1.94158 1 
-2.17358 1 
3.7938 1 
-2.49956 1 
-3.55835 1 
3.93127 1 
-3.13223 1 
-3.85278 1 
0.0899965 1 
-0.161979 1 
0.375894 1 
0.16456 1 
0.507872 1 
0.622616 1 
-0.029561 1 
0.739622 1 
0.276426 1 
-0.580213 1 
0.85889 1 
-0.389004 1 
1.29803 1 
1.20076 1 
1.39399 1 
-1.51889 1 
-0.740138 1 
-0.924922 1 
-1.35435 1 
-1.13665 1 
-1.24495 1 
1.93514 1 
1.79981 1 
3.07377 1 
-2.85634 1 
-3.31816 1 
2.60011 1 
2.37789 1 
-1.78182 1 
-0.091984 1 
0.0252896 1 
0.976926 1 
-0.309188 1 
-0.234381 1 
-0.823056 1 
-1.44566 1 
1.48864 1 
-1.02945 1 
3.32238 1 
-0.676168 1 
3.58759 1 
2.02989 1 
2.77164 1 
2.8925 1 
2.17202 1 
ZONE T="boundary2"
4 -0.31776 
4 -0.354494 
4 -0.411367 
4 -0.198996 
4 0.291093 
4 0.360016 
4 0.511232 
4 0.400712 
4 0.441408 
4 -0.240011 
4 -0.0582262 
4 0.0201505 
4 0.222169 
4 0.720704 
4 0.875 
4 1 
4 -0.68649 
4 -0.843245 
4 -0.281026 
4 -0.128611 
4 0.0985272 
4 0.581056 
4 0.160348 
4 -0.577365 
4 -1 
4 -0.46824 
4 -0.336127 
4 -0.38293 
4 0.325554 
4 0.42106 
4 -0.0190378 
4 0.9375 
4 -0.764868 
4 -0.219504 
4 -0.163804 
4 -0.260518 
4 -0.0934187 
4 0.65088 
4 0.380364 
4 0.0593388 
4 0.191259 
4 -0.522803 
4 -0.631928 
4 -0.921623 
4 0.797852 
4 -0.299393 
4 0.256631 
4 0.129438 
4 -0.439804 
4 0.546144 
4 0.47632 
ZONE T="boundary3"
-0.91715 -1 
-0.844428 -1 
-0.0538215 -1 
0.151141 -1 
0.633126 -1 
-3.43343 -1 
-3.02365 -1 
3.07147 -1 
3.25274 -1 
2.91 -1 
-1.6135 -1 
-1.77772 -1 
2.59944 -1 
-3.22854 -1 
2.74852 -1 
1.89062 -1 
2.08474 -1 
2.45035 -1 
-2.81529 -1 
-2.60693 -1 
-1.39378 -1 
-2.27444 -1 
-0.124066 -1 
0.01499 -1 
0.517892 -1 
0.433404 -1 
-0.194311 -1 
-0.335632 -1 
-0.430036 -1 
0.0838015 -1 
0.218481 -1 
0.348915 -1 
0.283698 -1 
-0.771706 -1 
-0.698984 -1 
-0.264971 -1 
-0.52444 -1 
0.74836 -1 
0.859474 -1 
0.970587 -1 
-1.10076 -1 
-0.989872 -1 
-0.611712 -1 
3.717 -1 
4 -1 
1.11285 -1 
1.04172 -1 
1.25511 -1 
1.35019 -1 
1.44527 -1 
3.434 -1 
-3.71671 -1 
1.57089 -1 
-1.21165 -1 
-1.30271 -1 
-1.50364 -1 
1.69651 -1 
-1.94194 -1 
-4 -1 
-0.880789 -1 
3.16211 -1 
-1.69561 -1 
-3.1261 -1 
1.98768 -1 
2.26755 -1 
-2.71111 -1 
-2.44069 -1 
-0.0889438 -1 
-0.0194157 -1 
0.475648 -1 
-0.382834 -1 
-0.159189 -1 
0.0493958 -1 
0.184811 -1 
0.117471 -1 
0.316307 -1 
0.25109 -1 
-0.735345 -1 
0.690743 -1 
0.91503 -1 
0.391159 -1 
-1.04532 -1 
-0.568076 -1 
-0.477238 -1 
0.575509 -1 
0.803917 -1 
3.8585 -1 
1.07728 -1 
1.00615 -1 
1.18398 -1 
1.30265 -1 
-3.57507 -1 
3.34337 -1 
-1.25718 -1 
-1.34825 -1 
-1.44871 -1 
-3.33098 -1 
2.99074 -1 
1.6337 -1 
1.50808 -1 
2.52489 -1 
2.67398 -1 
2.82926 -1 
1.79356 -1 
-1.85983 -1 
-2.10819 -1 
3.5755 -1 
-2.91947 -1 
-0.229641 -1 
-0.300302 -1 
-0.808067 -1 
-0.953511 -1 
-0.655348 -1 
1.39773 -1 
-1.1562 -1 
-3.85836 -1 
-1.55857 -1 
ZONE T="boundary4"
-0.622638 0.022255 
-0.619634 0.0420043 
-0.182726 0.357041 
-0.160637 0.36337 
-0.624829 -0.0175674 
0.583871 0.223162 
0.588811 0.210859 
-0.624354 0.00238737 
0.50729 0.331378 
-0.510023 0.219892 
-0.58632 0.132523 
-0.48243 0.240243 
-0.557272 0.173908 
-0.54643 0.186168 
-0.33773 0.30893 
-0.319706 0.31509 
-0.244157 0.338919 
-0.224394 0.344835 
-0.355148 0.302696 
0.518887 0.32054 
0.565344 0.260554 
-0.602793 0.0991015 
-0.609709 0.0805221 
-0.594649 0.117019 
-0.615329 0.0614502 
-0.567632 0.160831 
-0.577365 0.146995 
0.49646 0.340534 
-0.534925 0.197905 
0.572196 0.248063 
-0.522957 0.208984 
0.52986 0.309115 
-0.282794 0.327039 
-0.0916294 0.382312 
-0.11511 0.376036 
-0.496716 0.230151 
-0.437336 0.267069 
-0.45272 0.258677 
-0.421573 0.274978 
-0.405585 0.282386 
0.540347 0.2969 
-0.263934 0.332899 
-0.372487 0.296146 
-0.389108 0.289471 
-0.203553 0.350983 
-0.0665522 0.388767 
-0.0143143 0.401166 
0.0129037 0.406938 
-0.041353 0.394944 
-0.138538 0.369589 
0.446325 0.37385 
-0.301655 0.321027 
0.605108 0.0420341 
0.600249 0.022809 
0.610893 0.101092 
0.610436 0.0812731 
0.609901 0.121147 
-0.467859 0.249681 
0.410174 0.391095 
0.374562 0.404022 
0.392458 0.397975 
0.0968892 0.420926 
0.427157 0.383573 
0.46507 0.362886 
0.124308 0.424022 
0.149982 0.426168 
0.175788 0.427538 
0.202215 0.428064 
0.354107 0.409931 
0.309012 0.419648 
0.333541 0.414894 
0.256289 0.426087 
0.282614 0.423478 
0.550156 0.284055 
0.603215 0.163585 
0.607497 0.14122 
0.558011 0.272535 
0.597447 0.185447 
0.608501 0.0614736 
0.228717 0.427633 
0.0411763 0.412338 
0.0696587 0.417092 
0.485205 0.349203 
-0.6213 0.0321534 
-0.171685 0.360218 
0.586396 0.217033 
-0.624744 -0.00758685 
-0.551932 0.180107 
-0.328726 0.31204 
-0.623654 0.012334 
-0.234277 0.341888 
0.513161 0.326035 
-0.606414 0.0898709 
-0.612685 0.0710333 
-0.590607 0.124835 
-0.5726 0.153983 
0.501929 0.336018 
-0.581952 0.139825 
-0.540752 0.192107 
0.568842 0.254348 
-0.529007 0.203514 
-0.562543 0.16744 
0.524452 0.314902 
-0.516553 0.214511 
-0.103377 0.379197 
-0.503425 0.225091 
0.57828 0.235728 
-0.445065 0.262942 
-0.413605 0.278741 
-0.429486 0.271089 
0.535191 0.303081 
-0.346449 0.305848 
-0.254048 0.335922 
-0.397368 0.285982 
-0.193142 0.354022 
-0.0791013 0.385572 
-0.000722353 0.404114 
-0.0278494 0.398108 
-0.489626 0.235271 
-0.149592 0.366494 
-0.310687 0.318082 
-0.292229 0.324053 
0.610846 0.0911769 
-0.213976 0.347919 
-0.617647 0.0517625 
-0.273367 0.329984 
0.383542 0.401095 
0.401356 0.394636 
-0.363832 0.299463 
-0.475191 0.245033 
0.455783 0.368513 
0.436811 0.37885 
0.162876 0.426955 
0.188996 0.427916 
0.364368 0.407094 
0.110584 0.422572 
0.321304 0.417417 
0.269464 0.424926 
0.605556 0.15244 
0.56175 0.266588 
0.593362 0.198233 
0.602857 0.0323748 
0.606987 0.0517206 
0.600511 0.174564 
-0.380815 0.292855 
0.610576 0.111127 
-0.598879 0.10813 
0.554155 0.278343 
-0.0539645 0.391895 
0.137134 0.425188 
0.295834 0.421719 
0.242509 0.427005 
-0.12683 0.372832 
0.0553987 0.414802 
0.0832571 0.419097 
0.215466 0.427973 
0.0270208 0.409714 
-0.460332 0.254251 
0.41871 0.387434 
0.545345 0.290548 
0.60887 0.131203 
0.609655 0.0713536 
0.475264 0.356229 
0.34385 0.412523 
0.490882 0.344932 
ZONE T="boundary5"
-0.562108 -0.231008 
-0.551566 -0.249217 
-0.624829 -0.0175674 
-0.624112 -0.0375306 
-0.622256 -0.0574321 
0.386632 -0.382271 
-0.610381 -0.116499 
-0.61534 -0.0969441 
-0.604473 -0.135933 
-0.572045 -0.212481 
-0.619316 -0.0772413 
-0.228647 -0.516819 
-0.252056 -0.506914 
-0.275103 -0.496213 
-0.338226 -0.461542 
-0.296888 -0.485175 
-0.318273 -0.47341 
-0.357759 -0.449029 
-0.0995323 -0.555926 
0.410414 -0.32915 
0.401614 -0.350287 
-0.540655 -0.266683 
-0.529119 -0.283773 
-0.204084 -0.526224 
-0.1532 -0.542692 
-0.17921 -0.534768 
-0.126941 -0.549683 
-0.492895 -0.330274 
-0.505187 -0.315532 
-0.467131 -0.358433 
-0.48014 -0.344642 
-0.517429 -0.299844 
-0.393304 -0.423748 
-0.37574 -0.436666 
0.434515 -0.267106 
-0.453707 -0.371844 
-0.439587 -0.385142 
-0.425068 -0.398028 
-0.409389 -0.411125 
0.363241 -0.422387 
0.371405 -0.409602 
0.586373 -0.0145637 
-0.589913 -0.17452 
-0.597608 -0.155357 
0.33872 -0.454606 
-0.0719445 -0.56114 
0.0453812 -0.571053 
0.0155431 -0.570492 
0.0759181 -0.570103 
-0.0144012 -0.568547 
-0.0432195 -0.565428 
0.228408 -0.535476 
0.106074 -0.567519 
0.137186 -0.562946 
0.321621 -0.472795 
0.304443 -0.48838 
0.286251 -0.502512 
0.354629 -0.434669 
0.37922 -0.396184 
0.426627 -0.287408 
0.418846 -0.307684 
0.444991 -0.241754 
-0.581335 -0.193654 
0.544559 -0.0854703 
0.600249 0.022809 
0.593971 0.00390644 
0.577462 -0.0327855 
0.47031 -0.191713 
0.456557 -0.217016 
0.499082 -0.147638 
0.485331 -0.167637 
0.529066 -0.106836 
0.513261 -0.128139 
0.556377 -0.0681846 
0.567501 -0.050493 
0.258115 -0.520516 
0.198123 -0.547307 
0.167493 -0.556384 
-0.556912 -0.240155 
-0.624616 -0.0275545 
-0.612978 -0.106751 
-0.623323 -0.0474944 
-0.620917 -0.067356 
-0.607538 -0.126249 
-0.263626 -0.501663 
-0.286043 -0.490786 
-0.328299 -0.467558 
0.406081 -0.339753 
-0.534965 -0.275279 
-0.216407 -0.521629 
-0.191684 -0.530604 
-0.499099 -0.32295 
-0.473687 -0.351585 
-0.546187 -0.257996 
-0.523344 -0.291858 
-0.384575 -0.430277 
-0.3668 -0.442918 
-0.460469 -0.365187 
-0.432375 -0.391638 
-0.348045 -0.455366 
-0.417279 -0.404636 
-0.446697 -0.378545 
-0.593859 -0.164977 
-0.511374 -0.307738 
-0.0857609 -0.558663 
0.0304631 -0.57095 
-0.0288235 -0.567136 
-0.601147 -0.145682 
0.091019 -0.569024 
0.295478 -0.495621 
0.313178 -0.480756 
0.346868 -0.444804 
0.367388 -0.416041 
0.359001 -0.428578 
-0.486573 -0.337506 
0.330351 -0.463881 
0.382987 -0.389264 
0.422739 -0.297553 
0.439645 -0.254385 
0.414666 -0.318436 
0.430544 -0.277249 
0.375377 -0.402935 
-0.576774 -0.203108 
0.394366 -0.366417 
0.597279 0.0133002 
-0.617453 -0.0871173 
0.582058 -0.0237439 
0.463238 -0.204244 
0.450606 -0.229301 
0.492127 -0.157572 
-0.567153 -0.221785 
0.536873 -0.0961921 
0.50613 -0.137851 
0.550538 -0.0768738 
0.562037 -0.0594003 
0.590327 -0.00539347 
0.572599 -0.0417059 
-0.585716 -0.184127 
-0.401395 -0.417497 
-0.240394 -0.511967 
0.272417 -0.51189 
0.47766 -0.179564 
0.243445 -0.528364 
-0.307632 -0.479384 
0.213399 -0.541728 
-0.113264 -0.552932 
-0.1401 -0.546305 
0.0606609 -0.570778 
0.521167 -0.117483 
0.182902 -0.552149 
-0.0576006 -0.563427 
-0.16624 -0.538846 
0.000563932 -0.569688 
0.121672 -0.565482 
0.152402 -0.559929 
