ZONE T="boundary0"
-4 -0.0806044 
-4 -0.147456 
-4 0.316664 
-4 0.276282 
-4 0.357046 
-4 0.229821 
-4 0.0725318 
-4 -0.853377 
-4 0.770918 
-4 1 
-4 0.18336 
-4 0.127946 
-4 -0.00403631 
-4 -0.272574 
-4 -0.330839 
-4 -0.214308 
-4 0.541835 
-4 0.449441 
-4 -0.60218 
-4 -0.243441 
-4 -0.414223 
-4 -0.497608 
-4 -0.706753 
-4 0.656377 
-4 -1 
-4 -0.11403 
-4 0.296473 
-4 0.336855 
-4 0.885459 
-4 0.20659 
-4 0.253052 
-4 0.100239 
-4 0.155653 
-4 0.0342478 
-4 -0.301707 
-4 -0.180882 
-4 0.495638 
-4 -0.258007 
-4 -0.455915 
-4 -0.372531 
-4 -0.654467 
-4 0.403243 
-4 -0.0423204 
-4 0.713647 
-4 0.599106 
-4 -0.549894 
-4 -0.926688 
-4 -0.780065 
-4 -0.228874 
ZONE T="boundary1"
4 1 
3.69302 1 
-0.196977 1 
-0.126982 1 
-0.0569863 1 
-0.346591 1 
-0.431417 1 
-0.271784 1 
-0.884139 1 
-1.19025 1 
-1.09163 1 
3.38604 1 
3.53953 1 
-1.87466 1 
-1.70195 1 
0.679875 1 
0.440757 1 
-2.02145 1 
-2.16825 1 
-2.3257 1 
1.26687 1 
1.15534 1 
2.05025 1 
1.8645 1 
-2.86368 1 
-3.39042 1 
2.23599 1 
2.48331 1 
-3.03926 1 
-3.566 1 
1.72527 1 
-4 1 
-0.684165 1 
-0.600204 1 
-0.516243 1 
0.162416 1 
0.0842213 1 
0.560316 1 
-0.734159 1 
-0.784152 1 
-0.936011 1 
-0.987884 1 
-1.28887 1 
0.799659 1 
0.340684 1 
0.240611 1 
-1.52924 1 
-1.40905 1 
1.03739 1 
1.58603 1 
1.37841 1 
0.919443 1 
-3.783 1 
-2.48316 1 
-2.67342 1 
3.26683 1 
2.83488 1 
2.93913 1 
3.14763 1 
-3.21484 1 
2.73063 1 
3.84651 1 
-0.161979 1 
-0.389004 1 
-0.309188 1 
-1.14094 1 
3.46279 1 
-1.7883 1 
-2.09485 1 
1.2111 1 
1.95738 1 
-2.95147 1 
-0.642185 1 
-0.47383 1 
0.123319 1 
0.620095 1 
-0.759155 1 
-0.834146 1 
-0.558224 1 
-0.961948 1 
0.0136175 1 
-1.23956 1 
0.739767 1 
0.290648 1 
0.201514 1 
0.390721 1 
0.500537 1 
-1.46914 1 
1.48222 1 
1.09636 1 
0.978417 1 
-3.6745 1 
-1.61559 1 
-2.40443 1 
-2.76855 1 
-2.24697 1 
1.65565 1 
1.79488 1 
-2.57829 1 
2.887 1 
3.04338 1 
-1.94806 1 
-3.47821 1 
-3.30263 1 
-3.12705 1 
2.14312 1 
2.35965 1 
2.60697 1 
-3.8915 1 
-0.910075 1 
-0.234381 1 
-0.091984 1 
-0.709162 1 
0.859551 1 
-1.34896 1 
3.61628 1 
3.20723 1 
1.32264 1 
3.32644 1 
-1.03976 1 
2.78275 1 
ZONE T="boundary2"
4 -0.31776 
4 -0.354494 
4 -0.68649 
4 -0.843245 
4 -0.281026 
4 -0.411367 
4 0.360016 
4 0.291093 
4 0.557054 
4 0.441408 
4 1 
4 0.400712 
4 -0.198996 
4 -0.0582262 
4 0.0201505 
4 0.222169 
4 0.6727 
4 -0.240011 
4 -0.128611 
4 0.0985272 
4 0.160348 
4 -0.577365 
4 -0.46824 
4 -1 
4 -0.336127 
4 -0.764868 
4 -0.38293 
4 0.325554 
4 0.499231 
4 0.42106 
4 -0.0190378 
4 0.83635 
4 -0.219504 
4 -0.163804 
4 -0.260518 
4 -0.0934187 
4 0.614877 
4 0.380364 
4 0.0593388 
4 0.191259 
4 -0.522803 
4 -0.631928 
4 -0.921623 
4 -0.299393 
4 0.256631 
4 0.129438 
4 -0.439804 
ZONE T="boundary3"
-3.65545 -1 
-3.82773 -1 
-1.50402 -1 
-0.212966 -1 
-0.299343 -1 
0.537815 -1 
1.48074 -1 
0.409524 -1 
0.148657 -1 
-1.42938 -1 
0.62626 -1 
-1.57865 -1 
0.970587 -1 
1.07071 -1 
1.16074 -1 
-3.3109 -1 
3.62267 -1 
1.88689 -1 
2.29378 -1 
2.54988 -1 
2.80598 -1 
-1.89407 -1 
-1.73636 -1 
3.24534 -1 
-2.81587 -1 
-3.06339 -1 
-2.60842 -1 
-2.40097 -1 
-0.409231 -1 
-0.51912 -1 
-0.126589 -1 
0.0838015 -1 
0.218481 -1 
0.288306 -1 
0.0189464 -1 
-0.0538215 -1 
-0.169778 -1 
0.348915 -1 
0.714705 -1 
-0.760177 -1 
-0.639648 -1 
0.870461 -1 
1.25076 -1 
1.36575 -1 
1.68382 -1 
4 -1 
3.81133 -1 
-1.32054 -1 
-1.2117 -1 
-1.10275 -1 
-2.14752 -1 
-0.993804 -1 
-0.876991 -1 
-4 -1 
-3.74159 -1 
-0.256154 -1 
-1.4667 -1 
0.582037 -1 
-1.54133 -1 
1.02065 -1 
2.09034 -1 
2.67793 -1 
-1.81521 -1 
2.42183 -1 
3.02566 -1 
-3.48318 -1 
-2.93963 -1 
-2.50469 -1 
3.434 -1 
-1.6575 -1 
-0.464175 -1 
0.116229 -1 
0.253394 -1 
-0.0174375 -1 
-0.148184 -1 
-0.0902055 -1 
0.47367 -1 
0.670482 -1 
0.318611 -1 
-0.699913 -1 
-0.191372 -1 
0.792583 -1 
0.920524 -1 
1.20575 -1 
1.11573 -1 
1.30826 -1 
1.42325 -1 
1.58228 -1 
3.90567 -1 
3.717 -1 
-1.15723 -1 
-1.26612 -1 
-1.37496 -1 
-2.02079 -1 
1.78535 -1 
-2.27424 -1 
-1.04828 -1 
-2.71214 -1 
-0.354287 -1 
0.051374 -1 
0.37922 -1 
0.183569 -1 
-0.935398 -1 
-0.818584 -1 
-3.91386 -1 
-3.18714 -1 
-0.579384 -1 
ZONE T="boundary4"
-0.618617 0.185254 
-0.623678 0.166634 
-0.633128 0.0375993 
-0.630819 0.0162373 
0.622382 0.054327 
0.62272 0.0345957 
-0.560306 0.296446 
-0.548329 0.309663 
-0.606094 0.220207 
-0.61279 0.202962 
-0.634569 0.0808009 
-0.505892 0.344484 
-0.633614 0.102474 
0.375807 0.336386 
-0.440155 0.374024 
-0.457426 0.36847 
-0.634392 0.0591236 
-0.246815 0.372923 
-0.225085 0.369227 
-0.289054 0.3794 
-0.268529 0.376431 
0.338146 0.344993 
0.620673 0.07385 
-0.127084 0.35443 
-0.15243 0.357627 
0.410091 0.325467 
0.429191 0.317865 
-0.631492 0.124088 
-0.422671 0.378316 
-0.404604 0.381484 
-0.628179 0.145537 
0.448033 0.309119 
0.572347 0.199575 
0.555846 0.22196 
-0.598622 0.236782 
0.547061 0.232483 
-0.581364 0.267794 
-0.590444 0.252549 
0.537945 0.242557 
-0.571479 0.282243 
0.619518 -0.00465707 
0.62174 0.0149891 
-0.53498 0.322407 
-0.520909 0.333957 
0.515402 0.264265 
0.503624 0.274023 
-0.490298 0.353723 
0.5269 0.253728 
0.269797 0.353536 
0.293901 0.351422 
-0.177813 0.361365 
-0.201451 0.365204 
-0.0994876 0.351661 
-0.386381 0.383506 
-0.367597 0.384489 
-0.348715 0.38448 
0.585946 0.177616 
0.606171 0.133903 
0.612959 0.112687 
-0.329191 0.383561 
0.186901 0.35525 
0.213999 0.355471 
0.468516 0.297988 
-0.474052 0.36175 
-0.309551 0.381854 
0.393274 0.331229 
0.358215 0.340806 
0.0808005 0.350796 
0.0511538 0.349459 
0.110357 0.352278 
0.0196783 0.348437 
0.159867 0.354494 
0.317977 0.348368 
0.241872 0.354965 
0.135108 0.353475 
0.597809 0.154319 
0.617533 0.0933796 
-0.0719963 0.349691 
0.480109 0.290826 
0.491386 0.283178 
-0.041894 0.348432 
-0.0119638 0.348044 
-0.62127 0.175978 
-0.632102 0.0269052 
0.622721 0.0444642 
-0.554433 0.30316 
-0.609556 0.21163 
-0.634235 0.091645 
-0.448842 0.371403 
-0.633894 0.0483545 
-0.235948 0.371087 
-0.63462 0.0699621 
-0.278785 0.377968 
0.621701 0.0641035 
-0.139764 0.355956 
0.419692 0.321795 
-0.632701 0.113297 
-0.413666 0.380048 
-0.629986 0.134837 
-0.62608 0.156119 
0.564325 0.210936 
-0.615819 0.194147 
-0.602469 0.228545 
-0.58602 0.260241 
0.542554 0.237566 
-0.576537 0.275098 
0.620777 0.00514938 
-0.528053 0.328314 
-0.541774 0.31616 
0.509574 0.269217 
-0.513502 0.339364 
0.521217 0.259068 
-0.498184 0.349252 
0.281857 0.352588 
-0.376998 0.384129 
-0.358158 0.384601 
0.53249 0.248209 
-0.431452 0.376319 
-0.257667 0.374711 
-0.189636 0.363251 
-0.39551 0.382633 
0.60978 0.123363 
0.200448 0.355438 
0.45837 0.303729 
-0.299295 0.380701 
0.401714 0.32844 
0.367032 0.338683 
0.384567 0.3339 
-0.566015 0.289441 
0.579367 0.188732 
-0.482252 0.35789 
0.438675 0.313628 
0.0659787 0.350096 
0.095578 0.351532 
0.173381 0.354928 
0.305953 0.350019 
0.255839 0.354377 
-0.213269 0.367204 
0.328077 0.346777 
0.348202 0.343004 
0.551506 0.227265 
0.615423 0.103075 
-0.319365 0.382795 
0.622389 0.0247845 
0.619281 0.0836431 
-0.0857461 0.350577 
0.122731 0.352891 
0.147485 0.354015 
0.485787 0.287063 
-0.165128 0.359438 
0.227936 0.355322 
-0.113292 0.352949 
-0.0569467 0.348947 
-0.0269279 0.348137 
0.00386004 0.348148 
0.0354196 0.348883 
-0.594644 0.244724 
-0.465802 0.365262 
-0.33895 0.384127 
0.602187 0.144191 
0.497561 0.278676 
0.474352 0.294467 
0.592131 0.166096 
ZONE T="boundary5"
-0.605109 -0.0868543 
-0.630819 0.0162373 
-0.547028 -0.201949 
-0.535056 -0.219942 
-0.457948 -0.31341 
-0.444301 -0.32671 
-0.618076 -0.0464209 
-0.62325 -0.0258033 
0.460962 -0.40855 
-0.597369 -0.106672 
-0.588773 -0.126337 
-0.558434 -0.183601 
-0.612015 -0.0667844 
-0.40064 -0.364706 
-0.227032 -0.468696 
-0.203991 -0.478315 
-0.249764 -0.458383 
-0.332162 -0.413316 
-0.271356 -0.447789 
-0.292611 -0.436551 
-0.312562 -0.425225 
-0.350325 -0.401538 
-0.155512 -0.496005 
-0.130048 -0.503997 
-0.104351 -0.511205 
-0.0774813 -0.517852 
-0.0504231 -0.523653 
-0.415635 -0.352368 
-0.179888 -0.487528 
-0.569265 -0.164817 
-0.627511 -0.00491089 
-0.497605 -0.269767 
-0.484481 -0.285136 
-0.471433 -0.299471 
-0.522883 -0.237146 
-0.510223 -0.253997 
0.482316 -0.381379 
-0.384562 -0.377201 
-0.368135 -0.389244 
-0.430278 -0.339623 
0.619518 -0.00465707 
0.60062 -0.0825205 
0.594091 -0.102039 
0.511945 -0.331135 
0.439152 -0.431208 
0.450313 -0.420158 
0.471961 -0.395281 
0.497952 -0.357146 
0.0660633 -0.538661 
0.0969836 -0.539888 
-0.0221012 -0.528785 
0.587236 -0.121489 
0.0361741 -0.536354 
0.00635813 -0.532984 
0.259316 -0.523816 
0.225585 -0.530756 
0.160259 -0.538477 
0.127885 -0.539883 
0.192383 -0.53555 
0.293489 -0.514335 
0.327106 -0.502175 
0.349611 -0.492177 
0.415639 -0.451405 
0.394013 -0.466988 
0.371513 -0.480759 
0.427625 -0.441586 
0.505177 -0.344311 
0.531825 -0.284161 
0.53956 -0.26192 
0.569987 -0.16955 
0.606547 -0.0631931 
0.6118 -0.0437032 
0.522384 -0.308189 
0.578586 -0.14548 
-0.579419 -0.145673 
0.616158 -0.0242505 
0.547527 -0.237216 
0.55545 -0.212466 
0.562589 -0.19095 
-0.541109 -0.21099 
-0.451173 -0.320109 
-0.620777 -0.0361399 
-0.601339 -0.0968019 
-0.593168 -0.116546 
-0.615155 -0.0566346 
-0.215548 -0.473592 
-0.282026 -0.442251 
-0.322407 -0.419344 
-0.341286 -0.407492 
-0.117227 -0.507699 
-0.0639747 -0.520858 
-0.167732 -0.491859 
-0.191975 -0.483014 
-0.142811 -0.500099 
-0.629289 0.00564467 
-0.491106 -0.277504 
-0.478012 -0.292353 
-0.516615 -0.245618 
-0.52903 -0.228586 
-0.376391 -0.383279 
-0.359275 -0.395455 
-0.464743 -0.306491 
-0.423001 -0.346047 
0.597406 -0.0922959 
0.444799 -0.42575 
-0.552805 -0.19282 
0.477228 -0.388397 
0.490381 -0.369425 
-0.503975 -0.261931 
0.466548 -0.401988 
0.0815183 -0.539424 
0.590691 -0.111773 
0.0212519 -0.5348 
-0.00788842 -0.531002 
0.242507 -0.527553 
0.144081 -0.539365 
0.17634 -0.537212 
-0.437335 -0.333216 
-0.608666 -0.0768547 
0.27649 -0.519384 
0.310422 -0.508594 
0.404976 -0.459406 
0.360654 -0.486645 
0.338434 -0.497346 
-0.392645 -0.37101 
0.433449 -0.436465 
-0.56393 -0.174255 
0.455707 -0.414419 
0.501627 -0.350764 
0.508622 -0.337755 
0.421688 -0.446565 
0.609269 -0.0534731 
0.527248 -0.296233 
0.582919 -0.133486 
0.603656 -0.0728782 
-0.408179 -0.358588 
-0.625499 -0.0153805 
-0.584187 -0.136048 
0.617971 -0.0144763 
0.614093 -0.0340019 
-0.574429 -0.155291 
0.543584 -0.249581 
0.574264 -0.157506 
0.558986 -0.201696 
0.535778 -0.273072 
-0.238438 -0.463626 
-0.302628 -0.430961 
0.566256 -0.180239 
-0.2606 -0.453167 
0.382888 -0.474079 
0.551467 -0.224834 
0.517327 -0.319738 
-0.0362828 -0.526334 
0.112436 -0.540043 
-0.0909423 -0.514634 
0.051109 -0.537642 
0.209019 -0.533385 
