ZONE T="boundary0"
-4 -0.186614 
-4 -0.454319 
-4 -0.537132 
-4 -0.0230224 
-4 -0.0695387 
-4 0.13202 
-4 0.184579 
-4 0.428993 
-4 0.485507 
-4 0.61413 
-4 0.742754 
-4 1 
-4 -1 
-4 0.054499 
-4 -0.371507 
-4 -0.31434 
-4 0.372479 
-4 0.304808 
-4 0.237137 
-4 -0.285757 
-4 -0.629004 
-4 -0.720876 
-4 -0.221894 
-4 -0.257174 
-4 -0.151335 
-4 -0.116055 
-4 -0.495726 
-4 -0.0462806 
-4 0.158299 
-4 0.549819 
-4 0.871377 
-4 -0.342924 
-4 0.0932597 
-4 0.338643 
-4 0.270972 
-4 0.400736 
-4 0.678442 
-4 -0.583068 
-4 -0.860438 
-4 -0.412913 
-4 -0.239534 
-4 -0.168975 
-4 0.45725 
-4 0.210858 
-4 -0.0927969 
-4 0.0157383 
-4 -0.67494 
-4 -0.204254 
-4 -0.300049 
-4 -0.133695 
-4 -0.271466 
ZONE T="boundary1"
1.606 1 
3.45838 1 
3.72919 1 
1.94572 1 
0.437495 1 
-0.257374 1 
-0.322437 1 
1.24307 1 
1.1502 1 
-3.783 1 
-3.566 1 
-2.25878 1 
4 1 
-2.45972 1 
-4 1 
0.941841 1 
-1.52263 1 
-1.58996 1 
-1.89452 1 
2.42305 1 
2.24822 1 
2.59787 1 
3.23644 1 
-2.70133 1 
0.0783054 1 
0.313539 1 
-0.572223 1 
-0.661861 1 
0.206904 1 
0.142604 1 
0.0143796 1 
0.703181 1 
0.570338 1 
0.260221 1 
-0.482585 1 
-0.0495461 1 
-0.120928 1 
-0.19231 1 
-0.402511 1 
0.822511 1 
-0.879369 1 
-0.770615 1 
1.04602 1 
1.47097 1 
1.33594 1 
-2.94293 1 
-3.1966 1 
3.0145 1 
-3.3813 1 
-1.74224 1 
-1.38797 1 
-1.4553 1 
-1.20874 1 
-1.32064 1 
1.77586 1 
-0.988109 1 
-1.09685 1 
-2.07665 1 
2.80618 1 
3.59378 1 
-0.289905 1 
1.19664 1 
-3.6745 1 
3.86459 1 
-2.35925 1 
-1.5563 1 
2.33563 1 
2.51046 1 
3.34741 1 
0.375517 1 
-0.617042 1 
0.174754 1 
0.0463425 1 
0.63676 1 
0.28688 1 
0.503917 1 
-0.0852371 1 
-0.156619 1 
-0.442548 1 
-0.224842 1 
0.762846 1 
0.882176 1 
-0.527404 1 
-0.824992 1 
1.09811 1 
1.40345 1 
1.28951 1 
-3.06977 1 
-3.28895 1 
-1.6661 1 
-1.42163 1 
-1.81838 1 
-1.3543 1 
-1.26469 1 
-2.58052 1 
-2.82213 1 
1.53848 1 
1.69093 1 
-1.04248 1 
-1.1528 1 
-1.98558 1 
1.86079 1 
2.09697 1 
-3.8915 1 
2.70203 1 
-0.0175832 1 
0.233562 1 
0.110455 1 
-0.362474 1 
3.12547 1 
-3.47365 1 
-1.48897 1 
0.993932 1 
-0.716238 1 
-0.933739 1 
2.91034 1 
-2.16772 1 
ZONE T="boundary2"
4 -0.31776 
4 -0.354494 
4 -0.68649 
4 -0.843245 
4 -0.281026 
4 -0.411367 
4 -0.240011 
4 0.441408 
4 0.400712 
4 0.511232 
4 0.360016 
4 0.291093 
4 -0.198996 
4 -0.0582262 
4 0.0201505 
4 0.222169 
4 1 
4 0.720704 
4 -0.128611 
4 0.0985272 
4 0.581056 
4 0.160348 
4 -0.577365 
4 -0.46824 
4 -1 
4 -0.336127 
4 -0.764868 
4 -0.38293 
4 0.42106 
4 0.325554 
4 -0.0190378 
4 0.860352 
4 -0.219504 
4 -0.163804 
4 -0.260518 
4 -0.0934187 
4 0.65088 
4 0.380364 
4 0.0593388 
4 0.191259 
4 -0.522803 
4 -0.631928 
4 -0.921623 
4 -0.299393 
4 0.256631 
4 0.129438 
4 -0.439804 
4 0.546144 
4 0.47632 
ZONE T="boundary3"
0.937685 -1 
-0.168065 -1 
-0.287465 -1 
1.26298 -1 
1.15297 -1 
0.828133 -1 
0.629967 -1 
0.718581 -1 
1.04533 -1 
-4 -1 
-3.76119 -1 
1.37298 -1 
-2.29025 -1 
-2.50681 -1 
-1.2052 -1 
-1.09755 -1 
2.37038 -1 
-2.09459 -1 
-1.89894 -1 
-1.78858 -1 
-1.67822 -1 
2.58438 -1 
3.21585 -1 
3.41188 -1 
3.60792 -1 
-2.90424 -1 
-2.72338 -1 
-3.52237 -1 
-3.30374 -1 
-0.500873 -1 
-0.593034 -1 
-0.408712 -1 
-0.686827 -1 
0.442213 -1 
0.392644 -1 
0.541353 -1 
0.186136 -1 
0.137402 -1 
-0.11173 -1 
-0.0553955 -1 
0.0166361 -1 
0.0886677 -1 
-0.885259 -1 
0.343074 -1 
-0.78062 -1 
-0.989897 -1 
4 -1 
3.80396 -1 
-1.33135 -1 
1.50198 -1 
1.63098 -1 
1.7988 -1 
1.96662 -1 
-1.56786 -1 
-1.45751 -1 
2.1685 -1 
-3.08511 -1 
3.00711 -1 
0.264605 -1 
0.491783 -1 
2.79838 -1 
-0.227765 -1 
1.20797 -1 
0.674274 -1 
-3.88059 -1 
-2.39853 -1 
-1.15137 -1 
-1.99676 -1 
-1.7334 -1 
3.5099 -1 
-2.19242 -1 
-2.81381 -1 
-3.64178 -1 
-0.546954 -1 
-0.454792 -1 
0.417429 -1 
0.161769 -1 
-0.0835628 -1 
0.0526519 -1 
0.58566 -1 
0.882909 -1 
-0.937578 -1 
-0.83294 -1 
-0.639931 -1 
-0.733724 -1 
0.773357 -1 
1.09915 -1 
3.90198 -1 
3.70594 -1 
-1.26827 -1 
1.31798 -1 
0.991507 -1 
1.56648 -1 
1.43748 -1 
3.31387 -1 
1.88271 -1 
1.71489 -1 
-1.62304 -1 
-1.51268 -1 
-1.84376 -1 
2.06756 -1 
-3.19442 -1 
-3.41306 -1 
2.26944 -1 
-2.99468 -1 
-2.6151 -1 
-0.0193797 -1 
-0.348088 -1 
-0.139898 -1 
0.113035 -1 
0.303839 -1 
0.367859 -1 
0.516568 -1 
0.22537 -1 
2.90275 -1 
-1.39443 -1 
2.47738 -1 
2.69138 -1 
-1.04372 -1 
3.11148 -1 
0.466998 -1 
ZONE T="boundary4"
0.488001 0.280733 
0.610468 0.039335 
0.615966 0.0224037 
-0.636734 -0.00299331 
-0.634225 0.0188012 
0.604006 0.0563026 
0.45694 0.336873 
-0.575434 0.186926 
0.5134 0.229267 
0.43766 0.365998 
0.418683 0.390732 
-0.625568 0.0626645 
-0.61947 0.0845809 
-0.612234 0.1064 
-0.594563 0.149403 
-0.603901 0.128058 
-0.585346 0.168331 
0.620513 0.00526052 
-0.565296 0.204493 
-0.532003 0.25497 
-0.554617 0.22175 
-0.519649 0.271423 
-0.506726 0.28746 
-0.492511 0.303878 
-0.411146 0.37999 
-0.428562 0.365777 
0.587667 0.0920133 
-0.477709 0.319796 
-0.393037 0.393796 
-0.374476 0.407005 
-0.293785 0.455012 
-0.314772 0.443862 
-0.355135 0.419839 
-0.445485 0.350997 
-0.461873 0.335671 
-0.178047 0.50259 
-0.20271 0.494253 
-0.249568 0.475816 
-0.226289 0.485414 
-0.127019 0.51706 
-0.100705 0.523123 
-0.153129 0.510113 
-0.0159888 0.536443 
-0.0452905 0.532898 
-0.271848 0.465771 
-0.543553 0.238522 
0.499801 0.256933 
0.47574 0.304215 
0.623994 -0.0118442 
0.389233 0.422698 
0.409144 0.40187 
0.37013 0.440027 
0.326671 0.471766 
0.350143 0.455813 
0.466556 0.320701 
-0.630501 0.0406899 
0.0133859 0.538861 
0.0435538 0.540131 
0.075514 0.540083 
0.271848 0.500377 
0.302269 0.485842 
0.540395 0.177986 
0.553634 0.15436 
0.5967 0.073196 
0.578016 0.110567 
0.565967 0.132492 
0.626412 -0.0290651 
0.527443 0.20191 
-0.335378 0.432041 
-0.0730708 0.5285 
0.10727 0.538532 
0.14056 0.535173 
0.173401 0.529953 
0.206586 0.522528 
0.239609 0.512698 
0.613327 0.0309055 
-0.635629 0.00791998 
0.607337 0.047857 
0.428386 0.378538 
-0.622656 0.0736595 
-0.615983 0.0955328 
-0.59935 0.138781 
-0.580472 0.177671 
0.618362 0.0138646 
-0.570435 0.195749 
-0.590044 0.15891 
-0.525896 0.263248 
-0.499693 0.295732 
-0.513257 0.279497 
-0.419913 0.372955 
-0.48518 0.311901 
-0.383811 0.400476 
-0.304323 0.449521 
-0.364859 0.413501 
-0.453745 0.343404 
-0.190413 0.498523 
-0.237968 0.48071 
-0.113887 0.520202 
-0.165619 0.506453 
-0.0306551 0.534809 
-0.608193 0.117276 
-0.469861 0.327803 
0.493941 0.268855 
0.48195 0.292518 
-0.140103 0.513696 
0.506572 0.243085 
-0.260748 0.470883 
0.622382 -0.00326545 
-0.28286 0.460481 
-0.549145 0.230175 
0.399377 0.412471 
0.338555 0.464011 
0.379827 0.431528 
0.360269 0.448091 
-0.53784 0.246789 
-0.560021 0.213161 
0.4712 0.312489 
-0.632508 0.0297691 
0.461809 0.328825 
0.413962 0.396345 
0.0284651 0.539652 
0.0595365 0.540291 
0.287208 0.493423 
0.314596 0.479026 
0.546989 0.166154 
0.60044 0.0647863 
0.572043 0.121555 
0.582904 0.101322 
0.592271 0.0826458 
0.625337 -0.0204352 
0.559812 0.14343 
-0.402149 0.386968 
0.533864 0.189914 
-0.437086 0.358458 
-0.628176 0.0517078 
-0.325123 0.438036 
-0.214535 0.489929 
-0.345307 0.42602 
-0.00131171 0.537795 
-0.0591991 0.530822 
0.520343 0.215542 
0.0914039 0.5395 
0.157022 0.532806 
-0.0869104 0.525933 
0.190057 0.526513 
0.223188 0.517912 
0.25585 0.506855 
0.123941 0.537081 
0.447543 0.351605 
ZONE T="boundary5"
-0.309527 -0.348066 
-0.636734 -0.00299331 
-0.601946 -0.186449 
0.456294 -0.335412 
0.621986 -0.114496 
-0.630508 -0.108633 
-0.625397 -0.12878 
0.4311 -0.348062 
0.405328 -0.358781 
-0.492818 -0.298381 
-0.5082 -0.289071 
-0.618956 -0.148478 
0.613857 -0.144561 
-0.331956 -0.345496 
-0.19043 -0.357905 
-0.165093 -0.360007 
0.575791 -0.223628 
-0.28706 -0.350241 
0.62505 -0.0975688 
-0.263322 -0.352254 
-0.636812 -0.0672256 
-0.634305 -0.0881081 
-0.0352141 -0.373413 
-0.0881529 -0.367463 
-0.113963 -0.364776 
-0.13987 -0.362265 
-0.214979 -0.355986 
-0.392165 -0.335364 
-0.373309 -0.339177 
-0.476957 -0.306697 
0.513044 -0.296375 
-0.523777 -0.278176 
-0.538649 -0.266134 
0.52264 -0.287828 
-0.3527 -0.342629 
-0.553267 -0.252423 
-0.566926 -0.237592 
-0.461086 -0.313897 
-0.427944 -0.32594 
-0.444877 -0.320247 
-0.410759 -0.330865 
0.627031 -0.0806198 
0.382607 -0.366639 
0.359722 -0.373235 
0.587593 -0.203943 
-0.638041 -0.0460642 
-0.638011 -0.0246311 
-0.579747 -0.221491 
0.13141 -0.390043 
0.102841 -0.388028 
0.0743854 -0.385523 
-0.611177 -0.167655 
-0.0081101 -0.376565 
0.0189884 -0.379679 
0.0466623 -0.382721 
-0.0616573 -0.370384 
0.252614 -0.390226 
0.221642 -0.391758 
0.284395 -0.387244 
0.161017 -0.391475 
0.190738 -0.392106 
0.316254 -0.38262 
0.338049 -0.378394 
0.469598 -0.32772 
-0.591496 -0.204341 
0.482564 -0.319449 
0.503103 -0.304529 
0.564487 -0.240246 
0.538 -0.272532 
0.627932 -0.0634703 
0.552434 -0.255988 
0.604008 -0.170636 
0.617922 -0.131101 
0.609198 -0.157759 
0.598285 -0.183287 
0.627728 -0.0463109 
0.626412 -0.0290651 
-0.239619 -0.354107 
-0.62812 -0.118749 
0.418305 -0.353641 
-0.500583 -0.293846 
-0.320748 -0.346839 
-0.298297 -0.349194 
-0.275191 -0.351275 
-0.635721 -0.0776872 
-0.101054 -0.366098 
-0.177757 -0.358938 
-0.126912 -0.363496 
-0.2027 -0.356936 
-0.382754 -0.337353 
-0.531321 -0.272286 
-0.516084 -0.283757 
-0.363019 -0.340985 
-0.560232 -0.24513 
-0.436446 -0.323193 
0.443814 -0.341971 
-0.401486 -0.333209 
-0.469072 -0.310404 
0.626174 -0.0891092 
-0.453023 -0.317174 
0.371205 -0.370081 
0.581842 -0.213876 
-0.638183 -0.0353485 
0.117118 -0.389105 
0.088606 -0.386829 
0.00543711 -0.378132 
0.032822 -0.381223 
-0.048434 -0.371889 
0.237133 -0.39115 
0.268519 -0.388924 
0.175872 -0.3919 
0.300353 -0.385146 
-0.546086 -0.259413 
-0.622345 -0.138684 
-0.0749018 -0.368906 
0.327172 -0.380618 
0.394021 -0.362865 
0.348913 -0.375933 
0.462987 -0.331637 
-0.596882 -0.195488 
0.492977 -0.312186 
0.517886 -0.292151 
0.508114 -0.300502 
0.476127 -0.323656 
0.570252 -0.232014 
0.530455 -0.280314 
0.62762 -0.0720516 
-0.637586 -0.0566552 
0.545362 -0.264385 
0.615969 -0.137855 
0.611602 -0.151186 
0.623649 -0.106056 
0.558575 -0.248204 
-0.637526 -0.0138043 
-0.606731 -0.177135 
0.593105 -0.193701 
-0.573482 -0.229656 
0.627968 -0.0548883 
0.627208 -0.0376769 
-0.152477 -0.361114 
-0.25147 -0.353193 
-0.227296 -0.355047 
0.146206 -0.390851 
-0.021662 -0.374988 
0.0605188 -0.384159 
0.206188 -0.39207 
-0.484951 -0.302656 
-0.419379 -0.328494 
0.620078 -0.122829 
-0.585777 -0.213021 
-0.342337 -0.344129 
-0.615234 -0.158135 
0.601212 -0.176988 
0.606671 -0.164226 
-0.632572 -0.0984019 
