ZONE T="boundary0"
-4 -1 
-4 -0.517724 
-4 0.140673 
-4 0.405203 
-4 0.573147 
-4 0.67986 
-4 0.786573 
-4 0.0781592 
-4 0.0156454 
-4 -0.184756 
-4 -0.134655 
-4 -0.805078 
-4 -0.610155 
-4 -0.340483 
-4 -0.368753 
-4 -0.312213 
-4 -0.248484 
-4 -0.0845552 
-4 0.489175 
-4 0.23128 
-4 0.201078 
-4 0.369273 
-4 -0.425293 
-4 1 
-4 0.261483 
-4 0.333343 
-4 0.297413 
-4 -0.280349 
-4 -0.21662 
-4 0.626503 
-4 0.0469023 
-4 -0.159706 
-4 -0.354618 
-4 -0.326348 
-4 -0.109605 
-4 -0.0344549 
-4 0.109416 
-4 0.216179 
-4 -0.56394 
-4 -0.471508 
-4 0.531161 
-4 0.733217 
-4 0.893287 
-4 -0.707617 
-4 -0.902539 
-4 -0.397023 
-4 0.315378 
-4 0.279448 
-4 0.387238 
-4 0.351308 
-4 0.447189 
-4 0.170875 
-4 -0.296281 
-4 -0.232552 
-4 -0.200688 
-4 -0.264417 
-4 0.246382 
ZONE T="boundary1"
0.982613 1 
1.08856 1 
-2.86933 1 
1.51238 1 
1.7341 1 
2.18301 1 
2.38782 1 
-0.580474 1 
-1.63477 1 
-0.703331 1 
0.568903 1 
-0.244889 1 
-0.32172 1 
0.318111 1 
-0.833552 1 
0.876669 1 
0.146218 1 
-3.46571 1 
4 1 
3.60452 1 
1.97821 1 
-2.21465 1 
1.85615 1 
2.56518 1 
-3.28761 1 
-2.33066 1 
-2.658 1 
0.0257247 1 
-0.174668 1 
-0.39855 1 
-0.104447 1 
-0.0393614 1 
-0.489512 1 
0.0859713 1 
0.394806 1 
0.471501 1 
0.232164 1 
0.771487 1 
0.666305 1 
-0.768442 1 
-0.963773 1 
-1.22279 1 
1.20267 1 
-1.09328 1 
-4 1 
1.31677 1 
-1.41686 1 
-1.31983 1 
-1.98264 1 
-1.80871 1 
-3.8219 1 
-2.44666 1 
3.40678 1 
3.20904 1 
2.97579 1 
2.74255 1 
-3.64381 1 
1.03558 1 
2.28541 1 
-0.641903 1 
-0.283304 1 
0.929641 1 
1.62324 1 
3.80226 1 
2.08061 1 
1.79512 1 
2.4765 1 
-0.209779 1 
-0.139558 1 
-0.00681835 1 
-0.444031 1 
0.116095 1 
0.356459 1 
-0.534993 1 
0.520202 1 
0.433154 1 
0.275138 1 
0.617604 1 
-0.735887 1 
-0.898663 1 
0.824078 1 
-1.15804 1 
1.41458 1 
-1.36834 1 
-1.52582 1 
-1.89567 1 
-3.91095 1 
1.14561 1 
-2.38866 1 
-3.07847 1 
-3.37666 1 
3.09241 1 
-2.55233 1 
-2.27265 1 
-2.76366 1 
2.65387 1 
1.91718 1 
-2.09865 1 
2.85917 1 
0.189191 1 
0.055848 1 
-0.360135 1 
-0.800997 1 
-0.0719044 1 
-3.55476 1 
-3.73285 1 
1.25972 1 
0.718896 1 
-1.02853 1 
-1.72174 1 
-1.27131 1 
3.30791 1 
3.50565 1 
ZONE T="boundary2"
4 -0.411367 
4 -0.354494 
4 -0.843245 
4 -0.68649 
4 -0.281026 
4 -0.31776 
4 0.226344 
4 0.30193 
4 0.360776 
4 0.264137 
4 0.173018 
4 -0.198996 
4 1 
4 0.811479 
4 -0.240011 
4 -0.128611 
4 -0.0582262 
4 0.0307328 
4 0.419622 
4 0.52129 
4 0.622959 
4 -0.577365 
4 0.119692 
4 -0.46824 
4 -1 
4 -0.38293 
4 -0.764868 
4 -0.336127 
4 0.331353 
4 0.283034 
4 0.199681 
4 0.90574 
4 -0.219504 
4 -0.163804 
4 -0.260518 
4 -0.0934187 
4 -0.0137467 
4 0.390199 
4 0.245241 
4 0.572124 
4 0.0752123 
4 -0.522803 
4 -0.631928 
4 -0.921623 
4 0.717219 
4 0.470456 
4 -0.299393 
4 0.146355 
4 -0.439804 
ZONE T="boundary3"
-3.41408 -1 
-4 -1 
-3.84361 -1 
-1.81318 -1 
-1.10191 -1 
-1.21153 -1 
3.36061 -1 
3.26927 -1 
0.661877 -1 
0.763069 -1 
-0.210455 -1 
-0.387856 -1 
-0.299155 -1 
-0.113866 -1 
-0.0454807 -1 
-1.64673 -1 
-1.41721 -1 
1.15571 -1 
1.0474 -1 
1.25727 -1 
-2.19899 -1 
-2.41835 -1 
2.09576 -1 
2.54899 -1 
-1.97963 -1 
2.90913 -1 
1.6116 -1 
2.72906 -1 
2.32238 -1 
3.63464 -1 
-3.15651 -1 
-2.89894 -1 
0.325911 -1 
0.247735 -1 
0.405885 -1 
0.48586 -1 
0.169559 -1 
0.0229043 -1 
0.0962316 -1 
0.573868 -1 
0.844305 -1 
0.925541 -1 
-0.478538 -1 
-0.569219 -1 
1.35882 -1 
-0.884075 -1 
-0.775868 -1 
-0.992282 -1 
4 -1 
3.81732 -1 
3.0892 -1 
3.45195 -1 
1.48521 -1 
1.85368 -1 
-0.672544 -1 
-1.31437 -1 
-3.68722 -1 
-2.65865 -1 
-3.92181 -1 
-1.15672 -1 
3.31494 -1 
0.712473 -1 
-0.343506 -1 
-0.0796733 -1 
-1.53197 -1 
1.10156 -1 
-2.30867 -1 
2.43568 -1 
-3.2853 -1 
0.365898 -1 
0.445872 -1 
0.286823 -1 
0.208647 -1 
-0.0112882 -1 
-0.16216 -1 
0.617873 -1 
0.884923 -1 
-0.433197 -1 
0.986468 -1 
1.30804 -1 
1.20649 -1 
-0.523879 -1 
0.529864 -1 
-0.829972 -1 
-0.938179 -1 
3.72598 -1 
2.99917 -1 
3.5433 -1 
3.90866 -1 
1.5484 -1 
1.73264 -1 
1.42201 -1 
-1.26295 -1 
-1.04709 -1 
-0.620881 -1 
-3.55065 -1 
-3.02773 -1 
-2.77879 -1 
-2.5385 -1 
-1.72996 -1 
2.8191 -1 
2.63903 -1 
-2.08931 -1 
-1.89641 -1 
1.97472 -1 
-3.76542 -1 
-0.254805 -1 
0.132895 -1 
0.059568 -1 
0.803687 -1 
3.17924 -1 
3.40628 -1 
-0.724206 -1 
-1.36579 -1 
2.20907 -1 
ZONE T="boundary4"
-0.432726 0.426883 
-0.618951 0.0498376 
-0.619331 0.0729648 
-0.606551 0.167192 
-0.617184 0.0270027 
0.644428 0.0150265 
0.646824 -0.000265558 
0.648344 -0.0155812 
0.619361 0.0876729 
0.626087 0.0738082 
-0.451771 0.411834 
0.52961 0.18945 
-0.104221 0.502766 
-0.129257 0.507164 
-0.412776 0.440984 
-0.566236 0.270941 
-0.555898 0.289417 
-0.278544 0.500294 
-0.254356 0.505345 
0.372695 0.274423 
0.349811 0.284573 
0.395396 0.264181 
-0.618293 0.096378 
-0.6119 0.143559 
-0.615818 0.119929 
-0.592496 0.212045 
-0.599839 0.190634 
-0.58453 0.232222 
-0.575715 0.251998 
-0.544491 0.30774 
-0.532246 0.325519 
-0.325777 0.485759 
-0.302502 0.493712 
0.275724 0.318227 
0.303905 0.305098 
-0.518551 0.343539 
-0.504027 0.360877 
-0.470041 0.395773 
-0.392154 0.453933 
-0.487478 0.378765 
-0.370672 0.465803 
-0.348642 0.476383 
-0.229609 0.508901 
-0.20482 0.510863 
-0.154571 0.510013 
-0.0790102 0.496762 
-0.0290245 0.480305 
-0.00421831 0.470009 
0.422765 0.251363 
0.0211439 0.458164 
0.0462917 0.445273 
-0.179634 0.511239 
0.632016 0.0594562 
0.478561 0.222375 
0.326898 0.294736 
0.154908 0.382678 
0.649032 -0.0310448 
0.596868 0.123459 
0.551589 0.171857 
0.570506 0.154139 
0.584163 0.139321 
0.0724128 0.430915 
-0.054149 0.489319 
0.125937 0.399729 
0.247585 0.331993 
0.099171 0.415501 
0.60473 0.112318 
0.612355 0.100235 
0.637016 0.044945 
0.641177 0.0300404 
0.449738 0.237953 
0.184038 0.365938 
0.215698 0.348529 
0.506643 0.205354 
0.518246 0.197587 
-0.619317 0.0613995 
0.64769 -0.00791221 
0.622827 0.0807917 
-0.116712 0.505156 
-0.422845 0.43407 
-0.561174 0.28024 
-0.266488 0.503009 
-0.618241 0.0384079 
0.361261 0.279505 
0.384061 0.269327 
-0.609395 0.155415 
-0.614033 0.131774 
-0.617232 0.108173 
-0.596295 0.201385 
-0.603356 0.17896 
-0.58023 0.24216 
-0.571083 0.261525 
-0.588622 0.222178 
-0.53847 0.316701 
-0.314197 0.489912 
0.289796 0.311599 
-0.461009 0.403924 
-0.402552 0.447602 
-0.442346 0.419486 
-0.478867 0.387383 
-0.359731 0.471253 
-0.337277 0.481242 
-0.290572 0.497189 
-0.21723 0.510079 
-0.141896 0.508788 
-0.550301 0.298646 
-0.0915782 0.499951 
-0.0165712 0.475304 
-0.525505 0.334612 
0.409114 0.257837 
0.0337628 0.451825 
-0.24201 0.507321 
-0.495865 0.369928 
-0.618989 0.0846806 
-0.167095 0.510824 
0.338356 0.289643 
0.540759 0.180867 
0.0593896 0.438179 
0.140414 0.391181 
-0.0665361 0.493214 
0.315397 0.299889 
0.261628 0.325032 
-0.0415369 0.484978 
0.600868 0.117939 
0.645736 0.00739825 
0.608623 0.106329 
0.639208 0.0375245 
0.615944 0.0940029 
0.648792 -0.0233078 
0.62916 0.0666779 
0.561219 0.163189 
0.642912 0.0225579 
0.436297 0.24475 
-0.51139 0.352295 
0.634624 0.0522387 
-0.381495 0.460021 
-0.192232 0.511253 
0.0858163 0.423261 
0.11256 0.407632 
0.464227 0.230316 
0.169447 0.374252 
0.199822 0.357142 
0.00851216 0.464221 
0.231604 0.340152 
0.492719 0.214071 
0.577456 0.146847 
0.590655 0.131506 
0.523959 0.193567 
0.512473 0.201514 
ZONE T="boundary5"
-0.531187 -0.179103 
-0.544993 -0.16024 
-0.250657 -0.390497 
-0.272755 -0.380183 
-0.609646 -0.0175588 
-0.61407 0.00453101 
-0.617184 0.0270027 
-0.588906 -0.0812719 
-0.597027 -0.0604723 
-0.603956 -0.0392175 
-0.557619 -0.141141 
-0.17797 -0.420084 
-0.202835 -0.410676 
-0.294592 -0.369323 
-0.314215 -0.358956 
-0.0225158 -0.463525 
-0.101654 -0.444644 
-0.127367 -0.437078 
-0.152861 -0.428871 
-0.0492753 -0.457879 
-0.43407 -0.279146 
-0.451255 -0.264438 
-0.501107 -0.215044 
-0.516601 -0.197278 
0.600116 -0.231538 
0.530792 -0.341603 
-0.226878 -0.400884 
-0.351204 -0.33767 
-0.368565 -0.32679 
-0.333587 -0.34811 
-0.484803 -0.232378 
-0.418036 -0.291937 
-0.467905 -0.249101 
-0.385241 -0.315729 
0.519549 -0.353413 
0.541481 -0.329291 
0.614839 -0.195522 
0.637614 -0.123912 
0.630126 -0.15102 
-0.40162 -0.304212 
0.14516 -0.4813 
0.116121 -0.480487 
0.0877738 -0.478742 
0.0595162 -0.476101 
-0.569161 -0.121629 
0.0044124 -0.468445 
0.0318966 -0.472672 
0.174222 -0.481084 
0.203966 -0.479735 
0.263625 -0.473266 
0.23365 -0.477176 
0.324318 -0.460735 
0.413651 -0.428043 
0.442145 -0.412853 
0.384355 -0.440995 
0.354568 -0.451823 
0.607879 -0.213192 
0.507714 -0.36476 
0.495387 -0.375553 
0.551724 -0.316328 
0.469609 -0.395286 
0.561358 -0.302904 
0.573623 -0.283704 
-0.579606 -0.101664 
0.644086 -0.0930296 
0.646397 -0.0775219 
0.584861 -0.263548 
0.591817 -0.249634 
0.621369 -0.177683 
0.64891 -0.0465628 
0.649032 -0.0310448 
0.648016 -0.062055 
0.641134 -0.108529 
-0.0755634 -0.451599 
0.293896 -0.467841 
0.48271 -0.385698 
-0.538199 -0.169752 
-0.261738 -0.385407 
-0.612023 -0.00654605 
-0.615797 0.0157445 
-0.593113 -0.0709289 
-0.60696 -0.0284293 
-0.190432 -0.415458 
-0.114535 -0.440942 
-0.140141 -0.433055 
-0.442729 -0.271871 
-0.50894 -0.206238 
-0.214887 -0.405854 
-0.359919 -0.332286 
-0.323934 -0.353594 
-0.523991 -0.188269 
-0.426104 -0.285606 
-0.476428 -0.240816 
-0.376939 -0.321315 
0.536207 -0.335508 
0.63405 -0.137515 
-0.39347 -0.310028 
-0.342426 -0.342943 
0.130637 -0.481019 
0.073634 -0.477531 
-0.563515 -0.131459 
0.0456929 -0.474488 
-0.00906962 -0.466078 
0.189101 -0.480556 
0.218822 -0.478611 
-0.409874 -0.298138 
0.428043 -0.42072 
0.36955 -0.44665 
0.604059 -0.222391 
0.33951 -0.456504 
0.501611 -0.370226 
0.546677 -0.322869 
0.525238 -0.347573 
0.513696 -0.359154 
0.456057 -0.404352 
0.567638 -0.293399 
-0.574517 -0.111716 
-0.600645 -0.0498943 
0.556618 -0.309672 
0.645323 -0.0852876 
0.579387 -0.273708 
0.596042 -0.240621 
0.611411 -0.204378 
0.588396 -0.25662 
-0.304434 -0.364198 
0.61816 -0.186623 
-0.459648 -0.256845 
0.64907 -0.0388042 
-0.551422 -0.150767 
-0.238801 -0.395766 
-0.584397 -0.0915314 
0.647294 -0.0697972 
0.648556 -0.0543138 
0.639441 -0.116236 
-0.493033 -0.223786 
-0.283707 -0.374822 
-0.0359155 -0.460792 
-0.0624409 -0.454825 
0.159692 -0.481324 
0.309156 -0.464495 
0.278795 -0.470742 
-0.165444 -0.424556 
0.0181384 -0.470657 
0.24866 -0.475392 
-0.088632 -0.448205 
0.10194 -0.479729 
0.399117 -0.434777 
0.642685 -0.100793 
0.476212 -0.390561 
0.625891 -0.164399 
0.489102 -0.380696 
