ZONE T="boundary0"
-4 0.489175 
-4 0.369273 
-4 0.297413 
-4 0.67986 
-4 0.429224 
-4 0.23128 
-4 -0.248484 
-4 -0.059505 
-4 -0.21662 
-4 0.185977 
-4 0.140673 
-4 0.0156454 
-4 -0.175638 
-4 0.83993 
-4 1 
-4 -0.805078 
-4 -1 
-4 -0.310416 
-4 -0.382888 
-4 -0.425293 
-4 -0.280349 
-4 -0.134655 
-4 -0.517724 
-4 0.0781592 
-4 -0.610155 
-4 -0.340483 
-4 0.584518 
-4 0.333343 
-4 0.399249 
-4 0.264347 
-4 0.163325 
-4 -0.196129 
-4 0.919965 
-4 -0.902539 
-4 -0.40409 
-4 -0.295382 
-4 -0.264417 
-4 -0.232552 
-4 -0.155147 
-4 -0.0970803 
-4 -0.0219298 
-4 -0.471508 
-4 -0.56394 
-4 -0.707617 
-4 0.4592 
-4 0.759895 
-4 -0.325449 
-4 -0.361685 
-4 0.109416 
-4 0.208629 
-4 0.0469023 
-4 0.632189 
-4 0.536846 
ZONE T="boundary1"
3.70339 1 
4 1 
-0.248194 1 
0.982613 1 
1.09264 1 
0.394806 1 
-1.80871 1 
0.159068 1 
0.0859713 1 
-3.64381 1 
-3.46571 1 
-3.8219 1 
-4 1 
3.40678 1 
2.97579 1 
-2.658 1 
-2.9728 1 
-3.28761 1 
2.56518 1 
1.85615 1 
2.01958 1 
-3.13021 1 
-2.33066 1 
1.68427 1 
2.3741 1 
2.18301 1 
0.023305 1 
-0.32172 1 
-0.489512 1 
-0.405616 1 
-0.0393614 1 
-0.174668 1 
-0.107015 1 
0.232164 1 
-0.363668 1 
0.313485 1 
0.568903 1 
0.481855 1 
-0.542967 1 
-0.649877 1 
0.670195 1 
0.771487 1 
0.87705 1 
-1.09328 1 
-0.963418 1 
-0.898485 1 
-1.31983 1 
-1.20655 1 
1.51238 1 
1.35752 1 
1.20267 1 
-1.4773 1 
-1.63477 1 
-1.98264 1 
2.77049 1 
-2.49433 1 
1.59832 1 
-0.596422 1 
-0.768442 1 
-0.833552 1 
-0.703331 1 
3.85169 1 
1.03763 1 
0.12252 1 
-3.55476 1 
-3.91095 1 
3.19129 1 
-2.8154 1 
1.93787 1 
2.27856 1 
0.0546382 1 
-0.447564 1 
-0.00802821 1 
-0.140842 1 
-0.384642 1 
0.272825 1 
0.354146 1 
0.525379 1 
0.43833 1 
-0.342694 1 
0.619549 1 
0.720841 1 
-1.02835 1 
0.929831 1 
0.824268 1 
-1.26319 1 
1.43495 1 
3.55508 1 
-1.39856 1 
-1.55604 1 
-1.89567 1 
1.14765 1 
-1.72174 1 
2.87314 1 
-2.15665 1 
1.77021 1 
-2.57616 1 
-2.41249 1 
-3.37666 1 
-3.05151 1 
-3.20891 1 
2.46964 1 
2.66784 1 
-3.73285 1 
2.1013 1 
1.55535 1 
-0.211431 1 
-0.0731881 1 
-0.284957 1 
0.195616 1 
-0.516239 1 
-0.569694 1 
-0.800997 1 
-0.930951 1 
-0.866019 1 
-0.735887 1 
-0.623149 1 
-0.676604 1 
-1.14992 1 
1.28009 1 
1.6413 1 
ZONE T="boundary2"
4 -0.411367 
4 -0.354494 
4 -0.31776 
4 -0.240011 
4 -0.281026 
4 1 
4 0.264137 
4 0.30193 
4 0.119692 
4 0.173018 
4 -0.198996 
4 -0.843245 
4 -0.68649 
4 0.811479 
4 -0.128611 
4 -0.0582262 
4 0.0307328 
4 0.360776 
4 0.419622 
4 0.52129 
4 0.622959 
4 -0.577365 
4 -1 
4 -0.46824 
4 0.226344 
4 -0.38293 
4 -0.336127 
4 0.283034 
4 0.146355 
4 -0.764868 
4 0.90574 
4 -0.219504 
4 -0.163804 
4 -0.260518 
4 -0.0934187 
4 -0.0137467 
4 0.390199 
4 0.0752123 
4 -0.522803 
4 -0.631928 
4 -0.921623 
4 0.717219 
4 0.245241 
4 0.199681 
4 -0.299393 
4 0.331353 
4 0.572124 
4 -0.439804 
4 0.470456 
ZONE T="boundary3"
-0.569219 -1 
-0.775868 -1 
0.171983 -1 
-0.0454807 -1 
0.0253754 -1 
-0.299155 -1 
0.489877 -1 
-1.21153 -1 
-1.10191 -1 
-0.127968 -1 
0.247735 -1 
0.32681 -1 
3.36061 -1 
2.90913 -1 
3.0892 -1 
1.48521 -1 
2.54899 -1 
-3.68722 -1 
-3.15651 -1 
-2.65865 -1 
-2.90758 -1 
-4 -1 
-3.84361 -1 
2.32238 -1 
3.26927 -1 
2.72906 -1 
-2.00609 -1 
-1.81318 -1 
-0.478538 -1 
0.668469 -1 
0.925541 -1 
0.763069 -1 
-0.210455 -1 
-0.169211 -1 
0.0962316 -1 
0.573868 -1 
-0.387856 -1 
0.405885 -1 
3.72598 -1 
4 -1 
-3.42187 -1 
-1.31437 -1 
1.04063 -1 
1.15571 -1 
-0.992282 -1 
1.35882 -1 
3.45195 -1 
1.6116 -1 
1.73264 -1 
-1.6152 -1 
3.58897 -1 
-1.41721 -1 
-2.19899 -1 
-2.42882 -1 
1.97472 -1 
2.09576 -1 
-0.884075 -1 
1.85368 -1 
-0.672544 -1 
-0.0100527 -1 
-1.15672 -1 
-0.0867242 -1 
0.287273 -1 
2.99917 -1 
-3.03205 -1 
-3.76542 -1 
2.43568 -1 
3.17924 -1 
2.8191 -1 
-1.90963 -1 
-0.523879 -1 
0.844305 -1 
-0.148589 -1 
-0.189833 -1 
0.0608035 -1 
0.531873 -1 
-0.433197 -1 
0.366348 -1 
0.447881 -1 
0.134107 -1 
3.86299 -1 
-3.92181 -1 
-3.55455 -1 
-1.26295 -1 
0.983084 -1 
0.715769 -1 
-1.04709 -1 
1.25727 -1 
1.09817 -1 
1.5484 -1 
3.40628 -1 
3.52046 -1 
3.31494 -1 
3.65747 -1 
2.63903 -1 
-2.10254 -1 
-1.71419 -1 
-1.5162 -1 
-2.31391 -1 
-3.28919 -1 
2.03524 -1 
2.20907 -1 
0.621168 -1 
0.209859 -1 
-0.343506 -1 
-0.254805 -1 
-1.36579 -1 
-2.78311 -1 
-2.54373 -1 
-0.829972 -1 
-0.938179 -1 
1.42201 -1 
1.79316 -1 
1.67212 -1 
1.9142 -1 
ZONE T="boundary4"
-0.33036 0.481075 
-0.30723 0.487867 
-0.283473 0.493169 
-0.617892 0.0271241 
-0.619838 0.0500468 
0.628541 0.0783515 
-0.508064 0.36146 
-0.491618 0.379143 
0.354637 0.286151 
0.377814 0.277531 
0.403144 0.267571 
-0.602218 0.191335 
-0.608657 0.167817 
-0.548121 0.308594 
-0.559359 0.290292 
-0.620424 0.0732597 
-0.619616 0.0967567 
-0.617389 0.12039 
-0.613734 0.144103 
-0.595125 0.212809 
-0.578796 0.252852 
-0.587392 0.233039 
-0.569515 0.271815 
-0.536027 0.326325 
-0.18606 0.49832 
-0.375097 0.463079 
-0.353126 0.472747 
-0.210772 0.49945 
-0.474258 0.395877 
-0.456048 0.41158 
-0.437045 0.426178 
-0.396536 0.452002 
0.647697 0.00322467 
-0.259556 0.496858 
0.55592 0.178265 
0.648888 -0.01226 
-0.235148 0.498967 
-0.136727 0.491339 
-0.161508 0.49562 
0.642705 0.0339122 
-0.112208 0.485612 
-0.0380729 0.460045 
-0.0629714 0.469909 
-0.0874644 0.478393 
-0.522471 0.344256 
0.0379071 0.424137 
0.0123766 0.436941 
0.645632 0.0187011 
0.331297 0.294559 
0.428158 0.256933 
0.51155 0.212178 
0.523023 0.204358 
0.622099 0.092458 
0.48373 0.229136 
0.0653231 0.40998 
0.0927581 0.395742 
0.278666 0.31345 
0.30504 0.303921 
0.215924 0.337754 
0.247308 0.325226 
0.151596 0.366373 
0.534248 0.196132 
0.634171 0.0637633 
0.638863 0.0490295 
0.615345 0.105251 
0.649247 -0.0278795 
0.607958 0.117564 
0.600311 0.128923 
-0.417129 0.43972 
-0.013298 0.44915 
0.122092 0.380803 
0.455084 0.244299 
0.183666 0.35159 
0.57452 0.160214 
0.587905 0.145102 
-0.295395 0.490716 
-0.619035 0.0385718 
-0.49996 0.370414 
0.366242 0.281881 
0.390508 0.272625 
-0.605599 0.179622 
-0.55385 0.299512 
-0.620195 0.0850152 
-0.615735 0.132275 
-0.611365 0.155997 
-0.598801 0.202116 
-0.583204 0.242994 
-0.574266 0.262388 
-0.59137 0.222968 
-0.542179 0.317533 
-0.364186 0.468086 
-0.465262 0.403857 
-0.446649 0.419015 
-0.483052 0.387631 
-0.385901 0.457707 
-0.271545 0.495212 
-0.618678 0.108591 
0.648399 -0.00450929 
-0.318849 0.48466 
-0.14909 0.493667 
-0.124433 0.488649 
-0.19841 0.499086 
-0.050478 0.465107 
-0.52936 0.335376 
-0.0997945 0.482166 
-0.564547 0.281115 
-0.515374 0.352949 
-0.0751745 0.474296 
0.0251647 0.430593 
-0.222966 0.499409 
0.646775 0.0109779 
0.342976 0.290374 
0.415692 0.26235 
0.517318 0.208316 
0.497777 0.220893 
0.0790359 0.402851 
0.0516268 0.417084 
-0.620304 0.0616498 
0.291847 0.308658 
0.318171 0.299238 
-0.341809 0.477095 
0.231584 0.331396 
0.528672 0.200296 
0.644279 0.0263282 
0.636626 0.0564317 
0.640896 0.0414997 
0.631466 0.0711003 
0.625425 0.0854532 
0.545259 0.187417 
-0.247371 0.498117 
0.64917 -0.0200672 
0.611734 0.111458 
0.604206 0.123292 
-0.406923 0.446017 
-0.0256458 0.454703 
0.61881 0.0989013 
-0.427185 0.433097 
-0.173767 0.497163 
0.107404 0.388226 
0.136813 0.373513 
0.441685 0.250758 
0.469506 0.236915 
-0.000427187 0.443131 
0.26297 0.319267 
0.167591 0.358874 
0.199758 0.344559 
0.565403 0.169432 
0.581341 0.152773 
0.594254 0.137126 
ZONE T="boundary5"
-0.486005 -0.234964 
-0.502036 -0.217357 
-0.517423 -0.19917 
-0.545523 -0.161543 
-0.531853 -0.180687 
0.571618 -0.28324 
-0.617892 0.0271241 
-0.614629 0.00455765 
-0.597331 -0.0607927 
-0.610086 -0.017635 
0.62823 -0.14883 
0.636084 -0.121503 
-0.604311 -0.0394087 
-0.558044 -0.142194 
-0.335381 -0.354093 
-0.104165 -0.452322 
-0.296336 -0.375973 
-0.205401 -0.417938 
-0.229735 -0.407819 
-0.275541 -0.38661 
-0.252779 -0.397515 
-0.316851 -0.364804 
-0.0514718 -0.465616 
-0.0780489 -0.459292 
-0.0247119 -0.471207 
-0.589192 -0.081741 
-0.180799 -0.427411 
-0.569509 -0.122461 
-0.579907 -0.102301 
-0.436641 -0.282116 
-0.452847 -0.267743 
-0.469715 -0.251656 
-0.419954 -0.295917 
-0.40387 -0.308375 
-0.370681 -0.331856 
-0.387434 -0.32035 
-0.353638 -0.342911 
0.61921 -0.17574 
0.481993 -0.387725 
0.46901 -0.397623 
0.506721 -0.366164 
0.597789 -0.230227 
0.60555 -0.211642 
0.115165 -0.487643 
0.0862997 -0.48605 
0.144073 -0.488249 
0.00259299 -0.476111 
0.0581212 -0.483573 
0.0300447 -0.480223 
0.173678 -0.487795 
0.203242 -0.486198 
0.233087 -0.483346 
0.293586 -0.473305 
0.324087 -0.46578 
0.354374 -0.456405 
0.413375 -0.431574 
0.384148 -0.445073 
0.441739 -0.415801 
0.612568 -0.193763 
0.494538 -0.37727 
0.518402 -0.354507 
0.529485 -0.342392 
0.550086 -0.316525 
0.540009 -0.329782 
0.643071 -0.0903849 
0.647592 -0.0591662 
0.64567 -0.0747574 
0.559558 -0.302816 
0.582681 -0.26273 
0.589549 -0.248592 
0.6488 -0.0435415 
0.649247 -0.0278795 
0.263202 -0.479104 
-0.130068 -0.444657 
-0.155556 -0.436368 
-0.494097 -0.226231 
-0.538795 -0.171192 
-0.616426 0.0158175 
0.632325 -0.135214 
-0.607353 -0.0285624 
-0.60097 -0.050149 
-0.217602 -0.41296 
-0.285972 -0.381357 
-0.241291 -0.402742 
-0.30663 -0.370456 
-0.0647825 -0.462546 
-0.0911312 -0.455895 
-0.593404 -0.0713219 
-0.574837 -0.112448 
-0.444807 -0.275001 
-0.524732 -0.190003 
-0.411959 -0.302207 
-0.379097 -0.32616 
-0.428355 -0.289088 
-0.362195 -0.337438 
-0.395694 -0.314421 
0.475554 -0.392744 
-0.477932 -0.243381 
0.623849 -0.162328 
-0.326149 -0.359506 
0.601723 -0.220957 
0.100725 -0.486967 
-0.0110775 -0.473757 
0.0440699 -0.482006 
0.158877 -0.488161 
0.188468 -0.487144 
-0.563897 -0.132398 
0.30889 -0.469755 
0.339302 -0.461323 
0.398883 -0.438586 
0.455563 -0.406996 
0.615938 -0.18477 
0.488322 -0.382567 
0.545123 -0.323211 
0.524012 -0.348513 
0.639849 -0.106004 
0.512628 -0.360402 
0.646716 -0.0669721 
0.554899 -0.309724 
-0.461355 -0.259778 
0.565733 -0.293119 
0.577289 -0.273062 
-0.344546 -0.348561 
0.609104 -0.202721 
0.593737 -0.239441 
0.586169 -0.255688 
-0.551897 -0.151942 
0.644449 -0.0825842 
0.500692 -0.371786 
0.534818 -0.336147 
0.648288 -0.0513607 
0.649122 -0.0357131 
-0.509815 -0.208337 
-0.264197 -0.392138 
-0.584685 -0.0920824 
-0.612518 -0.00657094 
-0.0381117 -0.468505 
0.129616 -0.488072 
0.278431 -0.476398 
0.24817 -0.4814 
-0.193131 -0.422756 
-0.117143 -0.448576 
-0.168208 -0.431973 
0.0163034 -0.478268 
0.0722005 -0.484923 
0.21818 -0.484932 
-0.14284 -0.440597 
0.369355 -0.450985 
0.42771 -0.423963 
