ZONE T="boundary0"
-4 -0.111354 
-4 -0.347232 
-4 -0.00396946 
-4 -0.0695227 
-4 -0.153185 
-4 0.319168 
-4 0.272975 
-4 0.365361 
-4 0.192562 
-4 0.127073 
-4 0.0615838 
-4 0.826935 
-4 -1 
-4 0.65387 
-4 0.232768 
-4 -0.272518 
-4 -0.44899 
-4 -0.525843 
-4 -0.297423 
-4 -0.322327 
-4 0.411554 
-4 -0.622983 
-4 -0.720123 
-4 -0.212851 
-4 -0.242685 
-4 -0.372136 
-4 0.555809 
-4 0.457747 
-4 1 
-4 -0.0367461 
-4 -0.132269 
-4 0.296071 
-4 0.159817 
-4 0.0943283 
-4 0.212665 
-4 -0.0904382 
-4 -0.487417 
-4 -0.309875 
-4 0.0288072 
-4 0.388458 
-4 -0.574413 
-4 -0.860061 
-4 -0.227768 
-4 -0.359684 
-4 -0.257601 
-4 -0.28497 
-4 -0.334779 
-4 -0.410563 
-4 -0.183018 
-4 0.342265 
-4 0.252872 
-4 -0.671553 
-4 0.60484 
-4 0.434651 
-4 0.740403 
-4 0.913468 
-4 0.506778 
ZONE T="boundary1"
2.3598 1 
2.01394 1 
1.39268 1 
0.178661 1 
0.12409 1 
-0.259173 1 
0.233233 1 
0.858531 1 
0.973559 1 
0.0610496 1 
-1.30426 1 
-1.4002 1 
-0.439008 1 
0.74101 1 
-0.547222 1 
-0.655435 1 
-1.19369 1 
-1.08313 1 
-1.89087 1 
-2.05859 1 
-2.53372 1 
3.29241 1 
3.6462 1 
-2.86975 1 
-3.24252 1 
-3.41231 1 
-2.29616 1 
3.03926 1 
0.375899 1 
0.304566 1 
0.576411 1 
0.476155 1 
-0.0019905 1 
-0.0743674 1 
-0.146744 1 
-0.349091 1 
-0.202959 1 
0.658711 1 
1.14236 1 
1.05796 1 
4 1 
-0.763353 1 
-0.871271 1 
-0.977201 1 
1.55907 1 
1.26752 1 
-1.49614 1 
-1.72315 1 
1.72546 1 
2.57296 1 
2.78612 1 
-2.17737 1 
-3.79105 1 
-3.5821 1 
-3.68658 1 
-4 1 
-3.05613 1 
2.18687 1 
0.151376 1 
0.916045 1 
-1.35223 1 
0.799771 1 
-0.493115 1 
-0.601328 1 
-1.13841 1 
-1.97473 1 
3.46931 1 
-2.70174 1 
-3.32741 1 
0.526283 1 
0.426027 1 
-0.0381789 1 
0.0295295 1 
0.0925696 1 
0.340233 1 
-0.304132 1 
-0.231066 1 
-0.174852 1 
0.617561 1 
1.10016 1 
0.69986 1 
3.8231 1 
-0.709394 1 
-0.817312 1 
-0.394049 1 
-1.03017 1 
-0.924236 1 
1.47588 1 
-1.24898 1 
-1.44817 1 
-1.60964 1 
1.64227 1 
-1.80701 1 
1.20494 1 
1.8697 1 
2.46638 1 
3.16584 1 
2.91269 1 
-2.23676 1 
-2.41494 1 
-2.11798 1 
0.205947 1 
0.2689 1 
-0.110556 1 
-3.49721 1 
-3.89553 1 
-3.73882 1 
-3.63434 1 
1.3301 1 
1.01576 1 
2.67954 1 
-2.96294 1 
-3.14933 1 
ZONE T="boundary2"
4 -0.411367 
4 -0.354494 
4 -0.31776 
4 -0.240011 
4 0.445798 
4 -0.198996 
4 -0.0582262 
4 0.0201505 
4 0.284036 
4 0.253102 
4 -0.843245 
4 -0.68649 
4 -0.281026 
4 -0.128611 
4 0.513427 
4 0.685792 
4 0.790528 
4 0.345902 
4 0.39585 
4 0.160348 
4 0.222169 
4 0.0985272 
4 -0.577365 
4 1 
4 -1 
4 -0.46824 
4 0.581056 
4 -0.38293 
4 -0.336127 
4 -0.0190378 
4 0.268569 
4 -0.764868 
4 -0.219504 
4 -0.163804 
4 -0.260518 
4 -0.0934187 
4 0.73816 
4 0.370876 
4 0.191259 
4 0.129438 
4 0.237636 
4 0.0593388 
4 -0.522803 
4 -0.631928 
4 -0.921623 
4 0.895264 
4 -0.299393 
4 0.314969 
4 -0.439804 
4 0.633424 
4 0.547241 
4 0.420824 
4 0.479612 
ZONE T="boundary3"
-3.48432 -1 
-1.4775 -1 
-1.66103 -1 
-0.625752 -1 
-0.544377 -1 
0.7463 -1 
0.855128 -1 
-1.08354 -1 
-0.984031 -1 
-0.813015 -1 
3.17799 -1 
-0.87002 -1 
0.150243 -1 
1.34603 -1 
-4 -1 
-3.74216 -1 
-1.18305 -1 
3.44577 -1 
2.09668 -1 
2.31271 -1 
-2.98255 -1 
-2.81529 -1 
-1.84457 -1 
-2.07528 -1 
-2.30599 -1 
1.88066 -1 
-0.412368 -1 
-0.361733 -1 
0.0142638 -1 
0.624655 -1 
-0.690881 -1 
0.4027 -1 
0.50301 -1 
-0.260463 -1 
-0.311098 -1 
-0.192496 -1 
-0.124528 -1 
-0.0551323 -1 
0.0822533 -1 
0.30239 -1 
-0.756009 -1 
1.08559 -1 
1.20723 -1 
-0.927026 -1 
3.72289 -1 
4 -1 
-1.33027 -1 
1.27663 -1 
0.963955 -1 
-1.40388 -1 
1.73815 -1 
1.59565 -1 
1.47084 -1 
2.57868 -1 
2.84464 -1 
-2.56064 -1 
-1.25666 -1 
-3.14981 -1 
-0.463003 -1 
3.01132 -1 
-1.56926 -1 
-0.585065 -1 
0.800714 -1 
-1.03379 -1 
-0.841517 -1 
-3.87108 -1 
3.31188 -1 
2.20469 -1 
-2.89892 -1 
-1.95992 -1 
-2.19063 -1 
-0.38705 -1 
0.685477 -1 
-0.658316 -1 
0.452855 -1 
-0.28578 -1 
-0.158512 -1 
-0.226479 -1 
0.226316 -1 
-0.723445 -1 
1.14641 -1 
-0.784512 -1 
-0.898523 -1 
0.352545 -1 
-1.13329 -1 
3.86144 -1 
1.31133 -1 
0.909541 -1 
-1.36708 -1 
1.6669 -1 
1.24193 -1 
-1.7528 -1 
1.53324 -1 
1.40843 -1 
1.8094 -1 
1.98867 -1 
2.71166 -1 
-2.43331 -1 
2.44569 -1 
-1.21985 -1 
3.58433 -1 
-3.61324 -1 
-2.68797 -1 
-3.31706 -1 
-3.06618 -1 
-0.0204342 -1 
-0.0898304 -1 
0.116248 -1 
0.0482586 -1 
-0.955528 -1 
-0.336415 -1 
-0.437685 -1 
1.02477 -1 
0.563832 -1 
-1.44069 -1 
-1.29347 -1 
2.92798 -1 
3.09465 -1 
-0.50369 -1 
ZONE T="boundary4"
-0.484838 0.225546 
-0.467873 0.246855 
0.599363 0.296562 
0.552443 0.393787 
-0.291596 0.399593 
0.612681 0.220576 
0.563092 0.378545 
0.510497 0.438654 
0.542108 0.406747 
0.531029 0.41908 
-0.30848 0.388727 
0.572698 0.362606 
0.581368 0.345729 
0.60342 0.280021 
0.609199 0.247756 
0.431575 0.489296 
0.451328 0.479319 
-0.237814 0.430563 
-0.21809 0.440658 
-0.597774 -0.0137228 
-0.601203 -0.0339675 
-0.567706 0.0855684 
-0.58224 0.0464596 
-0.57537 0.0661533 
-0.593468 0.00644641 
-0.559772 0.103618 
-0.515402 0.182792 
-0.551193 0.121371 
-0.533964 0.152992 
-0.500495 0.204447 
-0.398407 0.319383 
-0.370224 0.343474 
-0.355411 0.355199 
-0.340313 0.366557 
-0.324533 0.377835 
-0.131113 0.478133 
-0.154768 0.469007 
-0.425024 0.294118 
-0.274447 0.410047 
-0.256262 0.420529 
0.61803 0.168871 
-0.198102 0.450253 
-0.081115 0.495025 
-0.107194 0.486609 
-0.0547796 0.502683 
0.470017 0.468438 
-0.588277 0.0265527 
0.336444 0.521226 
0.364639 0.514079 
0.620919 -0.00667748 
0.623585 0.0179331 
0.624864 0.0675916 
0.624815 0.0426142 
0.411409 0.498097 
0.388165 0.506746 
0.520994 0.429117 
0.490729 0.454416 
-0.176567 0.459913 
0.0625377 0.527163 
0.21376 0.536073 
0.183605 0.536434 
0.123278 0.53388 
0.153422 0.535685 
0.0323593 0.522325 
0.306014 0.527182 
0.0928496 0.531023 
0.275643 0.531523 
0.594551 0.312593 
0.588938 0.328169 
0.620264 0.14443 
0.622358 0.118483 
0.615629 0.193231 
-0.450149 0.267514 
0.623985 0.0924749 
0.243858 0.534534 
-0.0263232 0.510041 
0.00236621 0.516526 
-0.476447 0.236274 
0.557895 0.386256 
0.536658 0.412994 
0.547371 0.400344 
-0.300072 0.394212 
0.577175 0.354243 
0.606601 0.26395 
0.441525 0.484451 
0.568029 0.370658 
-0.227985 0.435673 
-0.599597 -0.0238278 
-0.578905 0.056341 
-0.595728 -0.00361621 
-0.563822 0.0946294 
-0.542821 0.137314 
-0.492755 0.215064 
-0.524887 0.16802 
-0.508049 0.193689 
-0.362854 0.349383 
-0.571635 0.0758989 
-0.384469 0.331607 
-0.332458 0.372244 
-0.316539 0.383329 
-0.142973 0.473652 
-0.411885 0.306928 
-0.265388 0.415345 
-0.208127 0.445518 
-0.0941866 0.490912 
-0.0679759 0.498949 
-0.555561 0.112533 
-0.283054 0.404871 
0.350594 0.517849 
-0.590979 0.0165262 
-0.119184 0.482453 
-0.347897 0.360924 
0.622446 0.00560676 
0.624363 0.0302654 
0.421553 0.493832 
0.39985 0.502585 
0.526072 0.42416 
0.460756 0.47402 
0.500773 0.446735 
0.515802 0.433948 
-0.187367 0.455154 
0.198685 0.536396 
0.138343 0.534911 
0.0474287 0.524865 
0.321272 0.524409 
0.290857 0.529537 
0.376451 0.510564 
-0.24707 0.425602 
0.601493 0.288319 
0.591852 0.320422 
0.597062 0.304612 
0.619171 0.156654 
0.621356 0.131461 
0.61685 0.181055 
-0.585362 0.0365369 
0.480505 0.461621 
0.585298 0.337015 
0.624973 0.0551023 
-0.165698 0.464531 
-0.459112 0.25727 
0.624523 0.080037 
0.623245 0.105485 
0.077678 0.529217 
0.108052 0.532578 
0.228819 0.535455 
0.614198 0.206913 
-0.0120041 0.513394 
0.017339 0.519545 
-0.0405807 0.506472 
0.25977 0.533212 
-0.437773 0.28099 
0.168511 0.536195 
0.611039 0.234184 
ZONE T="boundary5"
-0.125473 -0.434339 
-0.108938 -0.417859 
-0.51686 -0.390724 
-0.526737 -0.376137 
-0.483644 -0.431849 
-0.470847 -0.444985 
-0.157833 -0.463722 
-0.600962 -0.175584 
-0.597585 -0.195664 
-0.603544 -0.155335 
-0.606181 -0.114999 
-0.606233 -0.0947684 
-0.279974 -0.519926 
-0.298955 -0.521166 
-0.57652 -0.274589 
-0.569564 -0.293116 
-0.536228 -0.360854 
-0.495319 -0.418634 
-0.593401 -0.215786 
-0.588488 -0.235691 
-0.582879 -0.255286 
-0.54516 -0.345144 
-0.318385 -0.520529 
-0.337472 -0.518043 
0.289938 -0.265996 
-0.356794 -0.513638 
-0.375274 -0.507618 
-0.393621 -0.499836 
-0.261076 -0.516823 
-0.207626 -0.49733 
-0.242853 -0.512007 
-0.224874 -0.505425 
-0.190604 -0.487566 
-0.0719493 -0.380836 
-0.0907442 -0.399419 
-0.553837 -0.32841 
-0.457504 -0.457311 
-0.561887 -0.311284 
-0.506452 -0.404825 
-0.174237 -0.47648 
-0.141825 -0.449801 
-0.442745 -0.469448 
-0.605426 -0.0745151 
-0.603753 -0.054246 
-0.601203 -0.0339675 
-0.410753 -0.490878 
-0.0492801 -0.36001 
-0.605282 -0.135176 
-0.0252057 -0.340498 
0.206083 -0.268935 
0.187875 -0.269855 
-0.427472 -0.480476 
0.120008 -0.277596 
0.150284 -0.273089 
0.169231 -0.27119 
0.224228 -0.26827 
0.257003 -0.267299 
0.316851 -0.264191 
0.343954 -0.261303 
0.424831 -0.242841 
0.453106 -0.23166 
0.478577 -0.218832 
0.592342 -0.100899 
0.610487 -0.0549174 
0.545609 -0.167215 
0.580123 -0.122765 
0.602375 -0.0783946 
0.564168 -0.14571 
0.620919 -0.00667748 
0.616603 -0.0310344 
0.396431 -0.251345 
0.370093 -0.257168 
0.0892028 -0.284528 
0.0631091 -0.292665 
0.503408 -0.203256 
0.525158 -0.186482 
0.0373685 -0.303093 
0.00518145 -0.320021 
-0.117188 -0.426154 
-0.521868 -0.383484 
-0.477323 -0.438505 
-0.599371 -0.185643 
-0.606313 -0.104885 
-0.289451 -0.520777 
-0.573135 -0.283892 
-0.591035 -0.225764 
-0.602355 -0.165475 
-0.308674 -0.521087 
-0.540767 -0.353046 
-0.327952 -0.519513 
-0.36609 -0.510834 
-0.38452 -0.503925 
-0.270494 -0.518606 
-0.251919 -0.514631 
-0.531555 -0.368546 
-0.216184 -0.501569 
-0.0814116 -0.390084 
-0.549578 -0.336824 
-0.464253 -0.451244 
-0.557943 -0.31989 
-0.511725 -0.397833 
-0.489554 -0.425314 
-0.182347 -0.482182 
-0.133604 -0.442162 
-0.149767 -0.456877 
-0.45021 -0.463499 
-0.19904 -0.492628 
-0.604698 -0.0643731 
-0.602586 -0.0440943 
-0.585775 -0.245519 
-0.347176 -0.516069 
-0.605937 -0.084639 
-0.0607491 -0.370281 
-0.604516 -0.145267 
-0.565816 -0.302243 
-0.500957 -0.411796 
-0.0998658 -0.408657 
-0.165964 -0.470247 
0.196979 -0.269356 
0.178551 -0.270465 
0.215153 -0.268579 
0.240606 -0.26778 
0.159756 -0.272063 
0.439079 -0.237575 
0.273458 -0.266735 
-0.402262 -0.495528 
0.586485 -0.111971 
0.606681 -0.0667407 
0.597608 -0.0897559 
0.572445 -0.134443 
0.61378 -0.0430351 
-0.605836 -0.125094 
-0.419197 -0.485835 
0.135128 -0.275094 
-0.43519 -0.475091 
0.303387 -0.265204 
-0.233806 -0.508927 
0.61898 -0.018894 
0.383295 -0.254476 
0.104562 -0.280741 
0.514481 -0.195132 
0.330402 -0.262904 
0.0501521 -0.297594 
0.357036 -0.259418 
0.535628 -0.177108 
0.0210719 -0.311087 
-0.0102568 -0.329851 
-0.579796 -0.264974 
-0.595587 -0.205748 
0.410701 -0.247385 
0.491177 -0.211351 
0.465975 -0.225537 
0.555171 -0.156705 
-0.0374137 -0.350033 
0.0760956 -0.288331 
