ZONE T="boundary0"
-4 -1 
-4 -0.629004 
-4 -0.31434 
-4 -0.186614 
-4 -0.257174 
-4 -0.030778 
-4 0.184579 
-4 0.428993 
-4 0.3669 
-4 0.710598 
-4 0.61413 
-4 0.304808 
-4 -0.814502 
-4 0.521562 
-4 -0.393006 
-4 -0.511005 
-4 -0.116055 
-4 -0.452006 
-4 0.119539 
-4 0.244693 
-4 0.054499 
-4 0.807065 
-4 1 
-4 -0.285757 
-4 -0.221894 
-4 0.397947 
-4 0.662364 
-4 0.475277 
-4 -0.353673 
-4 -0.570005 
-4 -0.151335 
-4 0.214636 
-4 0.27475 
-4 0.335854 
-4 -0.721753 
-4 -0.907251 
-4 0.903533 
-4 0.758831 
-4 -0.481505 
-4 -0.422506 
-4 0.0118605 
-4 0.0870189 
-4 0.152059 
-4 0.567846 
-4 -0.0734165 
ZONE T="boundary1"
-3.1966 1 
3.75 1 
1.03941 1 
-1.32064 1 
0.196108 1 
-0.487367 1 
1.49022 1 
-1.59877 1 
3.875 1 
-0.933739 1 
0.377739 1 
0.50556 1 
-2.71451 1 
-2.30485 1 
2.61461 1 
-1.93594 1 
-2.12965 1 
-2.94897 1 
3.02131 1 
-3.783 1 
1.3705 1 
2.41608 1 
2.21754 1 
-3.3813 1 
-0.0532742 1 
-0.402511 1 
-0.329942 1 
0.0143796 1 
0.142604 1 
0.078492 1 
0.249612 1 
-0.572223 1 
0.633382 1 
-0.770615 1 
-0.671419 1 
-0.852177 1 
-1.09685 1 
-1.20874 1 
1.1451 1 
-1.4553 1 
0.846867 1 
-1.74224 1 
0.740124 1 
1.25078 1 
3.42733 1 
1.81773 1 
1.65397 1 
3.58866 1 
-3.566 1 
-4 1 
2.01764 1 
-2.48006 1 
4 1 
-0.120928 1 
-0.189151 1 
-0.257374 1 
3.22432 1 
3.8125 1 
0.44165 1 
-2.0328 1 
-2.83174 1 
2.81796 1 
1.43036 1 
-3.07279 1 
2.31681 1 
-0.366227 1 
0.110548 1 
0.169356 1 
-0.529795 1 
0.313676 1 
0.22286 1 
-0.444939 1 
0.569471 1 
-0.0194473 1 
-0.892958 1 
-1.01529 1 
-1.1528 1 
-1.38797 1 
0.943137 1 
-1.26469 1 
-1.6705 1 
0.793496 1 
1.19794 1 
-1.52703 1 
1.09225 1 
1.31064 1 
1.73585 1 
1.57209 1 
-1.83909 1 
3.66933 1 
-3.6745 1 
-3.47365 1 
-3.28895 1 
2.51535 1 
-2.39245 1 
-2.21725 1 
-3.8915 1 
2.11759 1 
1.91768 1 
3.9375 1 
-2.59728 1 
0.0464358 1 
-0.0871012 1 
-0.155039 1 
-0.223262 1 
-0.293658 1 
-0.621821 1 
-0.811396 1 
0.686753 1 
-0.721017 1 
3.508 1 
3.32582 1 
3.12282 1 
ZONE T="boundary2"
4 -0.31776 
4 -0.354494 
4 -0.411367 
4 -0.281026 
4 -0.198996 
4 0.511232 
4 0.360016 
4 0.291093 
4 -0.0582262 
4 0.0201505 
4 0.222169 
4 0.720704 
4 0.860352 
4 -0.68649 
4 -0.843245 
4 -0.240011 
4 -0.128611 
4 0.0985272 
4 0.400712 
4 0.441408 
4 0.581056 
4 0.160348 
4 -0.577365 
4 -0.46824 
4 -1 
4 1 
4 -0.336127 
4 -0.38293 
4 0.325554 
4 -0.0190378 
4 -0.764868 
4 -0.219504 
4 -0.163804 
4 -0.260518 
4 -0.0934187 
4 0.42106 
4 0.65088 
4 0.380364 
4 0.0593388 
4 0.191259 
4 -0.522803 
4 -0.631928 
4 -0.921623 
4 0.790528 
4 0.930176 
4 -0.299393 
4 0.256631 
4 0.129438 
4 -0.439804 
4 0.546144 
4 0.47632 
ZONE T="boundary3"
-3.52237 -1 
-4 -1 
0.800745 -1 
-0.885259 -1 
-1.45751 -1 
-0.0986033 -1 
-0.0409836 -1 
1.38248 -1 
1.7988 -1 
0.343074 -1 
0.264605 -1 
-1.09755 -1 
-0.989897 -1 
0.718581 -1 
3.2095 -1 
2.58438 -1 
-3.30374 -1 
-3.08511 -1 
3.41188 -1 
-2.50681 -1 
-2.79596 -1 
2.37644 -1 
2.79575 -1 
0.186136 -1 
-0.185019 -1 
-0.229183 -1 
-0.273348 -1 
0.0166361 -1 
0.101386 -1 
-0.34103 -1 
0.442213 -1 
0.541353 -1 
0.629967 -1 
-0.686827 -1 
-0.593034 -1 
0.882909 -1 
1.01853 -1 
-0.78062 -1 
1.15415 -1 
1.47933 -1 
1.57619 -1 
-1.33135 -1 
1.26832 -1 
-0.500873 -1 
-0.408712 -1 
-1.2052 -1 
3.70594 -1 
4 -1 
-1.56786 -1 
-1.67822 -1 
-1.78231 -1 
-2.09459 -1 
-1.88641 -1 
3.00711 -1 
2.1685 -1 
-2.3007 -1 
1.98365 -1 
-3.76119 -1 
0.303839 -1 
-1.04372 -1 
-3.19442 -1 
3.31069 -1 
-2.94053 -1 
2.48041 -1 
2.69006 -1 
-0.207101 -1 
-0.251266 -1 
-0.141811 -1 
-0.0121737 -1 
-0.0697934 -1 
0.143761 -1 
-0.307189 -1 
0.059011 -1 
0.392644 -1 
0.491783 -1 
0.674274 -1 
0.58566 -1 
-0.639931 -1 
0.95072 -1 
0.759663 -1 
0.841827 -1 
-0.83294 -1 
1.08634 -1 
1.52776 -1 
1.3254 -1 
-0.454792 -1 
-1.15137 -1 
-1.26827 -1 
-1.39443 -1 
-0.733724 -1 
-0.937578 -1 
1.21123 -1 
-0.546954 -1 
3.85297 -1 
-1.51268 -1 
-1.62304 -1 
1.68749 -1 
-1.73027 -1 
-1.9905 -1 
3.10831 -1 
2.27247 -1 
-2.65139 -1 
-2.19765 -1 
-2.40376 -1 
2.07607 -1 
3.55891 -1 
2.90143 -1 
1.89122 -1 
-3.41306 -1 
0.22537 -1 
-0.374871 -1 
-1.83436 -1 
1.43091 -1 
ZONE T="boundary4"
0.554311 0.110635 
0.261248 0.464117 
-0.552151 0.25766 
0.608474 0.0247596 
0.600933 0.0410264 
-0.616655 0.10356 
-0.620777 0.0819684 
0.4799 0.192816 
0.501242 0.169445 
-0.571667 0.223299 
-0.562194 0.240636 
-0.26584 0.499656 
-0.242853 0.509022 
-0.625378 0.017976 
-0.625154 0.0390909 
0.362485 0.352003 
0.349267 0.370104 
0.627095 -0.0425956 
0.624176 -0.0254292 
0.614843 0.0083215 
-0.62362 0.0604278 
0.38236 0.323554 
-0.597004 0.167977 
-0.604701 0.146681 
-0.611281 0.125156 
-0.580753 0.205265 
-0.589179 0.186928 
-0.541417 0.274476 
0.441663 0.239136 
0.424943 0.261912 
-0.530066 0.290905 
-0.5045 0.323853 
-0.517591 0.307607 
-0.443135 0.387172 
-0.459486 0.372027 
-0.490187 0.340344 
-0.371255 0.442682 
-0.351483 0.45532 
-0.331264 0.467244 
-0.39013 0.429645 
-0.288471 0.489445 
-0.218799 0.517791 
-0.194447 0.525637 
-0.475269 0.356313 
-0.0894111 0.548251 
-0.0611409 0.551283 
-0.0328929 0.552991 
0.620106 -0.00849913 
-0.408519 0.415949 
-0.426089 0.401865 
0.335676 0.387762 
0.282017 0.446207 
0.30195 0.426628 
0.319041 0.407844 
0.519864 0.149457 
0.41341 0.27831 
0.402035 0.294805 
0.0861968 0.544178 
0.117384 0.536904 
0.0560129 0.549083 
0.025255 0.552122 
0.147652 0.527443 
0.235125 0.483417 
0.17768 0.515398 
0.459059 0.217114 
0.538146 0.129411 
0.592309 0.0569682 
0.5696 0.0912164 
0.581452 0.0744113 
-0.310069 0.478733 
-0.168979 0.532772 
-0.116411 0.544143 
-0.143282 0.53889 
-0.00408695 0.553322 
0.207015 0.500688 
0.604832 0.0329544 
-0.618868 0.0927935 
0.490518 0.181063 
-0.567001 0.232006 
-0.254389 0.504445 
-0.625429 0.0285359 
0.355923 0.361092 
0.62578 -0.0339861 
0.611792 0.0165944 
-0.624548 0.0497713 
0.372484 0.337829 
-0.600982 0.157375 
-0.60813 0.13596 
-0.585052 0.196136 
-0.576288 0.214321 
-0.593189 0.177492 
0.433222 0.250457 
-0.535817 0.282742 
-0.511119 0.315789 
-0.523906 0.299314 
-0.451379 0.379673 
-0.49742 0.332165 
-0.361426 0.44909 
-0.341427 0.461372 
-0.380751 0.436247 
-0.622356 0.0712192 
-0.277202 0.494655 
-0.230867 0.513521 
-0.206659 0.52183 
-0.482801 0.348396 
-0.0752903 0.549929 
-0.0470237 0.552305 
-0.54686 0.266116 
0.617616 -4.27253e-05 
0.622283 -0.0169281 
-0.417367 0.408985 
0.342533 0.378986 
0.292129 0.436581 
0.32746 0.397899 
0.310608 0.417348 
0.510559 0.159449 
0.419153 0.270091 
-0.399386 0.422879 
0.40771 0.286547 
0.101857 0.540821 
0.0406602 0.550836 
0.132607 0.53246 
-0.467449 0.364241 
0.271776 0.455341 
0.248379 0.474047 
0.162785 0.521726 
0.45026 0.228031 
0.529059 0.139479 
-0.557244 0.24919 
0.596739 0.0490634 
0.562079 0.101025 
0.575637 0.0828941 
0.587013 0.0657753 
0.546314 0.120095 
-0.614114 0.114394 
-0.299318 0.484187 
-0.181747 0.52933 
-0.129871 0.541657 
-0.434678 0.394594 
-0.320719 0.473085 
-0.10293 0.546341 
0.469366 0.204854 
-0.156159 0.535959 
0.0105955 0.552921 
0.392201 0.309184 
-0.0184882 0.553339 
0.221249 0.492362 
0.192499 0.508359 
0.0711472 0.546873 
ZONE T="boundary5"
-0.0481836 -0.406938 
-0.0729685 -0.40112 
-0.485896 -0.238854 
-0.557796 -0.169739 
-0.569919 -0.153489 
-0.455394 -0.260119 
-0.470437 -0.250065 
0.60452 -0.200979 
0.595214 -0.222967 
-0.621901 -0.0233186 
-0.624291 -0.00284501 
0.613983 -0.174098 
0.62151 -0.146357 
-0.590922 -0.118885 
0.495977 -0.34913 
0.483088 -0.358494 
-0.581063 -0.136396 
0.535245 -0.313865 
-0.618222 -0.0433773 
0.584837 -0.244092 
-0.613264 -0.0630108 
-0.607052 -0.0821496 
0.516226 -0.332392 
-0.599596 -0.10079 
-0.0976319 -0.394964 
-0.214949 -0.36147 
-0.237581 -0.354273 
-0.281044 -0.339694 
-0.301461 -0.33243 
-0.259337 -0.347111 
-0.34055 -0.31754 
-0.121657 -0.388644 
-0.192282 -0.368437 
-0.168964 -0.375363 
-0.32181 -0.32486 
-0.544612 -0.185349 
-0.530626 -0.200112 
-0.500955 -0.226975 
-0.440244 -0.269478 
-0.376252 -0.30241 
-0.625378 0.017976 
-0.359186 -0.30986 
-0.4248 -0.278313 
-0.393168 -0.294557 
-0.409089 -0.286663 
0.627095 -0.0425956 
0.574687 -0.262016 
0.418347 -0.39434 
0.444443 -0.381827 
0.327464 -0.423195 
0.294894 -0.429196 
0.349747 -0.417904 
-0.516108 -0.213905 
0.395234 -0.403648 
0.169658 -0.436596 
0.140528 -0.435346 
0.111532 -0.433155 
0.0837772 -0.430232 
0.0295255 -0.422394 
0.00303269 -0.41764 
0.0561845 -0.42658 
0.200272 -0.436803 
0.230944 -0.435781 
0.262461 -0.433336 
-0.0226514 -0.412509 
0.371894 -0.411583 
0.46979 -0.367262 
0.525937 -0.323321 
0.629489 -0.0772024 
0.62902 -0.0945923 
0.549982 -0.297069 
0.563587 -0.279055 
0.618012 -0.160321 
0.624969 -0.129226 
0.627505 -0.111872 
0.62886 -0.0598949 
-0.145599 -0.382056 
-0.0605884 -0.404075 
-0.563984 -0.161707 
-0.462961 -0.255161 
0.600019 -0.212038 
-0.623262 -0.0131 
0.609485 -0.187621 
0.489587 -0.353886 
-0.57563 -0.145031 
-0.620226 -0.0333769 
-0.610318 -0.0726305 
0.506268 -0.340962 
-0.226273 -0.3579 
-0.291263 -0.336096 
-0.248467 -0.350721 
-0.0853118 -0.398083 
-0.109655 -0.391839 
-0.180631 -0.371928 
-0.478222 -0.244536 
-0.55132 -0.177641 
-0.537721 -0.192826 
-0.493487 -0.232992 
-0.349885 -0.313747 
-0.401154 -0.290664 
-0.416974 -0.282547 
-0.447859 -0.264865 
-0.384733 -0.298536 
0.431507 -0.388317 
0.311221 -0.426433 
0.338634 -0.420671 
-0.523454 -0.207099 
0.406857 -0.39916 
0.155085 -0.436095 
0.0976413 -0.431789 
0.0162639 -0.420085 
-0.60348 -0.0915305 
0.0699663 -0.428493 
0.215611 -0.436452 
-0.311648 -0.328685 
-0.00982351 -0.415133 
-0.0354314 -0.409776 
0.383616 -0.40777 
0.476488 -0.362952 
0.521128 -0.327907 
-0.595409 -0.109908 
0.360857 -0.414872 
0.530641 -0.318642 
0.62939 -0.0858997 
0.556951 -0.288187 
0.579895 -0.253129 
-0.432557 -0.273959 
0.616062 -0.167228 
0.619831 -0.153356 
0.623352 -0.137813 
0.590179 -0.233606 
-0.508607 -0.220527 
-0.615906 -0.0532338 
0.457258 -0.37479 
-0.625 0.00755776 
-0.2702 -0.343435 
0.628121 -0.0512291 
0.62839 -0.103242 
-0.15729 -0.378738 
-0.203623 -0.36498 
-0.133637 -0.385382 
0.184961 -0.436847 
0.0428401 -0.424562 
0.278703 -0.431479 
0.246714 -0.434742 
0.126018 -0.434364 
0.626359 -0.120566 
0.629313 -0.068542 
-0.586136 -0.12772 
-0.367738 -0.306182 
0.569275 -0.270624 
0.542766 -0.3056 
-0.331194 -0.32124 
