ZONE T="boundary0"
-4 -0.65199 
-4 -0.463607 
-4 0.457212 
-4 0.373819 
-4 -0.276919 
-4 -0.161529 
-4 0.0219001 
-4 0.0827853 
-4 0.25748 
-4 -0.220372 
-4 0.540605 
-4 -0.102686 
-4 -0.557798 
-4 -0.825995 
-4 0.885151 
-4 0.770303 
-4 -0.040393 
-4 -0.333466 
-4 0.200575 
-4 0.143671 
-4 0.315649 
-4 -1 
-4 0.655454 
-4 1 
-4 0.415516 
-4 0.0523427 
-4 0.498909 
-4 -0.132108 
-4 0.827727 
-4 -0.0715396 
-4 -0.190951 
-4 -0.248646 
-4 0.172123 
-4 0.229027 
-4 0.286565 
-4 -0.398537 
-4 -0.604894 
-4 -0.510703 
-4 -0.912997 
-4 0.59803 
-4 -0.738992 
-4 0.942576 
-4 0.712878 
-4 0.344734 
-4 0.113228 
-4 -0.305193 
-4 -0.00924647 
ZONE T="boundary1"
0.115512 1 
0.365447 1 
0.523713 1 
0.296821 1 
-0.817423 1 
-0.709992 1 
0.053886 1 
1.76292 1 
2.14907 1 
3.46274 1 
1.21047 1 
1.58079 1 
1.39865 1 
-2.12321 1 
-1.92464 1 
4 1 
3.73137 1 
-3.5884 1 
-3.75 1 
2.9301 1 
-2.53783 1 
-2.75389 1 
-2.32178 1 
2.74303 1 
3.19642 1 
2.55596 1 
0.228196 1 
0.171854 1 
-0.00774036 1 
-0.138851 1 
-0.0732957 1 
0.448719 1 
-0.213072 1 
-0.458753 1 
-0.548332 1 
-0.629162 1 
-0.503543 1 
0.644983 1 
0.598707 1 
-0.287294 1 
-1.0876 1 
-0.373023 1 
-0.884968 1 
-0.952512 1 
-1.20487 1 
0.78381 1 
0.691259 1 
0.896254 1 
1.10958 1 
-1.32215 1 
-1.45803 1 
-1.59392 1 
-1.75928 1 
-3.875 1 
-4 1 
-3.40005 1 
2.35251 1 
-3.21169 1 
0.840032 1 
1.0087 1 
-2.98279 1 
-3.09724 1 
0.331134 1 
-0.763708 1 
0.0846992 1 
1.956 1 
1.48972 1 
-2.02393 1 
3.86568 1 
-3.6692 1 
-2.64586 1 
0.200025 1 
0.262508 1 
0.143683 1 
0.0230728 1 
-0.106073 1 
0.407083 1 
-0.175962 1 
-0.588747 1 
-0.525938 1 
-0.040518 1 
0.621845 1 
0.486216 1 
-0.481148 1 
-0.669577 1 
0.56121 1 
-0.415888 1 
-0.91874 1 
-1.14624 1 
0.737534 1 
-1.26351 1 
-1.52598 1 
-2.42981 1 
-1.6766 1 
-3.9375 1 
-3.49422 1 
-1.84196 1 
2.45423 1 
-2.22249 1 
-3.30587 1 
-3.8125 1 
2.25079 1 
1.67185 1 
3.06326 1 
3.32958 1 
0.668121 1 
-0.250183 1 
-0.330158 1 
0.868143 1 
0.811921 1 
1.05914 1 
-0.851196 1 
-1.02006 1 
3.59705 1 
-2.86834 1 
-3.04002 1 
1.16002 1 
1.30456 1 
-1.39009 1 
2.64949 1 
0.952475 1 
-3.15447 1 
2.83656 1 
ZONE T="boundary2"
4 -0.411367 
4 -0.354494 
4 -0.31776 
4 -0.240011 
4 -0.198996 
4 -0.0582262 
4 0.0201505 
4 0.160348 
4 0.222169 
4 -0.68649 
4 -0.843245 
4 1 
4 -0.281026 
4 -0.128611 
4 0.0985272 
4 0.348663 
4 0.285416 
4 0.518628 
4 0.759314 
4 -0.577365 
4 -1 
4 -0.46824 
4 0.253793 
4 0.433645 
4 -0.38293 
4 -0.336127 
4 -0.0190378 
4 0.191259 
4 -0.764868 
4 -0.219504 
4 -0.163804 
4 -0.260518 
4 -0.0934187 
4 0.0593388 
4 0.129438 
4 0.317039 
4 0.638971 
4 -0.522803 
4 -0.631928 
4 -0.921623 
4 0.879657 
4 -0.299393 
4 0.476136 
4 0.391154 
4 0.269604 
4 0.237981 
4 -0.439804 
ZONE T="boundary3"
-1.93553 -1 
-1.73385 -1 
0.0640728 -1 
-0.862123 -1 
-0.136181 -1 
0.630292 -1 
0.531013 -1 
-1.59169 -1 
2.95496 -1 
1.07409 -1 
1.1847 -1 
-1.21493 -1 
-1.09704 -1 
1.30557 -1 
1.42643 -1 
0.741742 -1 
-3.48432 -1 
-3.74216 -1 
3.1959 -1 
3.43683 -1 
2.5402 -1 
2.34269 -1 
-3.29616 -1 
-2.87912 -1 
-3.10799 -1 
3.71842 -1 
3.07543 -1 
1.70446 -1 
0.197897 -1 
-0.0622827 -1 
0.0116156 -1 
0.686017 -1 
0.279264 -1 
0.431734 -1 
0.797468 -1 
0.853193 -1 
0.11653 -1 
0.355499 -1 
-0.289908 -1 
-0.502889 -1 
-0.396399 -1 
0.963641 -1 
0.908417 -1 
-0.623988 -1 
-0.745087 -1 
4 -1 
1.92482 -1 
1.56544 -1 
-1.44952 -1 
-4 -1 
-0.979159 -1 
2.14518 -1 
-2.65025 -1 
-2.39373 -1 
-2.1372 -1 
-1.83469 -1 
0.580653 -1 
1.1294 -1 
-1.15599 -1 
1.366 -1 
-3.61324 -1 
3.31637 -1 
2.44145 -1 
-2.99356 -1 
2.74758 -1 
-0.0992319 -1 
-0.0253335 -1 
0.71388 -1 
0.23858 -1 
0.82533 -1 
0.157213 -1 
0.317381 -1 
0.0903014 -1 
0.393617 -1 
0.0378442 -1 
-0.213044 -1 
-0.449644 -1 
0.936029 -1 
0.481374 -1 
-0.343153 -1 
1.01887 -1 
1.24513 -1 
3.85921 -1 
1.81464 -1 
-1.5206 -1 
-0.803605 -1 
-1.33223 -1 
2.035 -1 
2.24394 -1 
-0.920641 -1 
-2.76469 -1 
-2.52199 -1 
3.57763 -1 
-1.66277 -1 
-3.20207 -1 
-3.87108 -1 
-3.39024 -1 
-2.03636 -1 
-2.26546 -1 
0.880805 -1 
0.658155 -1 
0.769605 -1 
-1.0381 -1 
-0.563439 -1 
-0.684538 -1 
1.49594 -1 
1.63495 -1 
3.13566 -1 
3.0152 -1 
ZONE T="boundary4"
-0.54894 0.0660761 
-0.550286 0.0840578 
-0.527147 0.25336 
-0.535072 0.226029 
-0.542427 0.193751 
0.483205 0.43158 
0.49069 0.453993 
-0.517687 0.280284 
-0.508295 0.303042 
-0.550882 0.102445 
-0.55069 0.12102 
-0.549718 0.139459 
-0.547983 0.157844 
-0.545548 0.175867 
-0.497332 0.3263 
-0.485133 0.349235 
-0.446392 0.408967 
0.469922 0.406383 
-0.416265 0.446422 
-0.400487 0.463818 
-0.431353 0.428435 
-0.384851 0.479815 
-0.301704 0.54898 
-0.28175 0.562438 
-0.261311 0.575206 
-0.104768 0.646445 
-0.0725762 0.656483 
-0.134332 0.636012 
0.0295301 0.680188 
-0.00539242 0.6734 
-0.0399606 0.665349 
0.10186 0.690034 
0.138622 0.69279 
0.175387 0.693893 
0.0810221 0.133014 
0.083674 0.1009 
-0.54685 0.0482284 
0.430787 0.621586 
0.495286 0.493935 
-0.320401 0.535394 
0.448258 0.604938 
0.408889 0.638028 
0.491347 0.525896 
0.493995 0.511246 
0.494532 0.475868 
0.476275 0.565965 
0.463649 0.586223 
0.39719 0.645337 
0.487373 0.540085 
0.0947711 0.0689675 
0.112946 0.040771 
0.0864927 0.164745 
0.0992379 0.193547 
0.171152 0.257573 
0.143016 0.240466 
0.316461 -0.0572237 
0.11805 0.218594 
0.36908 -0.0736613 
0.226539 0.279936 
0.211944 0.693163 
0.320932 0.676832 
0.385129 0.652014 
0.370254 0.659225 
0.280619 0.295862 
0.253898 0.288277 
0.333265 0.31186 
0.395559 0.338963 
0.349602 0.31775 
0.338113 0.67165 
0.482354 0.553308 
0.451046 0.382 
-0.354024 0.508268 
-0.238639 0.588272 
-0.215474 0.600532 
-0.466843 0.379469 
-0.189695 0.612992 
-0.163425 0.624515 
0.134965 0.0183106 
0.160177 -7.43412e-05 
0.198339 0.269841 
0.264099 -0.0425051 
0.212594 -0.0255909 
0.426047 0.359095 
0.185783 -0.0140957 
0.0655602 0.685806 
0.248102 0.690379 
0.266982 0.687989 
0.285758 0.684888 
0.355006 0.665607 
0.303433 0.681235 
0.365732 0.324287 
0.307436 0.30362 
-0.549708 0.0750603 
-0.531292 0.239749 
0.48738 0.442671 
-0.51313 0.291722 
-0.550885 0.111734 
-0.5503 0.130245 
-0.548945 0.148661 
-0.546854 0.166868 
-0.52261 0.266892 
-0.502955 0.314739 
-0.491369 0.33784 
0.477129 0.418727 
-0.40846 0.455196 
-0.423897 0.437502 
-0.392741 0.471887 
-0.291788 0.555796 
-0.271587 0.56891 
-0.0887232 0.651614 
0.0120338 0.676954 
-0.119601 0.641362 
-0.0563124 0.661063 
0.120223 0.691608 
0.0813351 0.116873 
-0.438974 0.418779 
-0.547989 0.0571417 
-0.544072 0.184824 
-0.311112 0.542267 
0.420079 0.630133 
0.492845 0.518611 
0.493013 0.464885 
0.470297 0.576316 
0.403089 0.641762 
0.489522 0.533044 
0.103069 0.0543543 
0.0827526 0.149055 
0.0920108 0.17953 
0.156763 0.249546 
0.130001 0.230145 
0.342859 -0.0650316 
-0.550682 0.093249 
0.391202 0.648753 
-0.539008 0.209951 
0.377743 0.655726 
0.267238 0.292088 
0.329556 0.674344 
0.485004 0.546756 
0.495178 0.484906 
0.494885 0.502622 
0.479444 0.559704 
0.456245 0.595831 
-0.369675 0.494296 
-0.250037 0.581842 
-0.227113 0.594504 
-0.476224 0.364496 
-0.337441 0.522108 
-0.202645 0.606882 
-0.456845 0.394376 
-0.148936 0.6304 
0.14723 0.00864799 
0.212348 0.27511 
-0.176615 0.618871 
0.0882207 0.0845832 
0.123448 0.029038 
0.238142 -0.0345768 
0.184591 0.264034 
0.172786 -0.00743652 
0.0475144 0.683168 
0.0836855 0.6881 
0.193669 0.693771 
-0.0227177 0.669534 
0.156996 0.693558 
0.276384 0.686531 
0.346597 0.66874 
0.312205 0.679131 
0.43976 0.613519 
0.362672 0.662517 
0.461035 0.393814 
0.439047 0.370047 
0.411189 0.348471 
0.380834 0.331231 
0.341456 0.314733 
0.320375 0.307614 
0.357699 0.32093 
0.294029 0.299681 
0.257554 0.689269 
0.230043 0.692046 
0.107968 0.206583 
0.29023 -0.0498856 
0.240171 0.284214 
0.199066 -0.0201165 
0.294615 0.683151 
ZONE T="boundary5"
0.161569 -0.526327 
-0.385506 -0.255574 
0.535821 -0.421398 
-0.402141 -0.237419 
-0.433231 -0.200479 
-0.447646 -0.181713 
-0.5319 -0.0195503 
-0.536563 -0.00311623 
0.52584 -0.175097 
-0.476705 -0.139193 
-0.460073 -0.164419 
0.111435 -0.518884 
0.136974 -0.523074 
-0.520914 -0.0513952 
-0.514607 -0.066918 
-0.485013 -0.125457 
0.511521 -0.159203 
-0.102958 -0.451879 
-0.123018 -0.442592 
-0.010866 -0.487688 
-0.0349602 -0.479369 
0.522906 -0.436012 
0.507917 -0.450239 
-0.0587616 -0.470431 
-0.0810002 -0.461419 
-0.142825 -0.432871 
0.0379969 -0.502348 
0.186322 -0.528803 
0.409562 -0.505756 
-0.341362 -0.298629 
-0.326901 -0.311298 
0.0134319 -0.495345 
0.359442 -0.519795 
0.568401 -0.249219 
0.560206 -0.228966 
0.491825 -0.463126 
-0.311846 -0.323857 
-0.266449 -0.358397 
-0.281594 -0.347384 
-0.3555 -0.285606 
-0.370718 -0.270803 
-0.178053 -0.414171 
-0.193964 -0.405105 
-0.160547 -0.423694 
-0.296499 -0.336062 
-0.209683 -0.395751 
-0.418272 -0.21878 
0.547393 -0.405618 
0.574287 -0.270113 
0.41611 -0.0927821 
0.248339 -0.531268 
0.30693 -0.5281 
0.228754 -0.531093 
0.207496 -0.530263 
0.267965 -0.530847 
0.376368 -0.515805 
0.425742 -0.499632 
-0.544083 0.0308365 
-0.54685 0.0482284 
0.28745 -0.529805 
0.326421 -0.525682 
0.393166 -0.511113 
0.458144 -0.484405 
0.442129 -0.492471 
0.437946 -0.10392 
0.458548 -0.116198 
-0.238448 -0.377556 
0.477723 -0.129545 
0.495563 -0.144049 
-0.54063 0.0136546 
0.475342 -0.474366 
0.578172 -0.311808 
0.557719 -0.388165 
0.566193 -0.369589 
0.549821 -0.209176 
-0.500583 -0.096959 
0.576311 -0.33207 
0.572262 -0.351218 
0.57755 -0.291157 
0.538652 -0.191825 
0.392869 -0.0826267 
0.36908 -0.0736613 
0.0861076 -0.513928 
0.0619404 -0.508465 
-0.440513 -0.191155 
-0.53431 -0.0113555 
-0.453927 -0.173116 
0.124184 -0.521078 
-0.526697 -0.0355731 
-0.517828 -0.0591844 
-0.480907 -0.132354 
-0.113017 -0.447292 
-0.0229443 -0.483609 
0.515563 -0.443292 
-0.0699115 -0.465993 
-0.0920112 -0.456716 
-0.132951 -0.437787 
-0.33417 -0.305008 
0.0256867 -0.498931 
0.564568 -0.238995 
-0.39389 -0.246558 
0.499999 -0.456848 
-0.319411 -0.317622 
-0.274051 -0.35293 
0.173932 -0.527665 
-0.363162 -0.278259 
-0.186031 -0.409675 
-0.151711 -0.428327 
-0.169326 -0.418977 
-0.201847 -0.400465 
-0.304208 -0.330003 
-0.425816 -0.209684 
0.54179 -0.413648 
0.571652 -0.259589 
0.149256 -0.524796 
-0.378165 -0.26324 
-0.289077 -0.341762 
-0.41027 -0.228157 
0.00125359 -0.491598 
0.238544 -0.531253 
-0.348472 -0.292162 
0.21812 -0.530759 
0.196902 -0.529609 
0.417687 -0.502791 
-0.545555 0.0395186 
0.258152 -0.531134 
0.316685 -0.526982 
0.27771 -0.530406 
0.38479 -0.513548 
0.401392 -0.508526 
0.433981 -0.49616 
0.427118 -0.0981805 
0.448356 -0.109885 
0.367923 -0.517884 
-0.224149 -0.38678 
0.486788 -0.136632 
-0.538679 0.00524953 
0.466825 -0.479532 
0.450191 -0.488552 
0.529522 -0.42885 
0.552778 -0.39703 
0.562207 -0.378999 
0.555253 -0.218956 
-0.493012 -0.111327 
0.574556 -0.341709 
0.577545 -0.321977 
0.544421 -0.200392 
0.503695 -0.151478 
0.297196 -0.529037 
0.381022 -0.0780041 
0.576246 -0.280595 
0.342977 -0.523027 
-0.542443 0.0222284 
0.518843 -0.167016 
0.0740015 -0.511281 
-0.0468938 -0.474978 
0.0499444 -0.505488 
0.0987489 -0.516501 
0.569474 -0.360492 
0.532421 -0.183339 
0.578178 -0.301484 
0.468262 -0.122701 
0.483683 -0.468898 
0.40456 -0.08754 
-0.468543 -0.15191 
-0.252538 -0.368103 
-0.507843 -0.0820555 
