ZONE T="boundary0"
-4 -0.323591 
-4 -0.370263 
-4 -0.240142 
-4 -0.276919 
-4 0.184838 
-4 0.140333 
-4 0.229344 
-4 0.322272 
-4 0.735691 
-4 0.603536 
-4 0.471382 
-4 0.0800911 
-4 0.019849 
-4 0.396827 
-4 -0.511126 
-4 -0.440695 
-4 -0.203364 
-4 -0.129809 
-4 -0.0549798 
-4 1 
-4 -0.65199 
-4 -1 
-4 -0.825995 
-4 -0.346927 
-4 -0.25853 
-4 0.162586 
-4 0.669614 
-4 0.0499701 
-4 0.207091 
-4 0.275808 
-4 0.434104 
-4 0.537459 
-4 -0.405479 
-4 -0.475911 
-4 -0.166586 
-4 -0.221753 
-4 -0.0923942 
-4 0.867845 
-4 -0.581558 
-4 -0.738992 
-4 -0.912997 
-4 0.359549 
-4 -0.300255 
-4 0.110212 
-4 -0.0175654 
ZONE T="boundary1"
0.713293 1 
0.649372 1 
-0.143184 1 
0.234338 1 
0.514464 1 
1.12852 1 
0.849344 1 
-0.990274 1 
-1.09558 1 
1.45829 1 
1.33578 1 
-2.12321 1 
1.58079 1 
-2.7317 1 
-2.92557 1 
2.05772 1 
1.81925 1 
-3.70002 1 
-3.40005 1 
-3.16281 1 
-2.53783 1 
-2.33052 1 
3.84933 1 
4 1 
3.54798 1 
2.96972 1 
2.54777 1 
2.30274 1 
0.302519 1 
0.0515826 1 
-0.00970485 1 
0.173604 1 
0.11287 1 
0.442582 1 
-0.0764444 1 
-0.218116 1 
-0.293048 1 
0.581918 1 
0.370701 1 
-0.376863 1 
0.777214 1 
-0.713321 1 
-0.841224 1 
-0.884968 1 
-0.460678 1 
0.921475 1 
-0.79748 1 
-0.629162 1 
-0.54492 1 
1.025 1 
-4 1 
3.69866 1 
-1.60866 1 
-1.33145 1 
3.39731 1 
3.18352 1 
-1.86593 1 
-1.21352 1 
0.681333 1 
-1.04293 1 
-2.82863 1 
1.93848 1 
-3.55003 1 
-2.43418 1 
-3.04419 1 
3.92466 1 
2.75875 1 
2.42526 1 
0.0209389 1 
0.203971 1 
0.0822263 1 
0.143237 1 
0.478523 1 
-0.109814 1 
-0.18065 1 
-0.255582 1 
0.548191 1 
0.406641 1 
0.268428 1 
-0.0430746 1 
-0.334955 1 
0.813279 1 
-0.863096 1 
-0.937621 1 
0.33661 1 
0.745254 1 
-0.819352 1 
-0.7554 1 
-0.671241 1 
-0.502799 1 
1.07676 1 
-3.85001 1 
1.23215 1 
3.77399 1 
1.39704 1 
-1.47006 1 
3.47265 1 
1.51954 1 
1.70002 1 
2.18023 1 
3.29042 1 
-1.7373 1 
-2.22687 1 
-1.99457 1 
-3.28143 1 
3.62332 1 
0.615645 1 
0.88541 1 
-0.41877 1 
-2.63477 1 
-1.27249 1 
3.07662 1 
-1.15455 1 
-0.587041 1 
0.973235 1 
ZONE T="boundary2"
4 -0.411367 
4 -0.354494 
4 -0.31776 
4 -0.240011 
4 -0.281026 
4 0.29085 
4 0.222169 
4 0.160348 
4 -0.198996 
4 -0.0582262 
4 0.0201505 
4 -0.68649 
4 -0.843245 
4 0.87611 
4 1 
4 0.359531 
4 -0.128611 
4 0.504439 
4 0.0985272 
4 0.62833 
4 0.75222 
4 -0.577365 
4 -1 
4 -0.46824 
4 0.431985 
4 -0.38293 
4 -0.336127 
4 0.256509 
4 0.191259 
4 -0.0190378 
4 -0.764868 
4 0.938055 
4 0.32519 
4 -0.219504 
4 -0.163804 
4 -0.260518 
4 -0.0934187 
4 0.0593388 
4 0.566385 
4 0.690275 
4 -0.522803 
4 -0.631928 
4 -0.921623 
4 0.814165 
4 -0.299393 
4 0.395758 
4 0.468212 
4 -0.439804 
4 0.129438 
ZONE T="boundary3"
-3.61324 -1 
-1.18516 -1 
-0.979584 -1 
-1.08237 -1 
0.355499 -1 
0.431734 -1 
0.608515 -1 
0.686017 -1 
1.1847 -1 
-0.327266 -1 
0.880554 -1 
0.797468 -1 
1.42643 -1 
-0.510193 -1 
-3.74216 -1 
1.30557 -1 
3.12233 -1 
3.71842 -1 
3.27958 -1 
3.43683 -1 
2.14518 -1 
2.4765 -1 
-2.85877 -1 
-3.06729 -1 
-2.1372 -1 
-1.86444 -1 
1.92482 -1 
2.80782 -1 
-2.65025 -1 
0.531013 -1 
0.279264 -1 
0.317381 -1 
0.197897 -1 
-0.264251 -1 
-0.201235 -1 
-0.0438081 -1 
0.741742 -1 
-0.41873 -1 
-0.0992319 -1 
0.0116156 -1 
0.0640728 -1 
0.11653 -1 
1.07417 -1 
-0.743056 -1 
1.01891 -1 
4 -1 
-1.27328 -1 
1.56544 -1 
1.70446 -1 
-0.626625 -1 
-4 -1 
-1.47655 -1 
-1.3614 -1 
-1.59169 -1 
-1.72807 -1 
2.96507 -1 
-3.48432 -1 
-3.2758 -1 
-2.39373 -1 
2.64216 -1 
0.963641 -1 
-0.86132 -1 
-1.13377 -1 
0.393617 -1 
0.647266 -1 
0.839011 -1 
3.35821 -1 
2.31084 -1 
-2.96303 -1 
0.481374 -1 
0.569764 -1 
0.298323 -1 
0.33644 -1 
0.23858 -1 
-0.232743 -1 
0.769605 -1 
-0.372998 -1 
-0.150234 -1 
-0.0160963 -1 
0.0903014 -1 
1.12944 -1 
0.71388 -1 
0.0378442 -1 
-0.07152 -1 
-0.464462 -1 
-1.03098 -1 
3.85921 -1 
-1.22922 -1 
1.24513 -1 
1.366 -1 
1.49594 -1 
-0.68484 -1 
-3.87108 -1 
-1.41897 -1 
-1.53412 -1 
-1.65988 -1 
-1.79625 -1 
-2.00082 -1 
3.20095 -1 
3.57763 -1 
3.0437 -1 
-3.6777 -1 
-3.38006 -1 
-3.17155 -1 
2.88644 -1 
2.035 -1 
-3.54878 -1 
-2.26546 -1 
2.55933 -1 
2.72499 -1 
-2.52199 -1 
-2.75451 -1 
0.922098 -1 
1.04654 -1 
0.991274 -1 
-0.295758 -1 
-0.568409 -1 
0.157213 -1 
-0.920452 -1 
1.63495 -1 
-0.802188 -1 
-1.31734 -1 
1.81464 -1 
ZONE T="boundary4"
0.354343 0.334207 
-0.296145 0.580076 
-0.274879 0.594287 
0.478994 0.447614 
0.465962 0.422176 
-0.546964 0.0474011 
-0.412413 0.475429 
-0.514024 0.307996 
0.331536 0.325819 
0.0233699 -0.0189442 
-0.00966737 -0.00116158 
0.0562781 -0.0311286 
0.000226141 0.25402 
0.0364695 0.269883 
0.161149 -0.0511234 
0.20005 -0.0554697 
-0.547284 0.177601 
-0.550695 0.140444 
-0.527064 0.270797 
-0.534843 0.24295 
0.455815 0.40753 
0.444314 0.393918 
-0.492618 0.355743 
-0.503931 0.332002 
0.210357 0.300835 
0.238692 0.304765 
-0.550551 0.0839566 
-0.475522 0.387141 
-0.441961 0.438262 
-0.45624 0.417896 
-0.397328 0.492299 
-0.541642 0.212435 
-0.0801076 0.0923938 
-0.0643639 0.0544527 
-0.334411 0.551233 
-0.315548 0.566013 
-0.252033 0.608281 
-0.351147 0.537109 
-0.0392541 0.02255 
-0.0840081 0.131453 
-0.076332 0.169903 
-0.0585353 0.203767 
-0.175724 0.646889 
-0.20365 0.634085 
-0.11577 0.669953 
-0.147242 0.658554 
-0.0837945 0.680065 
-0.228636 0.62137 
-0.0135866 0.69762 
0.0224014 0.70435 
0.486921 0.472441 
-0.0492565 0.689461 
0.0594032 0.709753 
-0.367379 0.522408 
0.306191 0.700384 
0.310446 0.319455 
0.28918 0.314138 
0.249152 0.711354 
0.288023 0.704682 
0.430183 0.380094 
0.396125 0.355072 
0.341647 0.689335 
0.451298 0.615354 
0.434376 0.633591 
0.412833 0.651694 
0.358803 0.682473 
0.48973 0.528558 
0.486896 0.544267 
0.40121 0.659789 
0.389159 0.667217 
0.490989 0.512242 
0.12259 -0.04587 
0.175685 0.29662 
0.141248 0.29238 
0.266886 0.309522 
0.376475 0.344219 
0.211675 0.715055 
0.324118 0.695276 
0.374211 0.675284 
0.0709654 0.279997 
0.414632 0.367485 
0.465899 0.594898 
0.482792 0.558836 
-0.551368 0.121641 
0.490282 0.492834 
0.47748 0.57273 
0.292095 -0.0671714 
0.269064 -0.063683 
0.0903111 -0.0399189 
0.106579 0.287229 
0.13543 0.716013 
0.173688 0.716531 
-0.0328471 0.231602 
0.0971581 0.713692 
0.245966 -0.0606581 
-0.285582 0.587285 
0.473012 0.434622 
0.343009 0.329822 
0.00649045 -0.0107215 
0.039645 -0.0255197 
0.018039 0.262657 
0.180593 -0.053352 
-0.549329 0.159054 
-0.53114 0.256925 
0.45023 0.400598 
-0.498412 0.343938 
0.224533 0.302718 
-0.509119 0.320059 
-0.520892 0.289518 
-0.5491 0.0656452 
-0.484311 0.371574 
-0.427553 0.457136 
-0.449207 0.428153 
-0.404949 0.483934 
-0.544744 0.195064 
-0.0736169 0.0728496 
-0.325048 0.558713 
-0.263526 0.601398 
-0.342841 0.544244 
-0.0815978 0.150963 
-0.0250589 0.00994654 
-0.0686028 0.18745 
-0.189754 0.640634 
-0.131566 0.664419 
-0.0998331 0.67517 
-0.240399 0.614939 
0.00437409 0.701163 
-0.0314629 0.693721 
0.0408751 0.707238 
-0.382614 0.507612 
0.299842 0.31668 
0.268654 0.708405 
0.443116 0.624731 
0.423888 0.642979 
0.488509 0.536448 
0.40708 0.655825 
0.395235 0.663584 
0.49057 0.520416 
0.15846 0.294554 
0.278055 0.311725 
-0.538447 0.227738 
0.321032 0.3225 
0.386411 0.349445 
0.29713 0.702631 
0.230443 0.713504 
0.315184 0.697936 
0.350273 0.686024 
0.366558 0.678987 
0.381746 0.671364 
0.0535892 0.275377 
0.40552 0.361068 
0.422549 0.373615 
0.458942 0.60537 
0.485013 0.551599 
0.488934 0.482583 
0.490935 0.502527 
0.48029 0.565842 
-0.551121 0.131046 
0.472086 0.584021 
0.437415 0.386836 
-0.161542 0.652866 
-0.216206 0.627851 
0.280588 -0.0653608 
0.0731995 -0.0358921 
-0.0665738 0.684941 
0.0887098 0.283919 
0.106409 -0.0431177 
-0.466117 0.402666 
0.123889 0.289968 
0.192692 0.716057 
-0.0169038 0.243686 
-0.0465471 0.218473 
0.0782599 0.711921 
-0.0528287 0.0376991 
-0.0835018 0.111779 
0.33292 0.692418 
0.365506 0.338998 
0.483456 0.459868 
0.252811 0.307018 
0.461063 0.41472 
0.193026 0.298686 
0.223017 -0.0579798 
0.141845 -0.0486774 
-0.305914 0.573133 
0.116281 0.715068 
0.154556 0.716508 
0.257524 -0.0621211 
-0.359328 0.52983 
-0.551322 0.102791 
ZONE T="boundary5"
0.571565 -0.217634 
-0.22112 -0.417537 
-0.249736 -0.398129 
-0.133738 -0.467548 
0.417157 -0.100363 
-0.466813 -0.168266 
-0.4777 -0.150006 
-0.350923 -0.313908 
-0.365351 -0.299351 
-0.27135 -0.382329 
-0.394718 -0.266977 
0.0822633 -0.54349 
0.108912 -0.548795 
-0.515982 -0.0706978 
-0.521965 -0.0546918 
-0.546964 0.0474011 
-0.544215 0.0296395 
-0.536909 -0.0051004 
0.161781 -0.556782 
-0.409509 -0.249079 
0.135746 -0.553273 
-0.453255 -0.189383 
-0.487993 -0.131397 
-0.424531 -0.229767 
-0.439016 -0.210034 
-0.0681155 -0.497189 
-0.0908766 -0.487611 
-0.153858 -0.457167 
-0.113349 -0.477431 
0.0319901 -0.531152 
-0.171752 -0.447387 
0.0570237 -0.537678 
-0.0187384 -0.515553 
0.00649771 -0.523716 
-0.0435727 -0.506721 
-0.29245 -0.365865 
-0.307445 -0.353488 
0.596512 -0.264811 
-0.322139 -0.340761 
-0.336701 -0.327515 
0.2959 -0.560868 
-0.189408 -0.437209 
-0.502709 -0.101778 
0.187945 -0.559465 
0.41012 -0.541244 
0.552345 -0.458585 
0.535868 -0.474575 
0.445648 -0.528917 
0.445126 -0.11272 
0.585551 -0.240645 
0.23307 -0.562025 
0.210477 -0.561078 
0.27497 -0.561905 
0.254011 -0.562279 
0.579041 -0.423964 
0.316804 -0.559132 
0.3557 -0.553855 
0.427983 -0.53551 
0.35672 -0.0806458 
0.324475 -0.0731358 
0.500026 -0.50136 
0.481137 -0.512374 
0.387572 -0.0896627 
-0.379364 -0.284399 
0.463577 -0.521163 
0.506519 -0.150194 
0.517243 -0.158705 
0.518159 -0.488935 
0.607393 -0.313958 
0.566486 -0.442012 
-0.532434 -0.02195 
0.590043 -0.403811 
0.598725 -0.38217 
0.604439 -0.360595 
0.607453 -0.337972 
0.537061 -0.176602 
0.391861 -0.546238 
0.292095 -0.0671714 
0.471518 -0.126818 
0.495454 -0.142132 
0.603842 -0.289519 
0.554685 -0.195567 
-0.235524 -0.407974 
-0.472329 -0.159179 
-0.358187 -0.306679 
-0.260604 -0.390312 
0.0955672 -0.546245 
-0.519036 -0.0627183 
-0.54567 0.0385079 
-0.54087 0.0122049 
0.14875 -0.555129 
-0.460125 -0.178883 
-0.482925 -0.140744 
-0.431842 -0.219951 
-0.0795284 -0.492477 
-0.14383 -0.46242 
-0.102147 -0.482597 
-0.123574 -0.472553 
-0.162832 -0.452327 
0.0696225 -0.540675 
-0.00614989 -0.519726 
-0.0558784 -0.502043 
-0.299984 -0.35972 
-0.281965 -0.37418 
-0.343856 -0.320757 
-0.31483 -0.347168 
-0.180609 -0.442348 
0.0192169 -0.527527 
-0.446216 -0.199765 
0.174852 -0.55823 
0.0444836 -0.534505 
0.544293 -0.466772 
-0.329461 -0.334183 
-0.495555 -0.116689 
0.431253 -0.10629 
0.22177 -0.561637 
0.199205 -0.560353 
0.264492 -0.562173 
0.306359 -0.56009 
0.24354 -0.562229 
0.340646 -0.0766823 
0.490678 -0.507031 
0.402453 -0.0947682 
-0.387112 -0.275751 
0.436856 -0.53232 
0.472421 -0.516896 
0.511925 -0.154392 
0.419084 -0.538477 
0.50921 -0.49532 
0.122311 -0.551139 
0.559612 -0.450467 
-0.527467 -0.0384064 
-0.534743 -0.0135441 
0.594716 -0.393123 
0.584829 -0.414044 
0.607843 -0.325963 
0.285439 -0.561471 
0.527344 -0.16744 
-0.417088 -0.239476 
0.454665 -0.525161 
0.401017 -0.543838 
-0.372411 -0.291925 
-0.205368 -0.42754 
-0.509578 -0.0863372 
-0.402182 -0.258085 
-0.0311873 -0.511226 
0.308316 -0.0699855 
0.372212 -0.084926 
0.336299 -0.556836 
0.572995 -0.433149 
0.60062 -0.277033 
0.606056 -0.301674 
0.591424 -0.252549 
0.578879 -0.228944 
0.563409 -0.206383 
0.546084 -0.185889 
0.527167 -0.481944 
0.606314 -0.349333 
0.601913 -0.37147 
0.501029 -0.146108 
0.483639 -0.134237 
0.458458 -0.119514 
0.373852 -0.550386 
