ZONE T="boundary0"
-4 -0.619874 
-4 -0.160033 
-4 -0.246519 
-4 -0.418887 
-4 -0.493165 
-4 -0.344609 
-4 -0.295564 
-4 -0.0879493 
-4 0.116124 
-4 0.166621 
-4 0.49876 
-4 -0.0158653 
-4 -0.746583 
-4 0.62407 
-4 1 
-4 0.290466 
-4 0.217117 
-4 0.363816 
-4 0.74938 
-4 -1 
-4 -0.203276 
-4 -0.456026 
-4 0.141373 
-4 -0.271041 
-4 -0.683228 
-4 -0.0519073 
-4 0.561415 
-4 -0.123991 
-4 -0.381748 
-4 -0.320086 
-4 0.0501296 
-4 0.253792 
-4 0.431288 
-4 0.686725 
-4 0.327141 
-4 0.87469 
-4 -0.55652 
-4 -0.873291 
-4 0.191869 
ZONE T="boundary1"
-2.90046 1 
-3.05814 1 
-0.180298 1 
2.26791 1 
2.11928 1 
1.964 1 
3.84483 1 
0.981863 1 
1.08187 1 
-0.518245 1 
-0.602079 1 
-0.763192 1 
0.267775 1 
0.205587 1 
2.55905 1 
-1.65346 1 
0.887242 1 
-0.860583 1 
1.18187 1 
-1.05088 1 
-1.14379 1 
-1.25765 1 
-3.78005 1 
-4 1 
-3.30912 1 
-2.58511 1 
3.37934 1 
3.5345 1 
1.51173 1 
2.98659 1 
2.70157 1 
0.143398 1 
0.50128 1 
0.593061 1 
0.409499 1 
-0.957974 1 
0.0999716 1 
0.0565453 1 
0.338637 1 
-0.030307 1 
-0.434411 1 
0.792622 1 
1.29731 1 
4 1 
3.68967 1 
-1.3715 1 
-0.281324 1 
-1.44199 1 
-1.51248 1 
-1.58297 1 
-1.74877 1 
-1.84408 1 
-2.74278 1 
-2.23106 1 
-2.42743 1 
-3.5601 1 
1.61073 1 
1.41274 1 
-2.03469 1 
1.80871 1 
3.18296 1 
2.41654 1 
-0.130301 1 
-0.230295 1 
-0.332353 1 
0.839932 1 
-2.9793 1 
2.19359 1 
2.04164 1 
1.03186 1 
-0.560162 1 
-0.682635 1 
0.236681 1 
1.13187 1 
-1.20072 1 
-3.89003 1 
3.45692 1 
2.84408 1 
0.54717 1 
0.455389 1 
-0.909279 1 
0.0782585 1 
0.374068 1 
0.303206 1 
0.174492 1 
0.692841 1 
-0.476328 1 
-0.811888 1 
0.934553 1 
-1.09734 1 
3.92242 1 
3.76725 1 
-1.00443 1 
-1.31457 1 
-1.47724 1 
1.23959 1 
-1.40674 1 
-1.61822 1 
-1.79642 1 
-2.66394 1 
-2.32924 1 
-3.67008 1 
-1.93938 1 
-2.13287 1 
1.46224 1 
1.70972 1 
-3.43461 1 
3.28115 1 
-3.18363 1 
-2.50627 1 
3.08478 1 
1.88635 1 
2.34222 1 
2.63031 1 
2.4878 1 
-2.82162 1 
3.61209 1 
0.121685 1 
0.0131192 1 
-0.080304 1 
-0.205297 1 
-0.1553 1 
-0.306839 1 
-0.25581 1 
0.816277 1 
0.863587 1 
-0.383382 1 
-1.70112 1 
1.35502 1 
-1.54773 1 
1.56123 1 
ZONE T="boundary2"
4 -0.31776 
4 -0.354494 
4 -0.843245 
4 -0.68649 
4 -0.281026 
4 -0.411367 
4 -0.240011 
4 0.878313 
4 -0.198996 
4 -0.0582262 
4 0.020084 
4 0.362747 
4 -0.128611 
4 0.0983941 
4 -0.577365 
4 0.437999 
4 0.513252 
4 0.634939 
4 0.756626 
4 0.203064 
4 0.269152 
4 0.300351 
4 0.168174 
4 0.237954 
4 1 
4 -0.46824 
4 -1 
4 0.331549 
4 -0.336127 
4 -0.764868 
4 -0.38293 
4 -0.0190711 
4 -0.219504 
4 -0.163804 
4 -0.260518 
4 -0.0934187 
4 0.475625 
4 0.574095 
4 0.695782 
4 0.284752 
4 0.939156 
4 0.817469 
4 -0.522803 
4 -0.631928 
4 -0.921623 
4 -0.299393 
4 0.31595 
4 0.220509 
4 0.185619 
4 0.133284 
4 0.059239 
4 0.253553 
4 -0.439804 
4 0.400373 
4 0.347148 
ZONE T="boundary3"
-3.80389 -1 
-0.0618838 -1 
0.00243737 -1 
0.452006 -1 
-0.982815 -1 
-0.897196 -1 
-3.60779 -1 
-3.23906 -1 
1.41876 -1 
0.578572 -1 
1.3119 -1 
1.20503 -1 
-1.18213 -1 
-1.29583 -1 
-2.69542 -1 
-2.51705 -1 
-2.07153 -1 
-1.88006 -1 
-1.68858 -1 
2.73705 -1 
2.93295 -1 
2.16133 -1 
2.34524 -1 
-3.05642 -1 
3.12885 -1 
3.56443 -1 
-2.29429 -1 
-0.126205 -1 
0.0712448 -1 
-0.510331 -1 
-0.406551 -1 
-0.614112 -1 
-0.698221 -1 
0.367885 -1 
0.839783 -1 
-0.78233 -1 
0.283764 -1 
0.140052 -1 
0.211908 -1 
-0.187913 -1 
-0.249622 -1 
-1.06843 -1 
0.705139 -1 
1.08973 -1 
0.974427 -1 
4 -1 
3.78221 -1 
1.56283 -1 
1.7069 -1 
-1.59039 -1 
-1.4922 -1 
2.54115 -1 
1.97741 -1 
1.84215 -1 
-2.87379 -1 
-4 -1 
-0.328086 -1 
-1.39402 -1 
-0.0297234 -1 
-0.940006 -1 
-3.42342 -1 
1.25846 -1 
-1.23898 -1 
-2.60623 -1 
-1.97579 -1 
-1.78432 -1 
2.25328 -1 
-3.14774 -1 
3.34664 -1 
-2.40567 -1 
-0.458441 -1 
-0.562222 -1 
-0.656166 -1 
0.409945 -1 
0.515289 -1 
-0.740276 -1 
-0.839763 -1 
0.17598 -1 
-0.157059 -1 
0.036841 -1 
-1.02563 -1 
-1.12528 -1 
0.325824 -1 
0.641856 -1 
1.03208 -1 
3.89111 -1 
1.14738 -1 
3.67332 -1 
1.63487 -1 
-1.5413 -1 
0.907105 -1 
2.6391 -1 
2.4432 -1 
1.90978 -1 
0.772461 -1 
-2.18291 -1 
-2.9651 -1 
-2.7846 -1 
3.0309 -1 
2.835 -1 
2.06937 -1 
-3.70584 -1 
-3.90195 -1 
0.247836 -1 
0.105648 -1 
-0.0940443 -1 
-0.218767 -1 
-0.288854 -1 
1.36533 -1 
1.4908 -1 
-1.34492 -1 
1.77453 -1 
-1.44311 -1 
-1.63948 -1 
-0.367319 -1 
ZONE T="boundary4"
-0.146825 0.413933 
-0.122149 0.421439 
0.558116 0.298692 
0.644712 0.0438426 
0.640441 0.101455 
-0.435759 0.273861 
-0.453573 0.260068 
-0.622062 -0.0236273 
-0.0969161 0.42852 
-0.0714984 0.435043 
0.590992 0.245183 
0.575841 0.272349 
0.64404 0.0296692 
-0.60914 0.0452891 
-0.601623 0.067802 
0.604387 0.216943 
0.597888 0.231159 
-0.557455 0.151333 
-0.569795 0.132564 
-0.592525 0.0899153 
-0.544543 0.168858 
-0.415992 0.288005 
-0.531113 0.185351 
0.643929 0.0725606 
-0.470884 0.245611 
-0.486906 0.231234 
-0.517021 0.201175 
-0.353937 0.326216 
-0.332321 0.337823 
-0.310438 0.348862 
-0.395747 0.301397 
-0.375017 0.314132 
-0.50243 0.216293 
-0.265487 0.369596 
-0.242379 0.37935 
-0.195289 0.397509 
-0.219074 0.388616 
-0.171313 0.405915 
-0.288074 0.359484 
-0.0454873 0.441079 
-0.0193015 0.446493 
-0.615053 0.0224717 
0.642639 0.0155743 
0.537455 0.324001 
0.548089 0.311584 
0.642504 0.0870435 
0.526398 0.335752 
0.400424 0.420048 
0.368312 0.432425 
0.0623587 0.458974 
0.0345445 0.455489 
0.51481 0.346986 
0.488921 0.368805 
0.431423 0.405353 
0.119286 0.463512 
0.148352 0.464414 
0.178633 0.46427 
0.208914 0.462954 
0.335948 0.442416 
0.271435 0.456154 
0.303697 0.450228 
0.240144 0.460282 
0.090302 0.461648 
0.567372 0.285572 
0.634481 0.130396 
0.626343 0.159228 
0.616202 0.18821 
0.637752 0.115936 
0.461401 0.388036 
0.0075422 0.451343 
-0.619352 -0.000518471 
-0.581877 0.111561 
-0.134508 0.417751 
-0.444729 0.267047 
-0.084227 0.431853 
0.583673 0.25891 
-0.605574 0.0566088 
0.601185 0.224072 
-0.563756 0.142035 
-0.537923 0.177182 
0.644669 0.0582081 
-0.478956 0.238492 
-0.343167 0.332092 
-0.321413 0.34341 
-0.405927 0.29479 
-0.253959 0.374534 
-0.207205 0.393124 
-0.183324 0.401773 
-0.276808 0.364602 
-0.109553 0.425049 
-0.425942 0.281028 
-0.0324125 0.443866 
-0.52415 0.193338 
-0.23075 0.384043 
-0.494735 0.223833 
0.542845 0.317856 
0.643299 0.079811 
0.384479 0.426525 
-0.36452 0.32025 
0.0484376 0.457331 
0.553179 0.305197 
-0.509797 0.208804 
0.502119 0.358197 
0.531994 0.329941 
-0.385432 0.307847 
0.133814 0.464087 
0.193779 0.463763 
0.352211 0.437684 
0.287605 0.453407 
0.255814 0.458404 
-0.0585122 0.438138 
0.562819 0.292185 
-0.462294 0.25292 
0.621479 0.173791 
0.643432 0.0226117 
0.644466 0.0367508 
0.63917 0.108708 
0.571679 0.279007 
0.520668 0.341436 
0.475371 0.378722 
-0.299286 0.354238 
0.636184 0.123181 
-0.159091 0.409988 
0.076319 0.460416 
0.104785 0.462698 
0.224543 0.46179 
0.021028 0.453506 
0.163492 0.464484 
-0.00589693 0.449005 
0.416066 0.413002 
0.446595 0.397012 
-0.612293 0.0339301 
-0.620903 -0.0120514 
-0.597261 0.0789348 
-0.58738 0.100825 
-0.576003 0.122158 
-0.55111 0.160178 
-0.617399 0.011012 
0.64155 0.0942582 
0.630651 0.144878 
0.610478 0.202653 
0.594493 0.238197 
0.31988 0.446559 
ZONE T="boundary5"
-0.405605 -0.431447 
0.503907 -0.194198 
-0.622826 -0.0699307 
-0.623209 -0.0467799 
-0.612853 -0.138975 
-0.617614 -0.116054 
-0.62095 -0.0930257 
-0.245158 -0.505857 
-0.216958 -0.512612 
-0.272431 -0.497672 
-0.298087 -0.488432 
-0.323277 -0.47784 
0.537015 -0.167607 
-0.345496 -0.467177 
-0.104257 -0.522911 
-0.132251 -0.522824 
-0.160345 -0.521094 
-0.606694 -0.161803 
-0.18856 -0.517705 
-0.510394 -0.337075 
-0.47566 -0.374137 
-0.492317 -0.357252 
-0.556171 -0.273952 
-0.568769 -0.252033 
-0.542207 -0.295522 
-0.527063 -0.316417 
-0.622062 -0.0236273 
-0.458745 -0.389844 
-0.367224 -0.455478 
-0.580232 -0.229535 
-0.590337 -0.207089 
-0.423662 -0.418497 
-0.44118 -0.404804 
0.637643 -0.0120658 
0.629751 -0.0388183 
-0.599169 -0.184524 
-0.38666 -0.443873 
0.607294 -0.0863012 
0.593728 -0.106838 
-0.0765621 -0.521373 
-0.0492664 -0.518248 
-0.0223096 -0.51356 
0.00420353 -0.507356 
0.0302754 -0.499676 
0.130137 -0.45538 
0.154247 -0.441243 
0.0810743 -0.480099 
0.0559189 -0.490563 
0.105795 -0.468346 
0.17821 -0.426036 
0.201872 -0.410059 
0.225896 -0.393083 
0.274309 -0.357629 
0.298843 -0.339549 
0.249758 -0.375727 
0.349303 -0.303041 
0.324065 -0.321156 
0.375278 -0.284691 
0.619019 -0.0645613 
0.526198 -0.176723 
0.640504 0.00164064 
0.642639 0.0155743 
0.478737 -0.212558 
0.580439 -0.123892 
0.564545 -0.141584 
0.453113 -0.230529 
0.427229 -0.248488 
0.401168 -0.266601 
0.547567 -0.15818 
-0.623207 -0.0583597 
-0.615405 -0.127551 
-0.622072 -0.0814944 
-0.231104 -0.509437 
-0.285318 -0.493221 
-0.310749 -0.483301 
-0.334447 -0.472639 
-0.118254 -0.523073 
-0.14631 -0.522164 
-0.609938 -0.150435 
-0.202794 -0.515365 
-0.484082 -0.365788 
-0.562612 -0.263075 
-0.53477 -0.306068 
-0.467287 -0.382082 
-0.501485 -0.347281 
-0.585419 -0.218374 
-0.432491 -0.411741 
0.634059 -0.0255536 
0.60073 -0.0967202 
-0.356426 -0.461454 
-0.4147 -0.425066 
-0.396197 -0.437761 
-0.450042 -0.397419 
-0.0628933 -0.52001 
-0.0357567 -0.5161 
0.0172885 -0.503699 
0.142253 -0.44843 
0.0685566 -0.485495 
0.0934989 -0.474373 
0.166285 -0.433738 
-0.603088 -0.173216 
0.190086 -0.418124 
0.286572 -0.348578 
0.237849 -0.384434 
0.213919 -0.401625 
0.336674 -0.312068 
0.613404 -0.07557 
0.311443 -0.330327 
0.641664 0.00859221 
0.491386 -0.203463 
0.572642 -0.132879 
0.587231 -0.115484 
0.639166 -0.00523288 
-0.594898 -0.195864 
-0.377002 -0.449779 
-0.61946 -0.104567 
-0.549333 -0.284831 
0.515143 -0.185577 
-0.0903989 -0.522345 
0.0431531 -0.495295 
-0.258849 -0.501955 
-0.518862 -0.326855 
0.465953 -0.221574 
0.44018 -0.239506 
-0.174476 -0.519604 
-0.0090133 -0.510648 
0.118029 -0.461999 
0.362283 -0.293839 
0.262041 -0.366686 
0.414203 -0.257534 
-0.622829 -0.0351955 
0.624729 -0.0518389 
0.556178 -0.150012 
0.531637 -0.172202 
0.542327 -0.162935 
0.388223 -0.275629 
-0.574637 -0.240854 
