ZONE T="boundary0"
-4 -0.0472721 
-4 -0.177766 
-4 0.269124 
-4 0.40027 
-4 0.608756 
-4 0.317292 
-4 0.358781 
-4 0.168605 
-4 0.706567 
-4 0.0344916 
-4 -0.836849 
-4 0.220955 
-4 0.116255 
-4 0.501999 
-4 -0.277338 
-4 -0.252445 
-4 0.804378 
-4 1 
-4 -0.376695 
-4 -0.574875 
-4 -0.673699 
-4 -0.327017 
-4 -0.227552 
-4 -0.476052 
-4 -1 
-4 -0.112519 
-4 0.338037 
-4 0.657661 
-4 0.14243 
-4 0.293208 
-4 0.555377 
-4 0.379525 
-4 0.451134 
-4 -0.00639026 
-4 0.0753734 
-4 -0.264892 
-4 0.755472 
-4 0.902189 
-4 -0.624287 
-4 0.19478 
-4 -0.202659 
-4 -0.351856 
-4 -0.302177 
-4 -0.426374 
-4 0.245039 
-4 -0.239999 
-4 -0.525464 
-4 -0.755274 
-4 -0.918425 
ZONE T="boundary1"
-3.45686 1 
-0.0170043 1 
-0.227584 1 
0.955993 1 
0.842704 1 
-0.550383 1 
0.237014 1 
0.282628 1 
-0.967686 1 
0.610543 1 
0.515594 1 
-1.06409 1 
-1.18247 1 
-3.22538 1 
-2.99389 1 
3.34199 1 
3.5065 1 
-3.59265 1 
-3.72843 1 
1.19048 1 
2.8297 1 
2.61115 1 
2.39376 1 
-0.314403 1 
-0.270993 1 
0.420645 1 
-0.440996 1 
-0.3777 1 
0.10017 1 
0.145785 1 
0.191399 1 
-0.078885 1 
-0.140766 1 
-0.65977 1 
0.351637 1 
0.726624 1 
-4 1 
-3.86422 1 
1.06928 1 
3.671 1 
1.31169 1 
1.56921 1 
1.44045 1 
3.19512 1 
-0.765528 1 
-0.871286 1 
-1.30086 1 
-1.56629 1 
2.17637 1 
1.93298 1 
2.05468 1 
-1.89728 1 
-2.13682 1 
1.7511 1 
-1.43357 1 
-1.73178 1 
-2.57349 1 
-2.35515 1 
-2.24599 1 
-2.78369 1 
3.04825 1 
3.8355 1 
4 1 
0.899349 1 
0.259821 1 
0.563068 1 
-1.12328 1 
-3.10963 1 
3.42425 1 
-3.34112 1 
-3.66054 1 
2.72042 1 
-0.292698 1 
0.468119 1 
-0.409348 1 
0.214206 1 
-0.109825 1 
0.0415829 1 
-0.184175 1 
0.317132 1 
0.386141 1 
0.784664 1 
0.122977 1 
-0.49569 1 
-3.93211 1 
-3.79632 1 
-3.52476 1 
1.01264 1 
-0.605077 1 
3.58875 1 
1.50483 1 
-0.818407 1 
-1.01589 1 
-0.919486 1 
-1.24167 1 
1.37607 1 
2.50245 1 
2.28507 1 
1.99383 1 
-2.01705 1 
1.84204 1 
-1.64903 1 
-1.81453 1 
-2.46432 1 
-2.67859 1 
3.12169 1 
2.93898 1 
3.26856 1 
-0.249289 1 
-0.0479447 1 
-0.346051 1 
0.168592 1 
0.668583 1 
3.91775 1 
3.75325 1 
-2.30057 1 
-2.1914 1 
1.12988 1 
-2.88879 1 
-1.36722 1 
-1.49993 1 
1.25108 1 
2.11553 1 
-0.712649 1 
1.66015 1 
ZONE T="boundary2"
4 -0.569909 
4 -0.436542 
4 -0.388164 
4 -0.851638 
4 -0.703275 
4 -1 
4 -0.293248 
4 0.212194 
4 0.420344 
4 0.270081 
4 -0.257891 
4 -0.222534 
4 -0.339785 
4 -0.114813 
4 -0.168673 
4 0.18757 
4 0.500273 
4 0.580203 
4 0.162946 
4 0.241137 
4 0.327967 
4 -0.000557872 
4 0.113697 
4 0.790101 
4 0.685152 
4 0.374155 
4 1 
4 -0.503225 
4 -0.777457 
4 -0.925819 
4 -0.27557 
4 -0.363974 
4 -0.412353 
4 -0.636592 
4 -0.141743 
4 0.199882 
4 0.540238 
4 0.0565696 
4 0.138321 
4 -0.0576854 
4 0.737627 
4 -0.316517 
4 -0.240212 
4 -0.195603 
4 0.299024 
4 0.351061 
4 0.39725 
4 0.460309 
4 0.255609 
4 0.226666 
4 0.632678 
4 0.895051 
4 0.175258 
ZONE T="boundary3"
-3.46582 -1 
-3.28775 -1 
-1.74857 -1 
-1.57025 -1 
-1.08404 -1 
-0.978445 -1 
2.81338 -1 
3.02529 -1 
4 -1 
1.49034 -1 
1.42505 -1 
-0.874755 -1 
-0.757965 -1 
1.35976 -1 
0.402089 -1 
0.499254 -1 
-0.641174 -1 
-1.4337 -1 
-0.451109 -1 
-0.574477 -1 
-0.50778 -1 
1.64817 -1 
-0.281098 -1 
1.82077 -1 
1.99336 -1 
0.908142 -1 
1.24406 -1 
-1.9269 -1 
-2.14509 -1 
3.2372 -1 
-2.82836 -1 
-3.05806 -1 
-2.59582 -1 
0.136629 -1 
0.180514 -1 
0.0488584 -1 
0.304924 -1 
0.242719 -1 
-0.124487 -1 
-0.0597565 -1 
-0.202792 -1 
0.804054 -1 
0.699966 -1 
0.59961 -1 
1.01826 -1 
1.12837 -1 
-1.50197 -1 
-1.31167 -1 
3.8093 -1 
3.4279 -1 
3.6186 -1 
-2.36328 -1 
2.57614 -1 
2.33889 -1 
-3.64388 -1 
-0.394439 -1 
0.00497358 -1 
0.0927435 -1 
-0.337769 -1 
-1.18964 -1 
-3.82194 -1 
-4 -1 
-3.37679 -1 
-1.65941 -1 
-1.03124 -1 
2.91934 -1 
1.45769 -1 
-0.81636 -1 
0.450671 -1 
-0.699569 -1 
-0.541128 -1 
1.90706 -1 
1.30191 -1 
-2.03599 -1 
3.13124 -1 
-2.94321 -1 
-2.71209 -1 
0.158571 -1 
0.273821 -1 
0.211616 -1 
-0.9266 -1 
-0.0921216 -1 
-0.479444 -1 
-0.16364 -1 
0.353506 -1 
0.75201 -1 
0.649788 -1 
0.856098 -1 
1.56925 -1 
1.3924 -1 
1.18622 -1 
-1.46784 -1 
-0.607826 -1 
3.90465 -1 
0.549432 -1 
1.07331 -1 
0.963199 -1 
-1.53611 -1 
-1.83773 -1 
-1.37269 -1 
3.52325 -1 
3.33255 -1 
-2.47955 -1 
2.69476 -1 
3.71395 -1 
-2.25418 -1 
2.16613 -1 
-3.17291 -1 
2.45751 -1 
-3.55485 -1 
1.73447 -1 
-0.422774 -1 
-0.0273917 -1 
0.0708008 -1 
0.026916 -1 
0.114686 -1 
-0.366104 -1 
-0.241945 -1 
-1.25066 -1 
-1.13684 -1 
-0.309433 -1 
-3.91097 -1 
-3.73291 -1 
ZONE T="boundary4"
-0.109081 0.534708 
-0.0808585 0.537328 
-0.371328 0.437006 
-0.393106 0.421925 
-0.299176 0.478261 
-0.273343 0.490121 
-0.628373 0.0631664 
-0.631006 0.0387482 
0.288253 0.406918 
0.31211 0.384942 
-0.631914 0.0145918 
-0.624021 0.0877929 
-0.475785 0.350701 
-0.53158 0.285088 
-0.516515 0.304749 
-0.61028 0.137274 
-0.600991 0.161959 
-0.6212 0.100183 
-0.617975 0.112527 
0.644906 -0.0359853 
0.641173 -0.0100369 
-0.55664 0.247954 
-0.566964 0.230727 
-0.590205 0.186475 
-0.545759 0.26484 
0.113211 0.512766 
0.139579 0.502787 
-0.490278 0.335385 
-0.503652 0.320282 
-0.445268 0.37989 
-0.429284 0.393737 
-0.460786 0.36553 
-0.411448 0.408151 
-0.246985 0.500778 
-0.220098 0.510212 
-0.165142 0.525186 
-0.137232 0.530644 
-0.192812 0.518357 
-0.0525456 0.53848 
0.00369377 0.53624 
0.0316273 0.532778 
-0.579051 0.20884 
-0.348931 0.451179 
-0.324368 0.465276 
0.634735 0.0155376 
0.382534 0.313609 
0.264471 0.427122 
0.335371 0.362166 
0.500662 0.195724 
0.523625 0.174238 
0.453658 0.240505 
0.430053 0.264294 
0.086348 0.521087 
0.0591702 0.527738 
0.240371 0.445693 
0.190923 0.477699 
0.215843 0.462581 
0.165456 0.491121 
0.544785 0.153656 
0.630494 0.0281549 
0.599726 0.0882113 
0.625633 0.040493 
0.613956 0.0646864 
0.583225 0.110858 
0.565096 0.13228 
-0.0243523 0.538125 
0.359088 0.33799 
0.406269 0.288854 
0.477583 0.217345 
-0.0949855 0.536199 
-0.382295 0.429578 
-0.286328 0.484339 
-0.629899 0.0509802 
0.300279 0.396038 
-0.631674 0.0266784 
-0.524152 0.294998 
-0.60581 0.149682 
-0.62266 0.0939994 
-0.619636 0.106368 
0.643374 -0.0229613 
-0.56187 0.239381 
-0.595759 0.174287 
-0.55127 0.256442 
0.126471 0.50798 
-0.538779 0.27504 
-0.510149 0.312569 
-0.497027 0.327888 
-0.437333 0.386879 
-0.453086 0.372774 
-0.468347 0.358177 
-0.402338 0.41512 
-0.483096 0.343104 
-0.42043 0.401023 
-0.233597 0.505654 
-0.260226 0.495602 
-0.15122 0.528087 
-0.206503 0.514448 
-0.0667088 0.53809 
0.0176854 0.534708 
-0.573117 0.219844 
-0.584751 0.197719 
-0.123181 0.532853 
-0.336728 0.458365 
0.638286 0.00283555 
0.276472 0.417153 
0.323811 0.373628 
0.51217 0.185007 
0.441808 0.252347 
0.0998422 0.517132 
0.0728084 0.524616 
-0.360203 0.444209 
0.252537 0.436563 
0.203493 0.470326 
0.152606 0.497155 
0.534281 0.164024 
0.632696 0.021874 
0.620089 0.0527335 
-0.614314 0.124959 
0.628141 0.0343549 
0.555072 0.143094 
-0.311846 0.471911 
-0.179018 0.52194 
-0.0103157 0.537376 
0.228223 0.454311 
0.0454354 0.530459 
0.17829 0.484606 
0.591702 0.0997003 
0.574334 0.121717 
-0.0384458 0.538492 
0.347274 0.350123 
0.394397 0.301224 
0.370827 0.325814 
0.465562 0.228858 
-0.626401 0.0755158 
0.489099 0.206504 
0.418139 0.276548 
0.607107 0.076612 
ZONE T="boundary5"
-0.577612 -0.161938 
-0.570669 -0.171656 
-0.2864 -0.348198 
-0.530462 -0.21708 
-0.547625 -0.19952 
-0.563379 -0.181122 
-0.590257 -0.142006 
-0.601284 -0.121339 
-0.631914 0.0145918 
0.645983 -0.0621292 
0.292584 -0.423165 
0.264764 -0.426894 
-0.0677831 -0.4044 
-0.0956765 -0.398624 
-0.208262 -0.371253 
-0.236649 -0.363319 
-0.328359 -0.33391 
-0.307432 -0.341242 
-0.352108 -0.325 
-0.0401843 -0.409683 
-0.123476 -0.392457 
-0.151672 -0.385803 
-0.179788 -0.378776 
-0.261573 -0.355956 
0.55996 -0.285096 
0.626369 -0.165506 
-0.375627 -0.315432 
-0.394739 -0.306998 
-0.449205 -0.27861 
-0.431579 -0.288628 
-0.4136 -0.297982 
-0.471385 -0.264582 
-0.492305 -0.249636 
0.499899 -0.342032 
0.476822 -0.357816 
0.644906 -0.0359853 
0.541542 -0.305692 
0.45276 -0.371805 
0.427449 -0.384268 
-0.628547 -0.0326611 
-0.624284 -0.055635 
-0.511989 -0.233798 
0.15329 -0.431306 
0.125526 -0.430189 
0.097842 -0.428326 
0.0701904 -0.425774 
0.042638 -0.422595 
-0.631093 -0.00922696 
0.0150213 -0.418819 
0.181126 -0.431611 
0.208994 -0.43103 
0.236901 -0.429484 
0.347672 -0.411937 
0.320186 -0.418223 
-0.012486 -0.414518 
0.521389 -0.324758 
0.531663 -0.315432 
0.401356 -0.395072 
0.374841 -0.404224 
0.576559 -0.263068 
0.642854 -0.101279 
0.640621 -0.114258 
0.56849 -0.274249 
0.591429 -0.239732 
0.616368 -0.190695 
-0.61064 -0.100028 
0.644505 -0.0882549 
0.634514 -0.140019 
0.645771 -0.0490294 
-0.61831 -0.0781133 
0.604683 -0.2155 
-0.574185 -0.166829 
-0.539183 -0.208436 
-0.595967 -0.131777 
0.278693 -0.425176 
-0.0817406 -0.401563 
-0.22247 -0.367339 
-0.317913 -0.337625 
-0.340261 -0.32953 
-0.109587 -0.395588 
-0.165741 -0.382336 
-0.249124 -0.359683 
-0.29693 -0.344763 
-0.555658 -0.190455 
-0.567066 -0.176421 
-0.385213 -0.311283 
-0.44044 -0.283706 
-0.42263 -0.293385 
-0.481952 -0.257259 
-0.363903 -0.320303 
0.48851 -0.350143 
-0.626634 -0.044188 
0.139403 -0.430845 
0.0840078 -0.427132 
0.0564048 -0.42426 
0.0288195 -0.420777 
0.195061 -0.431435 
0.222954 -0.430382 
0.333967 -0.415251 
-0.026346 -0.412159 
0.440209 -0.378249 
0.526574 -0.320148 
0.388164 -0.39984 
0.536653 -0.310614 
0.641808 -0.107781 
0.564282 -0.279717 
0.584208 -0.251536 
0.464915 -0.365024 
0.572581 -0.2687 
-0.0539944 -0.407095 
0.621574 -0.178182 
-0.194038 -0.375063 
0.510814 -0.333606 
-0.404206 -0.302566 
0.167206 -0.431565 
0.306413 -0.420852 
-0.606167 -0.110773 
-0.274002 -0.352129 
0.645554 -0.0752085 
0.637827 -0.127199 
0.550968 -0.295588 
0.643753 -0.0947763 
0.645421 -0.0425016 
0.645958 -0.0555777 
-0.137585 -0.389177 
0.361308 -0.408263 
0.250845 -0.428325 
0.414487 -0.389874 
0.111677 -0.429347 
0.00125716 -0.416732 
0.630672 -0.152836 
-0.631721 0.00267532 
-0.614686 -0.089144 
-0.621513 -0.066931 
-0.52135 -0.225576 
-0.50226 -0.241858 
-0.460392 -0.27175 
-0.630039 -0.0209673 
-0.58412 -0.152089 
0.598242 -0.227719 
0.610712 -0.203186 
