ZONE T="boundary0"
-4 -0.479352 
-4 -0.4258 
-4 -0.257321 
-4 -0.0868578 
-4 0.156419 
-4 0.229756 
-4 0.303093 
-4 0.37748 
-4 0.451868 
-4 0.826207 
-4 0.652414 
-4 -0.179653 
-4 -0.141599 
-4 1 
-4 0.0621514 
-4 0.109285 
-4 0.552141 
-4 -0.0321165 
-4 -0.372249 
-4 -0.334592 
-4 -0.296934 
-4 -0.217707 
-4 -0.678311 
-4 -0.578832 
-4 -0.839156 
-4 -1 
-4 -0.452576 
-4 0.193088 
-4 0.266425 
-4 0.414674 
-4 0.739311 
-4 0.0857183 
-4 0.340287 
-4 0.602277 
-4 0.0150174 
-4 0.502004 
-4 -0.35342 
-4 -0.315763 
-4 -0.19868 
-4 -0.0594871 
-4 -0.160626 
-4 -0.237514 
-4 -0.114228 
-4 0.132852 
-4 -0.628571 
-4 -0.758734 
-4 -0.919578 
-4 0.913104 
-4 -0.277127 
-4 -0.529092 
-4 -0.399025 
ZONE T="boundary1"
3.76236 1 
3.52472 1 
1.41686 1 
1.32662 1 
-0.100178 1 
-0.162708 1 
0.147267 1 
0.303768 1 
-1.5163 1 
-0.307941 1 
-0.435811 1 
0.464044 1 
-3.6116 1 
-3.29286 1 
1.5071 1 
4 1 
-2.04677 1 
-0.698315 1 
-0.606077 1 
-1.10764 1 
-1.22031 1 
-4 1 
2.47876 1 
-1.60699 1 
-1.75292 1 
-3.1216 1 
3.11617 1 
3.32045 1 
-2.95034 1 
2.21325 1 
1.94774 1 
1.72742 1 
2.911 1 
2.70583 1 
0.028727 1 
-0.0376467 1 
0.199434 1 
-0.790553 1 
0.0951007 1 
0.561454 1 
0.658863 1 
-0.892758 1 
-0.994964 1 
-0.520944 1 
0.986352 1 
0.877674 1 
-1.42561 1 
-1.32296 1 
-1.89884 1 
0.768269 1 
1.21083 1 
1.09503 1 
-2.49058 1 
-2.72046 1 
-2.19471 1 
-2.34264 1 
-0.235325 1 
3.64354 1 
1.37174 1 
-0.131443 1 
-0.371876 1 
-3.45223 1 
3.88118 1 
-0.652196 1 
-1.16397 1 
-3.8058 1 
-1.67995 1 
3.21831 1 
2.34601 1 
2.80841 1 
-0.00445984 1 
-0.744434 1 
0.383906 1 
0.251601 1 
0.121184 1 
0.610159 1 
-0.943861 1 
-0.56351 1 
-1.0513 1 
0.512749 1 
0.932013 1 
-1.37428 1 
-1.56165 1 
-1.47095 1 
-1.82588 1 
0.713566 1 
3.42259 1 
1.15293 1 
1.04069 1 
1.83758 1 
2.0805 1 
2.5923 1 
-2.60552 1 
-3.03597 1 
-2.8354 1 
1.26873 1 
-2.12074 1 
-1.97281 1 
3.01359 1 
-2.26867 1 
-2.41661 1 
0.173351 1 
-0.478377 1 
-0.841655 1 
-0.0689121 1 
0.0619139 1 
0.822971 1 
-0.199017 1 
-0.271633 1 
1.46198 1 
1.61726 1 
-1.27163 1 
-3.20723 1 
ZONE T="boundary2"
4 -0.374798 
4 -0.505049 
4 -0.32126 
4 0.3141 
4 0.363585 
4 -0.0152517 
4 1 
4 -0.677631 
4 -0.838815 
4 -1 
4 0.41307 
4 0.492449 
4 0.571828 
4 0.0532282 
4 0.225935 
4 0.270017 
4 0.121708 
4 0.173821 
4 -0.164101 
4 -0.190006 
4 -0.267722 
4 -0.215911 
4 0.678871 
4 0.785914 
4 -0.0896761 
4 -0.126888 
4 -0.439923 
4 -0.758223 
4 -0.919408 
4 0.388327 
4 0.452759 
4 0.338842 
4 0.532138 
4 0.247976 
4 0.147765 
4 0.0189883 
4 0.0874682 
4 -0.177053 
4 -0.241817 
4 -0.294491 
4 -0.348029 
4 -0.59134 
4 0.732392 
4 0.625349 
4 0.892957 
4 0.199878 
4 0.292059 
4 -0.108282 
4 -0.0524639 
4 -0.145494 
4 -0.202959 
ZONE T="boundary3"
-3.62983 -1 
-3.875 -1 
0.118212 -1 
0.908146 -1 
-1.09282 -1 
-0.249794 -1 
-0.521441 -1 
0.248084 -1 
1.74982 -1 
-1.45066 -1 
-3.50965 -1 
-3.38948 -1 
1.29793 -1 
-1.3238 -1 
3.37789 -1 
3.47606 -1 
3.73803 -1 
-1.57753 -1 
-2.02748 -1 
-2.37506 -1 
3.08337 -1 
4 -1 
-3.06851 -1 
-3.22899 -1 
-2.886 -1 
2.67285 -1 
2.87811 -1 
3.27971 -1 
0.0469637 -1 
0.368175 -1 
0.429642 -1 
0.306708 -1 
-0.0962932 -1 
-0.173044 -1 
0.710342 -1 
0.189461 -1 
0.822691 -1 
0.993601 -1 
0.597993 -1 
0.513817 -1 
-0.627158 -1 
-0.415724 -1 
-0.0246648 -1 
-0.747825 -1 
1.19682 -1 
1.09521 -1 
1.39903 -1 
1.48612 -1 
1.57322 -1 
-0.868491 -1 
-0.980654 -1 
1.92642 -1 
-1.20831 -1 
-4 -1 
-2.70349 -1 
-1.8025 -1 
2.48347 -1 
2.11025 -1 
2.29409 -1 
3.60705 -1 
-0.332759 -1 
-3.75241 -1 
-3.44957 -1 
3.42697 -1 
-2.20127 -1 
-3.14875 -1 
-2.97725 -1 
3.18154 -1 
0.398908 -1 
0.277396 -1 
-0.134668 -1 
0.218773 -1 
0.082588 -1 
0.153837 -1 
0.766516 -1 
0.950873 -1 
-0.211419 -1 
0.555905 -1 
0.337441 -1 
0.47173 -1 
-0.5743 -1 
-0.060479 -1 
-0.468583 -1 
0.865418 -1 
1.04441 -1 
1.14602 -1 
1.34848 -1 
1.52967 -1 
-0.687492 -1 
-0.808158 -1 
-0.924572 -1 
-1.03674 -1 
-3.30924 -1 
1.44258 -1 
1.83812 -1 
1.66152 -1 
-1.26605 -1 
-3.56974 -1 
-3.9375 -1 
-2.79474 -1 
-1.69001 -1 
-2.53928 -1 
2.20217 -1 
2.01833 -1 
2.38878 -1 
3.86902 -1 
-1.15056 -1 
-1.91499 -1 
0.0111494 -1 
-0.374242 -1 
-0.291276 -1 
-1.51409 -1 
0.654167 -1 
1.24737 -1 
3.67254 -1 
3.3288 -1 
-1.38723 -1 
3.54155 -1 
2.77548 -1 
2.57816 -1 
2.98074 -1 
ZONE T="boundary4"
-0.289447 0.357311 
-0.266661 0.358373 
-0.637569 0.00598279 
-0.63914 0.0285281 
0.570031 0.229146 
0.585629 0.205343 
-0.561663 0.256023 
-0.550152 0.267946 
-0.470029 0.321739 
-0.334124 0.354087 
-0.312185 0.355909 
0.62691 0.00485147 
0.628772 0.0861689 
-0.417036 0.340143 
-0.39763 0.344714 
-0.639381 0.0511828 
-0.638224 0.0738751 
-0.635603 0.0964861 
0.622702 0.118041 
-0.631469 0.11888 
-0.625779 0.140941 
-0.538024 0.279034 
0.629221 0.0209772 
-0.610971 0.180663 
-0.618544 0.162439 
-0.593248 0.21392 
-0.602592 0.197655 
-0.572741 0.243028 
-0.583391 0.228854 
0.599535 0.180038 
-0.453259 0.328645 
-0.355926 0.351665 
0.560364 0.242137 
0.618362 0.133441 
-0.512723 0.298243 
-0.525627 0.289042 
-0.499023 0.306842 
-0.48491 0.314606 
0.550191 0.254585 
0.610456 0.155675 
0.531352 0.274743 
-0.144024 0.363072 
-0.436151 0.334607 
-0.194456 0.360918 
-0.219279 0.360062 
0.630981 0.0534818 
0.630588 0.037207 
-0.118477 0.364481 
-0.169723 0.361883 
-0.0378859 0.370408 
-0.0654481 0.368155 
0.630383 0.0697829 
-0.376902 0.348604 
0.188669 0.385649 
0.213095 0.385435 
0.626186 0.102308 
0.359104 0.367033 
0.417186 0.34806 
0.54099 0.264867 
0.512613 0.2917 
0.0469857 0.377926 
0.0769697 0.380411 
0.106972 0.382577 
0.164311 0.385279 
0.1356 0.384207 
0.240245 0.384409 
0.267452 0.382434 
0.329449 0.373697 
0.605227 0.168004 
0.492844 0.306946 
-0.0918823 0.366202 
-0.242952 0.359263 
0.0183033 0.375386 
-0.0104544 0.372803 
0.388304 0.358576 
0.298418 0.378871 
0.446158 0.334959 
0.469952 0.321902 
0.458175 0.328651 
-0.278054 0.357876 
-0.638517 0.0172468 
0.578054 0.217393 
-0.556001 0.262073 
-0.323161 0.355064 
-0.407365 0.342543 
-0.638981 0.0625414 
-0.633727 0.107721 
-0.628819 0.129963 
-0.544176 0.273584 
-0.614906 0.171613 
-0.598049 0.205861 
-0.578176 0.236022 
0.592837 0.19283 
-0.461698 0.325311 
-0.567303 0.24961 
-0.639431 0.0398563 
-0.622357 0.151758 
0.565269 0.235696 
0.620639 0.12577 
-0.519245 0.293736 
-0.492024 0.310822 
0.55535 0.248421 
0.614626 0.144633 
-0.477522 0.318274 
-0.505938 0.302642 
-0.426635 0.337501 
-0.300819 0.356661 
-0.206861 0.360481 
0.630908 0.0453404 
-0.131242 0.363747 
-0.051661 0.369258 
0.629703 0.077987 
-0.637099 0.0852047 
-0.366432 0.350231 
-0.606916 0.189226 
0.200879 0.38562 
-0.156866 0.362451 
-0.345037 0.352961 
-0.182084 0.361383 
0.545645 0.259775 
0.536225 0.269858 
0.522154 0.283408 
0.0619735 0.379199 
0.0919635 0.381542 
0.121278 0.383453 
0.176485 0.385532 
0.253852 0.383547 
0.34432 0.370581 
0.226669 0.385032 
0.6276 0.0942568 
0.624558 0.110199 
0.607906 0.161867 
-0.444749 0.331738 
0.630024 0.0290812 
0.62818 0.0128971 
0.630807 0.0616358 
-0.531902 0.28413 
0.502875 0.299512 
0.602441 0.174049 
-0.105171 0.36531 
-0.078658 0.367151 
-0.254804 0.358837 
0.0326432 0.376668 
-0.0241664 0.371591 
0.373768 0.363039 
0.402836 0.353575 
0.28295 0.380837 
0.431802 0.341801 
0.313963 0.376494 
0.149948 0.384821 
0.00392626 0.374092 
-0.588434 0.221461 
-0.387292 0.346772 
-0.231111 0.359667 
0.464094 0.325332 
0.481547 0.314652 
0.452196 0.331859 
ZONE T="boundary5"
-0.594193 -0.14585 
-0.505634 -0.282935 
0.556719 -0.165055 
0.544588 -0.187736 
-0.444212 -0.345983 
0.348861 -0.45843 
0.374835 -0.43939 
-0.637569 0.00598279 
-0.547407 -0.22741 
-0.619256 -0.0821898 
-0.625531 -0.0604892 
-0.58386 -0.16659 
-0.634737 -0.0163873 
0.614708 -0.0428743 
0.6091 -0.0584494 
-0.630704 -0.0385627 
-0.410727 -0.374025 
-0.393141 -0.387368 
-0.0843121 -0.520401 
-0.242759 -0.472266 
-0.217965 -0.48222 
-0.267192 -0.46147 
-0.313037 -0.438339 
-0.490673 -0.299998 
-0.290316 -0.450292 
-0.334243 -0.426254 
-0.355026 -0.413474 
-0.0563989 -0.525348 
-0.139173 -0.507716 
-0.166048 -0.50002 
-0.192158 -0.491566 
0.62691 0.00485147 
-0.475654 -0.315917 
-0.572489 -0.18727 
-0.560306 -0.207554 
-0.3743 -0.400728 
-0.460078 -0.331317 
0.443254 -0.368901 
-0.427866 -0.360132 
0.595905 -0.0894266 
0.432886 -0.381985 
0.236046 -0.511254 
0.399184 -0.418175 
-0.611927 -0.103633 
0.0298946 -0.534293 
0.059071 -0.535096 
0.0884571 -0.534704 
-0.0278849 -0.529368 
0.000715823 -0.53235 
0.293835 -0.489285 
0.147634 -0.529965 
0.118 -0.533028 
0.321761 -0.475049 
0.177258 -0.525399 
0.265197 -0.501311 
0.582974 -0.11579 
0.387214 -0.429055 
0.410854 -0.406638 
0.422095 -0.394562 
0.453293 -0.35521 
0.509772 -0.256843 
0.462919 -0.341059 
-0.519921 -0.265341 
0.521146 -0.233702 
0.497988 -0.280268 
0.623694 -0.0111548 
0.619607 -0.027074 
0.532678 -0.210675 
0.480975 -0.311596 
-0.533999 -0.246611 
0.570005 -0.140431 
-0.603566 -0.124848 
-0.112062 -0.514482 
0.206772 -0.519206 
0.550631 -0.176377 
0.362042 -0.449187 
-0.622527 -0.0713755 
-0.589134 -0.156272 
-0.636308 -0.00521902 
0.611986 -0.0506911 
-0.628257 -0.0495564 
-0.401988 -0.380766 
-0.230405 -0.477349 
-0.255023 -0.466974 
-0.498234 -0.291535 
-0.301728 -0.444413 
-0.344689 -0.419951 
-0.152643 -0.503984 
-0.179139 -0.495905 
-0.483234 -0.308023 
-0.578277 -0.176985 
-0.553942 -0.217536 
-0.383776 -0.394124 
-0.467933 -0.323683 
-0.452206 -0.338715 
0.60277 -0.0740475 
-0.419353 -0.367147 
-0.632868 -0.0274989 
-0.615718 -0.0929523 
0.0444821 -0.53484 
-0.0421577 -0.527486 
-0.436097 -0.353123 
-0.0135957 -0.53099 
0.132839 -0.531674 
0.307933 -0.482434 
0.103242 -0.534031 
0.250706 -0.506523 
0.589569 -0.102666 
0.381077 -0.434289 
0.405078 -0.412469 
0.416535 -0.400659 
0.448334 -0.362104 
0.458165 -0.348178 
0.427551 -0.38833 
0.393254 -0.423679 
-0.512862 -0.274204 
0.515459 -0.245272 
-0.364715 -0.407178 
0.621753 -0.0191406 
0.503932 -0.268586 
0.526876 -0.222165 
0.489653 -0.296036 
0.438131 -0.375495 
0.617251 -0.0350028 
-0.540784 -0.237066 
0.563373 -0.152741 
0.335475 -0.467015 
0.625411 -0.00317395 
-0.598994 -0.135398 
-0.278802 -0.455978 
-0.607867 -0.114285 
-0.566491 -0.197467 
-0.32369 -0.432384 
0.538594 -0.199177 
-0.527047 -0.25604 
-0.0703755 -0.522996 
-0.0982113 -0.517562 
0.0737699 -0.535054 
0.221473 -0.515451 
0.192062 -0.522508 
-0.205102 -0.487005 
0.576549 -0.128135 
0.015299 -0.533461 
0.16248 -0.527873 
-0.125645 -0.511215 
0.279624 -0.495554 
0.472159 -0.32647 
