ZONE T="boundary0"
-4 -0.273167 
-4 -0.295956 
-4 0.218104 
-4 0.161078 
-4 0.28101 
-4 0.664106 
-4 0.539693 
-4 0.343916 
-4 -0.104566 
-4 0.41528 
-4 0.477486 
-4 0.0236018 
-4 -0.154684 
-4 -0.204801 
-4 0.0923401 
-4 0.832053 
-4 1 
-4 -0.684124 
-4 -0.360878 
-4 -0.4258 
-4 -0.22759 
-4 -0.0404819 
-4 -0.250379 
-4 -0.578832 
-4 -0.502316 
-4 -0.789416 
-4 -1 
-4 -0.284562 
-4 0.189591 
-4 0.249557 
-4 0.601899 
-4 0.312463 
-4 0.379598 
-4 0.446383 
-4 -0.179743 
-4 0.126709 
-4 0.748079 
-4 0.0579709 
-4 0.508589 
-4 -0.393339 
-4 -0.238984 
-4 -0.129625 
-4 -0.00844006 
-4 -0.0725238 
-4 -0.540574 
-4 -0.894708 
-4 0.916026 
-4 -0.328417 
-4 -0.261773 
-4 -0.216196 
-4 -0.464058 
-4 -0.631478 
-4 -0.73677 
ZONE T="boundary1"
0.87731 1 
1.57214 1 
4 1 
3.64354 1 
-1.10775 1 
-0.537983 1 
-0.164938 1 
-0.037081 1 
-0.100985 1 
0.220976 1 
-3.82322 1 
-4 1 
0.373823 1 
0.282825 1 
3.24801 1 
3.44578 1 
-1.63461 1 
-1.5163 1 
1.20622 1 
-1.97381 1 
-2.19471 1 
3.07951 1 
2.09179 1 
1.83197 1 
-1.75292 1 
2.45954 1 
2.68527 1 
-2.58902 1 
-3.00666 1 
-3.32655 1 
-3.64643 1 
2.27567 1 
-2.79784 1 
0.159126 1 
0.0929744 1 
0.0268228 1 
-0.228891 1 
-0.3672 1 
-0.298046 1 
-0.695087 1 
-0.452592 1 
0.664861 1 
0.771086 1 
0.464821 1 
-0.874807 1 
-0.784947 1 
-0.991277 1 
-1.19915 1 
-1.29055 1 
-1.40342 1 
0.98795 1 
1.09859 1 
0.564841 1 
1.31384 1 
1.44299 1 
1.70205 1 
-2.39186 1 
2.911 1 
-3.1666 1 
3.82177 1 
-0.0690329 1 
-3.91161 1 
0.328324 1 
3.3469 1 
-1.57545 1 
-2.08426 1 
1.96188 1 
2.57241 1 
-3.48649 1 
2.18373 1 
0.190051 1 
0.0598986 1 
0.2519 1 
-0.196915 1 
-0.132961 1 
-0.332623 1 
-0.616535 1 
0.717973 1 
-0.829877 1 
-0.740017 1 
-0.933042 1 
-1.04951 1 
-1.24485 1 
-1.45986 1 
-1.69376 1 
-1.34699 1 
-1.86336 1 
0.824198 1 
1.04327 1 
0.614851 1 
1.1524 1 
1.37842 1 
1.76701 1 
0.514831 1 
1.6371 1 
1.50757 1 
-2.29329 1 
-2.69343 1 
-2.90225 1 
-2.49044 1 
2.3676 1 
-3.08663 1 
-3.24657 1 
2.99525 1 
3.54466 1 
2.79813 1 
-3.73482 1 
-0.263468 1 
0.12605 1 
0.419322 1 
-0.00512913 1 
-0.409896 1 
-0.495288 1 
-1.15345 1 
3.16376 1 
1.26003 1 
0.93263 1 
ZONE T="boundary2"
4 -0.381962 
4 -0.318797 
4 -0.255633 
4 -0.190006 
4 -0.130538 
4 1 
4 0.0212274 
4 -0.0546553 
4 0.619337 
4 -0.782034 
4 -1 
4 0.809668 
4 -0.473015 
4 -0.564068 
4 -0.673051 
4 0.167722 
4 0.224727 
4 0.281731 
4 0.416996 
4 0.518166 
4 0.349364 
4 -0.35038 
4 -0.287215 
4 -0.222819 
4 -0.160272 
4 -0.016714 
4 -0.891017 
4 -0.0925966 
4 -0.427489 
4 -0.518542 
4 -0.727543 
4 0.0944747 
4 0.253229 
4 0.196224 
4 0.315548 
4 0.467581 
4 0.568751 
4 -0.61856 
4 0.904834 
4 0.714502 
4 0.38318 
ZONE T="boundary3"
-3.84737 -1 
3.20163 -1 
3.02537 -1 
-0.340001 -1 
-0.252901 -1 
1.00168 -1 
-0.435434 -1 
-0.720332 -1 
1.39203 -1 
-3.41624 -1 
3.76671 -1 
4 -1 
-0.893343 -1 
0.809244 -1 
0.905461 -1 
-3.69474 -1 
-3.55549 -1 
1.19657 -1 
1.2943 -1 
3.53342 -1 
-1.68283 -1 
2.46118 -1 
-1.50615 -1 
-1.59449 -1 
-2.05574 -1 
-2.29511 -1 
-3.13774 -1 
-2.83611 -1 
0.183148 -1 
-0.0260402 -1 
0.0467738 -1 
0.114961 -1 
0.368175 -1 
0.275662 -1 
-0.0988542 -1 
-0.175878 -1 
-0.6256 -1 
-0.530867 -1 
0.61208 -1 
-0.993911 -1 
-0.806838 -1 
0.490127 -1 
0.710662 -1 
1.09912 -1 
1.48752 -1 
1.58301 -1 
1.79739 -1 
-1.21198 -1 
-1.32948 -1 
-1.09448 -1 
-1.86928 -1 
-4 -1 
-3.27699 -1 
2.84911 -1 
2.23647 -1 
2.01176 -1 
2.65515 -1 
-2.53449 -1 
3.1135 -1 
-0.296451 -1 
-0.387717 -1 
3.88335 -1 
0.857352 -1 
-3.62512 -1 
1.24543 -1 
3.36752 -1 
-1.55032 -1 
0.0808674 -1 
0.321918 -1 
0.149055 -1 
-0.21439 -1 
-0.48315 -1 
-0.0624472 -1 
0.0103668 -1 
-0.672966 -1 
-0.578233 -1 
-0.943627 -1 
-0.85009 -1 
0.429151 -1 
3.65006 -1 
0.551103 -1 
0.661371 -1 
0.759953 -1 
0.95357 -1 
1.14785 -1 
1.0504 -1 
1.53527 -1 
1.34316 -1 
1.43977 -1 
-1.27073 -1 
-1.15323 -1 
-1.41782 -1 
1.6902 -1 
-3.92369 -1 
-3.77106 -1 
-3.48587 -1 
-3.20737 -1 
2.93724 -1 
-1.96251 -1 
2.12412 -1 
2.75213 -1 
-2.17543 -1 
-1.77605 -1 
1.90457 -1 
-2.98693 -1 
-3.34662 -1 
-2.6853 -1 
2.55817 -1 
2.34883 -1 
-0.137366 -1 
-0.763585 -1 
0.229405 -1 
-1.0442 -1 
-1.63866 -1 
-2.4148 -1 
ZONE T="boundary4"
0.28047 0.437186 
0.252711 0.440333 
-0.212825 0.366988 
-0.190839 0.374188 
0.448628 0.384796 
-0.619314 0.0224105 
-0.622234 0.000998398 
0.595237 0.229545 
-0.503719 0.219185 
-0.527953 0.196286 
-0.623718 -0.0205166 
0.312248 0.432012 
-0.337401 0.319987 
-0.452637 0.25848 
-0.478717 0.239688 
0.631403 0.103539 
-0.356815 0.311343 
-0.277054 0.344257 
-0.255934 0.35203 
0.573298 0.270111 
0.54653 0.306565 
0.528639 0.325856 
0.555574 0.295449 
-0.60905 0.0645777 
-0.614924 0.0436403 
-0.58276 0.124411 
-0.572838 0.140683 
0.581844 0.255729 
-0.562404 0.155798 
-0.551244 0.170254 
-0.121337 0.395112 
-0.097541 0.401606 
-0.539873 0.183562 
-0.424904 0.276031 
-0.438899 0.26746 
0.463081 0.376539 
-0.409034 0.285124 
0.632546 0.0867889 
-0.374971 0.302776 
-0.392928 0.293757 
-0.317841 0.328239 
-0.297501 0.336408 
-0.234733 0.359531 
-0.145032 0.388297 
-0.167979 0.38138 
-0.072847 0.407953 
-0.0480297 0.413905 
0.0315962 0.429767 
-0.601706 0.0850895 
0.630075 0.0375149 
0.200235 0.443168 
0.224939 0.442315 
0.62725 0.0214548 
0.632714 0.0702263 
0.175541 0.443221 
0.509428 0.343455 
0.629344 0.120149 
0.419261 0.39923 
0.433835 0.392433 
0.404439 0.40547 
0.626464 0.136458 
0.519212 0.334844 
0.486847 0.360984 
0.118232 0.44051 
0.146845 0.442339 
0.0887116 0.437692 
0.0593338 0.434006 
-0.592911 0.105092 
0.60697 0.202053 
0.616167 0.175991 
0.475116 0.368993 
0.622827 0.152534 
0.631895 0.053795 
0.56408 0.283952 
0.00401034 0.424866 
-0.0220799 0.419638 
0.344124 0.424947 
0.374559 0.416216 
0.266607 0.43891 
-0.201842 0.370619 
-0.620955 0.0117291 
-0.516054 0.207966 
0.296394 0.434813 
-0.347131 0.315716 
-0.266507 0.348179 
0.537785 0.316397 
0.551116 0.301059 
-0.612171 0.0541605 
-0.577918 0.13262 
0.577661 0.262973 
-0.556918 0.163099 
-0.10945 0.398401 
-0.545637 0.176975 
-0.431932 0.271796 
-0.417002 0.280637 
0.632093 0.0951719 
-0.365918 0.307112 
-0.383979 0.298325 
-0.287291 0.340369 
-0.40101 0.289494 
-0.245345 0.355813 
-0.17942 0.377818 
-0.0852063 0.404828 
-0.0604508 0.410981 
-0.605559 0.0748983 
-0.133195 0.391744 
-0.156516 0.384874 
-0.32764 0.324157 
0.21259 0.442845 
0.628789 0.0294626 
0.187888 0.443292 
0.426579 0.395902 
-0.307688 0.332365 
0.41188 0.402418 
0.523971 0.330397 
0.49832 0.352454 
0.514362 0.339198 
0.132531 0.441539 
0.161189 0.442903 
-0.588002 0.114839 
0.0740096 0.435954 
0.238835 0.441464 
0.628005 0.128321 
0.611775 0.189095 
0.48102 0.365047 
0.63243 0.0620044 
0.455899 0.380746 
0.632752 0.0785089 
0.630485 0.111858 
-0.533984 0.18999 
0.56878 0.277092 
0.559893 0.289749 
0.624738 0.144517 
0.0177891 0.427397 
0.631112 0.0456408 
-0.22379 0.363292 
-0.0350684 0.416833 
0.588785 0.242762 
0.0454516 0.431974 
0.328239 0.428717 
-0.00904816 0.422319 
0.103461 0.439215 
0.359411 0.420822 
-0.567724 0.148312 
-0.617302 0.0330633 
-0.623153 -0.00974689 
-0.597484 0.0951681 
-0.46582 0.249282 
-0.491384 0.229639 
0.469135 0.372823 
-0.445802 0.263021 
0.60133 0.215896 
0.389592 0.4111 
0.619679 0.164314 
0.441271 0.388692 
ZONE T="boundary5"
-0.589401 -0.190436 
0.341526 -0.35638 
-0.520549 -0.308443 
-0.597762 -0.169614 
-0.533903 -0.290215 
-0.506883 -0.32561 
-0.57991 -0.211328 
-0.569553 -0.231833 
-0.616211 -0.106324 
-0.620007 -0.0849855 
-0.622555 -0.0635616 
-0.605054 -0.148626 
-0.611214 -0.127534 
0.623427 0.00564755 
-0.623718 -0.0205166 
-0.160701 -0.535623 
-0.187409 -0.528983 
-0.264635 -0.502637 
-0.21386 -0.52118 
-0.23943 -0.512444 
-0.558414 -0.251888 
-0.288622 -0.492148 
-0.050186 -0.550121 
-0.0780478 -0.548453 
-0.105932 -0.545428 
-0.133383 -0.541151 
-0.446932 -0.388033 
-0.46276 -0.373247 
-0.477943 -0.358013 
-0.492564 -0.342247 
-0.546458 -0.271481 
-0.623809 -0.0420505 
-0.375713 -0.443398 
-0.355771 -0.45618 
-0.430587 -0.402254 
-0.413124 -0.416384 
-0.39516 -0.429879 
-0.33421 -0.468863 
-0.31217 -0.480692 
0.618603 -0.0099222 
0.00593896 -0.549177 
-0.0222509 -0.550392 
0.0614959 -0.542039 
0.0338143 -0.546419 
0.115908 -0.528103 
0.088897 -0.535958 
0.309548 -0.394827 
0.142421 -0.518409 
0.16833 -0.50682 
0.193533 -0.493304 
0.218198 -0.477671 
0.242079 -0.460007 
0.265179 -0.440315 
0.287645 -0.418544 
0.325743 -0.375843 
0.363256 -0.328586 
0.418183 -0.258723 
0.401389 -0.279535 
0.384848 -0.300643 
0.439454 -0.233763 
0.481269 -0.18984 
0.501256 -0.170256 
0.52007 -0.151795 
0.62725 0.0214548 
0.598431 -0.0546609 
0.556848 -0.112855 
0.538501 -0.133016 
0.565584 -0.102445 
0.589969 -0.0687994 
0.582208 -0.0804449 
0.606101 -0.0400369 
0.612802 -0.0251936 
0.46154 -0.209839 
-0.574834 -0.221632 
-0.61826 -0.0956818 
-0.621439 -0.0742922 
-0.601536 -0.159165 
-0.584768 -0.200933 
-0.60827 -0.13812 
-0.613856 -0.116963 
-0.174091 -0.532447 
-0.226691 -0.516946 
-0.252084 -0.507672 
-0.564083 -0.241916 
-0.276681 -0.497514 
-0.064127 -0.549458 
-0.092008 -0.547106 
-0.147073 -0.53854 
-0.593701 -0.180073 
-0.470419 -0.365698 
-0.540279 -0.280914 
-0.623347 -0.0528156 
-0.365802 -0.449882 
-0.438822 -0.395215 
-0.42192 -0.409398 
-0.3855 -0.43673 
-0.454912 -0.38071 
-0.300454 -0.48654 
-0.345053 -0.462627 
0.621138 -0.00217533 
-0.485325 -0.350196 
-0.323248 -0.474885 
-0.623935 -0.0312828 
-0.513799 -0.317093 
-0.00814755 -0.549976 
0.0476878 -0.544436 
0.102468 -0.532254 
-0.52732 -0.299398 
0.155479 -0.512845 
0.181054 -0.50029 
0.230296 -0.469051 
0.253794 -0.450354 
0.298746 -0.406823 
0.333684 -0.366152 
0.352439 -0.34252 
0.317715 -0.385394 
0.409738 -0.269091 
0.393091 -0.290068 
0.428705 -0.246146 
0.491242 -0.180026 
0.510686 -0.161048 
-0.55254 -0.261748 
0.547794 -0.123045 
0.561256 -0.107683 
0.586151 -0.0746638 
0.594296 -0.0617876 
0.602372 -0.0474045 
0.609563 -0.0326654 
0.615821 -0.0176029 
0.625464 0.0135209 
-0.499802 -0.333996 
-0.404203 -0.423212 
-0.0362202 -0.550436 
0.129248 -0.523484 
-0.200677 -0.525223 
-0.119682 -0.543446 
0.0198963 -0.547996 
0.0752445 -0.539214 
0.471341 -0.19978 
0.206008 -0.485712 
0.374045 -0.314609 
0.276577 -0.429598 
0.574099 -0.0915981 
0.529351 -0.14247 
0.450376 -0.221689 
