ZONE T="boundary0"
-4 -0.260204 
-4 -0.214019 
-4 -0.142402 
-4 -0.331131 
-4 0.139041 
-4 0.0920277 
-4 0.186055 
-4 0.238821 
-4 0.311289 
-4 0.383758 
-4 0.635925 
-4 0.452804 
-4 0.52185 
-4 -0.00199907 
-4 0.817963 
-4 -0.391476 
-4 -0.0722006 
-4 -0.451821 
-4 -0.559934 
-4 -0.668048 
-4 -1 
-4 -0.834024 
-4 1 
-4 -0.505878 
-4 -0.178211 
-4 -0.295668 
-4 -0.237112 
-4 0.115534 
-4 0.212438 
-4 0.275055 
-4 0.418281 
-4 0.0450143 
-4 -0.361304 
-4 -0.107301 
-4 -0.421649 
-4 0.162548 
-4 -0.0370999 
-4 0.347524 
-4 0.487327 
-4 -0.613991 
-4 0.578888 
-4 -0.917012 
-4 0.726944 
-4 0.908981 
-4 -0.751036 
-4 -0.532906 
-4 -0.478849 
ZONE T="boundary1"
-0.0576205 1 
-0.0115462 1 
-0.140113 1 
-0.224364 1 
-0.905099 1 
0.187235 1 
0.255532 1 
-0.353379 1 
-0.45121 1 
-2.86057 1 
-3.20249 1 
-1.05449 1 
2.84938 1 
-1.22478 1 
-3.86525 1 
-3.46101 1 
4 1 
3.74624 1 
2.98495 1 
-2.70255 1 
1.40391 1 
1.5984 1 
1.10313 1 
3.23871 1 
-1.86359 1 
1.7929 1 
1.91144 1 
0.0345281 1 
-0.182239 1 
0.110882 1 
-0.549042 1 
0.610969 1 
0.515465 1 
0.41996 1 
0.323828 1 
0.467712 1 
0.74817 1 
0.67957 1 
-0.652374 1 
-0.755706 1 
-3.73051 1 
-3.59576 1 
-0.830402 1 
1.25352 1 
-1.13963 1 
-1.40536 1 
-1.69168 1 
-2.03551 1 
0.885372 1 
-4 1 
0.816771 1 
-2.54453 1 
0.994253 1 
3.49248 1 
-2.16276 1 
-2.29002 1 
1.32871 1 
3.11183 1 
2.7138 1 
2.49044 1 
-1.6201 1 
2.02999 1 
-1.54852 1 
2.37875 1 
2.26707 1 
-0.0345834 1 
-0.0988668 1 
0.221383 1 
-0.402295 1 
-3.03153 1 
-0.979795 1 
3.87312 1 
1.50115 1 
-3.33175 1 
1.85217 1 
-0.203301 1 
0.011491 1 
-0.288872 1 
-0.161176 1 
0.149059 1 
-0.500126 1 
0.563217 1 
0.371894 1 
0.443836 1 
0.491588 1 
0.71387 1 
-0.70404 1 
-3.79788 1 
-0.600708 1 
-3.66313 1 
-0.867751 1 
-0.793054 1 
1.17833 1 
-1.18221 1 
-1.31507 1 
-1.09706 1 
-1.94955 1 
-3.93263 1 
0.782471 1 
-2.78156 1 
-2.62354 1 
-1.77764 1 
1.04869 1 
3.61936 1 
-2.22639 1 
1.29112 1 
3.04839 1 
2.60212 1 
-3.52838 1 
-1.65589 1 
1.97071 1 
2.78159 1 
2.91716 1 
1.69565 1 
-2.41727 1 
3.17527 1 
3.36559 1 
0.645269 1 
0.0727049 1 
0.28968 1 
0.851071 1 
0.939812 1 
-1.47694 1 
-2.09913 1 
1.36631 1 
-1.58431 1 
2.32291 1 
2.43459 1 
2.14853 1 
ZONE T="boundary2"
4 -0.46828 
4 -0.402002 
4 -0.335723 
4 -0.271897 
4 -0.208071 
4 0.488484 
4 0.671168 
4 -0.700628 
4 -0.600837 
4 1 
4 -0.165168 
4 -0.122265 
4 -0.0793624 
4 -0.800419 
4 -1 
4 0.183611 
4 0.404245 
4 -0.0364596 
4 0.0508433 
4 0.362125 
4 0.320006 
4 0.274541 
4 0.138146 
4 0.229076 
4 0.835584 
4 -0.368863 
4 -0.30381 
4 -0.650733 
4 -0.239984 
4 -0.143716 
4 -0.435141 
4 -0.750523 
4 -0.534559 
4 -0.900209 
4 0.579826 
4 -0.186619 
4 -0.057911 
4 -0.100814 
4 0.00719182 
4 0.446364 
4 0.0944947 
4 0.206344 
4 0.160879 
4 0.753376 
4 0.917792 
4 0.297273 
4 0.251808 
4 0.383185 
4 0.341066 
ZONE T="boundary3"
3.51996 -1 
3.75998 -1 
0.131948 -1 
0.20076 -1 
-0.191462 -1 
-0.260141 -1 
-0.703833 -1 
-0.642156 -1 
-0.0599639 -1 
-0.122782 -1 
-0.423425 -1 
-0.341783 -1 
0.0674013 -1 
0.34777 -1 
0.425969 -1 
-0.996722 -1 
0.504072 -1 
-3.49017 -1 
1.04181 -1 
-2.02698 -1 
-2.81214 -1 
-2.64278 -1 
2.52966 -1 
2.04807 -1 
2.84339 -1 
-1.67613 -1 
-1.58466 -1 
-2.19487 -1 
0.00285434 -1 
0.269571 -1 
-0.532791 -1 
0.582176 -1 
1.13024 -1 
0.953371 -1 
-0.76551 -1 
-4 -1 
-3.83006 -1 
-3.66011 -1 
0.858738 -1 
1.24418 -1 
1.35811 -1 
1.6584 -1 
1.50825 -1 
4 -1 
0.627658 -1 
1.85323 -1 
-3.32022 -1 
-0.881116 -1 
-1.10294 -1 
-1.35117 -1 
-1.20916 -1 
3.33854 -1 
-2.9815 -1 
-1.49318 -1 
-3.15086 -1 
-2.41882 -1 
-1.85909 -1 
3.00025 -1 
3.15711 -1 
2.28886 -1 
0.673141 -1 
0.764106 -1 
3.63997 -1 
0.166354 -1 
-0.225802 -1 
-0.672995 -1 
-0.0913731 -1 
-0.382604 -1 
0.0996748 -1 
0.386869 -1 
-2.72746 -1 
2.68652 -1 
-1.6304 -1 
0.0351278 -1 
0.235165 -1 
-0.0285548 -1 
-0.157122 -1 
0.30867 -1 
-0.300962 -1 
0.543124 -1 
0.46502 -1 
-0.478108 -1 
1.08602 -1 
-0.587474 -1 
-3.91503 -1 
-3.74508 -1 
0.906055 -1 
0.997588 -1 
1.18721 -1 
1.30115 -1 
1.58333 -1 
1.43318 -1 
1.75581 -1 
-3.4052 -1 
-3.57514 -1 
-0.938919 -1 
-1.04983 -1 
-1.28016 -1 
3.87999 -1 
3.42925 -1 
-1.42217 -1 
-3.06618 -1 
-2.89682 -1 
-2.5308 -1 
-2.30685 -1 
-1.94304 -1 
-2.11092 -1 
1.95065 -1 
-1.53892 -1 
3.07868 -1 
3.24783 -1 
2.92182 -1 
2.40926 -1 
2.16846 -1 
0.6504 -1 
0.604917 -1 
0.718623 -1 
0.811422 -1 
-0.734672 -1 
-0.823313 -1 
-1.76761 -1 
-3.23554 -1 
-1.15605 -1 
ZONE T="boundary4"
0.588684 0.345226 
-0.501118 0.121165 
0.578284 0.362879 
-0.558717 -0.0254832 
-0.561606 -0.0438512 
-0.55495 -0.00723889 
-0.550316 0.0108284 
0.612084 0.269839 
0.608121 0.184725 
0.504506 0.436227 
-0.204537 0.384466 
-0.483348 0.147921 
-0.187251 0.393607 
-0.544838 0.0286719 
0.187392 0.502577 
0.209876 0.503825 
0.232442 0.504413 
0.103492 0.492421 
0.0785577 0.487802 
-0.538552 0.0462219 
-0.531505 0.0634218 
-0.517138 0.0932431 
-0.524575 0.0785259 
0.553664 0.394413 
-0.358484 0.281232 
-0.462939 0.17494 
0.125331 0.495874 
0.147304 0.49878 
-0.110542 0.429466 
-0.131462 0.420422 
-0.379532 0.26289 
-0.337513 0.298205 
-0.265928 0.348496 
-0.251251 0.357624 
-0.236412 0.366504 
-0.150725 0.411614 
-0.169778 0.402438 
-0.22056 0.375621 
-0.291238 0.331884 
-0.0893848 0.43807 
0.0538315 0.482515 
0.0284992 0.476373 
0.00341731 0.469569 
-0.0442863 0.454632 
0.566619 0.379181 
-0.39991 0.243771 
-0.0669609 0.446604 
0.601243 0.155943 
0.542204 0.406063 
0.517556 0.426942 
0.596667 0.141494 
0.608887 0.2895 
0.610806 0.20118 
0.418001 0.478055 
0.447333 0.466952 
0.490612 0.445043 
0.317514 0.500037 
0.461967 0.460367 
0.476318 0.453127 
0.530073 0.416957 
0.167302 0.50092 
0.25916 0.504207 
0.383227 0.488162 
0.54365 0.0493793 
0.562754 0.0738695 
0.61353 0.233755 
0.612615 0.217616 
0.591335 0.127222 
0.578575 0.0998701 
0.613528 0.249884 
0.597448 0.326557 
0.604012 0.308317 
-0.020561 0.462389 
0.285924 0.502959 
-0.441763 0.200034 
-0.421223 0.222308 
0.35009 0.495211 
0.532861 0.0378323 
-0.315988 0.314456 
0.585327 0.11339 
0.521393 0.026934 
-0.560271 -0.0346507 
-0.55274 0.00182153 
-0.492441 0.134683 
-0.195916 0.389076 
-0.547681 0.0197816 
0.198627 0.503282 
0.221154 0.504204 
0.0910051 0.490198 
-0.535124 0.0548606 
-0.520924 0.0859191 
0.583684 0.354175 
-0.528113 0.0710072 
-0.47334 0.161582 
0.136305 0.497397 
-0.121028 0.425 
-0.369093 0.27216 
-0.348072 0.28981 
-0.243851 0.362096 
-0.25861 0.353092 
-0.141117 0.416065 
-0.178536 0.398063 
-0.228506 0.371098 
-0.0999891 0.433825 
-0.509366 0.107342 
-0.556942 -0.0163392 
0.066173 0.485242 
-0.212568 0.380078 
0.572625 0.371158 
-0.0782005 0.442401 
0.560295 0.386931 
0.605024 0.170266 
0.511092 0.431673 
0.610712 0.279708 
0.548025 0.40033 
0.609571 0.192938 
0.523884 0.422039 
0.483514 0.449174 
0.157294 0.49991 
0.17734 0.501811 
0.245798 0.504436 
0.497615 0.440726 
0.114398 0.494215 
-0.160276 0.407073 
0.400709 0.483458 
0.536219 0.411603 
0.553572 0.0613521 
0.613182 0.225681 
0.454684 0.463739 
0.594094 0.134327 
0.469183 0.456829 
0.57104 0.086658 
0.611819 0.209389 
0.599046 0.148694 
0.613017 0.259879 
0.613649 0.241821 
0.593287 0.335999 
0.606666 0.298967 
0.600937 0.317515 
-0.0324512 0.458583 
0.272545 0.503717 
-0.00859787 0.466054 
0.0159318 0.473054 
-0.389805 0.253422 
-0.4316 0.211273 
-0.0556501 0.450684 
0.301733 0.501701 
0.0411404 0.47953 
0.333832 0.497863 
0.366712 0.491964 
-0.326816 0.306418 
-0.410661 0.233136 
-0.303687 0.323274 
-0.27865 0.340289 
-0.452504 0.187619 
-0.541795 0.0374825 
0.582046 0.10659 
0.52721 0.0323019 
0.538342 0.0435252 
0.43277 0.47279 
0.588423 0.120268 
ZONE T="boundary5"
-0.243094 -0.57186 
-0.56291 -0.136527 
-0.560598 -0.155108 
-0.557438 -0.173779 
-0.548762 -0.210814 
-0.564738 -0.0808089 
-0.563611 -0.0622978 
-0.564991 -0.099313 
-0.561606 -0.0438512 
-0.564381 -0.117888 
-0.195314 -0.595308 
-0.170166 -0.606034 
-0.22004 -0.583699 
-0.265694 -0.559232 
0.0364826 -0.657409 
-0.0575597 -0.642002 
-0.0869306 -0.634439 
-0.143265 -0.616372 
-0.421929 -0.434459 
-0.435001 -0.419772 
-0.479788 -0.360834 
-0.498677 -0.330378 
-0.515659 -0.298467 
-0.530632 -0.26471 
-0.326237 -0.519695 
-0.344757 -0.505682 
-0.286701 -0.54651 
-0.307231 -0.533082 
-0.408394 -0.448734 
-0.39364 -0.463328 
-0.361826 -0.491839 
-0.378411 -0.477447 
-0.458796 -0.390361 
0.310954 -0.425068 
0.0687956 -0.659266 
0.192103 -0.643447 
0.256961 -0.321408 
0.242681 -0.29381 
0.101113 -0.659028 
0.132903 -0.656412 
0.163484 -0.651224 
0.240647 -0.621291 
0.259948 -0.607873 
0.268745 -0.600459 
0.276989 -0.592548 
0.293281 -0.384854 
0.291921 -0.574953 
0.304113 -0.55549 
0.30897 -0.545393 
0.254255 -0.128207 
0.239554 -0.150044 
0.229847 -0.26052 
0.228534 -0.176315 
0.223278 -0.204604 
0.272082 -0.109479 
0.223997 -0.233016 
0.342134 -0.0662799 
0.306168 -0.0846778 
0.313086 -0.5349 
0.300184 -0.398745 
0.272336 -0.34788 
0.316455 -0.523923 
0.32072 -0.500489 
0.319002 -0.512556 
0.306052 -0.412076 
0.321483 -0.488001 
0.315953 -0.441741 
0.319313 -0.457843 
0.321109 -0.47321 
0.375114 -0.0524983 
0.406644 -0.0399173 
0.218006 -0.633311 
0.468098 -0.0109543 
0.438035 -0.0263394 
-0.115988 -0.625712 
-0.0268482 -0.648547 
0.00406027 -0.653684 
0.521393 0.026934 
0.496076 0.00675959 
-0.553488 -0.192318 
-0.543338 -0.229108 
-0.559119 -0.164461 
-0.564284 -0.0715475 
-0.564973 -0.0900603 
-0.563751 -0.127217 
-0.561857 -0.145831 
-0.564794 -0.108605 
-0.182788 -0.600782 
-0.23162 -0.57788 
-0.20773 -0.589614 
-0.072282 -0.638369 
-0.428524 -0.427167 
-0.489476 -0.345758 
-0.523459 -0.28173 
-0.335558 -0.512768 
-0.297025 -0.539885 
-0.401076 -0.456091 
-0.370179 -0.484712 
-0.415217 -0.441649 
-0.353349 -0.49883 
-0.447129 -0.405252 
0.0526345 -0.658582 
0.249575 -0.307762 
0.117049 -0.658037 
0.177912 -0.647699 
0.264406 -0.604235 
0.272932 -0.596571 
0.306634 -0.55049 
0.246419 -0.138785 
0.225144 -0.190312 
0.226354 -0.246896 
0.323884 -0.0749614 
0.311126 -0.540189 
0.296812 -0.391774 
0.262808 -0.11849 
0.264586 -0.334711 
0.283087 -0.366297 
0.314875 -0.529449 
0.319981 -0.506547 
-0.386083 -0.470449 
0.317814 -0.449772 
0.321227 -0.494261 
0.303207 -0.405384 
0.3086 -0.418547 
0.321466 -0.480615 
0.320386 -0.465521 
0.358543 -0.0592203 
0.390878 -0.0462441 
-0.562718 -0.0530633 
0.313631 -0.43337 
0.317838 -0.51827 
0.284763 -0.584012 
0.453211 -0.018952 
-0.254452 -0.565646 
-0.316791 -0.526468 
-0.276253 -0.552961 
0.233357 -0.162883 
0.222924 -0.218826 
-0.101501 -0.630219 
-0.12967 -0.621168 
0.205214 -0.638735 
-0.0422371 -0.645443 
-0.156764 -0.611327 
0.0202533 -0.655766 
-0.0114198 -0.651297 
-0.50744 -0.314569 
0.422406 -0.0333251 
0.288518 -0.0962302 
0.298373 -0.565452 
0.148271 -0.654166 
0.229516 -0.627628 
0.250508 -0.614868 
0.509024 0.0164868 
0.482311 -0.00245386 
0.235658 -0.27742 
-0.555559 -0.18307 
-0.53731 -0.247029 
-0.551215 -0.20159 
-0.546134 -0.219987 
-0.469521 -0.37576 
0.0849687 -0.659428 
