ZONE T="boundary0"
-4 -0.364275 
-4 -0.420164 
-4 0.0149554 
-4 -0.289704 
-4 -0.124702 
-4 -0.220469 
-4 1 
-4 -0.476052 
-4 -0.570563 
-4 -1 
-4 -0.665075 
-4 0.536724 
-4 0.652543 
-4 -0.0548732 
-4 0.141695 
-4 0.447351 
-4 0.357979 
-4 0.768362 
-4 0.21774 
-4 0.322919 
-4 0.287859 
-4 0.252799 
-4 0.116347 
-4 0.167043 
-4 -0.39222 
-4 -0.172585 
-4 -0.448108 
-4 -0.832537 
-4 0.594633 
-4 -0.255087 
-4 -0.32699 
-4 -0.0897875 
-4 -0.617819 
-4 -0.523308 
-4 0.492038 
-4 0.710452 
-4 0.884181 
-4 -0.0199589 
-4 0.305389 
-4 0.402665 
-4 0.23527 
-4 0.0656514 
-4 0.192392 
-4 0.129021 
-4 0.340449 
-4 0.270329 
-4 0.154369 
ZONE T="boundary1"
-2.66335 1 
-2.80216 1 
-2.94096 1 
1.19048 1 
1.07324 1 
1.45373 1 
1.61512 1 
-0.432579 1 
-0.476253 1 
-3.73845 1 
-4 1 
0.212993 1 
-0.136235 1 
-1.33214 1 
4 1 
1.93428 1 
2.08455 1 
3.3373 1 
3.54527 1 
-1.59634 1 
-1.41335 1 
-1.23496 1 
2.9989 1 
2.23482 1 
-2.11204 1 
-2.32237 1 
2.80127 1 
1.7747 1 
-3.20893 1 
2.60364 1 
-0.23391 1 
0.34323 1 
0.0827558 1 
0.841308 1 
0.429412 1 
0.0220977 1 
-0.0385605 1 
0.147874 1 
0.621109 1 
0.515594 1 
-0.388905 1 
-0.0873979 1 
-0.655599 1 
-0.5636 1 
-0.747599 1 
-1.13779 1 
-1.03563 1 
-0.840533 1 
-1.49455 1 
-1.69813 1 
1.2563 1 
-3.4769 1 
-1.90171 1 
1.32211 1 
3.75325 1 
-0.311408 1 
-0.887 1 
-0.933467 1 
0.955993 1 
0.726624 1 
-3.34292 1 
-2.87156 1 
1.13186 1 
1.53442 1 
-0.454416 1 
-3.86923 1 
2.00942 1 
3.44128 1 
-1.28355 1 
3.1681 1 
-2.2172 1 
1.69491 1 
2.41923 1 
0.278112 1 
0.386321 1 
-0.00823141 1 
0.115315 1 
0.568351 1 
0.472503 1 
-0.519926 1 
-1.08671 1 
-1.45395 1 
-1.18638 1 
-1.64724 1 
-1.37274 1 
-3.60768 1 
-1.79992 1 
-2.00687 1 
-3.07495 1 
2.90008 1 
-2.49286 1 
2.70246 1 
1.85449 1 
3.87662 1 
3.64926 1 
-0.6096 1 
-0.185073 1 
0.180434 1 
0.0524267 1 
-0.272659 1 
-0.111817 1 
-0.0629792 1 
-0.350156 1 
-0.410742 1 
-0.794066 1 
-0.910233 1 
-0.863766 1 
-0.984547 1 
1.01462 1 
-0.701599 1 
0.783966 1 
2.15969 1 
0.89865 1 
0.673866 1 
1.22339 1 
1.38792 1 
1.2892 1 
-1.54545 1 
-3.27593 1 
-3.40991 1 
-2.73275 1 
ZONE T="boundary2"
4 -0.677432 
4 -0.838716 
4 0.369772 
4 0.806542 
4 0.429874 
4 -0.445125 
4 0.0784928 
4 1 
4 -0.0248649 
4 -0.0765438 
4 -1 
4 0.309671 
4 0.142709 
4 0.206925 
4 0.258298 
4 0.521479 
4 0.613085 
4 -0.200322 
4 -0.272421 
4 -0.315597 
4 -0.561278 
4 -0.128223 
4 -0.358773 
4 -0.758074 
4 0.903271 
4 -0.0507044 
4 0.232611 
4 0.174817 
4 0.110601 
4 0.026814 
4 0.399823 
4 0.475677 
4 0.339721 
4 0.567282 
4 -0.294009 
4 -0.503202 
4 -0.619355 
4 -0.919358 
4 -0.164272 
4 0.283984 
4 -0.236372 
4 -0.337185 
4 0.709814 
4 -0.102383 
4 -0.401949 
ZONE T="boundary3"
-1.51786 -1 
-1.73235 -1 
-0.0392469 -1 
-4 -1 
-3.65968 -1 
-0.32395 -1 
1.50072 -1 
-3.00063 -1 
-2.84883 -1 
-3.48952 -1 
0.807219 -1 
4 -1 
3.65355 -1 
-3.31936 -1 
3.48032 -1 
-2.69702 -1 
-2.53374 -1 
-1.94683 -1 
-2.15864 -1 
2.53797 -1 
3.3071 -1 
2.77819 -1 
3.04264 -1 
0.601341 -1 
0.701832 -1 
0.500849 -1 
0.117389 -1 
0.189674 -1 
-0.123598 -1 
0.0451046 -1 
0.322404 -1 
-0.223774 -1 
-0.173686 -1 
0.912606 -1 
-0.273862 -1 
1.26483 -1 
1.3887 -1 
1.14095 -1 
1.02678 -1 
-0.641848 -1 
-0.560647 -1 
-0.98622 -1 
-1.08699 -1 
-0.885449 -1 
-0.935834 -1 
1.61275 -1 
1.75689 -1 
1.90104 -1 
2.29774 -1 
2.09939 -1 
-1.31941 -1 
-2.37045 -1 
-1.2032 -1 
2.65808 -1 
0.256039 -1 
-0.804248 -1 
-0.723048 -1 
-0.682448 -1 
-0.442298 -1 
-1.6251 -1 
-3.82984 -1 
-2.92473 -1 
-3.5746 -1 
3.82677 -1 
3.56694 -1 
-2.61538 -1 
-2.05274 -1 
2.91042 -1 
0.651586 -1 
0.153531 -1 
-0.0814227 -1 
0.411627 -1 
0.0812469 -1 
-0.148642 -1 
0.551095 -1 
0.859912 -1 
-0.248818 -1 
0.754525 -1 
1.32676 -1 
1.08387 -1 
-0.601247 -1 
0.969693 -1 
-1.03661 -1 
-0.910642 -1 
1.44471 -1 
1.82896 -1 
-3.40444 -1 
2.19857 -1 
-3.16 -1 
-1.41864 -1 
3.39371 -1 
3.17487 -1 
-2.4521 -1 
-2.26455 -1 
-2.77293 -1 
-1.83959 -1 
2.00021 -1 
-0.19873 -1 
0.00292877 -1 
0.222856 -1 
0.289221 -1 
-0.298906 -1 
1.20289 -1 
-0.763648 -1 
-0.961027 -1 
-0.662148 -1 
-0.501473 -1 
-0.383124 -1 
-1.1451 -1 
1.55673 -1 
1.68482 -1 
-1.26131 -1 
-0.844849 -1 
-0.702748 -1 
2.41786 -1 
2.71814 -1 
2.59802 -1 
ZONE T="boundary4"
0.549065 0.235338 
0.559778 0.224578 
-0.601362 0.23952 
-0.636607 0.0212726 
-0.638878 0.0458224 
-0.592766 0.256218 
-0.292544 0.411832 
-0.626701 0.170993 
-0.216607 0.403003 
-0.190916 0.398648 
-0.63966 0.0706505 
-0.638887 0.0956994 
-0.636499 0.120856 
-0.632448 0.145992 
-0.619264 0.195665 
-0.610941 0.217978 
0.644016 0.0614289 
-0.583352 0.272292 
-0.570617 0.291155 
-0.544438 0.322454 
-0.556656 0.308902 
0.0598485 0.362677 
0.0893008 0.360745 
-0.502399 0.35871 
-0.517287 0.347443 
-0.53151 0.335144 
0.641556 0.0752558 
-0.470791 0.378072 
-0.452819 0.386725 
0.634431 0.102599 
-0.027475 0.37125 
-0.0555032 0.375082 
-0.390389 0.406155 
-0.412595 0.400946 
-0.083611 0.379437 
0.645544 -0.00899583 
0.646769 0.0333085 
0.645761 0.0473828 
0.00145725 0.367862 
-0.434376 0.394069 
-0.267468 0.409822 
-0.366327 0.40996 
-0.341977 0.412073 
-0.164528 0.393864 
-0.138076 0.388981 
-0.242243 0.40682 
0.11956 0.359067 
0.578949 0.202915 
-0.31734 0.412642 
-0.110844 0.384067 
0.432061 0.310892 
0.461676 0.297392 
0.338298 0.338538 
0.401756 0.32202 
0.596583 0.179374 
0.537933 0.245649 
0.514839 0.26451 
-0.486865 0.36894 
0.0302366 0.365049 
0.306408 0.344166 
0.180575 0.35593 
0.211386 0.354062 
0.149668 0.357542 
0.611569 0.155199 
0.638354 0.0890155 
0.62437 0.129388 
0.647057 0.0192049 
0.242922 0.35164 
0.274429 0.348455 
0.370186 0.331243 
0.488798 0.28222 
0.554473 0.230014 
-0.637927 0.0335335 
-0.203757 0.400876 
-0.639471 0.0831853 
-0.634679 0.133462 
-0.629782 0.158545 
-0.615273 0.206889 
-0.597172 0.247928 
-0.577151 0.281841 
-0.58817 0.264323 
-0.606316 0.228826 
-0.563797 0.30016 
0.0745777 0.361665 
-0.550649 0.315772 
-0.509935 0.353198 
-0.524498 0.341409 
0.642876 0.0683578 
-0.461883 0.382556 
-0.0414872 0.373099 
-0.401548 0.403753 
-0.0695591 0.3772 
0.646356 0.0403517 
-0.423558 0.397716 
-0.280006 0.410963 
-0.354182 0.411219 
-0.151301 0.39142 
-0.229419 0.404992 
-0.443664 0.390555 
-0.53807 0.328899 
0.104435 0.359876 
0.569572 0.213936 
-0.25485 0.408428 
-0.623187 0.183396 
-0.304947 0.412398 
-0.0972292 0.381708 
0.446999 0.304442 
-0.63946 0.058234 
0.417001 0.316728 
-0.177717 0.39628 
0.526582 0.255325 
-0.494717 0.363952 
0.0158494 0.366388 
0.0450474 0.363802 
-0.637895 0.108301 
0.195983 0.355042 
0.644981 0.0544167 
0.640045 0.0821561 
0.636481 0.0958321 
0.629747 0.116121 
0.64664 0.0050859 
0.647002 0.0262582 
0.618289 0.142449 
0.60435 0.167455 
0.134617 0.358298 
0.165124 0.356755 
-0.12446 0.386498 
-0.0130095 0.369484 
0.227157 0.352931 
0.290433 0.346459 
0.354285 0.33511 
0.258682 0.350159 
0.386037 0.326886 
-0.478904 0.373637 
-0.378403 0.408276 
-0.329674 0.412542 
0.588018 0.191334 
0.543552 0.24055 
0.475393 0.290093 
0.322378 0.341535 
0.502015 0.27366 
ZONE T="boundary5"
0.443662 -0.399051 
-0.594754 -0.118696 
-0.42133 -0.331993 
-0.4389 -0.317532 
0.562892 -0.237168 
0.552534 -0.257772 
-0.526713 -0.226026 
-0.570942 -0.162538 
-0.557317 -0.18396 
-0.636607 0.0212726 
-0.61379 -0.0734874 
-0.621456 -0.0503417 
-0.63291 -0.00295511 
-0.627841 -0.0268371 
-0.583426 -0.140795 
-0.473699 -0.285613 
-0.344317 -0.385468 
-0.0875435 -0.487641 
-0.253118 -0.433021 
-0.278263 -0.421339 
-0.403293 -0.345866 
-0.300988 -0.409886 
-0.323341 -0.397733 
-0.0589171 -0.493576 
-0.364901 -0.372555 
-0.115965 -0.480777 
-0.144387 -0.472923 
-0.227601 -0.443878 
-0.200238 -0.454467 
-0.172533 -0.464136 
-0.492488 -0.266183 
-0.542596 -0.205069 
-0.510061 -0.246362 
-0.384308 -0.359515 
-0.456599 -0.301894 
0.537952 -0.284459 
0.634948 -0.0648801 
0.641417 -0.0370646 
0.645544 -0.00899583 
0.630932 -0.0787024 
0.626453 -0.0924715 
0.6163 -0.119882 
0.604776 -0.147461 
0.0856954 -0.508769 
0.0565374 -0.507722 
-0.604882 -0.0962654 
-0.0302321 -0.498554 
0.0275303 -0.505651 
-0.00141168 -0.502585 
0.144104 -0.507586 
0.11484 -0.508743 
0.202321 -0.501631 
0.173258 -0.50524 
0.259936 -0.490286 
0.288332 -0.482363 
0.343527 -0.461639 
0.316177 -0.472862 
0.39565 -0.433992 
0.370136 -0.448658 
0.420269 -0.417421 
0.57294 -0.216403 
0.522057 -0.31013 
0.231236 -0.496677 
0.643795 -0.0230352 
0.592494 -0.174797 
0.582801 -0.195616 
0.504661 -0.334624 
0.46544 -0.37918 
0.485913 -0.357534 
-0.430176 -0.324836 
0.557768 -0.247498 
-0.564247 -0.173323 
-0.617779 -0.0619644 
-0.634936 0.00913451 
-0.624811 -0.0386315 
-0.265739 -0.427283 
-0.28967 -0.4157 
-0.333877 -0.391681 
-0.35466 -0.379092 
-0.130208 -0.476967 
-0.213965 -0.449288 
-0.186426 -0.459417 
-0.483202 -0.276002 
-0.550065 -0.19459 
-0.518482 -0.236272 
-0.393855 -0.352767 
-0.447821 -0.309793 
-0.412367 -0.339002 
-0.101782 -0.484325 
-0.073254 -0.490725 
-0.630546 -0.0149297 
0.63845 -0.051033 
-0.589225 -0.129814 
-0.465227 -0.293834 
0.632998 -0.0718076 
0.610655 -0.133717 
-0.534755 -0.215624 
0.0711136 -0.508377 
-0.59996 -0.107544 
0.0130477 -0.50424 
-0.0445941 -0.496183 
0.12948 -0.50831 
0.158695 -0.506566 
0.5454 -0.271207 
-0.374655 -0.366111 
0.32994 -0.467465 
0.27419 -0.486519 
0.383018 -0.441546 
0.567942 -0.226797 
0.432133 -0.408454 
0.408107 -0.42593 
0.530193 -0.297418 
0.21681 -0.499326 
-0.240404 -0.438553 
0.642681 -0.0300624 
-0.501377 -0.256363 
0.598704 -0.161156 
-0.312212 -0.403897 
0.58767 -0.185215 
0.577888 -0.206016 
-0.577311 -0.151738 
0.628744 -0.0856031 
-0.609485 -0.0849331 
0.621544 -0.106235 
0.644748 -0.0160255 
0.10027 -0.508893 
0.245629 -0.493664 
0.513559 -0.322526 
-0.0158374 -0.500689 
-0.158497 -0.468645 
0.0420265 -0.506812 
0.302325 -0.477816 
0.187812 -0.503597 
0.356939 -0.455369 
0.454731 -0.389319 
0.495484 -0.346247 
0.475871 -0.368548 
