ZONE T="boundary0"
-4 -0.282516 
-4 -0.260204 
-4 0.238821 
-4 0.641388 
-4 0.52185 
-4 0.307061 
-4 0.179037 
-4 -0.091537 
-4 -0.193267 
-4 -0.00199907 
-4 0.760925 
-4 1 
-4 -1 
-4 0.133288 
-4 0.0875389 
-4 0.452804 
-4 0.383758 
-4 -0.142402 
-4 -0.237892 
-4 -0.668048 
-4 -0.476975 
-4 -0.834024 
-4 -0.331131 
-4 -0.379746 
-4 -0.27136 
-4 0.581619 
-4 -0.0467681 
-4 0.880463 
-4 0.208929 
-4 0.110414 
-4 0.272941 
-4 0.345409 
-4 0.418281 
-4 0.487327 
-4 0.0427699 
-4 0.701156 
-4 -0.11697 
-4 -0.21558 
-4 -0.167835 
-4 -0.572511 
-4 -0.917012 
-4 -0.355438 
-4 -0.42836 
-4 0.156163 
-4 -0.751036 
-4 -0.249048 
-4 -0.306824 
ZONE T="boundary1"
0.371894 1 
0.41996 1 
-1.05449 1 
4 1 
-0.103645 1 
-0.0163742 1 
2.98495 1 
-0.447684 1 
1.30854 1 
1.21318 1 
-4 1 
-1.31507 1 
-3.03153 1 
-3.20249 1 
-3.46101 1 
-3.71953 1 
3.67584 1 
-2.03551 1 
-2.29002 1 
1.40391 1 
1.7929 1 
3.35168 1 
3.10719 1 
2.56489 1 
0.516093 1 
0.610969 1 
0.187235 1 
0.255532 1 
0.0345281 1 
0.705845 1 
0.136333 1 
-0.181359 1 
-0.259074 1 
-0.353379 1 
0.0854305 1 
-0.650399 1 
-0.549042 1 
0.849466 1 
0.323828 1 
1.10313 1 
-0.861013 1 
-0.755706 1 
0.993088 1 
-1.22478 1 
-2.54453 1 
-2.70255 1 
-3.33175 1 
1.5984 1 
-1.13963 1 
-1.69168 1 
-1.86359 1 
-1.40536 1 
-1.54852 1 
2.26707 1 
2.02999 1 
-2.86057 1 
2.86271 1 
2.7138 1 
0.777656 1 
0.395927 1 
-0.0600097 1 
1.26086 1 
-3.11701 1 
-3.59027 1 
-2.16276 1 
3.22943 1 
0.468026 1 
0.563531 1 
0.00907695 1 
0.658407 1 
-0.142502 1 
-0.220216 1 
-0.400532 1 
-0.306226 1 
-0.59972 1 
0.347861 1 
3.51376 1 
1.15816 1 
0.921277 1 
3.83792 1 
-0.498363 1 
-2.62354 1 
-3.39638 1 
1.35622 1 
1.69565 1 
1.50115 1 
-0.957752 1 
-1.09706 1 
-1.94955 1 
-1.36021 1 
-1.47694 1 
-1.26992 1 
-1.6201 1 
-1.77764 1 
2.14853 1 
-2.41727 1 
2.41598 1 
-3.85977 1 
-2.94605 1 
-2.78156 1 
2.92383 1 
3.04607 1 
2.78825 1 
-3.26712 1 
2.63934 1 
0.28968 1 
0.110882 1 
0.161784 1 
0.0599793 1 
0.813561 1 
0.74175 1 
0.221383 1 
1.04811 1 
-0.703052 1 
-0.808359 1 
-1.18221 1 
1.91144 1 
ZONE T="boundary2"
4 -0.467783 
4 -0.335723 
4 0.192312 
4 0.246478 
4 0.367708 
4 -1 
4 -0.733892 
4 0.41541 
4 0.780779 
4 1 
4 -0.122265 
4 -0.600837 
4 0.283242 
4 0.320006 
4 0.488484 
4 0.561558 
4 0.0508433 
4 0.138146 
4 0.671168 
4 -0.271897 
4 -0.208071 
4 -0.0364596 
4 -0.401753 
4 0.219395 
4 -0.866946 
4 0.890389 
4 -0.53431 
4 0.301624 
4 0.391559 
4 0.343857 
4 0.451947 
4 0.525021 
4 0.0944947 
4 0.616363 
4 0.725973 
4 -0.239984 
4 -0.667365 
4 0.26486 
4 0.165229 
4 0.00719182 
4 -0.30381 
4 -0.165168 
4 -0.0793624 
ZONE T="boundary3"
-3.66011 -1 
-3.83006 -1 
-1.67262 -1 
-1.85909 -1 
2.55556 -1 
4 -1 
-0.122782 -1 
-0.0580693 -1 
0.425969 -1 
0.651438 -1 
0.876774 -1 
-0.187495 -1 
-0.260141 -1 
0.953371 -1 
1.02997 -1 
1.35811 -1 
-2.9815 -1 
-3.32022 -1 
1.6584 -1 
2.26505 -1 
3.51996 -1 
3.75998 -1 
-4 -1 
-2.64278 -1 
-2.34417 -1 
-2.04556 -1 
2.79427 -1 
3.19646 -1 
2.04807 -1 
0.512914 -1 
0.269571 -1 
0.063778 -1 
0.131948 -1 
0.00285434 -1 
0.200119 -1 
0.339023 -1 
0.582176 -1 
0.767619 -1 
-0.332787 -1 
-0.378106 -1 
-0.514063 -1 
-0.423425 -1 
1.13024 -1 
-0.642156 -1 
1.48571 -1 
1.23051 -1 
-0.888864 -1 
-0.770249 -1 
-1.10458 -1 
-1.00748 -1 
-1.42579 -1 
-1.31374 -1 
-1.20168 -1 
1.83108 -1 
-3.49017 -1 
-3.74508 -1 
-1.76586 -1 
-0.0904258 -1 
-0.223818 -1 
0.991669 -1 
-3.15086 -1 
3.63997 -1 
-3.91503 -1 
2.99537 -1 
3.35821 -1 
0.0978631 -1 
0.0333161 -1 
0.166033 -1 
0.382496 -1 
0.469441 -1 
0.547545 -1 
-0.0276075 -1 
0.616807 -1 
0.709528 -1 
0.234845 -1 
0.822196 -1 
-0.355447 -1 
-0.468744 -1 
-0.155139 -1 
-0.296464 -1 
1.42191 -1 
1.0801 -1 
1.29431 -1 
1.18038 -1 
0.915072 -1 
-1.05603 -1 
-1.36976 -1 
-0.57811 -1 
1.74474 -1 
-1.5492 -1 
1.57205 -1 
-1.95233 -1 
1.93957 -1 
-3.57514 -1 
-2.19487 -1 
2.67491 -1 
2.41031 -1 
3.87999 -1 
-2.81214 -1 
2.15656 -1 
-0.400766 -1 
0.304297 -1 
-0.706203 -1 
-0.829556 -1 
-0.948171 -1 
-2.49348 -1 
-1.25771 -1 
-1.15313 -1 
-3.4052 -1 
ZONE T="boundary4"
0.202092 0.475351 
0.180684 0.474379 
-0.169721 0.381617 
-0.187486 0.373473 
0.55535 0.327266 
0.563945 0.310715 
-0.297087 0.315834 
-0.550733 0.066471 
-0.454882 0.197055 
-0.432195 0.218092 
-0.569851 0.0144666 
-0.543496 0.081273 
-0.535667 0.0956215 
0.580151 0.260534 
-0.131038 0.398274 
-0.150464 0.390094 
0.100126 0.46538 
0.121153 0.468509 
-0.580298 -0.0400558 
-0.577813 -0.0217124 
0.570671 0.294584 
-0.564398 0.0321774 
-0.558009 0.0495329 
-0.51865 0.122621 
0.500701 0.391717 
-0.509337 0.135627 
0.576055 0.277945 
-0.488874 0.161119 
-0.499627 0.148186 
-0.477688 0.173674 
-0.0889228 0.414716 
-0.110081 0.406678 
-0.527415 0.109321 
-0.320631 0.301479 
-0.282775 0.324165 
-0.268354 0.332287 
-0.253146 0.340577 
-0.205111 0.365081 
-0.237827 0.348661 
-0.0441692 0.430204 
-0.0208141 0.437454 
0.545428 0.342974 
0.0520004 0.45625 
0.00277896 0.444183 
0.0272692 0.450524 
0.075963 0.461133 
0.582885 0.242804 
-0.221529 0.35698 
0.534483 0.357554 
0.464448 0.417591 
0.477209 0.409416 
0.161453 0.47298 
0.489197 0.40086 
0.579964 0.158664 
0.583519 0.184511 
0.424613 0.438179 
0.451307 0.425139 
0.584694 0.213992 
0.365247 0.458643 
-0.574328 -0.00351602 
0.142306 0.471111 
0.223569 0.475683 
0.274151 0.473718 
0.511868 0.381801 
0.522451 0.371257 
0.525207 0.0398781 
0.577233 0.145672 
0.573867 0.132817 
0.554469 0.0843457 
0.565386 0.108092 
0.584483 0.19927 
-0.066659 0.42268 
0.24885 0.475202 
0.303858 0.470588 
-0.386804 0.255577 
-0.343793 0.286447 
-0.365525 0.271376 
0.334359 0.465653 
0.39751 0.448805 
0.541034 0.0615292 
-0.409798 0.23726 
0.41116 0.443751 
0.191382 0.474943 
-0.17862 0.377577 
0.559825 0.319083 
-0.443653 0.207701 
-0.53966 0.0884897 
-0.14077 0.394223 
0.110627 0.467009 
-0.57918 -0.0308687 
-0.56132 0.0408969 
-0.554482 0.0580487 
-0.567245 0.023358 
-0.547199 0.0739128 
0.573534 0.28632 
-0.494307 0.1547 
-0.504538 0.14195 
-0.514055 0.129168 
-0.483332 0.167443 
-0.0995235 0.410745 
-0.289946 0.320026 
-0.196314 0.369308 
-0.2455 0.344645 
-0.308905 0.308735 
-0.120581 0.402522 
-0.0325158 0.433894 
0.015 0.44743 
0.0639617 0.45877 
-0.160111 0.385893 
0.581683 0.251695 
-0.466448 0.185527 
0.470879 0.413583 
-0.531612 0.102514 
0.171062 0.47374 
0.540098 0.350372 
-0.260765 0.336458 
0.582041 0.171553 
-0.229693 0.352848 
-0.523098 0.116014 
0.438098 0.431946 
-0.275579 0.328251 
0.495009 0.396365 
0.483257 0.405214 
-0.576196 -0.0125918 
0.131718 0.469878 
0.212827 0.475599 
0.151872 0.472103 
-0.572213 0.0055046 
0.57828 0.269281 
0.517235 0.376609 
0.088026 0.463339 
0.57563 0.139227 
0.56023 0.0960856 
0.584096 0.191887 
0.584682 0.206632 
0.584167 0.228427 
0.567473 0.302719 
-0.213334 0.361058 
-0.0778142 0.418753 
0.236208 0.475563 
-0.00904141 0.440887 
0.261505 0.47459 
0.289021 0.472347 
0.0396116 0.453468 
-0.354717 0.278998 
0.319141 0.468346 
0.569937 0.120355 
-0.0554375 0.426501 
-0.376227 0.263565 
0.550552 0.335224 
0.578677 0.152152 
0.506356 0.386836 
0.533384 0.0505152 
0.548042 0.0727717 
0.528595 0.364519 
-0.42108 0.227779 
-0.398378 0.246522 
-0.332267 0.29405 
0.417912 0.441031 
0.349858 0.462406 
0.381472 0.454044 
0.404359 0.446341 
0.457921 0.421443 
ZONE T="boundary5"
-0.390766 -0.452225 
-0.405874 -0.438622 
0.340219 -0.293047 
0.325172 -0.218037 
-0.546351 -0.242105 
-0.502857 -0.323971 
-0.538636 -0.259531 
-0.58229 -0.0769894 
-0.58183 -0.0954724 
-0.581786 -0.0584897 
-0.574832 -0.151082 
-0.570684 -0.169633 
-0.565711 -0.18802 
0.375742 -0.451736 
-0.580421 -0.114012 
-0.578076 -0.132589 
-0.25794 -0.543089 
-0.235476 -0.554515 
-0.211476 -0.565723 
-0.0482412 -0.618907 
-0.0179431 -0.62484 
0.0132596 -0.62969 
0.0456743 -0.633319 
-0.18708 -0.576129 
-0.161074 -0.586199 
-0.134712 -0.595391 
-0.434068 -0.410772 
-0.447162 -0.396582 
-0.521697 -0.292723 
-0.459518 -0.382343 
-0.339317 -0.49287 
-0.357535 -0.479393 
-0.559927 -0.206338 
-0.300533 -0.518675 
-0.320642 -0.505758 
-0.553437 -0.224413 
-0.420535 -0.424569 
-0.374378 -0.466067 
-0.580298 -0.0400558 
0.368411 -0.379062 
0.331858 -0.264369 
0.349821 -0.320885 
0.110732 -0.635796 
0.0780963 -0.635409 
0.143163 -0.634244 
0.174827 -0.630558 
0.281018 -0.595196 
0.258556 -0.606662 
0.301744 -0.581672 
0.291588 -0.588709 
0.376266 -0.435679 
0.320939 -0.565657 
0.345068 -0.537822 
0.337814 -0.547439 
0.330923 -0.170759 
0.3263 -0.194149 
0.338327 -0.149792 
0.357581 -0.517062 
0.351657 -0.527716 
0.362758 -0.505937 
0.327251 -0.241483 
0.369765 -0.100667 
0.37088 -0.481715 
0.36725 -0.494059 
0.375429 -0.419048 
0.373927 -0.467028 
0.373879 -0.406099 
0.348373 -0.13013 
0.364536 -0.364908 
0.357537 -0.34297 
0.371547 -0.392832 
0.441573 -0.0371394 
0.418327 -0.0553797 
0.233182 -0.616585 
0.205073 -0.624644 
0.525207 0.0398781 
0.507038 0.0193238 
0.394505 -0.0755643 
-0.482203 -0.353671 
0.486756 -0.000186648 
-0.279977 -0.530931 
0.464726 -0.0188821 
-0.0783015 -0.611847 
-0.106658 -0.604108 
-0.398374 -0.445481 
-0.542572 -0.250854 
-0.582179 -0.0862352 
-0.58216 -0.0677375 
-0.572864 -0.160382 
-0.568296 -0.178854 
-0.579362 -0.123316 
-0.581242 -0.104752 
-0.246757 -0.548894 
-0.223526 -0.56022 
-0.0331196 -0.622017 
0.0294498 -0.631687 
-0.174122 -0.581275 
-0.147933 -0.590905 
-0.44067 -0.403727 
-0.530471 -0.276282 
-0.348483 -0.486206 
-0.562911 -0.197209 
-0.310644 -0.5123 
-0.41326 -0.431652 
-0.382629 -0.459211 
-0.576563 -0.141856 
-0.427354 -0.417721 
-0.36601 -0.472796 
-0.549972 -0.233291 
-0.556767 -0.215407 
0.335781 -0.278801 
0.0944182 -0.63583 
0.126968 -0.635278 
0.159039 -0.632688 
0.26994 -0.60121 
0.296717 -0.585262 
0.376174 -0.443726 
0.311591 -0.57396 
0.341522 -0.542693 
0.328174 -0.182359 
0.334271 -0.160129 
0.354713 -0.522445 
0.325845 -0.22979 
0.329287 -0.252988 
0.348449 -0.532828 
0.286348 -0.592023 
0.36918 -0.487927 
0.374998 -0.459412 
0.365114 -0.500045 
0.374747 -0.412571 
0.343033 -0.139807 
0.361154 -0.35392 
0.366546 -0.371975 
0.353722 -0.331932 
0.376016 -0.427369 
0.372561 -0.474414 
0.372802 -0.399459 
0.35843 -0.114898 
0.429917 -0.0462098 
-0.581166 -0.0492642 
0.219229 -0.620929 
0.516348 0.0294017 
0.381768 -0.0877276 
0.360269 -0.51155 
-0.492764 -0.338982 
-0.471079 -0.368177 
0.370062 -0.385937 
-0.453395 -0.389509 
0.497075 0.0093835 
-0.269012 -0.537102 
0.325304 -0.206073 
-0.330033 -0.499389 
0.344943 -0.307019 
-0.290307 -0.524887 
0.453197 -0.0280686 
-0.0633041 -0.615516 
-0.0925141 -0.608101 
0.190022 -0.627909 
-0.199323 -0.571027 
-0.512542 -0.308505 
0.475858 -0.00967517 
-0.00236455 -0.627423 
-0.120724 -0.599871 
0.406272 -0.0652863 
0.245998 -0.611927 
0.329679 -0.55683 
0.0618774 -0.634564 
