ZONE T="boundary0"
-4 -1 
-4 -0.360878 
-4 0.312463 
-4 0.249557 
-4 0.361582 
-4 0.186663 
-4 0.0923401 
-4 0.139502 
-4 0.0259291 
-4 -0.0975828 
-4 -0.431597 
-4 -0.502316 
-4 -0.213926 
-4 -0.0404819 
-4 -0.154684 
-4 -0.243547 
-4 -0.273167 
-4 -0.317023 
-4 0.832053 
-4 0.410701 
-4 0.474052 
-4 -0.684124 
-4 0.664106 
-4 0.537403 
-4 1 
-4 0.28101 
-4 0.337023 
-4 0.21811 
-4 0.115921 
-4 -0.466957 
-4 0.163082 
-4 -0.00727643 
-4 0.0591346 
-4 -0.258357 
-4 -0.295095 
-4 0.442377 
-4 -0.59322 
-4 0.600755 
-4 0.916026 
-4 0.748079 
-4 -0.842062 
-4 -0.184305 
-4 -0.0690323 
-4 -0.126133 
-4 -0.228736 
-4 -0.338951 
-4 -0.396238 
-4 0.386142 
-4 0.505728 
ZONE T="boundary1"
1.70205 1 
1.87794 1 
1.3246 1 
-0.164938 1 
-0.231492 1 
-1.51901 1 
1.44299 1 
0.220976 1 
0.156975 1 
0.0279467 1 
0.0929744 1 
-0.991662 1 
-0.10101 1 
-0.037081 1 
-0.375319 1 
-2.88073 1 
-3.1666 1 
0.564841 1 
2.68143 1 
-1.19825 1 
-3.64643 1 
-3.40652 1 
-1.30129 1 
1.09708 1 
1.20622 1 
3.59789 1 
3.44578 1 
-1.80421 1 
-2.59485 1 
2.88239 1 
3.02324 1 
4 1 
3.75 1 
2.26714 1 
2.05382 1 
-0.298046 1 
0.469332 1 
-0.452592 1 
0.373823 1 
0.771086 1 
-0.557029 1 
-0.661465 1 
0.879518 1 
0.933734 1 
-4 1 
-0.888112 1 
-0.774789 1 
-1.09521 1 
-1.41015 1 
-1.66161 1 
-1.99352 1 
-2.18284 1 
-2.38884 1 
2.48047 1 
3.16408 1 
0.98795 1 
0.825302 1 
0.297399 1 
1.78999 1 
-0.198215 1 
0.0604605 1 
-0.0690453 1 
-3.02366 1 
-3.52647 1 
1.15165 1 
3.52183 1 
2.95281 1 
3.875 1 
2.16048 1 
-0.00456718 1 
-0.132974 1 
0.124975 1 
-0.264769 1 
0.517087 1 
-0.413955 1 
0.188975 1 
0.421578 1 
0.667963 1 
-0.50481 1 
-0.336682 1 
-0.609247 1 
0.906626 1 
-0.831451 1 
-0.718127 1 
-3.82322 1 
-0.939887 1 
-1.04344 1 
-1.24977 1 
-1.14673 1 
-1.35572 1 
-1.46458 1 
-1.59031 1 
-1.73291 1 
-1.89887 1 
1.57252 1 
1.3838 1 
-2.08818 1 
-2.28584 1 
1.96588 1 
-3.28656 1 
-2.49185 1 
-2.73779 1 
2.37381 1 
3.30493 1 
1.04252 1 
0.960842 1 
0.798194 1 
0.85241 1 
0.259188 1 
0.335611 1 
1.26541 1 
2.58095 1 
3.09366 1 
2.78191 1 
3.67394 1 
ZONE T="boundary2"
4 -0.395906 
4 -0.325154 
4 -0.222204 
4 -0.254402 
4 -0.190006 
4 -0.122331 
4 0.759083 
4 -0.573033 
4 -0.0328986 
4 0.518166 
4 0.433765 
4 0.287045 
4 -0.786517 
4 1 
4 0.0565334 
4 -0.48447 
4 0.224727 
4 0.638625 
4 0.391564 
4 0.14063 
4 0.182678 
4 -0.289778 
4 0.349364 
4 -1 
4 -0.36053 
4 -0.238303 
4 -0.206105 
4 0.475966 
4 -0.679775 
4 -0.156168 
4 0.0118174 
4 -0.0776146 
4 -0.440188 
4 0.161654 
4 0.879542 
4 0.0985817 
4 0.203703 
4 -0.528752 
4 0.412665 
4 0.370464 
4 0.255886 
4 0.318205 
4 0.698854 
4 0.578396 
4 -0.893258 
4 -0.27209 
4 -0.307466 
ZONE T="boundary3"
-3.69474 -1 
-4 -1 
3.02537 -1 
3.20163 -1 
-0.344167 -1 
-1.21198 -1 
1.48752 -1 
-0.137366 -1 
-0.0988542 -1 
-0.900374 -1 
1.00168 -1 
-0.6256 -1 
0.710662 -1 
-1.35907 -1 
-0.806838 -1 
-1.68772 -1 
1.58301 -1 
1.6902 -1 
-0.530517 -1 
3.60081 -1 
0.905461 -1 
-1.50615 -1 
3.40122 -1 
2.65515 -1 
-3.41624 -1 
-3.55549 -1 
2.23647 -1 
2.46118 -1 
-2.53449 -1 
-1.43261 -1 
-2.03558 -1 
-1.86928 -1 
-0.175878 -1 
-0.260023 -1 
0.183148 -1 
0.275662 -1 
0.368175 -1 
0.490127 -1 
0.61208 -1 
0.0467738 -1 
-0.0260402 -1 
0.114961 -1 
-0.435434 -1 
-0.716219 -1 
0.809244 -1 
1.09912 -1 
1.19657 -1 
-1.10295 -1 
-0.993911 -1 
1.39203 -1 
1.2943 -1 
3.80041 -1 
1.79739 -1 
2.01176 -1 
-3.13774 -1 
-2.20188 -1 
-2.83611 -1 
2.84911 -1 
4 -1 
-3.84737 -1 
3.1135 -1 
-0.11811 -1 
1.63661 -1 
-1.59694 -1 
-3.48587 -1 
2.34883 -1 
3.50102 -1 
-1.46938 -1 
-1.95243 -1 
-1.7785 -1 
-0.21795 -1 
0.229405 -1 
0.429151 -1 
0.551103 -1 
-0.156622 -1 
0.0103668 -1 
0.149055 -1 
0.0808674 -1 
0.321918 -1 
-0.389801 -1 
-0.670909 -1 
-0.578058 -1 
-0.853606 -1 
0.759953 -1 
0.661371 -1 
0.95357 -1 
1.14785 -1 
0.857352 -1 
-1.04843 -1 
1.34316 -1 
1.43977 -1 
1.53527 -1 
-1.28552 -1 
-1.39584 -1 
-1.15746 -1 
1.0504 -1 
1.74379 -1 
1.90457 -1 
-3.27699 -1 
-2.36819 -1 
-2.6853 -1 
2.12412 -1 
2.93724 -1 
2.75213 -1 
-3.62512 -1 
-2.11873 -1 
3.30143 -1 
-2.98693 -1 
-0.302095 -1 
-0.0624472 -1 
-0.482975 -1 
3.70061 -1 
-0.761528 -1 
-0.947143 -1 
1.24543 -1 
3.9002 -1 
2.55817 -1 
ZONE T="boundary4"
-0.232478 0.382926 
-0.366118 0.312599 
-0.348527 0.323452 
-0.607736 -0.00766662 
-0.486997 0.215482 
0.444413 0.414693 
0.459449 0.406125 
-0.521529 0.177073 
-0.445033 0.254615 
-0.463411 0.238299 
-0.253153 0.373626 
-0.591391 0.0556959 
-0.583362 0.0762214 
-0.603601 0.0136585 
-0.598149 0.0348077 
0.565863 0.307781 
-0.553737 0.132495 
-0.574097 0.0963343 
-0.563697 0.11589 
-0.543418 0.148061 
-0.532513 0.163099 
0.639314 0.104761 
0.640953 0.087354 
-0.610562 -0.029112 
-0.426082 0.270208 
-0.412223 0.280873 
-0.398103 0.29116 
-0.38224 0.302091 
-0.330697 0.333872 
-0.292859 0.354303 
-0.273103 0.364168 
-0.311885 0.344297 
-0.211618 0.391818 
-0.122168 0.42471 
-0.0981983 0.432135 
-0.0486917 0.445637 
-0.0740354 0.439034 
0.0601484 0.466503 
0.0311294 0.462149 
-0.145176 0.417037 
0.429554 0.422348 
-0.0231518 0.451632 
-0.167996 0.408894 
-0.1899 0.400571 
0.539574 0.340888 
0.557088 0.319842 
0.640345 0.0361929 
0.638195 0.0195206 
0.414402 0.429403 
0.636862 0.122048 
0.319574 0.459917 
0.352442 0.45167 
0.383757 0.441629 
0.498022 0.379591 
0.520571 0.360215 
0.530272 0.350742 
0.474087 0.396894 
0.486231 0.388486 
-0.510061 0.190646 
-0.475343 0.227038 
0.0893401 0.469967 
0.11909 0.47252 
0.148956 0.474057 
0.203937 0.474025 
0.176432 0.47452 
0.231047 0.472544 
0.258099 0.470016 
0.641503 0.0530961 
0.286766 0.466104 
0.633711 0.13905 
0.629932 0.155848 
0.574061 0.295354 
0.582877 0.280457 
0.59749 0.251189 
0.60351 0.237107 
0.641693 0.0701526 
0.623305 0.180455 
0.590974 0.265042 
0.00389285 0.457254 
0.619063 0.19425 
0.614494 0.207937 
0.609197 0.222598 
-0.357355 0.318081 
0.451978 0.410492 
-0.454295 0.246543 
-0.242839 0.378327 
-0.587529 0.0660175 
-0.605831 0.00302606 
-0.601036 0.0242733 
-0.594928 0.0453016 
-0.558814 0.124251 
-0.538042 0.155636 
0.64024 0.0960668 
-0.527085 0.170137 
-0.419188 0.275588 
-0.390207 0.296679 
-0.283006 0.359287 
-0.302398 0.349351 
-0.32132 0.339138 
-0.374211 0.307395 
-0.263152 0.368947 
-0.609311 -0.0183694 
-0.0613854 0.442411 
0.0456199 0.464435 
-0.133693 0.420934 
-0.339641 0.328714 
-0.0359424 0.448713 
-0.156608 0.413025 
-0.0861381 0.435652 
-0.17897 0.404787 
0.548552 0.33055 
-0.110205 0.428488 
0.639397 0.0278389 
0.561545 0.313862 
0.437022 0.418596 
0.336072 0.45605 
0.422012 0.42595 
0.509505 0.370147 
0.534974 0.345863 
0.492172 0.3841 
0.525469 0.355528 
-0.515853 0.183909 
0.466821 0.401593 
-0.469411 0.232705 
0.104202 0.471368 
0.134014 0.47342 
0.190185 0.474396 
0.217498 0.473411 
0.303213 0.463242 
-0.22207 0.387423 
-0.498708 0.203234 
0.631897 0.147466 
0.578565 0.287963 
0.600558 0.244173 
-0.43563 0.262503 
0.641048 0.0446345 
0.641717 0.0616219 
0.638185 0.113418 
0.641436 0.0787573 
-0.405195 0.286063 
0.635372 0.130564 
0.480201 0.392751 
0.570032 0.301614 
0.594299 0.258147 
-0.0096506 0.454533 
-0.200781 0.396249 
0.0747283 0.46835 
0.244585 0.471415 
0.272454 0.468223 
0.0174919 0.459795 
0.368182 0.446909 
0.162691 0.474405 
-0.548661 0.140334 
-0.481205 0.221298 
-0.578876 0.0863447 
-0.569034 0.106185 
0.621226 0.187366 
0.58702 0.2728 
0.611892 0.215286 
0.626763 0.168191 
0.616819 0.201106 
0.39919 0.435794 
0.606405 0.229872 
ZONE T="boundary5"
0.532937 -0.152555 
-0.561915 -0.262616 
-0.571707 -0.24221 
-0.58859 -0.200115 
-0.514769 -0.337737 
-0.605734 -0.13643 
-0.609143 -0.115057 
-0.611358 -0.0936064 
-0.59542 -0.17899 
-0.580613 -0.221349 
-0.601153 -0.157738 
-0.425547 -0.430141 
-0.126398 -0.54388 
-0.539763 -0.30163 
-0.527469 -0.320216 
-0.280489 -0.51416 
-0.255766 -0.522731 
-0.612349 -0.0721259 
-0.204922 -0.53575 
-0.230738 -0.529904 
-0.304038 -0.504582 
-0.152652 -0.54279 
-0.178993 -0.540046 
-0.0739022 -0.540959 
-0.0999864 -0.543279 
0.00276497 -0.523431 
-0.473164 -0.386336 
-0.487571 -0.370806 
-0.501362 -0.354715 
-0.551193 -0.28255 
-0.389261 -0.457274 
-0.327143 -0.493789 
-0.348738 -0.482387 
-0.369821 -0.469955 
-0.442379 -0.415835 
-0.458057 -0.401391 
0.552378 -0.135934 
-0.40816 -0.443738 
-0.610562 -0.029112 
-0.612092 -0.0506076 
0.512566 -0.167828 
-0.0223464 -0.531025 
-0.0480573 -0.536897 
0.0273993 -0.514093 
0.0751626 -0.49027 
0.0515236 -0.503033 
0.0983274 -0.475859 
0.121111 -0.45985 
0.143614 -0.442347 
0.166282 -0.423245 
0.237713 -0.358417 
0.212683 -0.381303 
0.30451 -0.301965 
0.283662 -0.318608 
0.26312 -0.335923 
0.324436 -0.286942 
0.18954 -0.402513 
0.364963 -0.258805 
0.34461 -0.272558 
0.388111 -0.24399 
0.625642 -0.0288255 
0.439296 -0.213469 
0.411352 -0.229861 
0.490054 -0.182937 
0.635038 0.0031202 
0.619464 -0.0441339 
0.612238 -0.0591387 
0.571236 -0.117104 
0.60412 -0.073535 
0.596559 -0.0852799 
0.58006 -0.107054 
0.630852 -0.0130227 
0.638195 0.0195206 
0.46696 -0.197196 
-0.566925 -0.252469 
-0.607584 -0.125768 
-0.610401 -0.104349 
-0.592131 -0.189595 
-0.576272 -0.231829 
-0.598421 -0.168402 
-0.603583 -0.147115 
-0.533718 -0.310992 
-0.268181 -0.518614 
-0.217868 -0.533015 
-0.292321 -0.509523 
-0.13953 -0.543542 
-0.191986 -0.53809 
-0.0869246 -0.542336 
-0.480443 -0.378642 
-0.508152 -0.346295 
-0.545586 -0.292156 
-0.338005 -0.488217 
-0.379609 -0.463722 
-0.450288 -0.408691 
-0.434035 -0.423075 
-0.398783 -0.450609 
-0.465683 -0.393939 
-0.584721 -0.210779 
-0.55667 -0.272647 
-0.612008 -0.0828747 
-0.611487 -0.0398499 
-0.52121 -0.329043 
-0.0609471 -0.539147 
-0.00973157 -0.527447 
0.0634322 -0.496846 
0.0395417 -0.508769 
0.0151533 -0.518976 
-0.494545 -0.362829 
0.109809 -0.468015 
0.155017 -0.432902 
0.225172 -0.369832 
0.273345 -0.327195 
0.314433 -0.294378 
0.294034 -0.310208 
0.201123 -0.391932 
0.354753 -0.265614 
0.376504 -0.251315 
0.399706 -0.236862 
0.501394 -0.175515 
0.522858 -0.160342 
-0.612378 -0.0613664 
0.615972 -0.0516978 
0.542798 -0.14442 
0.562001 -0.126722 
0.600416 -0.0794593 
0.575704 -0.112132 
0.622676 -0.0365322 
0.608292 -0.0664045 
0.633074 -0.00498696 
0.636745 0.0112939 
0.628375 -0.0209687 
-0.416922 -0.437029 
-0.315655 -0.499332 
-0.35935 -0.476295 
0.334486 -0.279677 
0.478558 -0.190152 
-0.113185 -0.543795 
0.132446 -0.451233 
-0.243296 -0.526492 
0.250352 -0.347099 
-0.0351558 -0.534184 
0.0868362 -0.483245 
0.177954 -0.412952 
-0.16584 -0.541621 
0.453157 -0.205373 
0.425315 -0.221625 
0.588574 -0.0963789 
