ZONE T="boundary0"
-4 -0.332942 
-4 -0.404497 
-4 -0.278712 
-4 -0.250223 
-4 -0.305827 
-4 0.325135 
-4 0.427665 
-4 0.3764 
-4 0.570749 
-4 0.499207 
-4 0.271145 
-4 -0.476052 
-4 -0.836849 
-4 0.856916 
-4 1 
-4 -0.574875 
-4 0.170764 
-4 -0.0458642 
-4 -0.164755 
-4 -0.673699 
-4 0.217155 
-4 0.124374 
-4 -1 
-4 0.0392548 
-4 0.713833 
-4 -0.221734 
-4 -0.36872 
-4 -0.264467 
-4 -0.319385 
-4 0.402033 
-4 0.534978 
-4 0.928458 
-4 -0.525464 
-4 -0.440275 
-4 -0.624287 
-4 -0.755274 
-4 0.24415 
-4 0.19396 
-4 0.29814 
-4 0.147569 
-4 -0.918425 
-4 -0.00330473 
-4 0.785374 
-4 0.642291 
-4 0.463436 
-4 -0.29227 
-4 -0.10531 
-4 -0.235978 
-4 0.0818143 
-4 -0.193244 
-4 0.350768 
ZONE T="boundary1"
2.17637 1 
1.93298 1 
-0.150045 1 
-1.16027 1 
4 1 
3.671 1 
1.0816 1 
-2.74317 1 
-1.25406 1 
2.32091 1 
-1.44145 1 
3.5065 1 
-1.69112 1 
-1.89728 1 
1.68959 1 
-2.55537 1 
2.46544 1 
2.61115 1 
2.90255 1 
-4 1 
-3.39316 1 
-3.69658 1 
-2.93096 1 
-3.16206 1 
0.0355588 1 
-0.0243869 1 
0.167278 1 
0.0955045 1 
0.239052 1 
0.499705 1 
0.403105 1 
-0.207286 1 
-0.264527 1 
-0.0872162 1 
-0.337123 1 
-0.40972 1 
-3.84829 1 
0.321078 1 
0.280065 1 
-0.680019 1 
-0.544869 1 
0.846456 1 
-1.06648 1 
-0.869322 1 
-0.967902 1 
0.596305 1 
0.658843 1 
-0.77467 1 
-1.56629 1 
-2.10344 1 
-2.3294 1 
1.44884 1 
1.26747 1 
1.17453 1 
0.964028 1 
3.19512 1 
2.75685 1 
3.34199 1 
3.04825 1 
0.721381 1 
1.56921 1 
-2.21642 1 
2.05468 1 
3.8355 1 
-1.7942 1 
1.81128 1 
2.53829 1 
-3.54487 1 
-3.04651 1 
0.00558592 1 
0.131391 1 
0.203165 1 
0.451405 1 
-0.235907 1 
-0.0558013 1 
-0.118631 1 
-0.373422 1 
-0.300825 1 
-3.77243 1 
0.259558 1 
-0.477295 1 
-0.918612 1 
-0.612444 1 
0.627574 1 
0.548005 1 
-1.01719 1 
-0.821996 1 
-0.727345 1 
-1.20716 1 
-1.11338 1 
-1.34775 1 
-1.6287 1 
-1.50387 1 
-2.00036 1 
-2.64927 1 
-2.83706 1 
-2.44239 1 
-3.92415 1 
1.35815 1 
1.12807 1 
1.221 1 
1.02281 1 
2.8297 1 
3.12169 1 
2.9754 1 
3.26856 1 
2.684 1 
2.24864 1 
2.39318 1 
3.42425 1 
3.58875 1 
0.362092 1 
-0.178666 1 
0.0655316 1 
0.905242 1 
0.690112 1 
0.783919 1 
0.300572 1 
1.6294 1 
1.50903 1 
-3.27761 1 
-2.27291 1 
-2.15993 1 
ZONE T="boundary2"
4 -0.415694 
4 -0.321004 
4 -0.802184 
4 -0.604367 
4 -0.170769 
4 0.143875 
4 0.0795377 
4 0.0152001 
4 0.280513 
4 0.216717 
4 0.323535 
4 0.366558 
4 0.489287 
4 0.674116 
4 0.581702 
4 1 
4 0.837058 
4 -0.200437 
4 -0.259773 
4 -0.230105 
4 -0.289441 
4 -0.510031 
4 -0.352567 
4 -1 
4 -0.124277 
4 -0.0777843 
4 -0.703275 
4 0.111707 
4 0.0473689 
4 0.248615 
4 0.345047 
4 0.627909 
4 0.918529 
4 0.180296 
4 0.427923 
4 -0.185603 
4 -0.244939 
4 -0.557199 
4 0.535494 
4 0.755587 
4 -0.901092 
4 0.302024 
4 -0.10103 
4 -0.215271 
4 -0.305222 
4 -0.336786 
4 -0.384131 
4 -0.462862 
4 -0.274607 
4 -0.0312921 
4 -0.147523 
ZONE T="boundary3"
-1.41558 -1 
-1.28566 -1 
-0.187997 -1 
-0.125498 -1 
-1.17873 -1 
-1.0718 -1 
3.67556 -1 
-0.89928 -1 
-0.76397 -1 
0.147686 -1 
-3.87421 -1 
-0.0629986 -1 
3.83778 -1 
-0.628661 -1 
1.01375 -1 
1.12837 -1 
0.597402 -1 
0.499254 -1 
3.44833 -1 
-0.985539 -1 
-1.6352 -1 
-3.49685 -1 
-3.74843 -1 
-3.07221 -1 
-3.28453 -1 
1.35976 -1 
-1.72492 -1 
-2.59484 -1 
3.02606 -1 
2.67747 -1 
2.83102 -1 
-2.83352 -1 
1.76532 -1 
0.401106 -1 
0.00317352 -1 
0.0693457 -1 
0.208742 -1 
0.269797 -1 
-0.30537 -1 
-0.436514 -1 
0.699966 -1 
0.80253 -1 
-4 -1 
0.908142 -1 
-1.48053 -1 
-1.54549 -1 
1.24299 -1 
-1.9269 -1 
1.47653 -1 
3.2211 -1 
2.52393 -1 
4 -1 
-2.24536 -1 
-2.12887 -1 
-2.36185 -1 
1.99108 -1 
2.21683 -1 
2.37038 -1 
1.62092 -1 
-1.35062 -1 
-0.156747 -1 
-1.12526 -1 
-0.831625 -1 
1.07106 -1 
0.548328 -1 
3.56195 -1 
-0.942409 -1 
-3.62264 -1 
-3.17837 -1 
2.75425 -1 
-2.95287 -1 
0.45018 -1 
0.0362595 -1 
0.239269 -1 
-0.094248 -1 
-0.246683 -1 
-0.0299125 -1 
0.751248 -1 
0.648684 -1 
-0.370942 -1 
-0.532588 -1 
-3.93711 -1 
0.960948 -1 
3.75667 -1 
-0.696316 -1 
0.335451 -1 
-1.44806 -1 
-1.2322 -1 
-1.59035 -1 
0.855336 -1 
1.41814 -1 
1.18568 -1 
3.33472 -1 
3.12358 -1 
2.6007 -1 
3.91889 -1 
-3.39069 -1 
-2.02788 -1 
-2.47834 -1 
-2.71418 -1 
-1.82591 -1 
1.8782 -1 
0.108516 -1 
0.178214 -1 
-1.02867 -1 
-2.30361 -1 
-2.18712 -1 
2.92854 -1 
2.10395 -1 
2.29361 -1 
2.44715 -1 
-1.51301 -1 
-1.68006 -1 
1.30137 -1 
-3.81132 -1 
1.54872 -1 
1.69312 -1 
ZONE T="boundary4"
0.616739 0.0849474 
0.626501 0.0592765 
0.605169 0.110696 
0.0633412 0.52446 
0.0923515 0.524781 
0.32334 0.471089 
-0.338092 0.393026 
-0.647111 -0.0153678 
-0.607682 0.107388 
-0.463479 0.296091 
-0.447674 0.310537 
-0.642593 0.00934439 
-0.636357 0.0340352 
-0.61885 0.0831404 
-0.62383 0.0709553 
-0.628427 0.058663 
-0.551772 0.197064 
-0.58089 0.154943 
-0.594994 0.131351 
-0.539199 0.213355 
-0.315379 0.407061 
-0.290742 0.421276 
0.034359 0.522856 
-0.240159 0.447362 
-0.214242 0.459182 
-0.526214 0.229307 
-0.509702 0.248491 
-0.565478 0.178128 
-0.431479 0.324545 
-0.492596 0.267129 
-0.478244 0.281815 
-0.36038 0.378338 
-0.414916 0.338129 
-0.398017 0.351289 
-0.379374 0.365057 
-0.187934 0.470146 
-0.161244 0.480225 
-0.106827 0.497577 
-0.0791099 0.504786 
-0.0511325 0.510954 
-0.1342 0.489381 
0.266929 0.495361 
0.295413 0.484252 
-0.265661 0.434719 
0.402109 0.418536 
0.425923 0.396792 
-0.0228202 0.516062 
0.00566691 0.520041 
0.238151 0.504487 
0.209072 0.51179 
0.639714 0.00742553 
0.642741 -0.0185903 
0.350586 0.455761 
0.37696 0.438205 
0.520483 0.268398 
0.504594 0.295591 
0.448095 0.373317 
0.487398 0.322313 
0.121461 0.52376 
0.17993 0.517355 
0.150717 0.521311 
0.592255 0.136406 
0.549943 0.214233 
0.578638 0.161842 
0.564299 0.187976 
0.63424 0.0334295 
0.535304 0.241347 
0.468577 0.348382 
0.630624 0.0464289 
0.621832 0.0721917 
0.61112 0.0978952 
0.0778459 0.524784 
-0.455627 0.30337 
-0.613439 0.0953432 
-0.621385 0.077066 
-0.626175 0.0648264 
-0.58809 0.143234 
-0.545541 0.205252 
-0.303117 0.414264 
0.0488425 0.523815 
-0.227249 0.453377 
-0.518031 0.238962 
-0.439623 0.317595 
-0.639677 0.0217394 
-0.485473 0.274523 
-0.406508 0.344761 
-0.423241 0.33139 
-0.501227 0.257882 
-0.388741 0.358234 
-0.470912 0.289005 
-0.201134 0.464774 
-0.326787 0.400126 
-0.0930021 0.501309 
-0.0651503 0.508003 
-0.147763 0.484921 
-0.532756 0.221372 
0.281264 0.490044 
-0.120551 0.493602 
-0.278255 0.428096 
0.414219 0.407892 
-0.00859612 0.518195 
0.223667 0.508354 
0.641535 -0.00554567 
-0.601499 0.119454 
-0.632586 0.0464101 
0.363938 0.447235 
0.337103 0.463676 
0.512662 0.282069 
0.437217 0.385258 
0.309492 0.477916 
-0.573317 0.166623 
0.0199992 0.521598 
0.106914 0.524442 
0.194541 0.514775 
0.165351 0.519524 
0.252612 0.50015 
-0.252961 0.441142 
0.598824 0.123605 
0.571482 0.174912 
0.585504 0.149151 
0.637263 0.0204883 
-0.34929 0.385764 
-0.174633 0.475299 
0.542615 0.227783 
0.136106 0.522717 
-0.558706 0.187655 
-0.037001 0.513647 
0.557105 0.201091 
0.458539 0.361022 
0.496157 0.309059 
0.478175 0.335487 
-0.645061 -0.00297494 
0.52795 0.254904 
0.632498 0.0399493 
0.628624 0.0528705 
0.38972 0.428613 
-0.36992 0.371759 
ZONE T="boundary5"
-0.361648 -0.376419 
-0.618358 -0.20625 
-0.647503 -0.113212 
-0.606353 -0.22807 
-0.612571 -0.217287 
0.190642 -0.372391 
0.162624 -0.373768 
-0.650893 -0.0646066 
-0.650611 -0.0523269 
0.595021 -0.189865 
-0.650108 -0.0890133 
0.636594 -0.0953307 
0.629574 -0.119986 
-0.64305 -0.137113 
-0.647111 -0.0153678 
-0.649885 -0.0400325 
-0.458519 -0.351528 
-0.445513 -0.356403 
0.246378 -0.36808 
0.274062 -0.364904 
-0.27248 -0.383113 
-0.302371 -0.382023 
-0.332166 -0.379875 
-0.390528 -0.371449 
-0.0949537 -0.379761 
0.562526 -0.232008 
0.544111 -0.251232 
-0.212761 -0.383111 
-0.242508 -0.383398 
-0.183011 -0.382454 
-0.124138 -0.380669 
-0.153555 -0.381599 
-0.628484 -0.183748 
-0.636718 -0.160655 
-0.518532 -0.320241 
-0.539726 -0.304702 
-0.507257 -0.327411 
-0.59249 -0.249056 
-0.576768 -0.268964 
-0.549635 -0.296359 
-0.559157 -0.287576 
-0.471303 -0.346151 
0.608642 -0.167337 
0.620214 -0.144014 
-0.432118 -0.36085 
-0.495667 -0.334094 
-0.418561 -0.364808 
0.579571 -0.211472 
0.134397 -0.374779 
0.106136 -0.375522 
0.524303 -0.269023 
0.0492544 -0.376587 
0.218651 -0.370528 
0.381774 -0.34267 
0.355488 -0.349878 
-0.0369052 -0.378206 
-0.0658215 -0.378929 
-0.00805003 -0.377591 
0.0206323 -0.377066 
0.0777188 -0.376097 
0.301397 -0.360911 
0.328602 -0.355938 
0.40774 -0.334097 
0.433077 -0.324101 
0.457362 -0.312733 
0.503114 -0.28525 
0.641176 -0.0701165 
0.642741 -0.0185903 
0.625171 -0.132105 
0.639196 -0.0827848 
0.643236 -0.0445011 
-0.404604 -0.368359 
-0.346932 -0.378328 
0.480899 -0.299719 
-0.609516 -0.222709 
0.176635 -0.373133 
-0.650808 -0.0584658 
-0.61552 -0.211797 
-0.650727 -0.076819 
0.633381 -0.107742 
-0.645509 -0.125208 
-0.648714 -0.0276775 
-0.45204 -0.354028 
0.26023 -0.366591 
-0.287431 -0.382685 
-0.317282 -0.381098 
-0.376128 -0.374143 
0.553492 -0.241788 
-0.227634 -0.383312 
-0.197884 -0.382817 
-0.138845 -0.381137 
-0.632832 -0.172285 
-0.529303 -0.312707 
-0.599637 -0.238706 
-0.650303 -0.0461769 
-0.584846 -0.259183 
-0.623646 -0.195101 
-0.554445 -0.292023 
-0.464939 -0.348904 
0.61468 -0.1558 
-0.438835 -0.35869 
-0.501498 -0.330814 
-0.425359 -0.362889 
-0.483613 -0.340375 
0.571229 -0.221891 
0.120268 -0.375178 
0.20465 -0.371528 
0.368673 -0.346433 
-0.257496 -0.383341 
-0.0513615 -0.378554 
-0.0224761 -0.377886 
0.0349448 -0.376824 
0.0634875 -0.376348 
0.148512 -0.374313 
0.0919285 -0.375826 
0.23252 -0.369387 
0.287745 -0.363021 
-0.568173 -0.27847 
0.394814 -0.33856 
0.420482 -0.329288 
0.513867 -0.277344 
0.44531 -0.318613 
0.534379 -0.26032 
0.62276 -0.138087 
0.587496 -0.200812 
0.627443 -0.126071 
0.315022 -0.358555 
-0.512934 -0.323888 
0.637972 -0.0890734 
0.642525 -0.0573331 
0.640265 -0.0764626 
-0.640117 -0.148948 
0.342076 -0.353054 
-0.0803862 -0.379333 
-0.168281 -0.382043 
-0.109544 -0.380209 
0.00629252 -0.37732 
0.602057 -0.178737 
-0.649036 -0.101139 
-0.544729 -0.300585 
0.643308 -0.0315385 
-0.354296 -0.377421 
-0.411597 -0.366643 
-0.397581 -0.36996 
0.49214 -0.292691 
-0.339555 -0.379144 
0.469244 -0.306433 
