ZONE T="boundary0"
-4 -0.267994 
-4 -0.336548 
-4 -0.678311 
-4 -0.839156 
-4 -0.218118 
-4 -0.178093 
-4 0.235975 
-4 0.297448 
-4 0.358921 
-4 1 
-4 0.757457 
-4 0.436918 
-4 -0.0328885 
-4 0.636186 
-4 0.514915 
-4 -0.578832 
-4 0.180559 
-4 0.125142 
-4 -0.479352 
-4 -0.40795 
-4 -0.138068 
-4 -0.0854783 
-4 -1 
-4 -0.302271 
-4 -0.758734 
-4 -0.198106 
-4 0.266712 
-4 0.328185 
-4 0.878729 
-4 0.39792 
-4 0.57555 
-4 -0.628571 
-4 0.15285 
-4 0.0461269 
-4 0.475916 
-4 -0.443651 
-4 -0.111773 
-4 0.208267 
-4 -0.0591834 
-4 -0.529092 
-4 0.696822 
-4 -0.919578 
-4 -0.158081 
-4 -0.243056 
-4 -0.372249 
ZONE T="boundary1"
-4 1 
0.0257341 1 
-1.65757 1 
0.308997 1 
0.365114 1 
-0.601761 1 
-0.105833 1 
3.48273 1 
3.06571 1 
0.234572 1 
0.160146 1 
-3.5198 1 
-1.33823 1 
-1.22417 1 
0.880961 1 
-1.11011 1 
-3.73169 1 
2.20791 1 
1.9823 1 
1.78582 1 
3.74136 1 
4 1 
-2.63644 1 
-2.95021 1 
-1.7833 1 
-2.32267 1 
-0.510724 1 
-0.283927 1 
-0.346831 1 
-0.428778 1 
-0.692798 1 
-0.0400494 1 
0.421231 1 
-0.221024 1 
-0.163428 1 
0.0929403 1 
-0.792006 1 
-0.891215 1 
-1.00066 1 
0.655055 1 
0.538143 1 
0.768008 1 
-1.43503 1 
-1.53184 1 
-2.05299 1 
-3.30791 1 
0.987339 1 
2.74961 1 
1.45053 1 
1.58933 1 
2.43352 1 
1.09372 1 
1.31172 1 
1.20272 1 
1.68757 1 
2.59157 1 
-3.12906 1 
0.337055 1 
3.27422 1 
0.197359 1 
-1.2812 1 
2.09511 1 
1.88406 1 
3.61205 1 
3.87068 1 
-2.79332 1 
-0.556243 1 
-0.315379 1 
-0.387804 1 
-0.0729411 1 
0.393172 1 
-0.647279 1 
-0.134631 1 
-0.192226 1 
0.0593372 1 
-0.252476 1 
-0.742402 1 
0.271784 1 
-0.945939 1 
-1.05539 1 
-1.16714 1 
0.824485 1 
0.479687 1 
0.711532 1 
-1.48343 1 
-1.72044 1 
-1.5947 1 
-1.91814 1 
-3.41385 1 
0.93415 1 
2.90766 1 
2.32072 1 
1.04053 1 
1.25722 1 
1.63845 1 
-2.18783 1 
-2.47955 1 
1.51993 1 
1.38113 1 
-3.86584 1 
-0.841611 1 
-0.00715764 1 
-0.469751 1 
0.126543 1 
1.14822 1 
2.67059 1 
-3.62574 1 
-1.38663 1 
0.596599 1 
-3.03963 1 
1.73669 1 
2.51254 1 
-3.21849 1 
ZONE T="boundary2"
4 -0.570174 
4 -0.251136 
4 -0.333009 
4 -0.278427 
4 -0.473804 
4 0.290617 
4 0.193185 
4 0.241901 
4 0.34367 
4 0.396723 
4 0.645521 
4 -0.666545 
4 -1 
4 1 
4 -0.0317417 
4 0.126045 
4 -0.198481 
4 -0.173117 
4 -0.223845 
4 -0.403407 
4 0.462042 
4 0.527361 
4 0.0589045 
4 -0.122388 
4 0.763681 
4 -0.305718 
4 0.217543 
4 -0.833273 
4 0.159615 
4 -0.185799 
4 0.370197 
4 0.494702 
4 0.317144 
4 0.0135814 
4 -0.0770649 
4 0.704601 
4 0.429383 
4 0.586441 
4 -0.61836 
4 -0.521989 
4 0.88184 
4 -0.237491 
4 -0.264782 
4 -0.368208 
4 -0.438605 
4 -0.147752 
4 -0.211163 
4 0.266259 
4 0.0924745 
ZONE T="boundary3"
-3.32442 -1 
-3.66221 -1 
-1.09573 -1 
-0.266628 -1 
-0.225076 -1 
-0.30818 -1 
-0.475937 -1 
-0.618305 -1 
-0.392059 -1 
1.31194 -1 
4 -1 
0.905497 -1 
1.47409 -1 
1.66031 -1 
2.2951 -1 
3.68952 -1 
-1.4498 -1 
-1.37482 -1 
3.37904 -1 
-1.59976 -1 
2.75807 -1 
-2.70184 -1 
-2.37012 -1 
-2.17557 -1 
3.06855 -1 
-1.79039 -1 
0.101332 -1 
0.0215359 -1 
0.1849 -1 
0.710747 -1 
-0.0582597 -1 
0.765721 -1 
0.820695 -1 
0.268468 -1 
0.42465 -1 
1.0817 -1 
1.17311 -1 
-0.141668 -1 
-0.987847 -1 
-0.879965 -1 
-0.749135 -1 
0.6008 -1 
-1.19779 -1 
-1.29985 -1 
-1.98103 -1 
1.84653 -1 
2.07081 -1 
-3.03357 -1 
-2.86771 -1 
2.52658 -1 
-3.83111 -1 
-4 -1 
0.346559 -1 
0.512725 -1 
0.990299 -1 
-0.0183619 -1 
-3.49332 -1 
-0.245852 -1 
-0.350119 -1 
1.5672 -1 
3.84476 -1 
-1.41231 -1 
3.53428 -1 
-1.52478 -1 
-2.53598 -1 
3.2238 -1 
2.91331 -1 
0.0614338 -1 
-0.287404 -1 
0.793208 -1 
-0.933906 -1 
-0.547121 -1 
-0.68372 -1 
-0.81455 -1 
-0.433998 -1 
0.655774 -1 
-1.04179 -1 
1.24252 -1 
1.39301 -1 
-1.14676 -1 
-1.24882 -1 
-1.33733 -1 
-1.69508 -1 
-1.88571 -1 
1.95867 -1 
-2.0783 -1 
-2.27285 -1 
-3.17899 -1 
-2.95064 -1 
2.64233 -1 
-3.91555 -1 
-3.74666 -1 
0.556762 -1 
-0.183372 -1 
0.385604 -1 
0.738234 -1 
0.863096 -1 
0.947898 -1 
0.143116 -1 
0.226684 -1 
-0.0999638 -1 
0.00158701 -1 
-0.0383108 -1 
0.468687 -1 
0.307514 -1 
1.12741 -1 
1.036 -1 
1.75342 -1 
2.18296 -1 
2.41084 -1 
-2.78477 -1 
ZONE T="boundary4"
-0.400183 0.454185 
-0.379288 0.465566 
-0.617465 0.0509151 
-0.61544 0.0281361 
-0.438086 0.42905 
-0.419441 0.442178 
-0.618161 0.0740083 
0.619592 0.0926406 
-0.357854 0.475582 
-0.552507 0.302229 
-0.484088 0.389323 
-0.47029 0.402453 
-0.571155 0.268138 
-0.617491 0.0973682 
-0.61543 0.120893 
-0.611969 0.144499 
-0.607114 0.168115 
-0.594463 0.211863 
-0.60092 0.191565 
-0.579488 0.250225 
-0.587365 0.231224 
-0.542493 0.318039 
-0.241202 0.504084 
-0.217019 0.50494 
-0.531855 0.333402 
-0.335417 0.484376 
-0.312613 0.49163 
-0.496999 0.375948 
-0.509367 0.362027 
-0.520888 0.347949 
-0.454485 0.416169 
0.636821 0.0493694 
0.640895 0.0339773 
-0.265402 0.501551 
-0.192525 0.504132 
-0.562063 0.285639 
-0.2891 0.49741 
-0.0953608 0.484847 
-0.0709611 0.476178 
0.647576 -0.0129428 
0.626125 0.0787391 
-0.143689 0.497587 
-0.119481 0.491964 
0.576322 0.154466 
0.594066 0.133346 
-0.16821 0.501686 
-0.0468249 0.466252 
0.644021 0.0184807 
0.64624 0.00283167 
0.648058 -0.02878 
0.387135 0.268432 
0.356442 0.279662 
0.297805 0.30026 
0.266806 0.311501 
0.327234 0.289932 
0.5668 0.164286 
0.489241 0.221771 
0.467364 0.23356 
0.442619 0.245499 
0.510591 0.20883 
0.417413 0.256464 
0.0279346 0.428807 
0.0535117 0.414589 
0.0808271 0.399243 
0.108361 0.384005 
0.235756 0.323479 
0.202322 0.337486 
0.608523 0.112332 
0.60152 0.123043 
0.631871 0.0643392 
0.532763 0.193437 
0.545046 0.183818 
-0.0226173 0.45509 
0.00234606 0.442523 
0.556887 0.173633 
0.138573 0.367954 
0.169056 0.35276 
-0.38982 0.460037 
-0.616619 0.039512 
-0.428852 0.435745 
-0.617983 0.0624579 
-0.368646 0.470743 
-0.477259 0.395964 
-0.61387 0.132723 
-0.609708 0.156343 
-0.597806 0.201752 
-0.583526 0.240767 
-0.575417 0.259227 
-0.547581 0.310187 
-0.22912 0.504719 
-0.346705 0.480162 
-0.324073 0.488191 
-0.503254 0.369052 
-0.515197 0.355046 
-0.446364 0.422712 
-0.490612 0.382704 
0.638975 0.0417047 
-0.253325 0.503027 
-0.409895 0.44832 
-0.20477 0.504745 
-0.300904 0.49472 
-0.0831143 0.480675 
-0.131551 0.494961 
0.585448 0.144126 
-0.180353 0.503111 
-0.0588472 0.471356 
-0.537252 0.325776 
-0.566705 0.27694 
-0.526443 0.340731 
-0.557373 0.293987 
-0.462469 0.409409 
0.647922 -0.0208578 
-0.107379 0.488578 
0.371819 0.27412 
0.282292 0.305816 
0.31252 0.295075 
0.341852 0.284818 
0.455051 0.239665 
0.5 0.21545 
0.430062 0.251094 
0.0407362 0.421733 
0.645242 0.0106726 
0.0945739 0.391583 
0.218995 0.330341 
0.571616 0.159432 
0.605085 0.11773 
0.63446 0.0568925 
0.597853 0.128239 
0.478367 0.227794 
0.629106 0.0715829 
0.622961 0.085739 
0.614269 0.102608 
0.642572 0.0262525 
0.647017 -0.00504588 
0.521805 0.201329 
-0.617997 0.0856946 
-0.277286 0.499682 
-0.155923 0.499835 
-0.034678 0.460791 
0.0151672 0.435736 
-0.604176 0.179884 
0.0671664 0.406913 
0.551025 0.178798 
-0.0100972 0.448906 
0.123428 0.375892 
0.185638 0.344973 
0.402322 0.262568 
0.251259 0.31739 
0.15377 0.360242 
-0.591015 0.221582 
-0.616632 0.109147 
0.538958 0.188695 
0.561893 0.169015 
ZONE T="boundary5"
-0.33715 -0.351777 
-0.318027 -0.363096 
-0.577599 -0.100442 
-0.586784 -0.0800216 
-0.61544 0.0281361 
-0.407128 -0.303746 
-0.390752 -0.316056 
-0.567323 -0.120481 
-0.556011 -0.140094 
0.549904 -0.322525 
-0.612126 0.00570918 
-0.607564 -0.016337 
0.410742 -0.43729 
0.380833 -0.450572 
-0.601798 -0.0379698 
-0.594856 -0.0592093 
-0.48564 -0.23183 
-0.355974 -0.339949 
-0.373524 -0.328246 
-0.231501 -0.406862 
-0.207708 -0.417026 
-0.297408 -0.37458 
0.594922 -0.241981 
-0.276498 -0.385519 
-0.454431 -0.263334 
-0.133727 -0.444115 
-0.158811 -0.435667 
-0.183646 -0.426567 
-0.254141 -0.396483 
-0.470291 -0.247846 
-0.43901 -0.277402 
-0.530363 -0.178165 
-0.543677 -0.159323 
0.350416 -0.461612 
-0.501129 -0.214568 
0.609727 -0.205042 
-0.423136 -0.290945 
0.639131 -0.10824 
0.635455 -0.124026 
0.616152 -0.187369 
0.62665 -0.155572 
-0.516013 -0.196756 
0.480462 -0.394018 
0.493258 -0.383593 
0.467223 -0.403861 
0.559522 -0.308672 
0.572621 -0.287291 
-0.0558854 -0.465768 
-0.0822525 -0.459191 
0.110173 -0.489628 
0.0812867 -0.487688 
0.139118 -0.490588 
0.0531613 -0.484885 
0.0251516 -0.481218 
-0.0293255 -0.471621 
-0.00216622 -0.47681 
0.168805 -0.490506 
0.198469 -0.489288 
0.228417 -0.486831 
0.319836 -0.470558 
0.289172 -0.477633 
0.439517 -0.42181 
0.453558 -0.413128 
0.505686 -0.372489 
0.517593 -0.360813 
0.539639 -0.335917 
0.528905 -0.348628 
0.64661 -0.0605817 
0.644773 -0.0764821 
0.642266 -0.0923424 
0.602953 -0.222577 
0.648058 -0.02878 
0.647723 -0.0446505 
-0.108101 -0.451994 
0.25859 -0.48301 
0.584484 -0.26477 
-0.327625 -0.357499 
-0.582324 -0.0902911 
-0.398984 -0.309961 
-0.561785 -0.130356 
-0.613945 0.0168997 
-0.572587 -0.110526 
0.395909 -0.444203 
-0.610002 -0.00534557 
-0.604832 -0.0271931 
-0.590959 -0.069669 
-0.364788 -0.334157 
-0.219638 -0.412022 
-0.307755 -0.368907 
-0.286988 -0.380117 
-0.195709 -0.421875 
-0.242855 -0.401746 
-0.462427 -0.255658 
-0.537122 -0.168816 
-0.478029 -0.2399 
0.365717 -0.456345 
-0.493457 -0.223265 
-0.346602 -0.345927 
-0.431128 -0.284239 
-0.415181 -0.297407 
-0.382181 -0.322213 
-0.446779 -0.270432 
-0.549955 -0.149779 
0.637356 -0.116147 
-0.523282 -0.187534 
0.486918 -0.388878 
0.631261 -0.139857 
0.56625 -0.298093 
-0.0690922 -0.462569 
-0.598473 -0.0486367 
0.0957217 -0.488778 
0.0391419 -0.483158 
0.011476 -0.479113 
-0.0426265 -0.468786 
0.153962 -0.490685 
0.183644 -0.490043 
0.304554 -0.474307 
0.612984 -0.196222 
0.446583 -0.417542 
0.46044 -0.408568 
0.499536 -0.378113 
0.473896 -0.399012 
0.511707 -0.366721 
0.534346 -0.342336 
0.645778 -0.0685418 
0.54485 -0.329283 
0.554793 -0.315655 
0.606385 -0.213828 
0.643598 -0.0844244 
0.52332 -0.354787 
0.64726 -0.0526223 
0.647989 -0.0367169 
0.425281 -0.429832 
-0.171259 -0.431199 
-0.508652 -0.205731 
-0.265356 -0.391075 
-0.0952016 -0.455679 
0.124641 -0.490233 
0.273915 -0.480514 
0.243526 -0.485093 
-0.0157651 -0.474312 
-0.146297 -0.439974 
0.213457 -0.488218 
-0.120941 -0.44814 
0.0672126 -0.486396 
0.335194 -0.466316 
0.589838 -0.253439 
0.578726 -0.276125 
0.64077 -0.100307 
0.599005 -0.232308 
0.621564 -0.171524 
