ZONE T="boundary0"
-4 0.186621 
-4 -0.262018 
-4 0.260021 
-4 0.333422 
-4 0.143061 
-4 0.0309989 
-4 0.0870298 
-4 -0.119645 
-4 -0.310911 
-4 -0.473237 
-4 -0.587052 
-4 0.745226 
-4 1 
-4 0.490451 
-4 -0.0443229 
-4 -0.359805 
-4 -0.700868 
-4 -0.850434 
-4 0.411937 
-4 -0.190831 
-4 -1 
-4 0.617838 
-4 0.223321 
-4 0.164841 
-4 0.0590143 
-4 -0.286465 
-4 0.872613 
-4 0.296722 
-4 0.115045 
-4 -0.416521 
-4 -0.64396 
-4 -0.530145 
-4 -0.775651 
-4 -0.925217 
-4 0.681532 
-4 -0.335358 
-4 -0.226425 
-4 0.372679 
-4 -0.0819838 
-4 -0.00666204 
-4 -0.155238 
-4 0.451194 
-4 0.554145 
ZONE T="boundary1"
-3.3413 1 
-3.67065 1 
0.627711 1 
-3.09971 1 
-0.0162534 1 
-0.0825254 1 
1.2063 1 
1.10455 1 
-0.337744 1 
-0.705425 1 
-0.776601 1 
1.0028 1 
-1.70288 1 
-2.42534 1 
-2.64173 1 
-2.85811 1 
-3.83533 1 
3.28826 1 
2.86122 1 
2.69358 1 
-4 1 
2.30516 1 
2.08438 1 
1.89937 1 
1.43433 1 
4 1 
3.64413 1 
0.19345 1 
0.268527 1 
0.0510592 1 
0.118372 1 
0.814977 1 
0.534417 1 
0.441123 1 
-0.491899 1 
0.354825 1 
-0.414821 1 
-0.63425 1 
-0.148797 1 
-0.24327 1 
0.721344 1 
0.908891 1 
-0.977876 1 
-0.877238 1 
0.674527 1 
1.32032 1 
1.71436 1 
-1.18684 1 
-1.08236 1 
-1.41691 1 
-1.30188 1 
-1.87176 1 
-1.5599 1 
-2.04063 1 
-2.23299 1 
2.52594 1 
3.4662 1 
-3.50598 1 
-0.0493894 1 
1.15543 1 
-0.741013 1 
1.05368 1 
-2.74992 1 
3.07474 1 
2.7774 1 
1.99188 1 
3.82207 1 
0.230988 1 
0.0174029 1 
0.155911 1 
0.311676 1 
0.397974 1 
-0.196034 1 
-0.115661 1 
-0.563075 1 
0.48777 1 
0.861934 1 
-0.290507 1 
-0.927557 1 
0.651119 1 
0.955848 1 
1.37732 1 
1.57435 1 
-0.669838 1 
-1.1346 1 
1.26331 1 
-1.03012 1 
-1.35939 1 
-1.78732 1 
-1.63139 1 
-2.13681 1 
2.19477 1 
1.80687 1 
-2.32917 1 
-3.22051 1 
-2.97891 1 
-3.75299 1 
-3.91766 1 
-1.9562 1 
2.41555 1 
2.60976 1 
-2.53354 1 
3.37723 1 
3.55516 1 
-0.45336 1 
-0.376282 1 
0.0847155 1 
0.581064 1 
0.697935 1 
0.76816 1 
-1.4884 1 
-1.24436 1 
-0.82692 1 
ZONE T="boundary2"
4 -0.629402 
4 -0.490219 
4 -0.375401 
4 0.148118 
4 0.212594 
4 0.390765 
4 -0.112913 
4 -0.814701 
4 0.0155126 
4 -1 
4 1 
4 -0.43281 
4 -0.231988 
4 -0.303694 
4 0.305493 
4 0.333917 
4 0.277069 
4 0.0818155 
4 0.469959 
4 0.549152 
4 0.774576 
4 -0.202219 
4 -0.172451 
4 -0.267841 
4 0.244832 
4 -0.559811 
4 0.180356 
4 -0.722052 
4 -0.404105 
4 -0.0487003 
4 -0.461515 
4 0.319705 
4 0.114967 
4 0.0486641 
4 0.430362 
4 0.661864 
4 0.887288 
4 -0.907351 
4 -0.187335 
4 -0.285768 
4 -0.142682 
4 -0.249915 
4 -0.339548 
4 0.260951 
4 0.228713 
4 0.362341 
4 0.291281 
4 0.509555 
4 -0.217104 
ZONE T="boundary3"
-3.75696 -1 
-3.51391 -1 
-0.77468 -1 
-0.867938 -1 
3.75837 -1 
3.63755 -1 
1.25631 -1 
1.15797 -1 
-0.961195 -1 
0.229531 -1 
-0.0524306 -1 
0.0147514 -1 
0.0738123 -1 
-1.0831 -1 
0.371958 -1 
-0.695043 -1 
-0.615407 -1 
-1.205 -1 
-0.264481 -1 
-0.308027 -1 
4 -1 
1.35465 -1 
1.48637 -1 
1.61808 -1 
-1.55168 -1 
-1.46801 -1 
1.78429 -1 
-3.06489 -1 
-3.2894 -1 
1.95049 -1 
-2.58489 -1 
-2.38934 -1 
-1.63535 -1 
3.10946 -1 
-2.82489 -1 
-2.19379 -1 
-0.192047 -1 
-0.119613 -1 
0.514384 -1 
0.132873 -1 
-0.527036 -1 
-0.351573 -1 
-0.438665 -1 
-3.87848 -1 
0.730373 -1 
0.841452 -1 
0.622378 -1 
0.95253 -1 
-1.33651 -1 
-4 -1 
1.05525 -1 
3.3131 -1 
-1.99824 -1 
-1.8027 -1 
3.51674 -1 
2.14463 -1 
2.33876 -1 
2.92081 -1 
2.53545 -1 
2.73215 -1 
-1.71903 -1 
-3.63543 -1 
-0.821309 -1 
3.69796 -1 
1.20714 -1 
-0.914567 -1 
-0.0188396 -1 
0.0442819 -1 
-1.02215 -1 
-0.655225 -1 
-1.14405 -1 
-0.286254 -1 
3.87918 -1 
1.42051 -1 
-1.50985 -1 
1.70119 -1 
-3.17714 -1 
-2.48711 -1 
-2.70489 -1 
-0.15583 -1 
0.181202 -1 
-0.228264 -1 
-0.482851 -1 
-0.571221 -1 
0.103343 -1 
-0.0860216 -1 
0.785912 -1 
0.676376 -1 
0.896991 -1 
0.300744 -1 
-3.93924 -1 
-3.81772 -1 
1.10661 -1 
1.00389 -1 
-0.734862 -1 
0.568381 -1 
-1.40226 -1 
-1.27075 -1 
-3.40165 -1 
-1.59352 -1 
-2.09602 -1 
-1.90047 -1 
1.30548 -1 
1.55223 -1 
1.86739 -1 
3.41492 -1 
2.04756 -1 
-2.94489 -1 
3.57715 -1 
3.21128 -1 
2.43711 -1 
2.82648 -1 
2.24169 -1 
2.6338 -1 
-2.29156 -1 
-0.3298 -1 
-0.395119 -1 
-1.76086 -1 
-1.67719 -1 
0.443171 -1 
3.01513 -1 
ZONE T="boundary4"
-0.626512 0.00353018 
-0.622008 0.0255948 
0.61329 0.0736121 
-0.533753 0.217236 
-0.553778 0.186949 
0.522031 0.310988 
0.506682 0.339092 
0.47645 0.38269 
-0.344579 0.398808 
-0.629892 -0.0185291 
-0.609659 0.0695504 
-0.601868 0.0912845 
-0.616386 0.047618 
-0.572544 0.154717 
-0.583247 0.13394 
-0.59304 0.112786 
-0.563409 0.170974 
0.626217 0.0196047 
-0.491155 0.27227 
-0.475232 0.290052 
-0.4438 0.321536 
-0.459792 0.306063 
-0.428764 0.335177 
-0.39719 0.361353 
-0.380682 0.373867 
-0.362818 0.386603 
-0.325284 0.410908 
-0.305633 0.422433 
-0.413324 0.348368 
-0.285081 0.433681 
-0.242361 0.454641 
-0.220222 0.464315 
0.546875 0.253515 
-0.264198 0.444319 
-0.197016 0.473644 
-0.173538 0.482281 
-0.14888 0.490521 
-0.123982 0.498015 
-0.0977544 0.505042 
-0.0713256 0.511253 
-0.0152558 0.521623 
-0.0433686 0.516895 
-0.512834 0.245683 
0.575011 0.178678 
0.46459 0.396661 
0.628731 0.00168135 
0.584317 0.15457 
0.592914 0.132159 
0.630227 -0.0161828 
0.535263 0.282362 
0.411881 0.444707 
0.384036 0.46344 
0.331083 0.490443 
0.357927 0.477988 
0.497505 0.353756 
0.452116 0.409899 
0.487736 0.367915 
0.43254 0.428165 
0.105614 0.5311 
0.135779 0.530582 
0.0749145 0.5304 
0.0442252 0.528517 
0.194418 0.525852 
0.250089 0.516153 
0.27658 0.509441 
0.222741 0.521613 
0.607499 0.0917194 
0.601235 0.109701 
0.565804 0.202876 
0.618384 0.0556665 
0.622754 0.0375522 
0.556358 0.2282 
0.303851 0.500887 
0.0144371 0.525594 
0.165821 0.528803 
-0.624395 0.0145888 
-0.543966 0.202225 
0.514612 0.325185 
-0.628339 -0.0074798 
-0.605889 0.0804614 
-0.578003 0.144383 
-0.588258 0.123415 
-0.597574 0.102084 
-0.56804 0.162881 
-0.613152 0.0586229 
-0.558653 0.178997 
-0.48328 0.281238 
-0.451862 0.313868 
-0.436334 0.328413 
-0.388981 0.367669 
-0.371798 0.380301 
-0.315501 0.416743 
-0.421092 0.34183 
-0.295399 0.428133 
-0.231327 0.459559 
-0.253318 0.449561 
-0.208654 0.469067 
-0.136459 0.494361 
-0.0845637 0.50825 
-0.110895 0.50163 
-0.0293309 0.519374 
-0.353743 0.392772 
-0.16124 0.486494 
-0.523464 0.231584 
-0.334977 0.40493 
0.627594 0.0106597 
0.588634 0.143369 
-0.274679 0.439076 
-0.467583 0.298126 
0.398171 0.454391 
0.344617 0.484454 
0.502173 0.346475 
0.458439 0.403362 
0.470609 0.389753 
0.4927 0.360892 
0.442502 0.419221 
0.120701 0.530995 
0.0595624 0.529603 
0.26338 0.512971 
0.23645 0.519053 
-0.405305 0.35492 
0.604417 0.100726 
0.570387 0.190768 
0.615919 0.0646617 
0.579658 0.16662 
0.597122 0.120946 
0.422364 0.43663 
0.620668 0.0466324 
0.482186 0.375376 
0.624595 0.0285991 
0.610462 0.0826862 
0.561066 0.215531 
0.629608 -0.00724002 
0.528859 0.296778 
-0.185309 0.478049 
-0.619329 0.0366391 
0.29028 0.505366 
0.317553 0.495887 
-0.000425696 0.523738 
0.0293193 0.527188 
0.150812 0.529855 
0.180138 0.527486 
-0.0573696 0.514188 
0.551647 0.24087 
0.208606 0.5239 
0.54121 0.267999 
0.371121 0.470964 
0.0902626 0.530901 
-0.502171 0.259119 
ZONE T="boundary5"
-0.616937 -0.187107 
-0.63325 -0.0841728 
-0.633261 -0.0624128 
0.50247 -0.272412 
-0.629816 -0.127249 
-0.571144 -0.28399 
-0.580842 -0.269103 
-0.611321 -0.204295 
-0.604921 -0.221099 
-0.560632 -0.298155 
-0.622138 -0.168 
-0.626372 -0.148506 
-0.436671 -0.38495 
-0.452946 -0.379082 
0.384004 -0.329315 
-0.380702 -0.396836 
-0.360568 -0.398448 
0.560186 -0.217725 
0.598369 -0.161247 
-0.400687 -0.393932 
-0.418808 -0.390054 
0.610787 -0.134597 
-0.317136 -0.398102 
-0.271742 -0.393429 
-0.294519 -0.396224 
-0.468877 -0.372096 
-0.248337 -0.389839 
-0.224871 -0.385741 
0.43039 -0.313059 
0.418905 -0.317668 
-0.511858 -0.345947 
-0.498179 -0.355564 
-0.549371 -0.3115 
-0.524992 -0.335369 
-0.537499 -0.323886 
0.543234 -0.236579 
-0.483749 -0.364347 
-0.176328 -0.376626 
-0.200636 -0.381222 
-0.12561 -0.367652 
-0.150951 -0.371972 
-0.0989383 -0.363607 
0.604744 -0.148452 
-0.0723302 -0.360182 
-0.63214 -0.0405022 
-0.629892 -0.0185291 
0.628192 -0.0692316 
0.289362 -0.347285 
0.314301 -0.34412 
-0.589741 -0.253508 
-0.632104 -0.105802 
0.339182 -0.33994 
-0.0167935 -0.355161 
-0.0445067 -0.357306 
0.0120825 -0.353641 
0.0999219 -0.352373 
0.130491 -0.352541 
0.361653 -0.335157 
0.401546 -0.323878 
0.629989 -0.0516641 
0.479751 -0.287784 
0.455402 -0.301465 
0.52418 -0.254823 
0.533875 -0.245897 
0.630659 -0.0339435 
0.621227 -0.103632 
0.625283 -0.0864895 
0.630227 -0.0161828 
0.583953 -0.185685 
0.576006 -0.197306 
0.61611 -0.120328 
0.591384 -0.17373 
-0.597713 -0.237562 
0.256782 -0.350119 
0.192632 -0.352497 
0.224246 -0.351759 
0.16107 -0.352666 
0.0704072 -0.352384 
0.0408074 -0.352762 
-0.338903 -0.398872 
-0.633397 -0.0732946 
-0.576104 -0.276621 
-0.608222 -0.212737 
-0.565997 -0.291154 
-0.624381 -0.158282 
-0.444859 -0.38215 
-0.614232 -0.195736 
-0.370652 -0.397796 
-0.409783 -0.392141 
-0.427787 -0.387655 
-0.460972 -0.375724 
-0.236598 -0.387837 
-0.619662 -0.177589 
0.424665 -0.315409 
-0.505098 -0.350867 
-0.543533 -0.317788 
-0.518511 -0.340765 
-0.188481 -0.378919 
-0.531338 -0.329729 
-0.138285 -0.369762 
-0.11228 -0.365559 
-0.491038 -0.360075 
0.607858 -0.141564 
-0.63284 -0.0514519 
-0.631154 -0.029503 
0.301844 -0.34582 
-0.585402 -0.261371 
-0.631104 -0.116543 
-0.390724 -0.395551 
0.326761 -0.342164 
-0.0306525 -0.356146 
-0.0856402 -0.361815 
-0.00235404 -0.354314 
0.115206 -0.352447 
0.350441 -0.337671 
0.392802 -0.326688 
0.372862 -0.332371 
-0.476378 -0.368344 
0.513516 -0.263854 
0.538599 -0.241283 
0.629233 -0.060462 
0.410259 -0.320869 
0.623396 -0.0950937 
0.551879 -0.227305 
0.630578 -0.0250598 
-0.21275 -0.383503 
0.580043 -0.191536 
0.601635 -0.154888 
0.613547 -0.127498 
0.59495 -0.167529 
0.618803 -0.112021 
-0.593831 -0.245589 
0.630464 -0.0428088 
0.626878 -0.0778838 
0.529072 -0.250408 
-0.601418 -0.229376 
-0.62824 -0.137903 
-0.305822 -0.397287 
-0.283122 -0.394926 
-0.163643 -0.374269 
-0.63282 -0.094997 
0.273082 -0.348869 
-0.260031 -0.391709 
0.208438 -0.352216 
0.240516 -0.351068 
0.145779 -0.352624 
0.0851658 -0.352344 
0.0556104 -0.352516 
-0.0584216 -0.358653 
0.0264441 -0.35313 
0.176847 -0.352636 
-0.555106 -0.304917 
-0.32802 -0.398626 
-0.349744 -0.398819 
0.491272 -0.280338 
0.467715 -0.294872 
0.443003 -0.307495 
0.587735 -0.17975 
0.568287 -0.207665 
