ZONE T="boundary0"
-4 -1 
-4 -0.217424 
-4 -0.0536292 
-4 -0.167429 
-4 0.595451 
-4 0.0859775 
-4 0.122518 
-4 1 
-4 0.0494368 
-4 0.25952 
-4 0.159059 
-4 0.392021 
-4 0.460601 
-4 0.1956 
-4 0.32344 
-4 0.29148 
-4 -0.574875 
-4 -0.496045 
-4 -0.342317 
-4 -0.787438 
-4 0.797725 
-4 -0.681157 
-4 0.22756 
-4 -0.26742 
-4 -0.417214 
-4 -0.110529 
-4 0.104248 
-4 -0.00209619 
-4 -0.192426 
-4 0.140789 
-4 0.426311 
-4 0.35773 
-4 0.2755 
-4 0.528026 
-4 -0.53546 
-4 0.898863 
-4 -0.628016 
-4 -0.734297 
-4 0.30746 
-4 0.21158 
-4 0.24354 
-4 0.177329 
-4 0.0677072 
-4 -0.242422 
-4 -0.304869 
-4 -0.379766 
-4 -0.456629 
-4 0.696588 
-4 -0.893719 
ZONE T="boundary1"
1.17522 1 
1.07039 1 
0.287792 1 
0.16495 1 
0.781414 1 
0.686389 1 
-0.511474 1 
-1.25406 1 
-1.16027 1 
0.876438 1 
0.369598 1 
-0.263955 1 
-0.338931 1 
3.39702 1 
-1.85299 1 
-2.02201 1 
-2.84851 1 
-3.76518 1 
-4 1 
3.77044 1 
-3.12563 1 
2.47246 1 
2.20141 1 
2.99833 1 
2.7435 1 
1.76516 1 
3.25317 1 
0.0954068 1 
-0.413907 1 
-0.0473731 1 
-0.609041 1 
0.0258633 1 
-0.120609 1 
-0.192282 1 
-0.726195 1 
0.568897 1 
0.451405 1 
-0.843348 1 
-0.784771 1 
0.973415 1 
4 1 
-1.06648 1 
-1.42776 1 
1.64112 1 
1.51707 1 
-0.899131 1 
1.39856 1 
1.28004 1 
3.54087 1 
1.98329 1 
-2.61501 1 
-1.68397 1 
-3.53036 1 
-2.38151 1 
-2.20176 1 
-3.328 1 
-0.954915 1 
-1.0107 1 
-1.55586 1 
1.1228 1 
0.226371 1 
0.733902 1 
-1.20716 1 
0.828926 1 
0.328695 1 
-0.301443 1 
-1.9375 1 
-3.88259 1 
2.33693 1 
2.87092 1 
3.12575 1 
-0.376419 1 
-0.0839913 1 
-0.156446 1 
-0.228119 1 
-0.667618 1 
0.510151 1 
-0.560258 1 
-0.814059 1 
0.627643 1 
0.924927 1 
1.0219 1 
0.410502 1 
3.88522 1 
-1.11338 1 
-1.34091 1 
1.5791 1 
1.45781 1 
1.3393 1 
3.65565 1 
-2.98707 1 
-2.73176 1 
-1.76848 1 
1.87423 1 
-2.29163 1 
2.09235 1 
-3.22682 1 
-3.42918 1 
-2.11188 1 
-2.49826 1 
2.60798 1 
3.46894 1 
3.32509 1 
0.130178 1 
-0.0107549 1 
0.0606351 1 
-0.462691 1 
-0.927023 1 
-0.755483 1 
-0.871239 1 
-1.03859 1 
-1.49181 1 
1.22763 1 
-3.64777 1 
-1.61992 1 
1.70314 1 
-0.982807 1 
ZONE T="boundary2"
4 -0.332417 
4 -0.480871 
4 -0.406644 
4 -0.593788 
4 -0.706704 
4 -0.258767 
4 0.235304 
4 0.305033 
4 -0.853352 
4 0.77671 
4 -0.186273 
4 0.353619 
4 0.402205 
4 -0.0980798 
4 -0.00988702 
4 0.553421 
4 0.477813 
4 0.133363 
4 -1 
4 0.665065 
4 1 
4 0.0617379 
4 -0.443757 
4 -0.650246 
4 -0.295592 
4 -0.537329 
4 0.270168 
4 -0.22252 
4 0.377912 
4 -0.36953 
4 -0.0539834 
4 0.515617 
4 0.329326 
4 -0.142176 
4 0.184333 
4 -0.926676 
4 -0.780028 
4 0.609243 
4 0.720888 
4 0.888355 
4 0.440009 
4 0.0975503 
4 0.0259254 
ZONE T="boundary3"
-3.79991 -1 
-4 -1 
-1.57379 -1 
-1.48855 -1 
-1.82949 -1 
0.010483 -1 
-0.0629987 -1 
1.11192 -1 
1.21539 -1 
0.198713 -1 
0.305891 -1 
-0.710604 -1 
0.652709 -1 
0.532889 -1 
-2.22227 -1 
-2.40141 -1 
3.66153 -1 
-0.216561 -1 
-0.13978 -1 
-1.3749 -1 
1.63614 -1 
1.77386 -1 
2.32828 -1 
2.55175 -1 
2.74403 -1 
3.32305 -1 
-2.58055 -1 
-2.7616 -1 
-2.02588 -1 
0.413069 -1 
-0.289861 -1 
0.141339 -1 
0.778262 -1 
4 -1 
0.0839647 -1 
-0.866294 -1 
-0.788449 -1 
-0.509764 -1 
-0.610184 -1 
1.31887 -1 
1.49842 -1 
1.00787 -1 
-0.436463 -1 
-0.363162 -1 
0.903815 -1 
1.91247 -1 
-1.65902 -1 
-1.26126 -1 
-1.15761 -1 
-1.05396 -1 
-0.960127 -1 
3.12968 -1 
2.18968 -1 
2.05107 -1 
2.93631 -1 
-3.29184 -1 
-3.59983 -1 
-3.11725 -1 
-2.94265 -1 
1.84317 -1 
-3.89996 -1 
-1.53117 -1 
-0.0262579 -1 
1.16366 -1 
0.252302 -1 
0.592799 -1 
-2.31184 -1 
-0.17817 -1 
1.705 -1 
2.64789 -1 
3.49229 -1 
-2.67107 -1 
0.35948 -1 
0.472979 -1 
0.170026 -1 
0.715485 -1 
0.112652 -1 
0.0472237 -1 
3.83076 -1 
-0.749526 -1 
-0.559974 -1 
1.40864 -1 
1.56728 -1 
1.26713 -1 
-0.399813 -1 
0.841038 -1 
-0.827372 -1 
-1.92769 -1 
-1.20943 -1 
-1.43173 -1 
-1.31808 -1 
-1.10578 -1 
1.05989 -1 
-1.00704 -1 
-0.913211 -1 
3.22637 -1 
2.25898 -1 
2.12038 -1 
2.44002 -1 
3.033 -1 
-2.12408 -1 
-3.44584 -1 
-2.49098 -1 
-3.20455 -1 
-2.85213 -1 
2.84017 -1 
-3.69987 -1 
-3.02995 -1 
-0.101389 -1 
-0.253211 -1 
-0.473113 -1 
-0.326512 -1 
-0.660394 -1 
-1.61641 -1 
0.955841 -1 
1.87782 -1 
1.98177 -1 
1.80851 -1 
-1.74426 -1 
ZONE T="boundary4"
-0.162496 0.523207 
-0.134509 0.528969 
-0.19015 0.516135 
-0.321762 0.462376 
-0.633784 0.0123653 
-0.632548 0.0365685 
-0.589797 0.184191 
-0.516789 0.299706 
-0.502875 0.316414 
-0.629581 0.0610119 
-0.624894 0.0856457 
-0.600887 0.159734 
-0.618517 0.110367 
-0.610495 0.135089 
-0.57733 0.208416 
-0.554724 0.246724 
-0.566352 0.227765 
-0.542731 0.264843 
0.00703832 0.536679 
0.0351036 0.533766 
-0.345586 0.448706 
-0.368793 0.434058 
0.318209 0.391601 
0.294646 0.41314 
-0.530079 0.28252 
-0.0212961 0.538066 
-0.473733 0.347932 
-0.488574 0.332416 
-0.426262 0.391415 
-0.409032 0.405231 
-0.458611 0.36273 
-0.443012 0.377037 
-0.389189 0.420019 
0.0628996 0.529294 
0.090368 0.523231 
-0.244329 0.498181 
-0.21747 0.507773 
-0.270716 0.487382 
-0.0779861 0.536375 
-0.0496266 0.537951 
-0.106347 0.533365 
-0.296526 0.475441 
0.544553 0.15507 
0.564086 0.133805 
0.270769 0.433022 
0.478662 0.22132 
0.456075 0.244899 
0.501457 0.198411 
0.410403 0.294698 
0.433193 0.26966 
0.38758 0.319746 
0.117559 0.515509 
0.144287 0.506126 
0.246463 0.451181 
0.196378 0.482184 
0.22164 0.467593 
0.170546 0.495041 
0.341442 0.368697 
0.52321 0.176816 
0.633704 0.0161405 
0.598868 0.088709 
0.582466 0.111584 
0.61291 0.0652986 
0.640189 -0.00938997 
0.643981 -0.0352735 
0.624576 0.0410837 
0.364559 0.344601 
-0.148534 0.526256 
-0.633381 0.0244784 
-0.509907 0.308122 
-0.62744 0.0733678 
-0.595501 0.172035 
-0.6219 0.0980567 
-0.605864 0.147479 
-0.61469 0.122788 
-0.560618 0.237293 
-0.571925 0.218138 
-0.583706 0.196377 
-0.548808 0.255836 
0.0210931 0.535416 
-0.357267 0.441504 
0.306534 0.402501 
-0.536488 0.27374 
-0.481219 0.340236 
-0.495793 0.324476 
-0.417705 0.398395 
-0.45087 0.369946 
-0.379057 0.427134 
-0.434697 0.384296 
0.0766781 0.526463 
-0.230953 0.503131 
-0.203857 0.512113 
-0.176362 0.519834 
-0.333747 0.455667 
-0.0638132 0.537343 
-0.035459 0.538193 
-0.120452 0.531339 
-0.523514 0.291173 
-0.466233 0.355392 
-0.39918 0.412718 
-0.309216 0.469048 
0.554433 0.14454 
0.282823 0.423236 
0.467318 0.233037 
0.490029 0.209814 
0.421795 0.282164 
-0.0921822 0.535047 
0.399007 0.307231 
0.0490347 0.531728 
0.130992 0.511024 
0.209114 0.475086 
0.183555 0.488817 
0.258733 0.442276 
-0.257583 0.492931 
0.329914 0.38025 
0.512349 0.187614 
0.590882 0.100307 
0.606141 0.0771607 
0.642418 -0.0222775 
0.637275 0.00346434 
0.53395 0.166002 
-0.283687 0.481556 
0.10402 0.519575 
-0.631274 0.0488163 
0.234164 0.459577 
0.157498 0.50079 
0.573445 0.122836 
-0.00711627 0.537563 
0.376108 0.332211 
0.353066 0.356718 
0.444602 0.257233 
0.629452 0.028733 
0.619028 0.0533359 
ZONE T="boundary5"
0.180363 -0.426893 
-0.295711 -0.345512 
-0.267085 -0.353972 
0.400193 -0.391101 
0.0143629 -0.414457 
0.0419905 -0.418098 
-0.567124 -0.184184 
-0.559427 -0.19353 
-0.452554 -0.280999 
-0.633784 0.0123653 
0.291546 -0.418694 
0.263856 -0.422324 
-0.463823 -0.274287 
-0.474893 -0.267252 
-0.621329 -0.0806932 
-0.61388 -0.102719 
-0.604706 -0.124151 
-0.593831 -0.144913 
-0.581291 -0.164937 
-0.631034 -0.0350371 
-0.551398 -0.202608 
-0.209778 -0.369361 
-0.238368 -0.361912 
-0.351582 -0.326898 
-0.0685494 -0.400664 
-0.0965404 -0.395175 
-0.124461 -0.389335 
-0.040895 -0.405699 
-0.152826 -0.383049 
-0.181133 -0.376427 
-0.515709 -0.236809 
-0.495934 -0.252519 
0.63983 -0.113264 
-0.534223 -0.220159 
0.633723 -0.138896 
0.498412 -0.33899 
0.519934 -0.321942 
0.426035 -0.380561 
-0.391384 -0.311241 
-0.371578 -0.319338 
0.615467 -0.189249 
0.603673 -0.213849 
-0.410329 -0.30282 
-0.428986 -0.293759 
0.152594 -0.426582 
0.12484 -0.42548 
0.236033 -0.424847 
-0.63328 -0.0115192 
0.0971865 -0.42366 
-0.627051 -0.058106 
0.0695328 -0.421176 
-0.0131497 -0.410327 
0.208193 -0.426342 
0.346446 -0.407717 
0.319175 -0.413842 
0.373543 -0.400158 
0.451306 -0.368306 
0.463441 -0.361636 
0.530221 -0.312741 
-0.323744 -0.336574 
0.475345 -0.354536 
0.540116 -0.30313 
0.643686 -0.0873686 
0.558606 -0.282764 
0.575296 -0.260969 
0.625542 -0.164236 
0.642051 -0.100344 
0.645116 -0.0613378 
0.644875 -0.0482688 
0.643981 -0.0352735 
0.590288 -0.237859 
-0.281416 -0.349812 
0.0281655 -0.416343 
-0.563317 -0.188891 
0.277717 -0.420653 
-0.469384 -0.270811 
-0.61782 -0.0917774 
-0.224084 -0.365686 
-0.25274 -0.358001 
-0.0825548 -0.397965 
-0.0547321 -0.40323 
-0.138653 -0.386234 
-0.166989 -0.379779 
-0.485524 -0.260045 
-0.542957 -0.211523 
-0.555452 -0.198103 
0.637041 -0.12614 
0.50934 -0.330677 
0.413195 -0.386031 
-0.381509 -0.315361 
-0.458212 -0.277683 
0.60976 -0.20164 
-0.440853 -0.287535 
-0.400889 -0.307106 
-0.419698 -0.298373 
0.13871 -0.426126 
-0.11051 -0.392297 
0.249954 -0.423719 
-0.63375 0.000419373 
0.111004 -0.424656 
-0.624409 -0.0694537 
0.055751 -0.419708 
0.00059543 -0.41245 
0.166474 -0.426841 
0.194278 -0.42673 
0.332846 -0.410947 
0.386932 -0.395822 
0.305386 -0.416425 
0.438772 -0.374645 
0.525124 -0.317394 
-0.309751 -0.341125 
0.469425 -0.358139 
0.549575 -0.293141 
0.620715 -0.176826 
0.642943 -0.0938647 
0.641012 -0.106816 
0.487025 -0.34698 
0.644713 -0.074366 
0.457402 -0.365023 
-0.361603 -0.32318 
0.64451 -0.0417642 
-0.0270331 -0.408067 
0.535218 -0.307987 
0.645077 -0.0548007 
-0.195465 -0.372939 
0.0833495 -0.422496 
0.222116 -0.425717 
0.360043 -0.404119 
0.629869 -0.151641 
-0.599471 -0.134636 
-0.629263 -0.0466085 
-0.525097 -0.228625 
-0.609504 -0.113523 
-0.505942 -0.244812 
-0.632378 -0.0232981 
0.567176 -0.272037 
-0.587753 -0.155043 
-0.574386 -0.174689 
0.583002 -0.24955 
0.597167 -0.22596 
-0.337695 -0.331836 
