ZONE T="boundary0"
-4 0.291031 
-4 0.328788 
-4 0.204268 
-4 0.155262 
-4 -0.657444 
-4 0.666047 
-4 0.833024 
-4 0.253274 
-4 0.0960935 
-4 0.0369255 
-4 -0.0485012 
-4 -0.133928 
-4 0.379093 
-4 -0.245952 
-4 -0.18994 
-4 -0.301313 
-4 -0.356673 
-4 -0.431866 
-4 -0.507059 
-4 0.547723 
-4 0.429398 
-4 -1 
-4 -0.828722 
-4 1 
-4 0.309909 
-4 0.749536 
-4 0.272152 
-4 0.179765 
-4 0.125678 
-4 0.0665095 
-4 -0.00578783 
-4 -0.217946 
-4 -0.161934 
-4 -0.328993 
-4 -0.39427 
-4 -0.469463 
-4 -0.582252 
-4 0.606885 
-4 -0.743083 
-4 -0.914361 
-4 0.48856 
-4 0.35394 
-4 0.228771 
-4 -0.273632 
-4 -0.0912145 
-4 0.404245 
-4 0.916512 
ZONE T="boundary1"
-0.210647 1 
-0.269352 1 
1.15985 1 
1.09357 1 
-0.0831534 1 
0.721061 1 
0.78187 1 
0.168574 1 
0.109349 1 
-0.476069 1 
-1.48461 1 
0.346828 1 
0.84268 1 
0.903698 1 
-1.01525 1 
-1.13841 1 
3.02666 1 
-2.57467 1 
-1.75806 1 
-3.05252 1 
-3.24515 1 
-2.02376 1 
4 1 
3.53152 1 
-2.85989 1 
-2.28945 1 
2.63884 1 
3.27909 1 
1.58536 1 
0.595764 1 
-0.151942 1 
-0.400894 1 
0.287314 1 
0.227799 1 
0.408469 1 
0.470111 1 
-0.551243 1 
0.047492 1 
-0.0143648 1 
0.964717 1 
-0.335123 1 
-0.656038 1 
-0.760832 1 
1.02914 1 
1.38282 1 
1.22613 1 
-0.824437 1 
1.65689 1 
-0.951649 1 
-1.26157 1 
-0.888043 1 
-1.37309 1 
-1.89091 1 
3.76576 1 
2.43549 1 
2.0518 1 
1.87147 1 
2.23213 1 
-3.57032 1 
1.72842 1 
-4 1 
-3.78516 1 
-0.24 1 
1.12671 1 
0.751466 1 
0.138961 1 
0.873189 1 
-1.07683 1 
-3.14884 1 
-2.71728 1 
-2.43206 1 
2.83275 1 
-0.117548 1 
0.198186 1 
0.317071 1 
0.257556 1 
-0.438481 1 
0.377649 1 
0.532937 1 
0.658413 1 
0.43929 1 
0.812275 1 
0.0165636 1 
0.934208 1 
-0.0487591 1 
-0.302237 1 
-0.181295 1 
-0.60364 1 
-0.708435 1 
1.06135 1 
1.30447 1 
-0.792635 1 
1.62113 1 
-1.19999 1 
-1.42885 1 
1.48409 1 
-1.62134 1 
-1.95733 1 
3.88288 1 
3.15288 1 
2.53716 1 
1.96164 1 
3.4053 1 
-3.40774 1 
-2.9562 1 
3.64864 1 
-2.1566 1 
-1.82449 1 
0.0784204 1 
0.99693 1 
-0.368008 1 
1.19299 1 
-0.983452 1 
-0.919846 1 
2.33381 1 
2.14197 1 
1.69265 1 
1.79995 1 
-3.67774 1 
-3.89258 1 
-1.31733 1 
-0.513656 1 
-0.85624 1 
ZONE T="boundary2"
4 -0.559264 
4 -0.462615 
4 -0.114016 
4 -0.301003 
4 0.213648 
4 0.274579 
4 0.0186367 
4 -0.827957 
4 0.769912 
4 1 
4 0.355312 
4 0.314945 
4 -0.329027 
4 -0.179486 
4 0.0856769 
4 0.152717 
4 -0.655914 
4 -1 
4 0.654867 
4 -0.244956 
4 -0.357051 
4 0.447567 
4 0.40144 
4 0.539823 
4 -0.409833 
4 -0.51094 
4 0.244113 
4 0.884956 
4 0.335129 
4 0.294762 
4 -0.315015 
4 -0.0476895 
4 0.119197 
4 -0.607589 
4 -0.913978 
4 -0.27298 
4 -0.343039 
4 -0.212221 
4 -0.146751 
4 0.183183 
4 0.0521568 
4 0.378376 
4 0.424504 
4 0.493695 
4 0.597345 
4 0.712389 
4 -0.741935 
4 -0.383442 
4 -0.436224 
ZONE T="boundary3"
-1.31336 -1 
-1.38533 -1 
1.5405 -1 
1.39559 -1 
-0.812381 -1 
0.817608 -1 
0.253072 -1 
0.132473 -1 
3.82202 -1 
-0.345556 -1 
-0.253514 -1 
0.438316 -1 
-3.30418 -1 
-3.73807 -1 
-3.14651 -1 
1.97899 -1 
1.81379 -1 
-2.98884 -1 
-2.59436 -1 
-1.4573 -1 
-2.14712 -1 
-1.77612 -1 
3.28809 -1 
3.64405 -1 
-0.459005 -1 
-0.207493 -1 
-0.572454 -1 
-0.161472 -1 
-0.938116 -1 
0.0118748 -1 
-0.692417 -1 
0.0721741 -1 
-4 -1 
-1.06385 -1 
-1.61671 -1 
0.663949 -1 
0.551132 -1 
0.971267 -1 
1.11097 -1 
1.25067 -1 
2.14419 -1 
-1.1886 -1 
3.06639 -1 
-2.37074 -1 
-1.96162 -1 
2.47687 -1 
4 -1 
2.66078 -1 
2.84468 -1 
-0.0747987 -1 
1.67715 -1 
-1.34934 -1 
1.46805 -1 
0.192773 -1 
-0.299535 -1 
0.345694 -1 
-3.52113 -1 
1.89639 -1 
-2.7916 -1 
3.46607 -1 
-0.230504 -1 
-0.184483 -1 
-0.875249 -1 
-0.752399 -1 
-3.86904 -1 
-1.42132 -1 
-1.53701 -1 
-3.06767 -1 
0.740778 -1 
0.607541 -1 
0.494724 -1 
1.04112 -1 
1.32313 -1 
2.06159 -1 
-1.00098 -1 
-1.69642 -1 
-3.22535 -1 
3.17724 -1 
0.894437 -1 
-2.48255 -1 
-2.05437 -1 
-2.25893 -1 
-1.86887 -1 
3.91101 -1 
3.73303 -1 
2.31053 -1 
2.56883 -1 
-0.402281 -1 
-0.515729 -1 
-0.118135 -1 
-0.031462 -1 
0.102324 -1 
0.0420244 -1 
-0.632436 -1 
-1.12623 -1 
-1.25098 -1 
1.18082 -1 
2.95553 -1 
1.60882 -1 
1.74547 -1 
2.75273 -1 
ZONE T="boundary4"
-0.636969 0.299024 
-0.646874 0.274347 
0.760977 0.434558 
0.752987 0.449223 
0.264266 0.0156544 
-0.673233 0.0919326 
-0.671459 0.0745261 
0.679722 0.140084 
0.724564 0.488882 
0.714239 0.500361 
0.734703 0.476347 
-0.674238 0.109359 
-0.674473 0.127343 
-0.673877 0.145732 
-0.672455 0.164007 
-0.656235 0.24597 
-0.660199 0.231656 
0.773915 0.403505 
0.778794 0.386682 
-0.667282 0.199986 
-0.663714 0.217226 
0.78377 0.316714 
0.297636 0.0142717 
-0.670174 0.182578 
-0.599297 0.36899 
-0.583817 0.391603 
-0.613088 0.346383 
-0.549083 0.434688 
-0.52991 0.455056 
-0.510213 0.473999 
-0.489522 0.492055 
-0.46701 0.509849 
0.735719 0.201838 
0.72459 0.187294 
-0.443537 0.52661 
-0.567072 0.413511 
-0.391473 0.558302 
-0.254253 0.615128 
-0.282286 0.606038 
-0.337538 0.584602 
-0.309975 0.59592 
-0.224846 0.623541 
-0.417975 0.54304 
-0.163443 0.637879 
-0.13153 0.643835 
0.592475 0.0783077 
0.618392 0.0936501 
0.702095 0.161745 
0.690994 0.1506 
0.643785 0.110949 
0.482679 0.0339128 
0.74614 0.217037 
0.371923 0.015538 
0.331484 0.0139694 
0.668083 0.129969 
0.771146 0.265198 
0.764008 0.24875 
0.572391 0.0678422 
0.552071 0.0584054 
0.51728 0.0447112 
0.712758 0.173303 
0.744158 0.463202 
0.755675 0.232792 
-0.625587 0.323222 
0.436018 0.63727 
0.488465 0.62436 
0.462334 0.631223 
0.378278 0.647934 
0.407218 0.643004 
0.78232 0.369329 
0.680915 0.531121 
0.767959 0.419371 
0.638888 0.560816 
0.576853 0.59315 
0.533406 0.610229 
0.555954 0.60184 
0.597552 0.583555 
0.125439 0.665035 
0.0859915 0.66434 
0.0476796 0.662859 
0.00935549 0.660549 
-0.0632847 0.653696 
0.24215 0.662134 
0.278008 0.659651 
0.346085 0.652542 
0.703389 0.511302 
-0.0269783 0.657548 
0.776818 0.281824 
0.780998 0.298687 
0.784323 0.352176 
0.784848 0.334671 
0.618398 0.572748 
0.447827 0.0256286 
-0.364589 0.57215 
-0.195197 0.630972 
0.313788 0.656332 
0.41355 0.0198061 
-0.0974497 0.649216 
0.203528 0.663938 
0.164848 0.664896 
0.670705 0.539103 
0.660236 0.546735 
-0.642104 0.286758 
0.757102 0.441959 
-0.672442 0.0832181 
0.719472 0.494687 
0.729718 0.482686 
-0.674457 0.118348 
-0.67428 0.13654 
-0.673268 0.154876 
-0.658273 0.238828 
0.776521 0.395146 
-0.665581 0.208623 
-0.673832 0.100639 
0.280925 0.0148537 
-0.591706 0.380398 
-0.606341 0.357776 
-0.539626 0.444993 
-0.668816 0.191296 
-0.520177 0.464647 
-0.478376 0.50109 
0.730247 0.194497 
-0.455376 0.518371 
-0.575587 0.402665 
-0.268309 0.610708 
-0.323814 0.590401 
-0.239585 0.619461 
-0.404816 0.55083 
-0.147505 0.64097 
0.605553 0.0857777 
0.696599 0.156122 
0.63123 0.102094 
0.741033 0.209368 
-0.671418 0.173304 
0.314539 0.013959 
0.656096 0.120256 
-0.65179 0.260235 
0.767736 0.256907 
0.582493 0.0729591 
0.562283 0.0630088 
0.534799 0.0512337 
0.718758 0.180229 
0.739525 0.469845 
0.759975 0.240702 
0.751025 0.224844 
0.74868 0.456283 
-0.619493 0.334886 
0.475427 0.627898 
0.392764 0.645564 
0.771082 0.411496 
0.544719 0.60614 
0.587251 0.588461 
0.0668344 0.6637 
0.260087 0.660993 
-0.0451403 0.655733 
0.764599 0.427028 
0.779093 0.290213 
0.782595 0.307672 
0.784778 0.343433 
0.784515 0.325684 
0.783502 0.360777 
0.708878 0.505896 
0.774157 0.273454 
0.500069 0.039005 
0.465314 0.0294741 
0.608037 0.578274 
0.628719 0.566914 
0.566444 0.597595 
-0.499976 0.483151 
-0.37811 0.565379 
-0.35113 0.578521 
-0.210049 0.627374 
-0.179345 0.634549 
0.421639 0.640242 
0.449198 0.634344 
-0.63145 0.311204 
0.430723 0.0224477 
-0.558214 0.424214 
-0.296178 0.601111 
0.511047 0.617658 
-0.00881713 0.659151 
0.0285141 0.66181 
0.295909 0.6581 
0.329948 0.654534 
-0.0803788 0.651563 
0.222846 0.663144 
0.362197 0.650345 
-0.114506 0.646643 
0.392752 0.0173106 
0.35169 0.0144627 
0.145146 0.66507 
0.105716 0.664792 
0.184193 0.66452 
0.780738 0.378046 
-0.662013 0.224454 
0.707482 0.167471 
0.673948 0.134977 
0.685404 0.145291 
0.675842 0.535157 
0.649667 0.553938 
0.69236 0.521454 
0.665502 0.542962 
-0.430858 0.534983 
ZONE T="boundary5"
-0.541401 -0.188695 
-0.528593 -0.202111 
-0.614023 -0.0911406 
-0.454494 -0.264302 
-0.466361 -0.256121 
-0.554545 -0.173997 
-0.478425 -0.247082 
-0.490255 -0.237535 
-0.588681 -0.130466 
-0.597143 -0.118162 
-0.43135 -0.278186 
-0.63769 -0.0450657 
-0.253977 -0.288247 
-0.643526 -0.0313963 
-0.567278 -0.158754 
-0.57817 -0.144819 
-0.181716 -0.21754 
0.264266 0.0156544 
0.246318 0.0167011 
-0.671459 0.0745261 
-0.515467 -0.215014 
-0.4424 -0.271899 
-0.265087 -0.293554 
-0.326291 -0.306386 
-0.348287 -0.30533 
-0.336477 -0.306234 
-0.306258 -0.304906 
-0.605296 -0.105568 
-0.375463 -0.30039 
-0.39074 -0.295913 
-0.28644 -0.300947 
-0.420122 -0.283932 
-0.316229 -0.305945 
-0.29647 -0.303276 
-0.276672 -0.297995 
-0.360215 -0.303645 
-0.241907 -0.281181 
-0.40552 -0.290438 
-0.229694 -0.272462 
-0.217965 -0.262363 
-0.208128 -0.252389 
-0.19858 -0.241224 
-0.18961 -0.229278 
-0.662311 0.0257368 
-0.65822 0.0106765 
-0.173812 -0.204646 
-0.165416 -0.189811 
-0.156605 -0.173299 
-0.665965 0.0415872 
-0.653809 -0.00350826 
-0.0982415 -0.0755125 
-0.0852727 -0.0603196 
-0.64892 -0.017497 
-0.630267 -0.0608897 
-0.622298 -0.0763666 
0.191973 0.0202325 
0.172362 0.021292 
-0.0698642 -0.0449291 
-0.124313 -0.113575 
-0.137136 -0.136177 
-0.502994 -0.226522 
0.2285 0.017856 
-0.0530824 -0.0309091 
-0.03482 -0.01833 
0.0694793 0.018153 
0.112317 0.0219129 
0.132737 0.0222992 
0.0911092 0.0206185 
-0.147044 -0.15491 
0.2102 0.0190767 
-0.669023 0.0578139 
0.0480028 0.0143355 
-0.0156131 -0.0075937 
0.152771 0.0220278 
0.0264539 0.00888375 
0.00520383 0.00163558 
-0.110067 -0.0914467 
-0.535045 -0.195459 
-0.460464 -0.260275 
-0.484376 -0.242363 
-0.592953 -0.124346 
-0.640663 -0.0382571 
-0.560972 -0.166435 
-0.58348 -0.137689 
-0.572774 -0.151833 
0.255285 0.0161586 
-0.436904 -0.275105 
-0.259485 -0.291013 
-0.342387 -0.305878 
-0.472431 -0.251663 
-0.609717 -0.0983933 
-0.601262 -0.111897 
-0.383134 -0.298293 
-0.425764 -0.281125 
-0.311234 -0.305501 
-0.301351 -0.304166 
-0.281533 -0.299551 
-0.367861 -0.302165 
-0.291436 -0.302193 
-0.270839 -0.295892 
-0.247872 -0.284853 
-0.321255 -0.30624 
-0.412862 -0.287303 
-0.331382 -0.306384 
-0.448484 -0.268171 
-0.35426 -0.304582 
-0.223731 -0.267555 
-0.203273 -0.246904 
-0.185607 -0.22347 
-0.660336 0.0181857 
-0.169566 -0.197278 
-0.664216 0.033642 
-0.177711 -0.211146 
-0.656076 0.00356299 
-0.160982 -0.181594 
-0.091892 -0.0677952 
-0.651423 -0.0105256 
-0.626351 -0.0686673 
0.182164 0.0207942 
-0.646281 -0.0244715 
-0.0777284 -0.0524525 
-0.130856 -0.124817 
-0.50927 -0.220821 
0.237402 0.0172695 
-0.0616229 -0.0377194 
-0.0440888 -0.0243973 
-0.212966 -0.257479 
0.122524 0.0222002 
0.0802824 0.0195427 
-0.142136 -0.145536 
-0.151829 -0.164127 
0.101706 0.0213912 
0.201082 0.0196686 
0.219345 0.0184681 
-0.548029 -0.181406 
-0.235714 -0.276971 
-0.398168 -0.293302 
-0.194021 -0.235334 
-0.496665 -0.232087 
0.0587151 0.0164251 
-0.670329 0.0661554 
-0.522077 -0.208621 
-0.667577 0.0496831 
-0.618221 -0.0837921 
-0.634051 -0.0530156 
-0.025331 -0.0127345 
0.162566 0.0217089 
0.142752 0.022234 
0.0371846 0.0118185 
-0.00529563 -0.0027328 
-0.104278 -0.0833829 
0.0157603 0.00548823 
-0.117381 -0.102398 
