ZONE T="boundary0"
-4 -1 
-4 -0.73732 
-4 -0.0071325 
-4 0.362378 
-4 0.327284 
-4 0.0591592 
-4 0.40857 
-4 0.83018 
-4 0.66036 
-4 0.125451 
-4 -0.087197 
-4 0.557561 
-4 0.454763 
-4 1 
-4 0.222 
-4 0.292189 
-4 -0.227646 
-4 -0.381335 
-4 -0.167261 
-4 -0.60598 
-4 -0.288031 
-4 0.257094 
-4 0.173725 
-4 -0.47464 
-4 -0.86866 
-4 0.344831 
-4 0.0260133 
-4 0.385474 
-4 0.74527 
-4 -0.0471647 
-4 0.506162 
-4 0.608961 
-4 0.431666 
-4 -0.127229 
-4 -0.67165 
-4 0.91509 
-4 -0.257838 
-4 -0.197454 
-4 0.309736 
-4 0.239547 
-4 0.197863 
-4 0.274642 
-4 0.149588 
-4 0.092305 
-4 -0.427987 
-4 -0.334683 
-4 -0.54031 
ZONE T="boundary1"
3.70643 1 
4 1 
-0.761359 1 
0.771248 1 
-0.416186 1 
-0.974045 1 
-1.08099 1 
0.194454 1 
0.278129 1 
3.01769 1 
-1.18793 1 
-1.3011 1 
-1.83272 1 
3.55965 1 
3.41287 1 
-2.80227 1 
-2.59285 1 
1.43364 1 
1.88946 1 
1.70074 1 
-3.62478 1 
-4 1 
2.07819 1 
2.80033 1 
2.58297 1 
-3.1793 1 
-3.40204 1 
-2.99079 1 
-2.38342 1 
-0.346053 1 
0.510057 1 
0.394093 1 
-0.105249 1 
-0.535117 1 
-0.654047 1 
-0.184632 1 
-0.27592 1 
-0.230276 1 
0.110778 1 
0.0424557 1 
-0.868672 1 
-0.025867 1 
0.640652 1 
-1.41427 1 
0.89028 1 
-1.54087 1 
-1.66747 1 
1.11666 1 
1.224 1 
1.00931 1 
1.32882 1 
1.56719 1 
-1.99796 1 
2.45677 1 
2.33058 1 
-2.19069 1 
-0.594582 1 
3.85322 1 
-1.24451 1 
3.63304 1 
3.48626 1 
-2.69756 1 
1.7951 1 
-3.81239 1 
2.69165 1 
3.21528 1 
-3.29067 1 
-3.08504 1 
0.452075 1 
-0.475652 1 
-0.38112 1 
-0.253098 1 
-0.207454 1 
0.076617 1 
-0.707703 1 
-0.815016 1 
-0.921358 1 
0.00829435 1 
0.236291 1 
0.152616 1 
0.575355 1 
-1.13446 1 
-1.02752 1 
0.336111 1 
-1.35768 1 
0.70595 1 
0.830764 1 
-1.47757 1 
1.17033 1 
1.38123 1 
1.63396 1 
1.50041 1 
1.27641 1 
1.06298 1 
2.90901 1 
-1.75009 1 
2.39368 1 
-2.09433 1 
-2.28705 1 
-3.51341 1 
2.51987 1 
1.98382 1 
-2.89653 1 
-0.310987 1 
-0.564849 1 
-0.624315 1 
-0.144941 1 
-0.0655582 1 
-1.60417 1 
0.949796 1 
2.20438 1 
-1.91534 1 
-2.48813 1 
ZONE T="boundary2"
4 -0.703108 
4 -1 
4 0.0253195 
4 0.24482 
4 1 
4 0.301847 
4 0.0835574 
4 0.805872 
4 0.611743 
4 0.358874 
4 0.193308 
4 0.482324 
4 0.420599 
4 -0.0506112 
4 0.141795 
4 -0.266161 
4 -0.196352 
4 -0.55641 
4 -0.409713 
4 -0.337937 
4 -0.483062 
4 -0.126542 
4 -0.851554 
4 0.33036 
4 0.451462 
4 0.273333 
4 0.167552 
4 0.0544385 
4 0.112676 
4 -0.0126458 
4 0.389736 
4 -0.231256 
4 -0.373825 
4 0.547034 
4 -0.446387 
4 0.902936 
4 0.708807 
4 -0.302049 
4 -0.161447 
4 -0.629759 
4 0.219064 
4 -0.0885765 
4 -0.519736 
ZONE T="boundary3"
-3.7151 -1 
-4 -1 
-1.73212 -1 
4 -1 
-0.598778 -1 
-0.175185 -1 
0.398398 -1 
-2.83975 -1 
1.2021 -1 
1.1031 -1 
-1.15231 -1 
-0.527615 -1 
-0.456451 -1 
-1.60098 -1 
1.30633 -1 
2.45468 -1 
-1.90412 -1 
3.44155 -1 
-3.28001 -1 
3.2412 -1 
-3.42504 -1 
0.578668 -1 
0.488533 -1 
0.015129 -1 
0.146006 -1 
0.273004 -1 
0.335701 -1 
0.676195 -1 
0.773722 -1 
-0.108557 -1 
-0.0467139 -1 
0.0805676 -1 
0.209505 -1 
-0.241813 -1 
-0.349132 -1 
0.946506 -1 
1.0041 -1 
-0.719573 -1 
1.41055 -1 
1.5451 -1 
-0.941701 -1 
-0.840368 -1 
1.67965 -1 
1.86877 -1 
-1.04303 -1 
3.75 -1 
-1.26159 -1 
2.25629 -1 
2.05789 -1 
1.77421 -1 
-1.46985 -1 
-1.36572 -1 
2.74776 -1 
3.04084 -1 
-2.07611 -1 
-3.13498 -1 
-2.54916 -1 
-2.31264 -1 
-2.69446 -1 
0.831316 -1 
0.888911 -1 
-3.85755 -1 
1.1526 -1 
-0.492033 -1 
1.25421 -1 
3.34137 -1 
0.5336 -1 
0.304352 -1 
0.724958 -1 
0.627431 -1 
-0.0776353 -1 
0.0478483 -1 
0.177756 -1 
-0.141871 -1 
0.241254 -1 
-0.563196 -1 
-0.295472 -1 
0.975303 -1 
-0.659176 -1 
1.47783 -1 
-0.891035 -1 
1.35844 -1 
1.61237 -1 
-0.992368 -1 
3.875 -1 
-1.20695 -1 
2.15709 -1 
-1.31365 -1 
2.8943 -1 
3.59578 -1 
1.96333 -1 
-1.81812 -1 
3.14102 -1 
2.60122 -1 
2.35548 -1 
-1.99012 -1 
-3.2075 -1 
-3.35253 -1 
-3.57007 -1 
-2.98737 -1 
-2.4309 -1 
-2.76711 -1 
-2.62181 -1 
-0.0157925 -1 
0.113287 -1 
0.443466 -1 
0.36705 -1 
-0.208499 -1 
0.860114 -1 
0.802519 -1 
1.0536 -1 
1.82149 -1 
1.72693 -1 
-0.779971 -1 
-2.19438 -1 
-1.09767 -1 
-1.66655 -1 
-1.41778 -1 
-1.53542 -1 
-0.402792 -1 
0.917708 -1 
ZONE T="boundary4"
-0.600185 0.191281 
-0.606568 0.167825 
-0.1385 0.503023 
-0.113975 0.497968 
-0.61743 0.0970919 
-0.61522 0.120629 
-0.615715 0.0278604 
-0.617649 0.0506518 
0.640877 0.0321638 
0.64409 0.0168245 
0.648433 -0.0299764 
-0.417174 0.441911 
-0.397537 0.45431 
0.285368 0.30704 
0.30888 0.297657 
0.261851 0.3168 
-0.467661 0.402339 
-0.611597 0.144223 
-0.354639 0.476437 
-0.332097 0.485567 
-0.618231 0.0737426 
-0.592509 0.214529 
-0.585505 0.232894 
-0.57779 0.250952 
-0.550988 0.301628 
-0.560522 0.285318 
-0.569512 0.26833 
-0.540803 0.317508 
-0.518955 0.347436 
-0.507232 0.361638 
-0.530171 0.332697 
-0.45264 0.415384 
-0.494971 0.37535 
-0.376372 0.466039 
-0.481586 0.389145 
0.541932 0.182923 
-0.237155 0.507169 
-0.261605 0.50409 
-0.30917 0.493214 
-0.0892461 0.491294 
-0.285475 0.499454 
-0.163335 0.506527 
0.594395 0.129672 
0.578608 0.148629 
-0.0648673 0.48321 
-0.435214 0.429123 
0.647844 -0.01429 
0.391223 0.265303 
0.414059 0.255701 
0.444373 0.241963 
0.474113 0.226951 
0.49812 0.213289 
0.521369 0.198241 
0.00927869 0.450374 
0.0340849 0.437169 
0.0602152 0.422507 
0.086287 0.407464 
0.173917 0.358341 
0.205386 0.342449 
0.23354 0.329222 
0.636742 0.047344 
0.631747 0.0621131 
0.619039 0.090794 
0.6258 0.0767108 
0.646404 0.00133514 
0.607766 0.110437 
-0.212726 0.508594 
-0.187949 0.508378 
-0.0401753 0.47357 
-0.0157912 0.462727 
0.338607 0.286083 
0.368178 0.274554 
0.114427 0.391187 
0.142738 0.375174 
0.56145 0.166034 
-0.603536 0.179598 
-0.126201 0.500684 
-0.616499 0.108877 
-0.616851 0.0392422 
0.642596 0.0245179 
-0.407441 0.448247 
0.297113 0.302316 
0.273592 0.311872 
-0.61358 0.132453 
-0.343438 0.481178 
-0.60925 0.156061 
-0.618005 0.0854237 
-0.581737 0.241962 
-0.55584 0.293523 
-0.573741 0.259684 
-0.589098 0.223746 
-0.513163 0.354595 
-0.524636 0.340123 
-0.460222 0.408946 
-0.501169 0.368555 
-0.48835 0.382318 
-0.249406 0.505835 
-0.320693 0.489573 
-0.101564 0.494814 
-0.150892 0.504975 
0.586707 0.139323 
-0.0770054 0.487418 
-0.545977 0.309621 
-0.535563 0.325156 
-0.444013 0.422364 
-0.426276 0.435633 
-0.474692 0.395816 
0.402665 0.260558 
0.429277 0.248969 
0.486202 0.220275 
0.509861 0.205949 
0.0217233 0.443855 
0.0732628 0.415007 
0.189597 0.350277 
0.219422 0.335739 
0.247662 0.322923 
-0.565107 0.276873 
0.638924 0.0397852 
0.634356 0.0547664 
0.628885 0.0694576 
0.622525 0.0838037 
0.647232 -0.00646732 
0.648243 -0.0221292 
0.645358 0.00909657 
0.531779 0.190759 
-0.387041 0.460332 
0.601288 0.1202 
-0.618112 0.0621932 
-0.297373 0.496528 
-0.273578 0.501969 
-0.200337 0.508694 
-0.0524651 0.478545 
-0.0032041 0.456665 
-0.175629 0.507654 
0.323738 0.29185 
0.379717 0.269965 
0.613614 0.100738 
-0.365583 0.471402 
-0.224953 0.508085 
0.0471805 0.429896 
-0.0279288 0.46828 
0.100348 0.399309 
0.128555 0.383128 
0.459331 0.234637 
0.158279 0.36666 
-0.596497 0.202955 
0.551854 0.174669 
0.570203 0.157506 
0.353402 0.280341 
ZONE T="boundary5"
-0.607961 -0.0165971 
-0.536998 -0.169034 
-0.547639 -0.153613 
-0.401075 -0.306268 
-0.473524 -0.243448 
-0.487377 -0.229077 
-0.577967 -0.100619 
-0.445581 -0.269983 
-0.615715 0.0278604 
-0.602222 -0.0382159 
0.494163 -0.38088 
-0.557639 -0.137871 
-0.612474 0.00544749 
0.648433 -0.0299764 
0.648209 -0.045694 
-0.335064 -0.350236 
-0.352742 -0.339389 
-0.230583 -0.403742 
-0.253656 -0.393307 
-0.27645 -0.382276 
-0.317132 -0.360645 
-0.296925 -0.371716 
-0.595286 -0.0594377 
-0.0795559 -0.456008 
-0.156509 -0.432689 
-0.131166 -0.441101 
-0.206231 -0.414001 
-0.181612 -0.423624 
-0.587195 -0.080228 
-0.385436 -0.3176 
-0.500812 -0.214297 
-0.416399 -0.294503 
-0.525812 -0.184059 
-0.459749 -0.256928 
-0.513556 -0.199386 
-0.369224 -0.328704 
-0.431172 -0.282464 
0.585321 -0.263923 
0.506549 -0.369937 
0.51839 -0.358465 
0.467973 -0.401055 
0.481288 -0.39126 
0.454332 -0.410212 
0.645481 -0.0772228 
0.647207 -0.061497 
0.55796 -0.310558 
0.141366 -0.486921 
0.112525 -0.485995 
0.0837392 -0.484097 
0.0277577 -0.477736 
0.000487329 -0.473393 
0.0556937 -0.481344 
0.573591 -0.285786 
-0.0266328 -0.468276 
0.170884 -0.486816 
0.200379 -0.485589 
0.230104 -0.483145 
0.290732 -0.473981 
-0.0531857 -0.462499 
0.619173 -0.181778 
0.321252 -0.466961 
0.411512 -0.434148 
0.440323 -0.418791 
0.540629 -0.333672 
0.529792 -0.346341 
0.381957 -0.447172 
-0.567642 -0.120589 
0.593786 -0.246038 
0.549526 -0.322295 
0.602015 -0.226929 
0.609717 -0.207595 
0.64307 -0.0929867 
-0.105467 -0.448892 
0.260299 -0.479323 
0.351734 -0.458081 
0.636433 -0.124388 
0.640027 -0.108745 
0.627742 -0.155651 
-0.54239 -0.161373 
-0.605245 -0.0274471 
-0.614259 0.0166305 
0.64842 -0.0378365 
-0.343937 -0.344868 
-0.242153 -0.398598 
-0.28672 -0.377059 
-0.307064 -0.366245 
-0.598902 -0.0488751 
-0.326129 -0.355494 
-0.143865 -0.436977 
-0.218441 -0.408952 
-0.193953 -0.418892 
-0.582717 -0.0904846 
-0.393293 -0.311987 
-0.494149 -0.221737 
-0.408779 -0.30044 
-0.531471 -0.176595 
-0.507242 -0.206892 
-0.361016 -0.334098 
-0.438424 -0.276279 
-0.42383 -0.288538 
-0.466686 -0.250239 
-0.26509 -0.387866 
0.474684 -0.396231 
0.646431 -0.0693694 
-0.519749 -0.191775 
-0.591382 -0.0698879 
0.126941 -0.486582 
0.0981241 -0.485165 
0.0141066 -0.475662 
0.0417118 -0.479645 
0.579623 -0.274945 
0.185638 -0.486347 
-0.480502 -0.236313 
0.215254 -0.484523 
-0.0399292 -0.465479 
0.30604 -0.47068 
-0.066393 -0.459343 
-0.452715 -0.26351 
0.426067 -0.426749 
-0.552715 -0.145791 
0.461201 -0.405706 
0.447372 -0.414573 
0.487784 -0.386143 
0.512535 -0.36427 
0.589642 -0.255023 
0.535285 -0.340071 
0.524162 -0.35247 
0.545135 -0.328029 
0.553802 -0.316469 
0.597975 -0.236516 
0.56602 -0.298328 
0.605926 -0.217286 
0.644356 -0.085117 
0.647802 -0.0536014 
-0.572933 -0.11067 
-0.562735 -0.129285 
0.500418 -0.375479 
-0.377366 -0.323205 
-0.610377 -0.00560724 
-0.0925353 -0.452536 
-0.118342 -0.445081 
0.156125 -0.487005 
-0.013091 -0.47093 
0.0697056 -0.48283 
0.245223 -0.481407 
-0.16909 -0.428238 
0.366935 -0.452875 
0.638295 -0.11658 
0.641622 -0.100881 
0.275549 -0.476842 
0.632305 -0.14008 
0.623579 -0.168755 
0.614548 -0.194725 
0.33656 -0.46275 
0.396851 -0.440924 
