ZONE T="boundary0"
-4 0.156475 
-4 0.0501576 
-4 0.303238 
-4 0.43792 
-4 0.642745 
-4 -0.43842 
-4 -0.527313 
-4 0.540332 
-4 0.35218 
-4 0.39505 
-4 0.254296 
-4 -0.0561596 
-4 0.821372 
-4 -0.207699 
-4 -0.131929 
-4 -0.278612 
-4 -0.349526 
-4 -0.645485 
-4 -0.763657 
-4 1 
-4 -1 
-4 0.103316 
-4 0.489126 
-4 0.373615 
-4 0.416485 
-4 0.327709 
-4 0.278767 
-4 -0.00300096 
-4 0.205386 
-4 -0.169814 
-4 -0.314069 
-4 -0.0940444 
-4 -0.482866 
-4 -0.393973 
-4 -0.704571 
-4 -0.586399 
-4 0.910686 
-4 0.732058 
-4 0.591538 
-4 -0.881828 
-4 -0.243156 
ZONE T="boundary1"
3.73397 1 
3.46794 1 
-0.440012 1 
3.12223 1 
-3.51783 1 
-3.67855 1 
-1.26375 1 
0.579357 1 
-1.36047 1 
-1.45719 1 
-1.05759 1 
-1.16067 1 
2.91883 1 
2.68565 1 
3.29509 1 
-1.77373 1 
2.27717 1 
1.95244 1 
1.77323 1 
1.62984 1 
1.48646 1 
-2.26555 1 
-2.0812 1 
-2.63298 1 
-2.44926 1 
-2.99504 1 
0.309076 1 
-0.0468386 1 
-0.898959 1 
-0.554866 1 
0.88119 1 
0.777241 1 
-0.669721 1 
0.397249 1 
0.154651 1 
0.231863 1 
-0.78434 1 
0.0248932 1 
-0.197073 1 
-0.157822 1 
4 1 
-0.275576 1 
-0.357794 1 
0.673293 1 
0.978818 1 
1.07645 1 
1.17981 1 
0.485421 1 
-0.978276 1 
-4 1 
1.38481 1 
1.28317 1 
-1.65062 1 
-1.89685 1 
2.13165 1 
2.55417 1 
2.42269 1 
-3.17607 1 
-3.35711 1 
-3.08556 1 
-3.83928 1 
-0.11857 1 
-2.81401 1 
3.60096 1 
-3.59819 1 
-1.40883 1 
-1.10913 1 
3.02053 1 
2.80224 1 
3.20866 1 
1.86283 1 
1.55815 1 
-2.17337 1 
-2.54112 1 
0.829216 1 
0.353162 1 
0.193257 1 
-0.841649 1 
-0.497439 1 
0.27047 1 
0.0897719 1 
-0.177447 1 
-0.72703 1 
3.86699 1 
-0.316685 1 
0.725267 1 
0.930004 1 
1.12813 1 
1.02763 1 
0.532389 1 
0.626325 1 
-1.01793 1 
-1.21221 1 
1.33399 1 
-1.5539 1 
-1.83529 1 
2.48843 1 
2.04204 1 
2.20441 1 
2.34993 1 
2.61991 1 
1.23149 1 
-3.26659 1 
-3.43747 1 
-1.98902 1 
1.70154 1 
-3.75891 1 
-3.91964 1 
3.38152 1 
-0.236325 1 
-0.0827045 1 
-0.0109727 1 
-0.138196 1 
-0.398903 1 
0.441335 1 
-0.612294 1 
-3.13082 1 
-2.7235 1 
-2.35741 1 
-2.90453 1 
-3.0403 1 
-1.31211 1 
-0.938617 1 
1.43564 1 
-1.71218 1 
ZONE T="boundary2"
4 -0.327692 
4 -0.395542 
4 -0.659322 
4 -0.463392 
4 -0.202372 
4 -0.229837 
4 -0.147442 
4 0.270104 
4 0.316853 
4 -0.0830068 
4 0.112745 
4 0.568569 
4 -1 
4 -0.561357 
4 -0.257302 
4 -0.292497 
4 -0.0185718 
4 0.442711 
4 0.223355 
4 0.16805 
4 0.379782 
4 1 
4 0.784285 
4 0.676427 
4 -0.829661 
4 -0.361617 
4 -0.216105 
4 0.293478 
4 -0.610339 
4 -0.174907 
4 -0.24357 
4 -0.2749 
4 -0.310095 
4 -0.429467 
4 -0.0507893 
4 -0.115224 
4 0.0470865 
4 0.50564 
4 0.246729 
4 0.140397 
4 0.195702 
4 0.348317 
4 0.730356 
4 -0.91483 
4 0.622498 
4 0.892142 
4 0.411247 
4 -0.512374 
4 -0.744491 
ZONE T="boundary3"
-1.62112 -1 
3.31665 -1 
0.302906 -1 
0.40028 -1 
-0.812963 -1 
-0.927101 -1 
0.591278 -1 
-0.0591551 -1 
0.136896 -1 
1.03843 -1 
-0.381659 -1 
-0.695321 -1 
-0.57768 -1 
2.47692 -1 
4 -1 
3.60093 -1 
-3.21136 -1 
-3.39406 -1 
1.6116 -1 
1.77514 -1 
-1.7485 -1 
-1.88854 -1 
-2.96824 -1 
-2.30868 -1 
-2.5169 -1 
-2.72513 -1 
-2.02859 -1 
0.0682598 -1 
0.00455238 -1 
0.205532 -1 
0.254219 -1 
-0.316319 -1 
-0.195472 -1 
0.495779 -1 
0.695771 -1 
0.800265 -1 
-0.446999 -1 
0.937329 -1 
1.13953 -1 
1.36923 -1 
1.25438 -1 
-1.15654 -1 
-1.04124 -1 
1.49042 -1 
-3.78838 -1 
-4 -1 
-3.57675 -1 
-1.27183 -1 
-1.49374 -1 
-1.38279 -1 
3.01906 -1 
2.8636 -1 
2.70815 -1 
1.93868 -1 
2.24569 -1 
-0.127314 -1 
3.16785 -1 
-0.870032 -1 
-0.636501 -1 
3.80046 -1 
-3.30271 -1 
3.45879 -1 
1.69337 -1 
-3.0898 -1 
-2.41279 -1 
-2.62101 -1 
-2.16863 -1 
0.0364061 -1 
0.229875 -1 
-0.255895 -1 
0.351593 -1 
0.278562 -1 
0.448029 -1 
0.643525 -1 
0.171214 -1 
0.543528 -1 
0.748018 -1 
0.868797 -1 
-0.754142 -1 
1.08898 -1 
0.98788 -1 
-0.348989 -1 
-0.51234 -1 
-0.414329 -1 
1.31181 -1 
-1.09889 -1 
-0.98417 -1 
1.55101 -1 
-3.89419 -1 
-3.68257 -1 
-1.21418 -1 
-1.32731 -1 
2.94133 -1 
-2.84668 -1 
2.59253 -1 
1.85691 -1 
-1.81852 -1 
-1.95857 -1 
-3.4854 -1 
2.09218 -1 
0.102578 -1 
-0.161393 -1 
-0.0932343 -1 
-0.0273014 -1 
2.78588 -1 
-1.43826 -1 
2.3613 -1 
1.19696 -1 
1.42982 -1 
-1.68481 -1 
3.09346 -1 
3.24225 -1 
-1.55743 -1 
ZONE T="boundary4"
-0.208703 0.378109 
-0.643845 0.0643558 
-0.642771 0.0891192 
0.617402 0.149208 
-0.260716 0.381219 
-0.235116 0.379827 
-0.629279 0.162982 
-0.64332 0.0397439 
-0.42744 0.367773 
-0.40701 0.372847 
-0.569104 0.277455 
-0.640026 0.113904 
-0.360631 0.379955 
-0.635545 0.138574 
-0.384004 0.377068 
0.604036 0.175116 
-0.611382 0.210224 
-0.621221 0.186918 
-0.591956 0.245914 
-0.602178 0.228451 
0.64309 0.0252605 
0.643145 0.0393497 
-0.581005 0.262141 
0.611049 0.162245 
-0.556279 0.291791 
-0.542592 0.305091 
-0.513335 0.328154 
-0.497968 0.337921 
-0.482072 0.346623 
-0.464996 0.354577 
0.570884 0.223264 
0.580098 0.21143 
-0.447493 0.361406 
-0.0445966 0.370051 
0.505696 0.285834 
-0.016428 0.369825 
0.0122281 0.36992 
-0.311294 0.38236 
-0.286319 0.382138 
0.517768 0.276557 
0.529593 0.266577 
0.64247 0.053438 
-0.182329 0.3763 
-0.0728514 0.370646 
-0.336187 0.381695 
0.0408299 0.370259 
-0.528315 0.317157 
-0.641275 0.0153345 
0.640853 -0.00284637 
-0.155244 0.374512 
0.49322 0.294562 
0.375617 0.347291 
0.40678 0.33739 
0.437212 0.325243 
0.465735 0.311166 
0.561216 0.234732 
0.551298 0.245602 
0.540953 0.256056 
0.128512 0.371638 
0.158125 0.37174 
0.218802 0.37036 
0.249909 0.368447 
0.596471 0.187667 
0.641059 0.067468 
0.62812 0.122534 
0.632431 0.108974 
0.623135 0.135878 
0.642319 0.0111761 
-0.12822 0.372929 
-0.100499 0.371606 
0.188437 0.371377 
0.281002 0.365449 
0.0698908 0.370747 
0.0989234 0.371251 
0.312462 0.36109 
0.344141 0.355105 
0.638911 0.0814197 
-0.643512 0.0767463 
-0.247914 0.380569 
-0.417264 0.370468 
-0.64161 0.101535 
-0.638003 0.126279 
-0.61652 0.198664 
-0.625472 0.175025 
-0.597205 0.237263 
0.643208 0.0323047 
-0.586613 0.254117 
0.614301 0.155763 
-0.549552 0.298561 
-0.505732 0.333164 
-0.473599 0.350739 
0.575548 0.217393 
-0.43752 0.364756 
-0.456298 0.358128 
-0.39554 0.375136 
-0.00210039 0.369836 
-0.298806 0.382346 
0.523738 0.271635 
-0.273515 0.381751 
0.6429 0.0463982 
-0.195516 0.377205 
-0.0587255 0.3703 
0.0265297 0.370065 
-0.520919 0.322783 
-0.323744 0.382153 
-0.575186 0.2699 
-0.643777 0.0520457 
-0.168788 0.375388 
-0.642484 0.0275236 
0.391283 0.342607 
-0.535557 0.311247 
0.479662 0.30317 
0.556311 0.240216 
-0.49009 0.3424 
0.54618 0.250883 
0.535333 0.261381 
0.511785 0.281264 
0.143319 0.371735 
0.234363 0.369526 
0.60032 0.181431 
-0.221908 0.378991 
0.630361 0.115782 
0.607614 0.16872 
0.625709 0.129237 
0.620349 0.142578 
0.641671 0.00415595 
0.642793 0.0182135 
0.641857 0.0604622 
0.566107 0.229044 
0.499507 0.290267 
-0.114361 0.372225 
-0.0305126 0.369895 
0.173282 0.371629 
0.203623 0.370962 
0.0844069 0.371005 
-0.0866767 0.37108 
0.113718 0.37147 
0.26547 0.367096 
0.296757 0.363447 
-0.141734 0.373689 
0.0553597 0.370493 
0.359938 0.351436 
0.422111 0.331606 
0.328341 0.358307 
-0.562817 0.284735 
-0.60692 0.219408 
-0.348419 0.380974 
-0.372337 0.378672 
-0.632633 0.150835 
0.636028 0.095281 
0.640077 0.074458 
0.451616 0.318494 
0.588517 0.199709 
ZONE T="boundary5"
0.619128 -0.0855017 
0.571159 -0.187147 
-0.290673 -0.429148 
-0.545411 -0.217408 
-0.388231 -0.37155 
-0.556524 -0.201532 
-0.626712 -0.0561402 
-0.632909 -0.0326337 
-0.600579 -0.124756 
-0.619234 -0.07933 
-0.578682 -0.166386 
0.581756 -0.166566 
-0.610517 -0.10219 
-0.150356 -0.483235 
-0.178736 -0.474593 
-0.207161 -0.46483 
-0.637784 -0.00879408 
-0.26318 -0.442121 
-0.531597 -0.235904 
-0.317688 -0.415111 
-0.0354654 -0.507695 
-0.0065199 -0.511295 
-0.0930906 -0.497483 
-0.0642855 -0.503096 
-0.121697 -0.490887 
-0.455925 -0.317819 
-0.471087 -0.303657 
-0.589456 -0.147009 
-0.517176 -0.253932 
-0.501816 -0.271769 
-0.485766 -0.289005 
-0.406015 -0.358737 
-0.366433 -0.386179 
-0.344128 -0.40003 
-0.439879 -0.331858 
-0.42339 -0.345379 
-0.567156 -0.185335 
0.628591 -0.0582675 
0.59521 -0.13968 
0.624102 -0.071922 
0.0515779 -0.515401 
0.0225033 -0.513873 
0.109897 -0.515152 
0.0807529 -0.515844 
0.168106 -0.510114 
0.139092 -0.51326 
0.309146 -0.472784 
0.196947 -0.505641 
0.225664 -0.499733 
0.281802 -0.483401 
0.253966 -0.492348 
-0.641275 0.0153345 
0.335664 -0.460522 
0.361483 -0.446446 
0.409877 -0.413115 
0.386331 -0.430589 
0.432373 -0.393788 
0.453308 -0.373058 
0.473024 -0.350659 
0.491197 -0.327096 
0.524008 -0.276022 
0.538862 -0.249079 
0.549722 -0.228419 
0.508205 -0.302098 
0.607911 -0.112499 
0.63872 -0.0167935 
0.640853 -0.00284637 
0.560479 -0.207729 
0.635934 -0.0307283 
-0.235217 -0.454055 
-0.551025 -0.20951 
-0.629972 -0.0444296 
-0.623128 -0.0677849 
-0.615023 -0.0908163 
-0.164584 -0.479037 
-0.192992 -0.469838 
-0.635516 -0.0207485 
-0.276988 -0.435764 
-0.304249 -0.42226 
-0.0210083 -0.509621 
-0.078712 -0.500413 
-0.107422 -0.494307 
-0.463564 -0.3108 
-0.584167 -0.156752 
-0.53858 -0.226713 
-0.509581 -0.262924 
-0.478488 -0.296393 
-0.493875 -0.280466 
-0.524463 -0.24498 
-0.431688 -0.338683 
-0.397172 -0.365212 
-0.377397 -0.378962 
-0.447959 -0.324903 
-0.561902 -0.193475 
-0.330983 -0.407701 
0.588546 -0.153155 
0.626407 -0.0651146 
0.0370336 -0.51477 
0.0953282 -0.515643 
0.153616 -0.511848 
0.211343 -0.502869 
0.239865 -0.496231 
0.295555 -0.478301 
0.322503 -0.466866 
0.348692 -0.453702 
0.398259 -0.422061 
0.443021 -0.383605 
-0.414755 -0.352126 
0.482294 -0.339019 
0.531545 -0.262611 
-0.59515 -0.135949 
0.544315 -0.238761 
0.516263 -0.289155 
0.463354 -0.362024 
-0.605688 -0.113535 
0.639868 -0.00983241 
0.555103 -0.218076 
-0.573009 -0.175915 
0.576472 -0.176864 
0.613693 -0.0990728 
0.621669 -0.0787315 
0.632539 -0.0445717 
0.637404 -0.0237763 
0.565822 -0.19744 
-0.639707 0.00324437 
-0.355341 -0.393202 
0.60168 -0.126145 
-0.13606 -0.487185 
0.00798028 -0.512713 
0.182553 -0.508048 
-0.221238 -0.459569 
-0.0498951 -0.505519 
0.0661633 -0.515761 
0.124504 -0.514359 
0.267949 -0.488074 
0.374046 -0.438735 
0.421298 -0.403652 
-0.249254 -0.448218 
0.499877 -0.314717 
