ZONE T="boundary0"
-4 -0.278144 
-4 0.310978 
-4 0.268413 
-4 0.545165 
-4 0.183282 
-4 -0.00863377 
-4 0.129504 
-4 0.075726 
-4 -1 
-4 -0.0929936 
-4 0.353544 
-4 -0.323553 
-4 -0.391873 
-4 -0.460193 
-4 -0.538441 
-4 -0.162865 
-4 -0.232736 
-4 0.772582 
-4 0.449354 
-4 1 
-4 -0.712516 
-4 -0.808344 
-4 -0.616688 
-4 0.289696 
-4 0.225847 
-4 0.102615 
-4 0.332261 
-4 -0.300849 
-4 -0.499317 
-4 -0.1978 
-4 0.0335461 
-4 0.658874 
-4 0.497259 
-4 0.401449 
-4 0.886291 
-4 -0.25544 
-4 0.156393 
-4 -0.127929 
-4 -0.0508137 
-4 -0.357713 
-4 -0.76043 
-4 -0.664602 
-4 -0.904172 
-4 -0.426033 
-4 -0.577565 
ZONE T="boundary1"
1.52018 1 
1.44101 1 
4 1 
3.67437 1 
-0.363234 1 
-0.177373 1 
-0.316826 1 
-0.270418 1 
-0.121139 1 
0.777573 1 
-1.13867 1 
-1.6003 1 
-1.9843 1 
-1.7923 1 
-1.34922 1 
-1.47476 1 
1.7577 1 
2.74505 1 
2.52201 1 
3.41041 1 
-2.80809 1 
-2.60845 1 
-3.54839 1 
-3.33864 1 
-3.7742 1 
2.02834 1 
2.29897 1 
0.0612836 1 
0.126331 1 
0.433051 1 
0.347838 1 
-0.00181039 1 
0.518265 1 
-0.432675 1 
-0.0649043 1 
0.191378 1 
0.269608 1 
-0.502116 1 
0.690862 1 
0.994616 1 
0.864284 1 
-0.687292 1 
-0.594704 1 
0.92945 1 
1.12495 1 
0.604563 1 
-4 1 
-0.923549 1 
-0.805421 1 
-1.24395 1 
-1.03111 1 
1.59935 1 
1.28298 1 
1.36199 1 
3.14645 1 
1.89302 1 
2.94575 1 
-2.96849 1 
-3.12888 1 
-2.19655 1 
-2.40881 1 
3.54239 1 
1.48059 1 
3.83718 1 
-0.223895 1 
-0.149256 1 
-1.8883 1 
-1.53753 1 
2.63353 1 
-2.70827 1 
-3.44352 1 
-3.66129 1 
2.16366 1 
0.0938071 1 
0.390444 1 
-0.34003 1 
-0.293622 1 
-0.0930215 1 
0.0297366 1 
-0.0333574 1 
0.158854 1 
0.230493 1 
0.308723 1 
-0.467396 1 
-0.397955 1 
0.820928 1 
-0.640998 1 
0.896867 1 
1.05978 1 
0.561414 1 
-0.54841 1 
-1.41199 1 
-1.29658 1 
-1.6963 1 
-1.08489 1 
-0.97733 1 
-0.864485 1 
1.67853 1 
1.20396 1 
1.32249 1 
3.27843 1 
1.96068 1 
1.82536 1 
3.0461 1 
2.8454 1 
-2.88829 1 
-3.23376 1 
2.41049 1 
-3.04869 1 
-3.8871 1 
-2.30268 1 
-2.09043 1 
0.475658 1 
0.734217 1 
0.647712 1 
-0.746356 1 
-2.50863 1 
1.55977 1 
-1.19131 1 
1.4015 1 
0.962033 1 
3.60838 1 
3.4764 1 
ZONE T="boundary2"
4 -0.302884 
4 -0.867237 
4 -0.233156 
4 0.178856 
4 0.0985664 
4 -0.535329 
4 0.236015 
4 0.296808 
4 1 
4 0.367524 
4 0.744242 
4 0.616364 
4 -0.734474 
4 -0.163427 
4 -0.385916 
4 -0.0647295 
4 -0.114078 
4 -0.468948 
4 0.0169185 
4 0.488485 
4 -0.601711 
4 -1 
4 0.138711 
4 0.207435 
4 0.266412 
4 0.680303 
4 -0.800855 
4 0.872121 
4 -0.26802 
4 -0.198291 
4 -0.0894039 
4 -0.3444 
4 -0.427432 
4 -0.502138 
4 -0.138753 
4 0.0577424 
4 0.332166 
4 0.428005 
4 0.552424 
4 -0.933618 
4 -0.668092 
4 -0.0239055 
4 -0.56852 
ZONE T="boundary3"
-1.51469 -1 
-0.00614155 -1 
0.186383 -1 
-0.400848 -1 
0.464593 -1 
0.551378 -1 
0.66882 -1 
-1.63064 -1 
-1.81913 -1 
0.787624 -1 
0.906427 -1 
-3.82265 -1 
-3.64531 -1 
-2.61727 -1 
-2.83642 -1 
-0.632683 -1 
-2.39812 -1 
-2.00762 -1 
3.42933 -1 
3.71467 -1 
1.56388 -1 
1.70879 -1 
3.21476 -1 
-3.06352 -1 
2.1127 -1 
2.56295 -1 
2.78157 -1 
3.0002 -1 
-4 -1 
0.377808 -1 
-0.306976 -1 
-0.26004 -1 
-0.213103 -1 
-0.142649 -1 
-0.0721939 -1 
0.0599108 -1 
0.123147 -1 
0.282096 -1 
-0.516956 -1 
-0.748411 -1 
-0.979062 -1 
1.03015 -1 
1.15387 -1 
-1.09354 -1 
-0.863736 -1 
1.28642 -1 
1.41897 -1 
1.91074 -1 
2.33782 -1 
-3.29061 -1 
-1.39874 -1 
-1.30338 -1 
-1.20802 -1 
-3.46796 -1 
3.85733 -1 
4 -1 
0.507986 -1 
-1.72488 -1 
0.847025 -1 
-3.73398 -1 
-2.72685 -1 
-2.20287 -1 
3.572 -1 
1.63633 -1 
-2.94997 -1 
2.89089 -1 
-3.91133 -1 
0.4212 -1 
-0.353912 -1 
-0.236571 -1 
-0.177876 -1 
-0.107421 -1 
0.610099 -1 
-0.0391677 -1 
0.0268846 -1 
0.154765 -1 
0.23424 -1 
0.329952 -1 
-0.57482 -1 
-0.690547 -1 
-0.458902 -1 
0.728222 -1 
0.091529 -1 
1.09201 -1 
-1.0363 -1 
-0.921399 -1 
1.3527 -1 
1.49143 -1 
0.968288 -1 
-0.806073 -1 
1.80976 -1 
2.67226 -1 
3.32205 -1 
3.10748 -1 
2.45039 -1 
2.22526 -1 
-2.50769 -1 
-3.17706 -1 
-1.45671 -1 
-1.2557 -1 
-1.57266 -1 
2.01172 -1 
-3.55663 -1 
-1.91338 -1 
-3.37929 -1 
3.92867 -1 
-0.283508 -1 
-1.35106 -1 
1.22015 -1 
-1.15078 -1 
3.786 -1 
ZONE T="boundary4"
-0.0156497 0.4286 
-0.0395342 0.421811 
0.0329783 0.440649 
0.0577173 0.445822 
0.00844994 0.434876 
-0.585642 0.0214114 
-0.59528 -0.0344369 
-0.593163 -0.0156505 
0.329063 0.451464 
0.347194 0.447597 
-0.589951 0.00298703 
0.517618 0.359629 
0.505304 0.371043 
0.550096 0.320709 
0.540327 0.334153 
-0.541443 0.118942 
-0.207183 0.359852 
-0.2246 0.352102 
-0.241924 0.344151 
-0.0857601 0.407134 
-0.0627491 0.414687 
0.594068 0.147592 
0.594449 0.170564 
-0.188576 0.367865 
-0.169859 0.375652 
0.582505 0.250944 
0.586226 0.236553 
-0.580246 0.0395467 
-0.573798 0.0572958 
-0.566339 0.0746021 
0.52942 0.34723 
-0.557952 0.0913506 
0.578094 0.264861 
-0.549962 0.105429 
0.591871 0.124515 
0.587763 0.1017 
-0.496687 0.174554 
-0.53237 0.132011 
-0.107685 0.399499 
-0.478061 0.193015 
-0.465541 0.204441 
-0.355817 0.284278 
-0.4527 0.215499 
-0.29013 0.320624 
-0.274604 0.328443 
-0.376418 0.271454 
-0.320294 0.304667 
-0.305565 0.312594 
0.581743 0.0795069 
-0.33492 0.296508 
-0.149717 0.383721 
-0.258307 0.336396 
-0.402336 0.254049 
0.0836432 0.45052 
-0.523839 0.143305 
-0.514906 0.154286 
0.419799 0.423985 
-0.129435 0.391517 
0.592844 0.196545 
0.468325 0.398518 
0.36519 0.443031 
0.558952 0.306599 
0.480583 0.39036 
0.572899 0.278469 
0.5664 0.292739 
0.492414 0.381643 
0.589235 0.221984 
0.138238 0.457871 
0.16689 0.460273 
-0.427477 0.235653 
0.295412 0.456878 
0.196944 0.461644 
0.378939 0.439015 
0.392551 0.43455 
0.56382 0.036914 
0.573757 0.0578696 
0.109773 0.454479 
0.22904 0.461728 
0.261774 0.460234 
0.44435 0.412315 
-0.027613 0.425269 
0.0453281 0.443314 
0.0206935 0.437836 
-0.594358 -0.0250296 
0.338146 0.449615 
-0.591695 -0.00630952 
0.511548 0.36543 
0.545324 0.327512 
-0.215903 0.356002 
-0.233274 0.348152 
-0.0742748 0.410963 
0.594476 0.159076 
-0.179231 0.371787 
0.584458 0.243773 
-0.577154 0.0484676 
0.523619 0.353525 
-0.562264 0.0830345 
-0.587934 0.0122299 
-0.545779 0.112233 
-0.554041 0.0984366 
0.590061 0.113065 
-0.536978 0.125525 
-0.0967408 0.403362 
-0.471844 0.198776 
-0.459157 0.210014 
-0.282379 0.324558 
-0.366163 0.277941 
-0.312943 0.308658 
-0.345407 0.290461 
-0.159803 0.379721 
-0.250127 0.340297 
-0.389461 0.262884 
-0.297861 0.316636 
-0.197893 0.363887 
0.0706604 0.448261 
-0.00362085 0.431806 
-0.519421 0.148835 
-0.327623 0.300617 
-0.583079 0.0305179 
-0.139592 0.387655 
0.593909 0.183573 
0.356214 0.445403 
0.554645 0.31373 
0.569767 0.285657 
0.486552 0.386073 
0.534982 0.340782 
0.587816 0.229287 
0.498936 0.376436 
-0.266467 0.332445 
-0.440201 0.225721 
0.385763 0.43684 
0.56279 0.29973 
0.575598 0.271703 
0.591288 0.209302 
0.474502 0.394511 
0.56902 0.0472808 
-0.118578 0.395551 
0.580397 0.257933 
0.593203 0.136033 
0.0966899 0.452596 
0.123987 0.456296 
0.577992 0.0685988 
-0.0511622 0.418306 
0.152549 0.459201 
0.212988 0.46187 
0.181907 0.461109 
0.245413 0.461189 
-0.570195 0.066002 
-0.414997 0.24498 
0.584997 0.0905379 
-0.505954 0.164562 
-0.528157 0.137697 
0.372081 0.441078 
0.406271 0.429517 
0.432182 0.418379 
0.45648 0.405664 
0.278614 0.458796 
0.312278 0.454438 
-0.487496 0.183908 
ZONE T="boundary5"
-0.372205 -0.4618 
-0.227804 -0.547312 
-0.250945 -0.536532 
-0.501207 -0.329655 
-0.586418 -0.146727 
-0.59528 -0.0344369 
-0.571174 -0.197692 
-0.576833 -0.181179 
-0.558876 -0.228469 
-0.590177 -0.128804 
-0.593198 -0.109971 
-0.595248 -0.0910874 
-0.596297 -0.0722026 
-0.125726 -0.584401 
-0.152254 -0.576294 
-0.421196 -0.420282 
-0.178479 -0.567253 
-0.20332 -0.557707 
-0.273685 -0.524972 
-0.0101264 -0.608069 
-0.0399189 -0.603783 
-0.0695628 -0.598257 
-0.0977627 -0.591855 
-0.436715 -0.40528 
-0.405511 -0.434478 
-0.466766 -0.373085 
-0.451707 -0.38978 
-0.335534 -0.488076 
-0.29507 -0.513164 
-0.389363 -0.448175 
-0.354596 -0.474874 
-0.596317 -0.0532879 
0.256057 -0.565429 
0.239612 -0.574977 
0.34546 -0.452686 
0.33971 -0.467921 
0.406317 -0.141556 
-0.481198 -0.355871 
0.271471 -0.554799 
0.305197 -0.523496 
0.0514499 -0.61264 
0.0203724 -0.611087 
0.319363 -0.505202 
0.115292 -0.61033 
0.146719 -0.605958 
0.209618 -0.588649 
0.287497 -0.541575 
0.358036 -0.389965 
0.359211 -0.372973 
0.353578 -0.421803 
0.350193 -0.436729 
0.356171 -0.406293 
0.3598 -0.355662 
0.360018 -0.308871 
0.360537 -0.281781 
0.360001 -0.332407 
0.522955 -0.0214819 
0.506023 -0.0397098 
0.362451 -0.254514 
0.366268 -0.229661 
0.375134 -0.198358 
0.388483 -0.169148 
0.331561 -0.485099 
0.552001 0.0167404 
0.56382 0.036914 
-0.316021 -0.500647 
0.488283 -0.0571732 
0.468173 -0.0760634 
-0.517682 -0.305495 
0.448069 -0.0951121 
0.426721 -0.116989 
-0.531793 -0.28236 
-0.544626 -0.258683 
-0.551978 -0.243683 
0.0829889 -0.612496 
0.178416 -0.598863 
0.538339 -0.00271081 
-0.239421 -0.54202 
-0.574078 -0.189461 
-0.565265 -0.213177 
-0.591805 -0.119407 
-0.594345 -0.100543 
-0.595899 -0.0816531 
-0.139025 -0.580465 
-0.190941 -0.562587 
-0.215608 -0.552616 
-0.262366 -0.53085 
-0.0250423 -0.606084 
-0.0547666 -0.60117 
-0.111778 -0.588258 
-0.429019 -0.412846 
-0.284428 -0.519158 
-0.397492 -0.44139 
-0.363454 -0.468408 
-0.595932 -0.0438562 
0.247926 -0.570358 
-0.345121 -0.481555 
-0.413411 -0.427443 
0.342723 -0.460364 
-0.474061 -0.364543 
-0.38084 -0.455057 
-0.596437 -0.0627465 
-0.444277 -0.397593 
0.0359067 -0.612063 
0.312532 -0.514554 
0.131056 -0.608439 
0.224825 -0.582258 
0.279637 -0.548375 
0.26387 -0.560267 
0.358708 -0.381484 
0.351995 -0.429299 
0.347966 -0.444758 
0.357202 -0.398149 
-0.459312 -0.3815 
0.360161 -0.295339 
0.359998 -0.32065 
0.359569 -0.364328 
0.354979 -0.414074 
0.514612 -0.0307119 
0.364064 -0.242042 
0.381261 -0.183489 
0.359958 -0.344051 
0.325743 -0.495335 
-0.5884 -0.137788 
0.335825 -0.47661 
0.558125 0.0267003 
-0.58198 -0.164053 
-0.491385 -0.3429 
0.296612 -0.532804 
-0.325831 -0.494442 
0.497229 -0.0485176 
0.361261 -0.268136 
-0.3056 -0.506995 
0.478256 -0.0666449 
-0.509601 -0.31768 
0.458077 -0.0855339 
0.43724 -0.105884 
0.00510997 -0.609755 
-0.165406 -0.57189 
-0.524883 -0.294015 
-0.538362 -0.270603 
0.41622 -0.129003 
-0.0836915 -0.595189 
0.39694 -0.15503 
0.0672274 -0.612796 
0.162656 -0.602761 
0.545361 0.00687846 
0.530807 -0.0122308 
-0.555483 -0.236102 
-0.54836 -0.251211 
0.0991675 -0.611684 
0.194159 -0.594157 
0.370114 -0.21383 
