ZONE T="boundary0"
-4 0.173725 
-4 0.125451 
-4 0.547147 
-4 0.454763 
-4 -0.087197 
-4 -0.167261 
-4 0.773573 
-4 0.0591592 
-4 -0.0071325 
-4 -0.227646 
-4 -0.381335 
-4 -0.86866 
-4 -0.73732 
-4 -0.47464 
-4 -0.60598 
-4 -1 
-4 0.66036 
-4 1 
-4 -0.288031 
-4 0.222 
-4 0.362378 
-4 0.292189 
-4 0.40857 
-4 0.149588 
-4 0.500955 
-4 -0.127229 
-4 0.0260133 
-4 -0.80299 
-4 -0.93433 
-4 0.603754 
-4 0.886787 
-4 -0.257838 
-4 -0.197454 
-4 -0.0471647 
-4 0.092305 
-4 0.197863 
-4 0.327284 
-4 0.257094 
-4 0.385474 
-4 -0.427987 
-4 -0.334683 
-4 -0.67165 
-4 0.716967 
-4 -0.54031 
-4 0.431666 
ZONE T="boundary1"
-3.62478 1 
1.00931 1 
1.32807 1 
1.53921 1 
1.70074 1 
0.898691 1 
1.86226 1 
-0.475652 1 
-0.535117 1 
-0.025867 1 
-0.0933434 1 
0.771248 1 
-1.80284 1 
-1.66747 1 
0.37631 1 
4 1 
3.70643 1 
3.41287 1 
3.55965 1 
-1.99796 1 
3.21528 1 
-2.57375 1 
-2.38342 1 
3.01769 1 
2.29411 1 
-3.81239 1 
-3.1793 1 
2.07819 1 
2.58297 1 
-0.184632 1 
0.110778 1 
0.0416094 1 
-0.868672 1 
-0.921358 1 
-0.416186 1 
-0.346053 1 
-0.27592 1 
-0.230276 1 
0.278129 1 
0.179947 1 
-1.07942 1 
-0.707703 1 
-0.815016 1 
-0.761359 1 
-0.594582 1 
-1.41427 1 
0.510057 1 
1.11993 1 
0.643804 1 
1.224 1 
1.43364 1 
-1.29644 1 
-2.80227 1 
-3.32779 1 
-2.19308 1 
2.80033 1 
-1.18793 1 
-3.0308 1 
-1.5321 1 
-4 1 
-0.974045 1 
-0.654047 1 
1.61997 1 
0.954002 1 
-0.505384 1 
-0.0596052 1 
-1.73516 1 
3.85322 1 
3.48626 1 
-1.9004 1 
3.31407 1 
-2.47858 1 
1.97022 1 
0.0761939 1 
-0.895015 1 
-0.38112 1 
-0.310987 1 
-0.253098 1 
0.145363 1 
-0.841844 1 
-0.788187 1 
3.63304 1 
0.229038 1 
0.32722 1 
1.06462 1 
1.17197 1 
3.11649 1 
0.707526 1 
1.27603 1 
1.38085 1 
-1.35536 1 
-3.71859 1 
-3.47629 1 
2.43854 1 
2.69165 1 
2.90901 1 
1.7815 1 
-1.24219 1 
-2.28825 1 
-2.09552 1 
-3.25354 1 
-2.68801 1 
2.18615 1 
-2.91654 1 
-3.10505 1 
-1.59978 1 
-3.9062 1 
-0.207454 1 
-0.138988 1 
0.0078712 1 
-0.947701 1 
-1.02673 1 
-0.734531 1 
-0.564849 1 
-0.680875 1 
-0.624315 1 
-0.445919 1 
-1.13367 1 
-1.47318 1 
0.834969 1 
0.576931 1 
0.443184 1 
1.48642 1 
ZONE T="boundary2"
4 -0.851554 
4 -0.703108 
4 0.0945612 
4 -0.323161 
4 -0.266161 
4 0.18903 
4 0.141795 
4 0.24482 
4 0.317723 
4 0.482324 
4 0.741162 
4 0.611743 
4 1 
4 -1 
4 0.0253195 
4 0.400024 
4 0.358874 
4 0.547034 
4 -0.0439222 
4 -0.126542 
4 -0.496264 
4 -0.209162 
4 -0.409713 
4 -0.777331 
4 -0.294661 
4 0.165412 
4 0.216925 
4 0.281272 
4 0.676453 
4 0.870581 
4 -0.925777 
4 0.0599404 
4 0.379449 
4 0.338299 
4 0.441174 
4 0.579389 
4 0.514679 
4 0.118178 
4 -0.00930131 
4 -0.599686 
4 -0.237661 
4 -0.085232 
4 -0.167852 
4 -0.366437 
4 -0.452989 
ZONE T="boundary3"
-3.43021 -1 
-2.69446 -1 
-1.15231 -1 
-1.04303 -1 
-0.0476122 -1 
0.015129 -1 
1.2021 -1 
0.273004 -1 
-1.26159 -1 
-0.108557 -1 
1.1031 -1 
-0.941701 -1 
-1.46985 -1 
-1.90412 -1 
-1.73212 -1 
-2.54916 -1 
-2.31264 -1 
-2.83975 -1 
-2.98737 -1 
-2.07611 -1 
-3.13498 -1 
-3.7151 -1 
1.86877 -1 
2.05789 -1 
2.25629 -1 
3.04084 -1 
3.2554 -1 
3.44155 -1 
3.6277 -1 
3.81385 -1 
4 -1 
0.331866 -1 
0.398398 -1 
0.464931 -1 
0.214142 -1 
0.146006 -1 
0.692405 -1 
0.0778704 -1 
-0.241813 -1 
-0.169501 -1 
0.773722 -1 
0.578668 -1 
-0.840368 -1 
-0.719573 -1 
-0.598778 -1 
0.855039 -1 
1.0041 -1 
1.30633 -1 
-0.456451 -1 
-0.527615 -1 
-0.314124 -1 
-3.875 -1 
1.41055 -1 
1.67965 -1 
1.5451 -1 
2.45468 -1 
-1.36572 -1 
-1.60098 -1 
2.82628 -1 
-4 -1 
-1.09767 -1 
-0.0162416 -1 
1.1526 -1 
-1.81812 -1 
-2.4309 -1 
-2.91356 -1 
-3.06117 -1 
-3.28259 -1 
-3.57265 -1 
1.96333 -1 
3.14812 -1 
3.53463 -1 
3.90693 -1 
-0.0780845 -1 
0.431664 -1 
0.243573 -1 
0.302435 -1 
0.111938 -1 
0.180074 -1 
0.0464997 -1 
-0.205657 -1 
-0.139029 -1 
0.521799 -1 
-0.891035 -1 
-0.659176 -1 
-0.779971 -1 
0.81438 -1 
0.92957 -1 
1.0536 -1 
-0.992368 -1 
-0.492033 -1 
-0.385288 -1 
1.61237 -1 
3.72078 -1 
2.35548 -1 
-1.31365 -1 
-1.20695 -1 
3.34848 -1 
2.15709 -1 
-1.66655 -1 
-3.79505 -1 
2.93356 -1 
-1.99012 -1 
-3.9375 -1 
2.64048 -1 
-1.53542 -1 
1.77421 -1 
-2.62181 -1 
-2.76711 -1 
-2.19438 -1 
0.365132 -1 
0.635536 -1 
-0.277969 -1 
-0.563196 -1 
0.733063 -1 
1.35844 -1 
1.25421 -1 
-1.41778 -1 
1.47783 -1 
ZONE T="boundary4"
-0.615395 0.0276512 
-0.232761 0.513513 
-0.208016 0.516056 
-0.617185 0.0503752 
0.639509 0.0292355 
0.635132 0.0442414 
-0.617602 0.0733995 
0.64806 -0.0323149 
0.647223 -0.0167601 
-0.372827 0.46729 
0.616755 0.0871267 
0.605193 0.106487 
0.645532 -0.00127715 
-0.557997 0.28444 
-0.394039 0.455044 
-0.527276 0.331832 
-0.548331 0.30074 
-0.0823631 0.504405 
-0.0575781 0.497264 
-0.616617 0.096683 
-0.614207 0.120153 
-0.605126 0.167214 
-0.610373 0.14368 
-0.59852 0.190603 
-0.583443 0.232112 
-0.590623 0.213787 
-0.567132 0.267473 
-0.575563 0.250125 
-0.538023 0.316622 
0.51765 0.193171 
0.538393 0.177965 
0.364513 0.273207 
0.387375 0.262774 
0.558121 0.161272 
-0.515961 0.346601 
-0.504143 0.36086 
-0.478345 0.38855 
-0.491804 0.374646 
-0.464356 0.401887 
-0.44928 0.41512 
-0.413719 0.442231 
-0.431803 0.42912 
-0.351036 0.478297 
-0.328418 0.488138 
-0.257468 0.509362 
-0.281539 0.503738 
-0.30538 0.49659 
-0.182868 0.517004 
-0.10755 0.510027 
-0.0325587 0.488455 
-0.00797745 0.478277 
0.642968 0.01406 
0.410025 0.252249 
0.283506 0.311146 
0.335486 0.286445 
0.23357 0.337279 
0.260727 0.322715 
0.591548 0.125435 
0.575505 0.14411 
0.494236 0.208227 
0.470107 0.222069 
0.440324 0.237583 
0.0673631 0.438805 
0.0928118 0.423358 
0.041756 0.453448 
0.017048 0.466447 
0.147007 0.389117 
0.119877 0.406341 
0.176683 0.370574 
0.206646 0.35259 
0.30631 0.30007 
0.629903 0.0588295 
0.62373 0.0732367 
-0.157832 0.516317 
-0.132542 0.513975 
-0.220409 0.514984 
0.637433 0.0367724 
-0.617568 0.0618856 
0.647746 -0.0245313 
0.61118 0.0969335 
-0.383515 0.461315 
-0.553247 0.29264 
-0.0699253 0.50102 
0.646486 -0.00900624 
-0.615587 0.108438 
-0.612462 0.131946 
-0.601982 0.178955 
-0.587122 0.222985 
-0.571435 0.258843 
-0.562653 0.276005 
-0.579591 0.241158 
-0.532723 0.32428 
0.52814 0.185738 
0.375953 0.268 
0.548409 0.169806 
-0.510119 0.353787 
-0.485143 0.381666 
-0.498038 0.367812 
-0.456887 0.408584 
-0.422838 0.435786 
-0.471417 0.39529 
-0.543256 0.308733 
-0.59472 0.202247 
-0.339796 0.483383 
-0.269545 0.506737 
-0.316959 0.492536 
-0.362007 0.472948 
-0.195451 0.516735 
-0.0949186 0.507414 
-0.0202127 0.483528 
-0.440623 0.422226 
-0.245146 0.511635 
0.398716 0.257538 
0.247116 0.329905 
0.506046 0.20087 
0.455284 0.229964 
0.482244 0.215283 
0.0801202 0.431152 
0.054608 0.446231 
-0.521688 0.339271 
0.0294562 0.460072 
0.133438 0.397725 
0.272094 0.316872 
0.191622 0.361495 
0.220069 0.344849 
0.294894 0.305558 
-0.0450147 0.49304 
0.632627 0.0515758 
0.620346 0.0802353 
0.626926 0.0660812 
0.641351 0.0216741 
0.644361 0.00641069 
0.598571 0.11611 
-0.40396 0.448767 
-0.616462 0.0390009 
-0.293512 0.500347 
-0.145171 0.515352 
-0.12002 0.5122 
0.425218 0.245002 
0.566978 0.152865 
-0.170346 0.516864 
0.320883 0.293204 
0.350003 0.279806 
0.106362 0.414888 
0.00459287 0.472513 
0.161818 0.379795 
-0.617285 0.0850501 
0.583723 0.134948 
-0.607917 0.155486 
ZONE T="boundary5"
-0.612274 0.00530928 
-0.615395 0.0276512 
-0.274479 -0.377456 
-0.536892 -0.167926 
-0.367808 -0.324926 
-0.547507 -0.15281 
-0.595294 -0.0593153 
0.567035 -0.298216 
0.64806 -0.0323149 
0.62894 -0.157111 
0.637348 -0.126069 
-0.55757 -0.137218 
-0.577982 -0.100258 
-0.587219 -0.0799947 
-0.602187 -0.0381902 
0.574705 -0.285863 
-0.228538 -0.398511 
-0.204365 -0.408522 
-0.179569 -0.418073 
-0.25244 -0.387901 
-0.296256 -0.366467 
-0.129205 -0.435336 
-0.103662 -0.443035 
-0.0777478 -0.450134 
-0.458606 -0.254875 
-0.472738 -0.241416 
-0.444542 -0.267488 
-0.525514 -0.182911 
-0.513622 -0.197482 
-0.486481 -0.227538 
-0.315293 -0.356278 
-0.351069 -0.335486 
-0.334091 -0.345636 
-0.415131 -0.291544 
-0.43011 -0.279661 
0.618665 -0.188329 
-0.383955 -0.314167 
-0.399823 -0.30298 
-0.50029 -0.212734 
-0.567622 -0.120082 
0.518847 -0.357296 
0.5069 -0.36853 
0.595143 -0.246638 
0.603046 -0.228655 
-0.0516313 -0.45657 
0.142098 -0.481501 
0.113065 -0.480425 
0.0847804 -0.478436 
0.0565948 -0.475561 
0.00173309 -0.467489 
0.0290923 -0.471919 
-0.0250375 -0.462387 
0.29079 -0.469586 
0.260465 -0.474666 
0.20081 -0.4805 
0.171166 -0.481555 
0.230397 -0.478257 
0.381849 -0.443768 
0.351648 -0.454311 
0.321223 -0.46286 
0.481454 -0.389377 
0.530364 -0.34541 
0.494417 -0.379235 
0.411423 -0.431142 
0.4403 -0.416216 
0.468063 -0.398937 
0.647313 -0.0635986 
0.645813 -0.0792157 
-0.607856 -0.0166577 
0.550326 -0.321798 
0.541322 -0.332976 
0.558867 -0.310256 
0.586588 -0.264299 
0.611137 -0.20861 
0.643614 -0.0948749 
0.648079 -0.0479099 
-0.154528 -0.427007 
0.454359 -0.407863 
-0.614002 0.0164579 
-0.542271 -0.160418 
0.633375 -0.141652 
-0.552616 -0.145064 
-0.58274 -0.0901891 
-0.598892 -0.0488017 
-0.216483 -0.403592 
-0.191998 -0.413374 
-0.263491 -0.382746 
-0.285402 -0.37203 
-0.116459 -0.439266 
-0.465722 -0.248199 
-0.519629 -0.190247 
-0.479659 -0.234527 
-0.342609 -0.34061 
-0.422664 -0.285658 
-0.391926 -0.308627 
-0.437371 -0.273629 
-0.572934 -0.110238 
-0.451621 -0.261235 
-0.407517 -0.297316 
0.512938 -0.362982 
0.62399 -0.172782 
-0.591402 -0.0697113 
0.599167 -0.237679 
0.127576 -0.481087 
0.0706757 -0.477108 
0.0428294 -0.473841 
-0.0116706 -0.465029 
0.275659 -0.472312 
0.185993 -0.481172 
0.215615 -0.479531 
-0.493443 -0.22019 
-0.038355 -0.459567 
-0.375915 -0.319598 
0.336499 -0.45881 
0.524675 -0.351421 
0.500719 -0.373954 
0.487991 -0.384379 
-0.324724 -0.351014 
0.426004 -0.423956 
0.47481 -0.39423 
0.646651 -0.0714153 
0.545882 -0.327432 
0.563012 -0.304278 
0.580816 -0.275176 
-0.305804 -0.361428 
0.590958 -0.255514 
0.570931 -0.292078 
0.614972 -0.198496 
0.607164 -0.218663 
-0.531271 -0.17547 
-0.562692 -0.128707 
0.644796 -0.0870568 
-0.605179 -0.0274647 
-0.50702 -0.205164 
-0.35947 -0.330257 
0.640768 -0.110528 
0.647791 -0.0557585 
0.648169 -0.0401117 
-0.240523 -0.393282 
-0.610228 -0.00570629 
-0.0647115 -0.453436 
-0.0907286 -0.446667 
0.156631 -0.481659 
0.306052 -0.466428 
-0.167077 -0.422618 
0.015396 -0.469801 
0.245452 -0.476631 
0.0989142 -0.479544 
-0.141893 -0.431251 
0.396747 -0.437716 
0.447373 -0.41211 
0.366834 -0.449284 
0.554654 -0.316072 
0.461256 -0.403473 
0.535917 -0.339258 
