ZONE T="boundary0"
-4 -0.336586 
-4 -0.258691 
-4 -0.178993 
-4 -0.297639 
-4 0.287216 
-4 0.36893 
-4 0.437096 
-4 0.239393 
-4 -0.0406939 
-4 -0.109844 
-4 0.505261 
-4 -1 
-4 0.752631 
-4 -0.453692 
-4 -0.642759 
-4 0.191569 
-4 0.328073 
-4 0.0821971 
-4 0.164226 
-4 -0.821379 
-4 0.628946 
-4 0.136883 
-4 1 
-4 -0.218842 
-4 0.403013 
-4 -0.0752688 
-4 -0.317112 
-4 -0.395139 
-4 -0.278165 
-4 -0.548226 
-4 0.215481 
-4 0.0207516 
-4 -0.91069 
-4 -0.732069 
-4 0.263305 
-4 0.307645 
-4 0.348502 
-4 0.150555 
-4 0.177898 
-4 0.10954 
-4 -0.144419 
-4 0.471179 
-4 0.567104 
-4 0.690788 
-4 0.876315 
ZONE T="boundary1"
-1.16938 1 
-1.24623 1 
0.625024 1 
-0.0810687 1 
-1.4081 1 
-1.32717 1 
-1.49738 1 
1.75233 1 
1.62407 1 
1.4958 1 
4 1 
3.64466 1 
1.31432 1 
1.92358 1 
-3.85943 1 
2.50683 1 
2.89966 1 
2.30083 1 
2.09482 1 
-2.45833 1 
-2.69104 1 
-2.22562 1 
-2.89506 1 
0.556486 1 
-0.407516 1 
-0.474224 1 
-0.676884 1 
-0.746557 1 
-0.816229 1 
-0.341807 1 
-0.540932 1 
-0.608908 1 
0.172948 1 
0.234857 1 
0.111039 1 
-0.88657 1 
-0.95691 1 
0.83358 1 
0.901647 1 
-0.276097 1 
0.296949 1 
0.487948 1 
-1.09254 1 
-1.02472 1 
-0.0161733 1 
-0.145964 1 
-0.21103 1 
0.0474328 1 
0.359042 1 
0.967764 1 
0.423495 1 
0.765513 1 
0.695269 1 
-1.58665 1 
-1.72045 1 
-1.85425 1 
1.23675 1 
1.03388 1 
1.09653 1 
1.40506 1 
-2.03993 1 
-3.2684 1 
-3.43773 1 
3.28931 1 
-3.09907 1 
-3.71886 1 
1.15918 1 
3.46698 1 
3.09449 1 
-4 1 
-1.2078 1 
-1.36763 1 
1.6882 1 
3.82233 1 
1.83796 1 
2.70325 1 
2.19783 1 
-2.57468 1 
-2.34197 1 
-2.79305 1 
-0.44087 1 
-0.71172 1 
-0.781393 1 
-0.507578 1 
-0.57492 1 
-0.642896 1 
0.203903 1 
0.141993 1 
-0.8514 1 
-0.92174 1 
0.867613 1 
-0.374661 1 
-0.308952 1 
0.265903 1 
0.522217 1 
-1.05863 1 
-0.178497 1 
0.0156298 1 
0.0792358 1 
-0.243564 1 
-0.048621 1 
-0.113516 1 
-1.2867 1 
0.391268 1 
0.455721 1 
0.730391 1 
0.660147 1 
0.590755 1 
-1.54201 1 
-1.45274 1 
-1.65355 1 
-1.78735 1 
1.06521 1 
1.35969 1 
1.00082 1 
0.934705 1 
1.27553 1 
1.55993 1 
2.0092 1 
-1.94709 1 
-3.18374 1 
-3.35306 1 
-3.5783 1 
2.40383 1 
1.19796 1 
-0.990817 1 
0.799546 1 
0.327996 1 
-1.13096 1 
1.12786 1 
-2.99706 1 
3.55582 1 
1.45043 1 
2.99707 1 
3.37815 1 
-2.13278 1 
3.1919 1 
-3.92972 1 
-3.78915 1 
ZONE T="boundary2"
4 -0.361229 
4 -0.438148 
4 -0.2896 
4 -0.219003 
4 -0.148407 
4 -0.0841058 
4 -0.0198046 
4 0.05713 
4 0.468451 
4 0.392515 
4 0.56706 
4 1 
4 0.665669 
4 0.832835 
4 -0.697958 
4 -0.515068 
4 0.134065 
4 0.218161 
4 0.31658 
4 -0.606513 
4 -1 
4 -0.399688 
4 -0.325414 
4 -0.254301 
4 -0.183705 
4 0.0186627 
4 0.430483 
4 0.517755 
4 -0.0519552 
4 -0.116256 
4 -0.476608 
4 0.0955973 
4 0.176113 
4 0.26737 
4 0.354547 
4 0.616365 
4 -0.56079 
4 0.916417 
4 0.749252 
4 -0.652236 
4 -0.848979 
ZONE T="boundary3"
3.55461 -1 
1.00287 -1 
1.12416 -1 
3.10063 -1 
3.28017 -1 
-3.39527 -1 
1.93626 -1 
2.2928 -1 
2.10143 -1 
1.77109 -1 
-3.84882 -1 
-4 -1 
-1.31238 -1 
-2.2339 -1 
-2.0602 -1 
-2.59543 -1 
3.7773 -1 
2.48416 -1 
2.70262 -1 
-0.352026 -1 
-0.304594 -1 
-0.257483 -1 
-3.69763 -1 
0.291047 -1 
0.181673 -1 
0.423717 -1 
0.556386 -1 
0.797284 -1 
0.676835 -1 
-0.49432 -1 
-1.18128 -1 
0.900079 -1 
1.48157 -1 
1.3635 -1 
1.24544 -1 
-0.897858 -1 
-1.74107 -1 
-3.24226 -1 
-1.11043 -1 
-1.03957 -1 
-0.968714 -1 
-2.4076 -1 
-3.08926 -1 
-2.78326 -1 
3.41739 -1 
-0.696089 -1 
1.62633 -1 
-1.90063 -1 
-1.59227 -1 
2.92108 -1 
-1.66667 -1 
0.0722991 -1 
-1.44348 -1 
-0.399457 -1 
4 -1 
-0.116148 -1 
-0.163259 -1 
-0.0690359 -1 
-0.210371 -1 
-0.0219243 -1 
3.1904 -1 
2.19711 -1 
1.85368 -1 
-3.92441 -1 
-2.14705 -1 
-0.32831 -1 
0.23636 -1 
0.490052 -1 
0.357382 -1 
0.73706 -1 
-1.24683 -1 
0.951476 -1 
1.06352 -1 
1.42254 -1 
1.1848 -1 
0.848681 -1 
-3.31877 -1 
-1.075 -1 
-0.933286 -1 
-2.50151 -1 
-2.68934 -1 
-3.16576 -1 
2.38848 -1 
3.486 -1 
-0.595204 -1 
-0.796974 -1 
1.55395 -1 
2.01884 -1 
-1.98042 -1 
-1.82085 -1 
2.59339 -1 
2.81185 -1 
-1.62947 -1 
-2.93626 -1 
3.01085 -1 
-2.32075 -1 
0.126986 -1 
-1.37793 -1 
-0.446888 -1 
1.30447 -1 
-1.51788 -1 
-1.70387 -1 
3.66595 -1 
3.88865 -1 
-0.139703 -1 
-0.0925918 -1 
-0.233927 -1 
-0.0454801 -1 
3.34878 -1 
0.616611 -1 
-1.14585 -1 
-1.00414 -1 
1.69871 -1 
-3.77323 -1 
-3.54645 -1 
-0.375741 -1 
-0.281038 -1 
-0.186815 -1 
0.0251874 -1 
ZONE T="boundary4"
-0.631873 0.565878 
0.743012 0.459882 
-0.700126 0.509516 
-0.709328 0.498852 
-0.729148 0.202082 
-0.742602 0.227229 
-0.748667 0.240895 
0.733269 0.473028 
-0.758826 0.270235 
-0.75416 0.255359 
-0.758397 0.406402 
-0.754586 0.418438 
-0.736184 0.214519 
-0.765317 0.300371 
-0.762538 0.285214 
-0.768077 0.342796 
-0.766022 0.369915 
-0.668269 0.539798 
-0.767104 0.315112 
-0.767976 0.328931 
-0.745149 0.441915 
-0.644371 0.557716 
-0.733105 0.464887 
-0.739416 0.453553 
-0.511051 0.61792 
-0.476208 0.627042 
0.778536 0.381851 
-0.717979 0.487738 
-0.679584 0.530028 
-0.690106 0.520023 
-0.656511 0.549031 
-0.441629 0.63444 
-0.528025 0.612749 
0.781962 0.363816 
-0.406799 0.640547 
-0.371801 0.645578 
-0.301223 0.653115 
-0.265397 0.655897 
-0.156212 0.661233 
-0.192882 0.659895 
-0.229533 0.65812 
-0.336552 0.649726 
0.781965 0.308534 
0.78376 0.327484 
-0.560435 0.601275 
-0.575673 0.595035 
0.194882 -0.0586432 
0.722836 0.485492 
0.230837 -0.0530921 
0.26663 -0.0465497 
0.333941 -0.0313159 
0.30039 -0.0394048 
0.535583 0.0429173 
0.504629 0.028051 
0.473111 0.0144171 
0.43438 -0.000509391 
0.364643 -0.0229975 
-0.590684 0.588271 
0.747094 0.219739 
0.757064 0.236606 
0.602635 0.0812744 
0.580727 0.0676858 
0.689813 0.517551 
0.697733 0.158041 
0.684355 0.144859 
0.631188 0.100863 
0.723567 0.187085 
0.735814 0.203108 
0.393498 0.635016 
0.424321 0.629364 
0.329521 0.644376 
0.362545 0.639907 
0.296414 0.648184 
0.59335 0.577392 
0.657013 0.542118 
0.62936 0.559074 
0.614481 0.567098 
0.572395 0.586494 
0.452316 0.623451 
-0.0809845 0.662796 
-0.118602 0.6622 
-0.618511 0.573838 
-0.604843 0.58126 
-0.0425266 0.663048 
-0.00406793 0.662952 
0.0736851 0.661694 
0.0348116 0.662504 
0.150822 0.658918 
0.188216 0.656935 
0.225581 0.654467 
0.112261 0.660511 
0.773622 0.399222 
0.767535 0.415495 
0.760354 0.43097 
0.712229 0.496845 
0.783702 0.345881 
0.7011 0.507612 
0.752117 0.445817 
0.7782 0.289462 
0.772831 0.271606 
0.765758 0.254003 
0.658441 0.121976 
0.710547 0.171769 
-0.544319 0.607263 
0.643929 0.550502 
0.480128 0.616728 
0.50442 0.610064 
0.528486 0.602626 
0.261024 0.651611 
0.3951 -0.0138202 
-0.761591 0.394189 
0.678107 0.526981 
-0.704793 0.504241 
-0.745724 0.234022 
0.738241 0.466529 
-0.756606 0.262762 
-0.756568 0.412442 
-0.764044 0.292771 
-0.732738 0.20826 
-0.767422 0.356384 
-0.76632 0.307728 
-0.767636 0.322015 
-0.768123 0.335863 
-0.760797 0.277696 
-0.736331 0.45926 
-0.493686 0.622699 
-0.742356 0.44777 
-0.713725 0.49335 
-0.684905 0.525089 
-0.695181 0.514832 
-0.638164 0.561862 
-0.725836 0.476507 
-0.673985 0.53498 
-0.519556 0.615395 
0.780453 0.372872 
-0.389318 0.643186 
-0.458956 0.630917 
-0.283316 0.654581 
-0.174549 0.660615 
-0.662443 0.544482 
-0.354189 0.647755 
0.783098 0.317987 
-0.568081 0.598218 
0.728142 0.479335 
0.248756 -0.0499463 
0.317194 -0.0354802 
-0.650488 0.55344 
0.488935 0.0210842 
0.453825 0.00674727 
0.34932 -0.027262 
0.212878 -0.0559899 
0.752217 0.228091 
0.591745 0.0743769 
0.691111 0.151383 
0.617046 0.0908725 
-0.751517 0.248088 
0.729799 0.195014 
0.741578 0.211339 
0.408928 0.632291 
0.346045 0.64223 
0.603975 0.572367 
0.582919 0.58205 
-0.099794 0.662543 
-0.611713 0.577615 
-0.0232972 0.663043 
0.0153724 0.662772 
0.169522 0.657983 
0.206903 0.655766 
0.131544 0.659768 
0.776265 0.390589 
0.770739 0.407419 
0.764088 0.423299 
0.783037 0.354868 
0.78395 0.336683 
0.70673 0.502297 
-0.739469 0.220836 
0.695512 0.512645 
0.717606 0.491237 
0.74768 0.452924 
0.780323 0.29895 
0.769485 0.262728 
0.671593 0.133197 
0.717152 0.179346 
0.704214 0.164836 
0.644975 0.111213 
0.636684 0.554859 
0.438339 0.626502 
0.466248 0.620196 
0.283535 -0.0430933 
0.516484 0.606447 
-0.42424 0.637641 
-0.247469 0.657073 
-0.21121 0.659066 
0.278726 0.649974 
0.378036 0.637551 
0.550587 0.594959 
-0.137408 0.661765 
0.312977 0.646357 
0.379904 -0.0185182 
-0.0617557 0.662966 
0.0929746 0.661151 
0.0542493 0.662145 
0.756366 0.438466 
0.761577 0.245222 
0.775723 0.280471 
-0.750162 0.430295 
-0.764109 0.382107 
-0.597796 0.584831 
-0.583208 0.591721 
-0.625233 0.569926 
-0.536194 0.610066 
-0.552401 0.604334 
0.667689 0.534729 
-0.760071 0.400317 
0.68401 0.522328 
0.65051 0.546372 
0.621958 0.563152 
0.520183 0.0353256 
-0.318896 0.651507 
0.414806 -0.0073594 
0.243308 0.653106 
0.492299 0.613488 
0.558366 0.0549176 
ZONE T="boundary5"
-0.587263 0.0654864 
-0.597838 0.0721521 
-0.557115 0.0480891 
-0.68491 0.143716 
-0.67727 0.135779 
-0.668946 0.127613 
-0.660394 0.119686 
-0.241266 -0.0529855 
-0.2289 -0.0549776 
-0.25543 -0.0505611 
-0.707252 0.16996 
-0.714868 0.180231 
-0.722083 0.190787 
-0.729148 0.202082 
-0.616976 0.0850856 
-0.629709 0.0943947 
-0.428658 -0.00699296 
-0.443368 -0.00189682 
-0.566879 0.0534828 
-0.607476 0.0785173 
-0.194033 -0.0599846 
-0.642136 0.104105 
-0.65137 0.111773 
-0.518357 0.028638 
-0.576548 0.0590455 
-0.399733 -0.016285 
-0.414228 -0.0117451 
-0.298519 -0.0422186 
-0.28406 -0.0451841 
-0.31141 -0.0394286 
-0.324273 -0.036504 
-0.349213 -0.0304178 
-0.360911 -0.0273672 
-0.182853 -0.0614033 
-0.26957 -0.0479863 
-0.205281 -0.0584664 
-0.216517 -0.0568579 
-0.171664 -0.0627339 
-0.506358 0.0231779 
-0.494894 0.0181827 
-0.483356 0.0133613 
-0.336758 -0.0335269 
-0.386179 -0.020327 
-0.530261 0.0343038 
-0.457996 0.0034369 
-0.470713 0.00830214 
-0.692318 0.15187 
-0.699935 0.160793 
0.139731 -0.0652598 
0.121463 -0.0669613 
-0.372577 -0.0241949 
-0.0846987 -0.0701028 
-0.543762 0.0410517 
-0.06665 -0.0709834 
0.0273782 -0.0720029 
0.00833581 -0.0722805 
-0.0479203 -0.0716638 
-0.13849 -0.0661613 
-0.155086 -0.0645428 
-0.102735 -0.0690018 
-0.120621 -0.0676907 
-0.0104246 -0.0723131 
0.102608 -0.0684674 
-0.029183 -0.0721072 
0.0464168 -0.0714776 
0.0837362 -0.0697237 
0.157978 -0.0633193 
0.194882 -0.0586432 
0.176445 -0.0611064 
0.0650814 -0.070721 
-0.592568 0.0687907 
-0.681118 0.13972 
-0.673137 0.131666 
-0.664698 0.12362 
-0.235085 -0.0539956 
-0.248351 -0.051792 
-0.718527 0.185474 
-0.725675 0.196397 
-0.623379 0.0896907 
-0.436023 -0.00447403 
-0.612244 0.0817757 
-0.646778 0.107909 
-0.635963 0.099199 
-0.581922 0.0622382 
-0.406989 -0.0140411 
-0.317845 -0.0379833 
-0.355066 -0.0289075 
-0.421452 -0.00939595 
-0.188444 -0.060705 
-0.262504 -0.0492926 
-0.222711 -0.0559316 
-0.17726 -0.0620796 
-0.500635 0.0206582 
-0.489134 0.0157506 
-0.512369 0.0258827 
-0.392962 -0.018328 
-0.524322 0.0314447 
-0.450693 0.000739911 
-0.464364 0.00584573 
-0.477044 0.0108072 
-0.711109 0.17506 
-0.688644 0.147766 
-0.696163 0.156301 
-0.562009 0.0507651 
-0.210901 -0.0576735 
-0.571726 0.0562428 
-0.703632 0.165345 
-0.33052 -0.0350318 
-0.34299 -0.031989 
0.1306 -0.0661403 
-0.199658 -0.0592368 
-0.602674 0.0753096 
-0.655909 0.115699 
-0.366748 -0.0257964 
-0.379384 -0.0222824 
-0.276819 -0.0466054 
-0.53703 0.0376423 
0.0178574 -0.0721726 
-0.14679 -0.0653758 
-0.0937187 -0.0695799 
-0.0756757 -0.0705707 
-0.00104444 -0.0723267 
0.093174 -0.0691267 
0.148858 -0.0643195 
-0.11168 -0.0683734 
0.167215 -0.0622439 
0.185668 -0.0599062 
-0.291293 -0.0437219 
-0.304968 -0.0408403 
-0.550458 0.0445335 
-0.129558 -0.0669533 
-0.0572863 -0.0713532 
0.112038 -0.0677457 
0.0744103 -0.0702525 
0.0368982 -0.0717713 
0.0557502 -0.0711293 
-0.0385524 -0.0719152 
-0.0198042 -0.0722399 
-0.163378 -0.0636622 
