ZONE T="boundary0"
-4 -0.574875 
-4 -0.496045 
-4 -0.167429 
-4 -0.107974 
-4 -0.213877 
-4 -0.26742 
-4 -0.0536292 
-4 0.32344 
-4 0.392021 
-4 0.264434 
-4 0.1956 
-4 0.000715838 
-4 -0.328057 
-4 0.0494368 
-4 0.0981578 
-4 0.528026 
-4 0.460601 
-4 -0.787438 
-4 1 
-4 -0.417214 
-4 0.730301 
-4 0.595451 
-4 -1 
-4 -0.53546 
-4 -0.137701 
-4 -0.240649 
-4 -0.190653 
-4 -0.0808017 
-4 0.35773 
-4 0.293937 
-4 0.230017 
-4 -0.0264567 
-4 0.494314 
-4 -0.297739 
-4 -0.372636 
-4 -0.456629 
-4 0.0250763 
-4 0.146879 
-4 0.0737973 
-4 0.662876 
-4 -0.681157 
-4 -0.893719 
-4 0.86515 
-4 0.426311 
-4 0.561738 
ZONE T="boundary1"
1.07039 1 
2.20141 1 
3.69391 1 
3.84696 1 
-0.1963 1 
0.876438 1 
0.781414 1 
-1.16815 1 
-2.57139 1 
-2.84851 1 
-2.38151 1 
0.451405 1 
-1.42776 1 
-1.06648 1 
0.686389 1 
0.973415 1 
-1.8524 1 
-2.02201 1 
3.11851 1 
2.7435 1 
-2.98707 1 
3.54087 1 
-4 1 
-3.76518 1 
-3.53036 1 
2.38957 1 
0.34233 1 
0.287792 1 
0.16495 1 
0.096646 1 
0.0258633 1 
0.568897 1 
-0.120609 1 
-0.263955 1 
-0.331611 1 
-0.496204 1 
-0.413907 1 
0.233254 1 
-0.964816 1 
-0.609041 1 
-0.721879 1 
1.17522 1 
-0.843348 1 
-1.25406 1 
-1.33997 1 
-1.51555 1 
-1.68397 1 
1.39856 1 
1.28004 1 
1.51707 1 
2.01325 1 
1.76516 1 
4 1 
-3.328 1 
-2.19162 1 
-3.12563 1 
3.38783 1 
3.25317 1 
1.64112 1 
-0.0449194 1 
3.77044 1 
0.828926 1 
-2.70995 1 
-2.47645 1 
1.0219 1 
-1.9372 1 
2.931 1 
-3.88259 1 
2.56654 1 
0.396867 1 
0.0612547 1 
0.130798 1 
-0.297783 1 
0.510151 1 
0.627643 1 
-0.455056 1 
0.733902 1 
0.260523 1 
-1.01565 1 
-0.372759 1 
-0.66546 1 
-0.552623 1 
0.924927 1 
1.1228 1 
-1.29701 1 
-1.11731 1 
-1.47165 1 
-1.2111 1 
-1.59976 1 
-1.38386 1 
-1.76818 1 
-3.64777 1 
1.3393 1 
1.45781 1 
1.88921 1 
3.92348 1 
-3.05635 1 
-2.91779 1 
3.61739 1 
3.18584 1 
-2.10682 1 
-2.28657 1 
3.46435 1 
3.3205 1 
2.10733 1 
-0.00952803 1 
-0.0827644 1 
-0.782613 1 
0.315061 1 
-0.158455 1 
0.199102 1 
-0.230127 1 
-0.904082 1 
1.70314 1 
1.5791 1 
1.22763 1 
2.29549 1 
-3.22682 1 
-3.42918 1 
ZONE T="boundary2"
4 0.64233 
4 -0.706704 
4 -0.593788 
4 -0.186273 
4 0.464511 
4 -0.00988702 
4 0.200439 
4 0.133363 
4 0.235304 
4 0.821165 
4 -0.853352 
4 -0.0860609 
4 -0.282932 
4 0.553421 
4 -0.381901 
4 -0.332417 
4 0.339898 
4 0.402205 
4 0.270168 
4 0.305033 
4 0.0662869 
4 -0.480871 
4 1 
4 -1 
4 -0.234602 
4 -0.258767 
4 -0.650246 
4 0.166901 
4 -0.136167 
4 -0.047974 
4 -0.357159 
4 0.371051 
4 0.0998248 
4 0.597875 
4 0.508966 
4 -0.431386 
4 0.910582 
4 0.731747 
4 -0.926676 
4 -0.780028 
4 -0.246685 
4 -0.210437 
4 -0.307674 
4 0.433358 
4 0.287601 
4 0.322466 
4 0.217871 
4 0.0281999 
4 -0.537329 
4 -0.270849 
4 0.252736 
ZONE T="boundary3"
-2.05151 -1 
-1.82949 -1 
-0.509764 -1 
-0.355892 -1 
-1.26126 -1 
1.42879 -1 
-0.777551 -1 
-0.866294 -1 
-3.46644 -1 
0.79274 -1 
0.903815 -1 
1.01489 -1 
1.11192 -1 
1.31887 -1 
3.5487 -1 
1.97967 -1 
2.32828 -1 
-2.39303 -1 
-2.22227 -1 
2.77521 -1 
-1.60748 -1 
3.09741 -1 
3.32305 -1 
-3.29184 -1 
-2.94265 -1 
-2.58055 -1 
2.93631 -1 
0.652709 -1 
0.512677 -1 
-0.216561 -1 
-4 -1 
-3.73322 -1 
-0.0629987 -1 
0.0839647 -1 
0.010483 -1 
0.413069 -1 
1.49842 -1 
1.56805 -1 
0.198713 -1 
0.313461 -1 
-0.710604 -1 
-3.11725 -1 
-3.59983 -1 
1.20895 -1 
-2.76806 -1 
-0.955038 -1 
-1.05396 -1 
-1.15288 -1 
-1.36963 -1 
2.44002 -1 
2.55175 -1 
3.77435 -1 
4 -1 
1.77386 -1 
-1.48855 -1 
0.141339 -1 
-0.643657 -1 
-0.13978 -1 
-1.9405 -1 
-0.432828 -1 
-0.821922 -1 
0.848277 -1 
1.0634 -1 
1.37383 -1 
2.15398 -1 
-2.30765 -1 
-1.71849 -1 
3.21023 -1 
-2.48679 -1 
-3.37914 -1 
0.582693 -1 
-0.286226 -1 
-3.86661 -1 
0.722724 -1 
0.047224 -1 
1.53324 -1 
0.959352 -1 
0.256087 -1 
-3.53313 -1 
1.4636 -1 
1.26391 -1 
1.16043 -1 
-3.66652 -1 
-2.6743 -1 
-3.20455 -1 
-1.0045 -1 
-1.10342 -1 
-1.20707 -1 
-1.31544 -1 
2.38415 -1 
2.66348 -1 
2.85576 -1 
3.43588 -1 
3.66153 -1 
3.88718 -1 
1.67096 -1 
-2.13689 -1 
-2.85536 -1 
-3.02995 -1 
0.462873 -1 
-0.0262579 -1 
0.363265 -1 
0.112652 -1 
0.170026 -1 
-0.744077 -1 
-0.677131 -1 
-0.576711 -1 
-0.17817 -1 
-0.101389 -1 
2.49588 -1 
-0.910666 -1 
-1.54802 -1 
-1.42909 -1 
3.01686 -1 
1.87677 -1 
ZONE T="boundary4"
-0.610581 0.128003 
-0.600046 0.152505 
-0.155179 0.516743 
-0.127211 0.523343 
-0.2368 0.489883 
-0.210024 0.499977 
0.621863 0.0439123 
-0.626932 0.0787078 
-0.619565 0.103382 
-0.288871 0.466441 
-0.263114 0.478685 
-0.52518 0.274196 
-0.538313 0.256672 
-0.636613 0.0295541 
-0.638866 0.00521824 
-0.632628 0.0540676 
-0.588066 0.176779 
-0.574744 0.20079 
-0.563104 0.219948 
-0.550851 0.238721 
-0.451933 0.353656 
-0.467332 0.338994 
0.043947 0.535574 
0.0723876 0.532683 
-0.49715 0.307778 
-0.511463 0.291222 
-0.436086 0.367849 
-0.482497 0.323622 
-0.401711 0.395871 
-0.361211 0.424654 
0.312461 0.430321 
0.336274 0.409605 
-0.182779 0.508949 
-0.0990105 0.528695 
-0.314089 0.453162 
-0.0705454 0.53278 
-0.0419932 0.535544 
-0.337935 0.439362 
-0.381718 0.410611 
-0.419122 0.382125 
0.359296 0.3872 
0.381655 0.363229 
0.287967 0.449128 
0.262809 0.465992 
0.484969 0.234037 
0.465083 0.259676 
0.403315 0.338103 
0.424329 0.312255 
0.444822 0.286056 
0.505184 0.208931 
0.0153667 0.536985 
0.100613 0.528265 
0.128686 0.522235 
-0.0133714 0.53696 
0.236973 0.480948 
0.1837 0.505171 
0.210628 0.493969 
0.156392 0.51456 
0.524961 0.185202 
0.596573 0.0921965 
0.563101 0.139029 
0.580676 0.115781 
0.544677 0.161697 
0.641426 -0.0324139 
0.637528 -0.00662366 
0.630979 0.0188868 
0.610326 0.0683545 
-0.605481 0.140325 
-0.14123 0.520197 
-0.223465 0.495071 
-0.623438 0.0911011 
-0.276056 0.472695 
-0.637953 0.0174055 
-0.634828 0.041844 
-0.615252 0.115757 
-0.581543 0.18886 
-0.557051 0.229383 
-0.569004 0.210417 
-0.459689 0.346384 
0.0581884 0.534317 
-0.544654 0.247746 
-0.594209 0.164717 
-0.504377 0.299561 
-0.518397 0.282769 
-0.444063 0.360812 
-0.489888 0.315759 
0.324514 0.420144 
-0.196449 0.504608 
-0.113139 0.526176 
-0.301548 0.45993 
-0.0562831 0.534328 
-0.16902 0.512995 
-0.531823 0.26549 
-0.32608 0.446378 
-0.349645 0.432121 
-0.391779 0.403328 
-0.371526 0.417722 
-0.41047 0.389065 
-0.0847993 0.5309 
-0.474976 0.331368 
0.370603 0.375343 
0.27552 0.457769 
-0.250015 0.484421 
0.474988 0.246818 
0.434622 0.29919 
0.39259 0.350761 
0.495018 0.221423 
0.0296684 0.536462 
0.114694 0.525452 
-0.0276881 0.536423 
0.197251 0.499786 
0.300356 0.439922 
0.170117 0.510078 
0.25001 0.473686 
-0.42766 0.375053 
0.572021 0.127503 
0.588809 0.104114 
0.639806 -0.0194652 
0.0865321 0.530668 
0.000999883 0.53715 
0.534841 0.173459 
0.223903 0.487675 
0.142597 0.518605 
0.553963 0.150417 
0.413898 0.325242 
0.347926 0.398559 
-0.629979 0.0664331 
0.634572 0.00621771 
0.61636 0.0562624 
0.603676 0.0804095 
0.626718 0.0315119 
0.515045 0.197031 
0.454965 0.272871 
ZONE T="boundary5"
-0.0170378 -0.397777 
0.0107155 -0.401286 
-0.0450788 -0.393907 
-0.0730844 -0.389767 
-0.578969 -0.194452 
-0.571421 -0.203943 
0.395593 -0.379196 
-0.639364 -0.0188622 
-0.638092 -0.0426395 
-0.592753 -0.174863 
-0.604797 -0.154443 
-0.623533 -0.111405 
-0.630186 -0.0889778 
0.639724 -0.0970184 
-0.635037 -0.0660249 
-0.563514 -0.213141 
-0.528025 -0.247478 
-0.546499 -0.230841 
-0.361306 -0.3313 
-0.275128 -0.35321 
-0.332917 -0.33932 
-0.304334 -0.346529 
-0.101468 -0.385328 
-0.129847 -0.380675 
-0.216694 -0.365138 
-0.187525 -0.370591 
-0.158684 -0.37574 
-0.486864 -0.277219 
-0.47563 -0.28393 
-0.508148 -0.262957 
0.535605 -0.295282 
0.641333 -0.0841613 
0.642674 -0.0583296 
-0.381698 -0.324869 
-0.440194 -0.302111 
-0.427679 -0.307631 
0.493626 -0.329717 
0.470522 -0.344556 
-0.401882 -0.317827 
-0.638866 0.00521824 
0.458623 -0.351313 
0.287655 -0.404939 
0.260144 -0.408264 
-0.245859 -0.359382 
0.121602 -0.410993 
0.0939391 -0.409343 
0.14935 -0.412019 
0.066199 -0.40713 
0.0385342 -0.404431 
0.177037 -0.41234 
0.20478 -0.411878 
0.232466 -0.410551 
0.34218 -0.394765 
0.315096 -0.400459 
0.369099 -0.387701 
0.421314 -0.369255 
0.571349 -0.254482 
0.446507 -0.357648 
0.525615 -0.304538 
0.515251 -0.313381 
0.554337 -0.275609 
0.637512 -0.109805 
0.623039 -0.160073 
0.612713 -0.184611 
0.600561 -0.20865 
0.631362 -0.135123 
0.642378 -0.0453411 
-0.464178 -0.290266 
0.641426 -0.0324139 
-0.615066 -0.13326 
0.58675 -0.232031 
-0.00316754 -0.399574 
-0.0590863 -0.391868 
-0.575241 -0.199234 
-0.638952 -0.030763 
-0.598982 -0.164774 
-0.627086 -0.100258 
-0.537411 -0.239323 
-0.318646 -0.343014 
-0.0872804 -0.387575 
-0.115661 -0.383026 
-0.202114 -0.367897 
-0.481275 -0.280622 
-0.518226 -0.255395 
0.642321 -0.0712586 
-0.55517 -0.222144 
-0.567511 -0.208578 
-0.371524 -0.328156 
-0.433956 -0.304914 
0.482212 -0.337351 
-0.391819 -0.32143 
0.273914 -0.406738 
-0.231282 -0.362302 
-0.260503 -0.356351 
-0.289745 -0.349941 
-0.632839 -0.0775491 
0.107764 -0.410242 
0.0523592 -0.405837 
0.0246178 -0.402908 
0.16319 -0.412272 
0.218626 -0.411328 
-0.0310643 -0.395879 
0.32867 -0.397772 
0.355684 -0.391407 
0.434005 -0.363658 
0.452592 -0.354532 
-0.414844 -0.312889 
0.520478 -0.309012 
0.464602 -0.347987 
0.408528 -0.37442 
0.190907 -0.412212 
0.545177 -0.285641 
0.606838 -0.196731 
0.634713 -0.122529 
0.638692 -0.103424 
0.640604 -0.0905986 
0.530658 -0.299961 
-0.452276 -0.296368 
0.13547 -0.411589 
0.301398 -0.402848 
0.382405 -0.383635 
0.504597 -0.321759 
0.641984 -0.0388706 
0.642608 -0.0518326 
-0.144268 -0.378232 
0.0800618 -0.408302 
0.246313 -0.409533 
-0.610149 -0.143955 
-0.636791 -0.0543617 
-0.619523 -0.122418 
-0.639334 -0.00681776 
-0.497632 -0.270274 
0.563058 -0.265217 
0.627451 -0.14768 
0.6181 -0.172435 
-0.586056 -0.184793 
0.57925 -0.243394 
0.593845 -0.220453 
-0.173108 -0.373192 
-0.347142 -0.335423 
-0.469931 -0.287143 
