ZONE T="boundary0"
-4 -0.515366 
-4 -0.429574 
-4 0.0995006 
-4 0.302422 
-4 0.275758 
-4 0.382415 
-4 0.52376 
-4 -0.0375029 
-4 -0.117098 
-4 0.453087 
-4 0.0420926 
-4 0.156909 
-4 0.329086 
-4 0.76188 
-4 -0.358024 
-4 -0.601158 
-4 -0.700868 
-4 -0.800579 
-4 -1 
-4 1 
-4 0.186621 
-4 0.246045 
-4 0.216333 
-4 -0.244131 
-4 -0.201787 
-4 -0.159442 
-4 -0.32225 
-4 -0.286475 
-4 0.28909 
-4 -0.0773006 
-4 0.488424 
-4 0.35575 
-4 0.64282 
-4 -0.393799 
-4 -0.558262 
-4 -0.47247 
-4 -0.651013 
-4 -0.750724 
-4 -0.900289 
-4 0.88094 
-4 0.171765 
-4 0.260901 
-4 0.231189 
-4 0.0707966 
-4 0.00229488 
-4 -0.222959 
-4 -0.180615 
-4 0.128205 
-4 0.417751 
-4 -0.304362 
-4 -0.340137 
-4 0.315754 
-4 0.201477 
-4 -0.265303 
-4 -0.13827 
ZONE T="boundary1"
0.996208 1 
0.906774 1 
0.0378384 1 
-0.308305 1 
0.26013 1 
0.181284 1 
1.42607 1 
-0.872969 1 
4 1 
-1.54293 1 
-1.69177 1 
1.20146 1 
-3.30648 1 
-2.21844 1 
-2.40299 1 
1.68373 1 
3.43061 1 
-2.8615 1 
3.7153 1 
2.86122 1 
3.14591 1 
2.19066 1 
1.9372 1 
2.52594 1 
-3.08399 1 
-2.63224 1 
-0.078504 1 
0.109561 1 
-0.592391 1 
-0.229939 1 
-0.154222 1 
0.391632 1 
0.347798 1 
-0.38667 1 
0.53355 1 
0.631634 1 
0.484508 1 
0.770913 1 
-0.977864 1 
-0.48953 1 
1.09884 1 
0.81734 1 
-0.768073 1 
-0.680232 1 
1.31376 1 
-1.1877 1 
-1.08278 1 
1.5549 1 
-1.39409 1 
-1.2909 1 
-1.86283 1 
-2.03389 1 
-3.59862 1 
-3.79931 1 
-4 1 
0.724487 1 
0.435466 1 
0.951491 1 
0.220707 1 
-1.61735 1 
-2.31072 1 
3.85765 1 
2.06393 1 
2.3583 1 
-2.97274 1 
-2.51762 1 
-0.0203328 1 
0.145423 1 
-0.192081 1 
0.0736999 1 
0.369715 1 
-0.347487 1 
0.509029 1 
-0.925416 1 
1.15015 1 
0.862057 1 
-0.4381 1 
-0.540961 1 
-0.724153 1 
-0.636312 1 
1.36992 1 
1.25761 1 
-1.13524 1 
-0.820521 1 
1.61931 1 
1.49048 1 
-1.46851 1 
-1.2393 1 
1.81046 1 
-1.7773 1 
-1.94836 1 
3.28826 1 
3.00357 1 
-3.45255 1 
-3.19523 1 
-2.12617 1 
-2.74687 1 
-3.89966 1 
-3.69897 1 
0.7477 1 
0.794127 1 
0.678061 1 
0.459987 1 
0.582592 1 
-0.116363 1 
0.303964 1 
1.04752 1 
0.413549 1 
-0.269122 1 
-1.03032 1 
2.69358 1 
-1.34249 1 
3.57296 1 
ZONE T="boundary2"
4 -0.381966 
4 -0.455148 
4 -0.52833 
4 -0.865237 
4 -0.730474 
4 -0.306977 
4 -0.231988 
4 -0.201076 
4 0.277069 
4 0.243124 
4 -0.116923 
4 0.141288 
4 0.209179 
4 0.0920441 
4 0.770692 
4 1 
4 0.464948 
4 -0.0636819 
4 0.0428003 
4 0.541384 
4 0.332791 
4 0.656038 
4 -0.629402 
4 -1 
4 0.30493 
4 -0.170164 
4 0.388512 
4 -0.491739 
4 -0.418557 
4 -0.797856 
4 -0.216532 
4 0.260097 
4 0.175233 
4 0.116666 
4 0.885346 
4 -0.269482 
4 -0.344471 
4 0.0674222 
4 0.226151 
4 -0.0903025 
4 -0.0104408 
4 0.503166 
4 0.713365 
4 -0.932619 
4 0.318861 
4 -0.143544 
4 -0.18562 
4 0.360652 
4 0.291 
4 0.42673 
4 -0.578866 
4 -0.679938 
4 0.598711 
ZONE T="boundary3"
0.0147514 -1 
0.303971 -1 
0.407799 -1 
-1.13436 -1 
-0.453571 -1 
-0.340793 -1 
1.25066 -1 
1.18132 -1 
-0.566348 -1 
0.511627 -1 
-3.75696 -1 
-3.2894 -1 
-3.06489 -1 
-2.63603 -1 
3.75 -1 
2.60102 -1 
2.33876 -1 
2.86328 -1 
-1.97336 -1 
3.28955 -1 
-2.21374 -1 
-1.76452 -1 
-1.55568 -1 
-1.38034 -1 
-1.205 -1 
-0.0510554 -1 
-0.119613 -1 
0.0805582 -1 
-0.264481 -1 
0.132873 -1 
0.185188 -1 
0.24458 -1 
0.620969 -1 
0.730311 -1 
-0.18817 -1 
-1.06372 -1 
-0.858668 -1 
-0.712508 -1 
0.839777 -1 
0.949243 -1 
1.45865 -1 
1.06528 -1 
-3.51391 -1 
-4 -1 
-0.961195 -1 
1.61808 -1 
1.53837 -1 
1.78429 -1 
-2.45412 -1 
1.95049 -1 
1.31999 -1 
-1.46801 -1 
-2.81794 -1 
3.51977 -1 
3.875 -1 
4 -1 
-0.785588 -1 
2.14463 -1 
0.355885 -1 
-0.397182 -1 
1.21599 -1 
0.459713 -1 
-3.17714 -1 
3.07641 -1 
2.73215 -1 
-2.09355 -1 
-1.6601 -1 
-1.29267 -1 
-0.085334 -1 
0.0476548 -1 
0.159031 -1 
0.214884 -1 
0.274275 -1 
0.67564 -1 
-0.302637 -1 
-0.153891 -1 
-0.509959 -1 
-1.09904 -1 
0.785044 -1 
-0.639428 -1 
1.1233 -1 
-3.63543 -1 
-3.40165 -1 
-3.87848 -1 
1.57822 -1 
1.70119 -1 
1.86739 -1 
1.49851 -1 
1.28532 -1 
1.38932 -1 
-1.42418 -1 
-1.16968 -1 
-2.94141 -1 
3.9375 -1 
-2.72698 -1 
-1.86894 -1 
3.8125 -1 
3.63489 -1 
-0.226326 -1 
-0.018152 -1 
-0.909932 -1 
-0.822128 -1 
-1.01246 -1 
0.106716 -1 
1.00726 -1 
2.04756 -1 
0.566298 -1 
0.89451 -1 
2.46989 -1 
-1.51184 -1 
2.24169 -1 
3.40466 -1 
-2.33393 -1 
-0.749048 -1 
-2.54507 -1 
ZONE T="boundary4"
-0.334735 0.35179 
-0.385619 0.317049 
-0.369288 0.328848 
-0.352656 0.340213 
0.636627 0.114694 
0.642398 0.0792411 
-0.433037 0.278451 
0.565982 0.30825 
0.557535 0.321378 
0.573347 0.295652 
0.548513 0.334103 
0.598043 0.242629 
0.603102 0.229339 
-0.488236 0.222862 
0.586682 0.269389 
0.489304 0.395822 
-0.610822 -0.0301132 
-0.60753 -0.00831891 
-0.582232 0.0773103 
-0.590341 0.0562735 
-0.603016 0.0133767 
-0.597283 0.0349268 
-0.572991 0.0979964 
-0.551416 0.137964 
-0.562697 0.118225 
-0.541769 0.153321 
-0.277913 0.384527 
-0.510391 0.196566 
-0.53159 0.168329 
-0.448938 0.263747 
-0.465462 0.247366 
-0.401307 0.30505 
-0.41665 0.292609 
-0.316526 0.362904 
-0.215896 0.414418 
-0.237206 0.40477 
-0.297353 0.373955 
-0.194354 0.423549 
-0.171876 0.432437 
-0.101468 0.45628 
-0.0509382 0.469845 
-0.0241451 0.475876 
-0.0763001 0.463397 
0.00282158 0.481145 
-0.149176 0.440773 
-0.257683 0.394895 
0.503105 0.383996 
0.516398 0.371344 
0.632719 0.132519 
0.528024 0.359087 
0.643906 0.00941147 
0.429961 0.435291 
0.452855 0.421934 
0.343831 0.470575 
0.399722 0.450079 
0.539031 0.346267 
0.474977 0.406892 
0.0599596 0.48965 
0.148548 0.495498 
0.177876 0.495349 
0.0895519 0.492618 
0.287983 0.484087 
0.261299 0.488523 
0.23401 0.49187 
0.205979 0.494154 
0.315751 0.478135 
0.628276 0.150225 
0.644982 0.0440601 
0.644924 0.0266457 
0.644122 0.0615956 
0.592683 0.255797 
0.620876 0.176255 
-0.125427 0.448828 
0.371931 0.461262 
0.119234 0.494584 
0.0313196 0.48584 
0.612678 0.20204 
0.607998 0.215728 
-0.361009 0.334584 
0.639862 0.0970244 
0.561832 0.314861 
0.569729 0.301988 
0.553096 0.327792 
0.600606 0.235998 
0.580265 0.282648 
-0.609326 -0.0191933 
-0.586425 0.0668455 
-0.600297 0.024191 
-0.577745 0.0877127 
-0.557174 0.128161 
-0.546661 0.145686 
-0.499483 0.209857 
-0.536743 0.160868 
-0.44105 0.271167 
-0.409024 0.298885 
-0.424903 0.285598 
-0.325665 0.357404 
-0.343733 0.34606 
-0.457272 0.255629 
-0.393504 0.311104 
-0.22658 0.409659 
-0.183143 0.428063 
-0.287665 0.379301 
-0.037563 0.472955 
-0.0889079 0.459922 
-0.0636407 0.466706 
-0.205153 0.419049 
-0.0106807 0.478607 
-0.160552 0.436675 
-0.247474 0.399894 
-0.377494 0.323003 
0.509835 0.377758 
-0.521205 0.182609 
-0.56797 0.108175 
-0.593956 0.045647 
0.44152 0.428804 
0.533607 0.352745 
0.49628 0.389998 
0.522286 0.365287 
-0.306974 0.36849 
0.163213 0.49556 
0.0747434 0.491257 
-0.605422 0.00256 
0.274665 0.486451 
0.220006 0.493152 
0.247672 0.490338 
0.329842 0.474546 
0.543841 0.340239 
0.634745 0.123622 
0.630559 0.141387 
0.645071 0.0353525 
0.643362 0.0704285 
0.644663 0.0528333 
0.48221 0.401447 
0.589738 0.262618 
0.595406 0.24923 
-0.476992 0.235248 
-0.113471 0.45263 
-0.26783 0.389773 
-0.137327 0.444876 
0.35795 0.466129 
0.385917 0.455898 
0.104385 0.493729 
0.133887 0.495171 
0.0456246 0.487857 
0.414988 0.442985 
0.191933 0.494884 
0.0170526 0.483602 
0.301904 0.481282 
0.644538 0.0180213 
0.610364 0.208893 
0.616869 0.189177 
0.624686 0.163271 
0.46405 0.41461 
0.605579 0.222544 
ZONE T="boundary5"
-0.613446 -0.0955603 
-0.613765 -0.0737669 
-0.612895 -0.0519216 
-0.540245 -0.321419 
-0.529506 -0.337364 
-0.3848 -0.469195 
-0.40323 -0.458333 
-0.609296 -0.139034 
-0.605495 -0.160685 
-0.550335 -0.305015 
-0.589788 -0.218422 
-0.583366 -0.236145 
-0.600966 -0.180684 
-0.595536 -0.200451 
-0.61195 -0.11733 
-0.247596 -0.512667 
-0.272105 -0.509351 
0.509089 -0.202199 
-0.29651 -0.504202 
-0.319913 -0.497489 
-0.364121 -0.479833 
0.616551 -0.0879655 
-0.342956 -0.489122 
0.585845 -0.135275 
0.602004 -0.113154 
-0.198097 -0.513812 
-0.222784 -0.514163 
-0.125026 -0.50207 
0.460748 -0.22865 
0.485228 -0.216189 
-0.17349 -0.511642 
-0.149184 -0.507719 
-0.101313 -0.49484 
0.384876 -0.259704 
0.408785 -0.250804 
-0.480907 -0.395669 
-0.452746 -0.421921 
-0.467093 -0.409117 
-0.518237 -0.352703 
-0.506378 -0.36754 
-0.493919 -0.381884 
-0.0776494 -0.485993 
-0.437203 -0.434578 
-0.421139 -0.446446 
0.638867 -0.0244018 
0.641899 -0.00758826 
0.337861 -0.276033 
0.634804 -0.0409154 
-0.610822 -0.0301132 
0.314825 -0.283888 
-0.576226 -0.253741 
-0.559717 -0.288226 
-0.568397 -0.271023 
-0.0081831 -0.451458 
-0.0312001 -0.464179 
-0.0544453 -0.475796 
0.0153311 -0.437454 
0.0630864 -0.40723 
0.0386796 -0.42285 
0.0875855 -0.391602 
0.231975 -0.314802 
0.114111 -0.375175 
0.264255 -0.30198 
0.140943 -0.35945 
0.170252 -0.343565 
0.289536 -0.292713 
0.360803 -0.268185 
0.434951 -0.24024 
0.497261 -0.209396 
0.530415 -0.187657 
0.643906 0.00941147 
0.567832 -0.155392 
0.609599 -0.100815 
0.623619 -0.0727634 
0.629743 -0.0569772 
0.549649 -0.172364 
0.199949 -0.328954 
-0.61348 -0.0628383 
-0.534958 -0.329447 
-0.394088 -0.463889 
-0.607535 -0.149884 
-0.545375 -0.31327 
-0.603346 -0.17071 
-0.592749 -0.209464 
-0.612844 -0.106455 
-0.259881 -0.511235 
-0.308269 -0.501049 
-0.331506 -0.493502 
0.594207 -0.124421 
-0.374542 -0.474671 
-0.210437 -0.514216 
0.473071 -0.222583 
-0.185773 -0.512952 
0.396855 -0.255319 
-0.45999 -0.415597 
-0.52395 -0.345091 
-0.500222 -0.374776 
-0.0894153 -0.490592 
-0.445048 -0.42834 
-0.429242 -0.440608 
0.640513 -0.0160185 
0.636966 -0.0326909 
-0.474072 -0.402467 
-0.353611 -0.484642 
0.32634 -0.279952 
-0.512383 -0.360182 
-0.579881 -0.244977 
-0.0196333 -0.457924 
-0.0427558 -0.47012 
-0.612008 -0.0410031 
0.00362166 -0.444537 
0.050892 -0.415054 
0.0753214 -0.399394 
0.12747 -0.367216 
0.276872 -0.297285 
0.302168 -0.288264 
-0.613753 -0.0846657 
0.421912 -0.245631 
0.491271 -0.212839 
0.51988 -0.195117 
0.503206 -0.205848 
-0.59836 -0.190598 
-0.137056 -0.5051 
-0.113111 -0.498644 
0.605887 -0.107037 
0.447913 -0.234587 
0.620208 -0.0804218 
0.613165 -0.0944393 
0.632402 -0.0489869 
-0.235204 -0.513647 
0.62681 -0.0649203 
0.643029 0.000896638 
-0.487485 -0.388844 
-0.412263 -0.452508 
-0.564149 -0.279671 
-0.610766 -0.1282 
-0.555114 -0.29667 
0.349337 -0.272123 
0.558917 -0.164066 
-0.0659797 -0.481047 
-0.161303 -0.509896 
0.372854 -0.263985 
-0.284354 -0.506999 
0.100808 -0.383324 
0.24806 -0.308252 
0.185027 -0.336109 
0.155523 -0.351368 
0.0270345 -0.430199 
0.215889 -0.321713 
-0.58666 -0.227313 
-0.5724 -0.262422 
0.540176 -0.180191 
0.577081 -0.14555 
