ZONE T="boundary0"
-4 -0.323553 
-4 0.658874 
-4 0.252736 
-4 0.183282 
-4 0.353544 
-4 -0.192384 
-4 -0.0929936 
-4 -0.374018 
-4 -0.886592 
-4 1 
-4 0.772582 
-4 0.129504 
-4 0.075726 
-4 -0.00863377 
-4 0.449354 
-4 -0.273088 
-4 -0.232736 
-4 -0.460193 
-4 -0.546368 
-4 0.545165 
-4 -0.773184 
-4 -1 
-4 0.218009 
-4 0.886291 
-4 0.102615 
-4 0.0335461 
-4 0.401449 
-4 -0.252912 
-4 -0.21256 
-4 -0.142689 
-4 -0.0508137 
-4 -0.417106 
-4 -0.29832 
-4 -0.348786 
-4 -0.50328 
-4 0.30314 
-4 0.156393 
-4 0.497259 
-4 -0.659776 
-4 -0.829888 
-4 -0.943296 
-4 0.715728 
-4 0.602019 
ZONE T="boundary1"
3.67437 1 
0.121525 1 
1.2305 1 
-0.197659 1 
-0.31694 1 
-3.14879 1 
-3.54839 1 
0.434445 1 
1.0194 1 
0.948929 1 
0.00104201 1 
0.602084 1 
0.523353 1 
0.261231 1 
0.176924 1 
2.54592 1 
2.1936 1 
1.60495 1 
1.44101 1 
4 1 
2.94417 1 
0.345537 1 
-0.805421 1 
-0.923549 1 
-1.03111 1 
-4 1 
-1.77814 1 
1.7577 1 
3.34874 1 
-2.62714 1 
-2.42498 1 
-2.82931 1 
-2.98905 1 
3.14645 1 
-2.19047 1 
0.066126 1 
-0.47862 1 
-0.130851 1 
-0.064042 1 
0.779639 1 
0.680816 1 
0.878462 1 
-0.687292 1 
1.12495 1 
-1.13867 1 
-1.34922 1 
-1.24395 1 
-1.47476 1 
-1.6003 1 
-1.68922 1 
-1.95597 1 
1.91045 1 
-3.7742 1 
2.74505 1 
2.05203 1 
-0.2573 1 
-3.34859 1 
0.984162 1 
0.562719 1 
0.219077 1 
2.36976 1 
1.52298 1 
0.389991 1 
-0.864485 1 
-0.97733 1 
1.68132 1 
-2.52606 1 
3.2476 1 
-2.30772 1 
0.478899 1 
0.149225 1 
-0.39778 1 
0.0938256 1 
-0.0315 1 
-0.164255 1 
-0.0974463 1 
0.64145 1 
0.913695 1 
0.829051 1 
0.730228 1 
0.303384 1 
-0.582956 1 
1.07217 1 
-1.08489 1 
-1.29658 1 
3.51155 1 
-1.53753 1 
-1.73368 1 
-1.41199 1 
-1.86705 1 
1.83408 1 
-2.07322 1 
2.84461 1 
2.64549 1 
-3.8871 1 
3.83718 1 
-3.06892 1 
1.98124 1 
2.12281 1 
-3.66129 1 
0.033584 1 
3.04531 1 
-0.746356 1 
1.17772 1 
-1.19131 1 
1.33575 1 
-1.64476 1 
-2.90918 1 
-2.72822 1 
ZONE T="boundary2"
4 -0.302884 
4 -0.388146 
4 -1 
4 -0.233156 
4 -0.468948 
4 -0.163427 
4 -0.114078 
4 0.0169185 
4 0.205619 
4 -0.549749 
4 0.744242 
4 1 
4 -0.0647295 
4 0.0985664 
4 0.152093 
4 0.407845 
4 0.488485 
4 0.616364 
4 0.266412 
4 0.327204 
4 -0.345515 
4 -0.26802 
4 -0.428547 
4 -0.198291 
4 -0.774875 
4 0.872121 
4 -0.0894039 
4 -0.138753 
4 -0.0239055 
4 -0.509348 
4 0.0577424 
4 0.12533 
4 0.448165 
4 0.680303 
4 0.178856 
4 0.236015 
4 0.296808 
4 0.552424 
4 0.367524 
ZONE T="boundary3"
-3.52008 -1 
-1.32143 -1 
3.23911 -1 
3.0002 -1 
3.61955 -1 
4 -1 
0.313916 -1 
0.377808 -1 
-0.284741 -1 
-0.141466 -1 
-0.0721939 -1 
-0.400609 -1 
0.668817 -1 
-0.633303 -1 
-0.748411 -1 
-3.875 -1 
0.551378 -1 
-0.516956 -1 
1.02659 -1 
-1.20802 -1 
-1.09461 -1 
-0.979062 -1 
-0.863518 -1 
-2.39812 -1 
1.86078 -1 
-3.06114 -1 
-3.29061 -1 
2.56295 -1 
2.76129 -1 
-2.6117 -1 
-2.83642 -1 
-2.20287 -1 
-2.00762 -1 
0.250023 -1 
-0.00292195 -1 
-0.213103 -1 
0.122743 -1 
0.0599108 -1 
0.464593 -1 
0.786262 -1 
0.903707 -1 
1.14948 -1 
1.41282 -1 
1.28115 -1 
1.5568 -1 
-1.39874 -1 
-3.76004 -1 
-4 -1 
-1.47604 -1 
-1.63064 -1 
-1.81913 -1 
1.70077 -1 
2.02078 -1 
2.36462 -1 
3.42933 -1 
0.186383 -1 
3.11965 -1 
3.80978 -1 
0.345862 -1 
-0.10683 -1 
-0.690857 -1 
-1.15131 -1 
-0.92129 -1 
-3.17588 -1 
2.66212 -1 
-2.72406 -1 
-2.10525 -1 
0.28197 -1 
-0.0375579 -1 
-0.177284 -1 
-0.342675 -1 
-0.458783 -1 
0.0913271 -1 
0.0284944 -1 
-0.57513 -1 
0.4212 -1 
0.610098 -1 
0.507986 -1 
0.844984 -1 
1.08803 -1 
0.72754 -1 
-0.805964 -1 
-1.03683 -1 
-1.26473 -1 
0.965149 -1 
-1.36009 -1 
-3.81752 -1 
-3.64006 -1 
-3.9375 -1 
-1.55334 -1 
-1.91338 -1 
1.78077 -1 
-2.94878 -1 
-3.40535 -1 
1.34698 -1 
1.94078 -1 
1.62878 -1 
2.1927 -1 
-1.72488 -1 
3.33422 -1 
2.88074 -1 
2.46378 -1 
1.48481 -1 
-2.30049 -1 
-2.50491 -1 
-0.248922 -1 
0.218203 -1 
0.154563 -1 
1.21531 -1 
-1.43739 -1 
3.52444 -1 
ZONE T="boundary4"
-0.619403 0.0390733 
-0.623229 0.000565662 
-0.219263 0.333795 
-0.199988 0.339503 
-0.621931 0.0199021 
0.57206 0.202133 
0.562917 0.229147 
0.583811 0.131965 
0.582004 0.153769 
-0.326369 0.301625 
-0.309776 0.306782 
0.5839 0.109922 
0.582208 0.0879644 
-0.158755 0.351712 
-0.589292 0.126292 
-0.62334 -0.0188539 
-0.179364 0.345614 
-0.238565 0.328085 
-0.256803 0.322686 
0.55754 0.24209 
-0.535447 0.194533 
-0.554428 0.175193 
-0.615615 0.0579746 
0.483003 0.339775 
0.495021 0.32935 
-0.610562 0.0764752 
-0.604252 0.0944759 
-0.515686 0.211468 
-0.502035 0.221734 
-0.572149 0.153219 
-0.596745 0.111814 
-0.581098 0.140058 
-0.563587 0.164412 
0.470518 0.349451 
0.401125 0.388132 
0.424472 0.37746 
0.447363 0.364857 
-0.433235 0.261593 
-0.447174 0.254784 
-0.460891 0.247533 
-0.474789 0.239557 
-0.358709 0.291065 
-0.342946 0.296314 
0.315076 0.413281 
0.332277 0.409747 
-0.374395 0.28559 
0.527417 0.293703 
0.517527 0.306038 
-0.292416 0.312061 
-0.275067 0.31726 
-0.404582 0.274098 
-0.136715 0.358201 
-0.114649 0.364629 
-0.0440038 0.384236 
-0.0199782 0.39037 
0.375273 0.397802 
0.0288714 0.401632 
0.0533639 0.406548 
0.578776 0.0664033 
-0.48838 0.231064 
0.577979 0.178277 
0.506649 0.318014 
0.45912 0.357409 
0.544449 0.267929 
0.536561 0.28072 
0.104496 0.414937 
0.131145 0.418181 
0.251063 0.421196 
0.283106 0.418202 
0.349338 0.405569 
0.219769 0.422438 
0.00437083 0.396207 
0.566888 0.0241481 
0.551573 0.254718 
0.573641 0.0451143 
-0.418992 0.268037 
-0.0913132 0.371306 
-0.0679048 0.377824 
0.0780177 0.410928 
0.188962 0.422187 
0.159982 0.420724 
-0.209626 0.336648 
-0.622731 0.0102441 
0.567789 0.215742 
0.583117 0.142884 
-0.318077 0.304219 
0.583278 0.0989262 
-0.62343 -0.00914329 
-0.16906 0.348665 
-0.247685 0.325387 
-0.54516 0.185081 
0.489086 0.334648 
-0.607567 0.0855317 
-0.508922 0.216683 
-0.593131 0.119111 
-0.576722 0.146705 
-0.559076 0.169861 
0.476826 0.344698 
-0.567941 0.158871 
0.560303 0.23565 
-0.600654 0.103212 
0.412894 0.383003 
-0.440231 0.258242 
-0.467876 0.243608 
-0.350836 0.293715 
0.323692 0.411593 
0.522567 0.299947 
-0.228914 0.33094 
-0.283743 0.314667 
-0.334664 0.29899 
-0.125685 0.361425 
-0.147737 0.354962 
-0.0320012 0.387343 
0.0411048 0.404154 
-0.495258 0.226472 
-0.265936 0.319976 
-0.525737 0.203199 
0.580246 0.166065 
0.50092 0.323769 
0.453282 0.361198 
0.43604 0.371382 
0.532091 0.287283 
0.464864 0.353495 
-0.61325 0.067269 
-0.301099 0.309433 
0.117808 0.41666 
0.267106 0.419926 
0.362367 0.401892 
0.235423 0.422014 
0.540599 0.274383 
0.554634 0.248441 
0.340827 0.407741 
-0.5853 0.133237 
0.576414 0.0557091 
0.584077 0.120944 
0.580708 0.0771493 
0.51218 0.31211 
-0.189676 0.342558 
0.575252 0.190263 
0.548105 0.261374 
-0.61767 0.0485561 
0.388284 0.393195 
-0.00781538 0.393337 
0.0166087 0.398976 
-0.0796157 0.374589 
-0.0559629 0.381062 
0.0656779 0.40881 
0.0912428 0.413024 
-0.102986 0.367985 
0.174465 0.421598 
0.204364 0.422487 
0.145552 0.419582 
-0.620824 0.0295084 
0.570453 0.0345705 
-0.366563 0.288359 
-0.389548 0.280002 
-0.411806 0.271113 
-0.426136 0.264866 
-0.481625 0.235376 
-0.454062 0.251215 
0.29913 0.415992 
ZONE T="boundary5"
0.317679 -0.53567 
0.446244 -0.302672 
-0.501936 -0.315594 
-0.602413 -0.133284 
-0.620223 -0.0576496 
-0.62232 -0.0382626 
-0.582242 -0.184432 
-0.589446 -0.167904 
-0.567188 -0.215149 
-0.596252 -0.150705 
-0.617108 -0.0769263 
0.442066 -0.337011 
-0.558995 -0.2303 
-0.613021 -0.096122 
-0.608013 -0.115198 
0.298151 -0.546479 
-0.142259 -0.552215 
-0.168009 -0.543921 
-0.193471 -0.534798 
-0.241506 -0.514902 
-0.217655 -0.525237 
-0.264115 -0.504219 
-0.286351 -0.492814 
0.000507038 -0.582688 
-0.0299967 -0.578305 
-0.0589872 -0.573077 
-0.399959 -0.417791 
-0.383018 -0.431049 
-0.115146 -0.559983 
-0.416346 -0.404131 
-0.43229 -0.389979 
0.42697 -0.401275 
0.43182 -0.385831 
-0.448628 -0.374506 
-0.464425 -0.358507 
-0.327839 -0.468921 
-0.346958 -0.45665 
-0.307295 -0.481198 
-0.62334 -0.0188539 
-0.365667 -0.44379 
0.376851 -0.487198 
0.279922 -0.554992 
0.261007 -0.562464 
0.415048 -0.43027 
0.421357 -0.416147 
0.340234 -0.520506 
0.359302 -0.504802 
0.439237 -0.35397 
0.0624776 -0.587963 
0.0311254 -0.585917 
0.0945062 -0.588656 
0.127625 -0.587761 
0.193761 -0.580251 
0.227529 -0.57284 
0.389513 -0.471927 
0.399201 -0.458248 
0.407976 -0.443823 
0.435857 -0.370166 
0.448322 -0.2811 
0.54905 -0.0169463 
0.558651 0.00351333 
0.450443 -0.259462 
0.459296 -0.20415 
0.453977 -0.231674 
0.467222 -0.176091 
0.502611 -0.0991179 
0.514681 -0.0782184 
0.477488 -0.14906 
0.538277 -0.0373609 
0.489447 -0.123566 
0.566888 0.0241481 
-0.480215 -0.341366 
0.526842 -0.0574772 
-0.543242 -0.257095 
-0.550421 -0.24524 
-0.520053 -0.291735 
-0.535801 -0.268789 
-0.0877919 -0.566856 
0.16026 -0.585094 
-0.621402 -0.0479702 
-0.585911 -0.176198 
-0.618788 -0.0673078 
-0.610626 -0.105689 
0.308016 -0.541257 
-0.155167 -0.548172 
-0.229623 -0.520167 
-0.205601 -0.530115 
-0.27528 -0.498607 
-0.0147652 -0.580637 
-0.0445145 -0.575816 
-0.39154 -0.424485 
-0.128734 -0.556211 
-0.424373 -0.397117 
0.429501 -0.393586 
-0.337447 -0.46286 
-0.317617 -0.475143 
-0.408206 -0.411025 
-0.374391 -0.437486 
0.270519 -0.558867 
-0.356363 -0.450294 
0.424272 -0.408752 
-0.592926 -0.159335 
0.368298 -0.496221 
0.0467908 -0.587103 
0.078488 -0.588492 
-0.456594 -0.366573 
0.210717 -0.576876 
0.289103 -0.550879 
0.383339 -0.479692 
0.403714 -0.451112 
0.394476 -0.465172 
-0.605307 -0.12427 
0.418308 -0.423256 
0.437636 -0.362087 
0.44073 -0.345504 
0.411616 -0.437101 
-0.622968 -0.0285655 
0.553987 -0.00678072 
0.449352 -0.270278 
0.456371 -0.21786 
0.244385 -0.568033 
0.447304 -0.291888 
0.508602 -0.0886426 
0.433935 -0.378023 
0.472071 -0.162468 
0.543765 -0.0272072 
0.495895 -0.111271 
-0.440523 -0.382311 
0.349955 -0.512881 
0.562935 0.0137647 
-0.599415 -0.142024 
-0.615181 -0.0865488 
-0.252853 -0.509651 
-0.472396 -0.350007 
-0.491246 -0.328624 
0.520771 -0.067854 
0.329143 -0.528365 
0.444354 -0.319865 
-0.180777 -0.539464 
-0.296869 -0.48709 
0.532616 -0.0474513 
-0.546863 -0.251187 
-0.51114 -0.303775 
0.0158008 -0.58445 
0.483255 -0.136214 
-0.101497 -0.563532 
0.452041 -0.245546 
-0.0734161 -0.57009 
0.177051 -0.582953 
0.143961 -0.586661 
0.111071 -0.588424 
-0.528061 -0.280354 
-0.56314 -0.222751 
-0.539555 -0.262963 
-0.574929 -0.199895 
-0.554756 -0.237797 
0.462944 -0.190032 
