ZONE T="boundary0"
-4 -0.322959 
-4 0.204144 
-4 0.279159 
-4 0.237585 
-4 0.403883 
-4 0.362308 
-4 0.850971 
-4 0.701942 
-4 1 
-4 -0.458381 
-4 -0.542435 
-4 -0.212497 
-4 -0.271592 
-4 -0.0847382 
-4 -0.153402 
-4 -0.0160743 
-4 0.0438731 
-4 0.320734 
-4 0.552912 
-4 0.478398 
-4 -0.642759 
-4 -0.743083 
-4 -0.871542 
-4 -1 
-4 0.170703 
-4 0.10382 
-4 -0.374327 
-4 0.258372 
-4 0.383096 
-4 0.776456 
-4 0.925485 
-4 -0.500408 
-4 -0.297276 
-4 -0.242045 
-4 -0.18295 
-4 -0.0504062 
-4 0.0138994 
-4 -0.11907 
-4 0.299946 
-4 0.341521 
-4 0.515655 
-4 -0.592597 
-4 0.627427 
-4 -0.935771 
-4 -0.807312 
-4 0.187423 
-4 0.220864 
-4 0.137261 
-4 0.0738468 
-4 0.44114 
-4 -0.348643 
-4 -0.416354 
-4 -0.692921 
ZONE T="boundary1"
1.22669 1 
3.30898 1 
1.40983 1 
1.35116 1 
-0.406637 1 
-0.474034 1 
0.564175 1 
0.633997 1 
0.227953 1 
0.167988 1 
0.491635 1 
1.58586 1 
1.10609 1 
-0.741625 1 
0.419096 1 
0.353507 1 
-0.959764 1 
-0.886611 1 
-0.0186322 1 
-0.0823655 1 
1.16639 1 
3.65449 1 
3.48174 1 
3.05886 1 
-1.49243 1 
-1.57205 1 
1.67248 1 
-1.81092 1 
-2.14444 1 
-4 1 
-3.57032 1 
-3.41031 1 
-2.57652 1 
-2.36048 1 
-3.09029 1 
-3.2503 1 
-2.93028 1 
2.79884 1 
2.53882 1 
2.08396 1 
0.287918 1 
0.106545 1 
0.0451011 1 
-0.674245 1 
-0.814118 1 
-0.54045 1 
-0.606866 1 
-1.03292 1 
1.03592 1 
0.965753 1 
0.900614 1 
0.835476 1 
0.703819 1 
0.769647 1 
-0.146129 1 
-0.209893 1 
-0.33924 1 
-0.274566 1 
1.28892 1 
-1.16403 1 
-1.09847 1 
-1.22736 1 
-1.2907 1 
-1.39156 1 
-1.65167 1 
4 1 
-3.78516 1 
1.92153 1 
1.7591 1 
1.46851 1 
3.82725 1 
1.38049 1 
-0.440336 1 
0.599086 1 
0.197971 1 
0.386301 1 
-0.923188 1 
-0.0504988 1 
1.19654 1 
3.56811 1 
3.18392 1 
-1.53224 1 
1.62917 1 
-1.97768 1 
-3.49032 1 
-2.4685 1 
-3.1703 1 
-2.7534 1 
2.31139 1 
0.455365 1 
0.320712 1 
0.527905 1 
0.137267 1 
-0.707935 1 
-0.777871 1 
0.0758229 1 
0.257935 1 
-0.507242 1 
-0.640556 1 
-0.996341 1 
1.00084 1 
0.868045 1 
0.736733 1 
0.933184 1 
-0.114247 1 
-0.178011 1 
0.0132345 1 
-0.372939 1 
-0.24223 1 
1.13624 1 
1.2578 1 
-1.13125 1 
-1.25903 1 
-1.34113 1 
-1.61186 1 
-1.442 1 
2.00274 1 
-3.89258 1 
-3.67774 1 
-3.33031 1 
-2.25246 1 
-1.7313 1 
2.66883 1 
2.92885 1 
-3.01029 1 
0.668908 1 
-0.850364 1 
1.07101 1 
-0.573658 1 
-1.1957 1 
-0.306903 1 
0.802562 1 
1.32004 1 
1.43917 1 
1.52719 1 
-1.0657 1 
3.91362 1 
3.39536 1 
3.74087 1 
1.71579 1 
1.84031 1 
ZONE T="boundary2"
4 -0.450081 
4 0.270353 
4 0.320082 
4 0.224835 
4 0.173622 
4 0.430154 
4 0.369812 
4 -0.741935 
4 -1 
4 -0.637404 
4 0.483433 
4 0.536713 
4 0.606041 
4 0.675368 
4 0.837684 
4 1 
4 -0.250755 
4 -0.367289 
4 -0.532873 
4 -0.0274979 
4 0.756526 
4 -0.211911 
4 0.0474562 
4 -0.165808 
4 -0.119704 
4 -0.2896 
4 -0.328444 
4 0.12241 
4 0.199229 
4 0.399983 
4 -0.870968 
4 0.510073 
4 0.571377 
4 0.640704 
4 0.344947 
4 0.295218 
4 0.918842 
4 -0.68967 
4 -0.491477 
4 -0.585139 
4 0.797105 
4 0.456794 
4 0.00997914 
4 -0.188859 
4 -0.0736011 
4 -0.309022 
4 -0.231333 
4 -0.142756 
4 0.148016 
4 -0.408685 
4 -0.347866 
4 0.247594 
4 0.715947 
4 -0.270177 
4 0.0849332 
ZONE T="boundary3"
-3.86684 -1 
-3.73368 -1 
3.82815 -1 
0.391122 -1 
0.518654 -1 
-0.805249 -1 
2.86358 -1 
2.67227 -1 
1.2339 -1 
0.285248 -1 
-2.04839 -1 
0.80162 -1 
4 -1 
-1.16841 -1 
-1.09948 -1 
3.31259 -1 
3.65629 -1 
3.08809 -1 
-2.20824 -1 
-1.58722 -1 
-3.28589 -1 
-3.50978 -1 
-0.482756 -1 
-0.372859 -1 
-0.0292977 -1 
-0.146129 -1 
-0.262961 -1 
0.0750386 -1 
0.179375 -1 
0.646187 -1 
0.957053 -1 
1.12778 -1 
1.04241 -1 
-0.911429 -1 
2.08061 -1 
2.28079 -1 
2.48097 -1 
-0.699069 -1 
1.34003 -1 
1.47155 -1 
1.60307 -1 
-1.23733 -1 
-1.00546 -1 
-1.37518 -1 
1.84184 -1 
-2.40821 -1 
-1.4812 -1 
-1.88855 -1 
-4 -1 
-2.60818 -1 
-3.10443 -1 
-2.92296 -1 
-2.76557 -1 
-3.80026 -1 
0.454888 -1 
2.76793 -1 
-1.13395 -1 
3.48444 -1 
3.20034 -1 
-3.39784 -1 
-0.427807 -1 
-0.0877135 -1 
0.127207 -1 
0.338185 -1 
0.232312 -1 
0.723903 -1 
0.582421 -1 
-0.204545 -1 
0.879336 -1 
0.0228704 -1 
1.08509 -1 
2.97583 -1 
2.1807 -1 
2.38088 -1 
-0.752159 -1 
-0.858339 -1 
-0.590913 -1 
3.91407 -1 
1.28697 -1 
0.999733 -1 
1.18084 -1 
1.40579 -1 
1.53731 -1 
-1.20287 -1 
-0.958443 -1 
-1.30625 -1 
3.74222 -1 
1.96123 -1 
2.57662 -1 
-1.42819 -1 
-1.73789 -1 
1.72245 -1 
-3.93342 -1 
-1.96847 -1 
-3.62173 -1 
-2.30822 -1 
-2.12832 -1 
-2.50819 -1 
-3.19516 -1 
-3.01369 -1 
-0.31791 -1 
-2.84426 -1 
-2.68687 -1 
-1.05247 -1 
-1.53421 -1 
ZONE T="boundary4"
0.741321 0.459536 
0.750363 0.445518 
0.771718 0.399109 
0.776599 0.381817 
-0.755061 0.394518 
-0.7483 0.418601 
-0.728774 0.216326 
-0.735231 0.228951 
-0.760067 0.316109 
0.710731 0.496403 
0.721275 0.485076 
0.731642 0.472643 
-0.758214 0.301498 
-0.755373 0.286473 
-0.761007 0.329806 
-0.746885 0.256869 
-0.751605 0.271622 
-0.721706 0.203957 
-0.727486 0.464869 
-0.712808 0.48774 
-0.695467 0.50964 
-0.759298 0.370437 
-0.653004 0.549727 
-0.685725 0.520251 
-0.675487 0.530384 
-0.573969 0.597052 
-0.602895 0.582616 
-0.628938 0.566991 
-0.40647 0.643919 
-0.440827 0.637878 
-0.266863 0.658204 
0.655811 0.541613 
-0.230938 0.660101 
-0.761181 0.34355 
-0.195 0.661513 
-0.157941 0.66254 
-0.302019 0.65578 
0.758544 0.430725 
0.765673 0.415312 
0.192682 -0.0585761 
0.264557 -0.0453125 
0.332044 -0.0295083 
0.36283 -0.0210771 
0.298406 -0.0378207 
0.503189 0.029731 
0.471612 0.0162271 
0.432777 0.00141116 
0.393383 -0.0118605 
-0.741342 0.242518 
0.534215 0.0444657 
0.771009 0.272083 
0.78174 0.346018 
0.682966 0.145778 
0.601331 0.082517 
0.696309 0.158912 
0.709081 0.172592 
0.722051 0.187858 
0.75537 0.237215 
0.763999 0.254549 
0.454721 0.622303 
0.4259 0.628483 
0.396926 0.633888 
0.365664 0.638932 
0.592418 0.576881 
0.628283 0.558562 
0.571539 0.585986 
0.613467 0.566585 
-0.00503408 0.663224 
-0.120881 0.663195 
0.0342441 0.662593 
0.113543 0.660273 
0.152526 0.658554 
0.191489 0.656387 
0.2286 0.653842 
0.265674 0.650756 
0.0738991 0.661616 
0.688443 0.517072 
0.699667 0.50715 
0.780042 0.308851 
0.776322 0.289864 
0.780005 0.363867 
-0.733606 0.453557 
0.734242 0.203828 
0.781809 0.327711 
0.657103 0.12299 
0.629878 0.101985 
0.745462 0.220405 
0.579413 0.0690262 
-0.739163 0.441957 
0.642788 0.549993 
0.482546 0.615458 
0.527773 0.602128 
-0.543438 0.609633 
-0.510051 0.620879 
-0.475534 0.630277 
-0.371862 0.648789 
-0.337132 0.652678 
0.30002 0.647331 
0.334301 0.64328 
-0.0825978 0.663525 
-0.044318 0.663534 
0.6768 0.52649 
0.22871 -0.0523597 
0.745957 0.452601 
0.774343 0.390515 
-0.751982 0.406645 
-0.732077 0.2226 
0.716076 0.490808 
0.736581 0.466163 
-0.75691 0.293963 
-0.75925 0.30879 
-0.760632 0.322951 
-0.753603 0.279018 
-0.749357 0.264209 
-0.72531 0.210101 
-0.720433 0.476489 
-0.704406 0.498903 
-0.680665 0.525378 
-0.641154 0.558613 
-0.423677 0.641059 
-0.248904 0.659219 
-0.76119 0.336677 
-0.176472 0.662076 
-0.284446 0.657069 
-0.69066 0.515005 
0.754583 0.438193 
0.768855 0.40727 
0.347463 -0.0253882 
0.315251 -0.0337705 
0.487464 0.0228306 
0.452271 0.00861771 
0.726547 0.478934 
-0.744216 0.249654 
0.689705 0.152277 
0.702769 0.165682 
0.715661 0.180144 
0.75985 0.2458 
0.767693 0.263241 
-0.760608 0.35702 
0.440333 0.625496 
0.41143 0.631277 
-0.738375 0.235695 
0.603002 0.571855 
0.0146057 0.662949 
0.17201 0.65753 
0.247143 0.652372 
0.762251 0.423085 
0.778421 0.299311 
0.781076 0.354963 
0.694111 0.512174 
0.582026 0.581541 
0.705265 0.501844 
-0.730616 0.459248 
0.78116 0.318259 
0.670231 0.134161 
0.61574 0.0920518 
0.728255 0.19576 
0.750554 0.228729 
0.590436 0.075667 
0.643652 0.112278 
0.635576 0.554348 
0.468661 0.618989 
0.38131 0.636502 
0.50526 0.609136 
-0.526834 0.61552 
-0.492857 0.625815 
-0.389185 0.646489 
-0.354509 0.650845 
-0.212971 0.660862 
0.378137 -0.0165702 
0.282854 0.649116 
0.31717 0.64539 
0.549803 0.594456 
-0.558812 0.603604 
-0.458224 0.634276 
-0.319583 0.654322 
-0.139412 0.662911 
0.281504 -0.0416668 
0.349994 0.641187 
0.413142 -0.00540991 
-0.10174 0.663402 
-0.0634579 0.663568 
0.0540727 0.662148 
0.0937231 0.660993 
0.210049 0.655178 
-0.0246757 0.663419 
0.133037 0.659466 
0.778504 0.37288 
0.773872 0.280912 
0.781992 0.336865 
-0.757477 0.38253 
0.739976 0.212033 
-0.744019 0.430392 
0.666435 0.53423 
-0.736455 0.447793 
-0.616071 0.575061 
-0.588569 0.590108 
-0.664467 0.540314 
0.682671 0.521843 
0.649339 0.545864 
0.620913 0.56264 
0.246655 -0.0489423 
0.518778 0.0369393 
0.210714 -0.0555706 
0.557025 0.0563577 
ZONE T="boundary5"
0.155746 -0.0640867 
0.137503 -0.0664933 
-0.580903 0.0653509 
-0.622732 0.0954475 
-0.479059 0.00908919 
-0.104232 -0.0777977 
-0.0863055 -0.0784061 
-0.635026 0.105427 
-0.644164 0.113259 
-0.653116 0.121317 
-0.6616 0.12935 
-0.397223 -0.0239435 
-0.411429 -0.0188651 
-0.570373 0.058548 
-0.551294 0.0468813 
-0.560877 0.0526395 
-0.591309 0.0723535 
-0.6008 0.0790015 
-0.513316 0.0258672 
-0.610169 0.0858314 
-0.229219 -0.0657023 
-0.538202 0.0393245 
-0.205873 -0.069076 
-0.25541 -0.0612583 
-0.269348 -0.0586003 
-0.283631 -0.0556598 
-0.297861 -0.052508 
-0.335465 -0.0430782 
-0.323191 -0.0463348 
-0.466698 0.00348964 
-0.45425 -0.00192021 
-0.347689 -0.0396592 
-0.183681 -0.071788 
-0.194745 -0.0704952 
-0.172601 -0.0729669 
-0.52497 0.0320276 
-0.216981 -0.0675385 
-0.13972 -0.075802 
-0.425544 -0.013556 
-0.439949 -0.00786025 
-0.490352 0.0144104 
-0.501566 0.0198954 
-0.241428 -0.063719 
-0.31055 -0.0495066 
-0.359174 -0.0362838 
-0.37061 -0.0327639 
-0.383954 -0.028453 
-0.156175 -0.0745053 
-0.707386 0.182178 
-0.684864 0.153804 
-0.677478 0.145602 
-0.692458 0.162745 
-0.699773 0.171925 
-0.721706 0.203957 
-0.714618 0.19271 
-0.121987 -0.0769334 
-0.669879 0.137608 
0.119228 -0.0686967 
-0.0683679 -0.0787574 
-0.0497264 -0.078858 
-0.0310848 -0.0786976 
0.0629118 -0.0741738 
-0.0123915 -0.0782824 
0.0062929 -0.0776206 
0.0252912 -0.0767017 
0.0442719 -0.0755421 
0.100393 -0.0707502 
0.174233 -0.061436 
0.192682 -0.0585761 
0.0815286 -0.0725844 
0.146628 -0.0653154 
-0.0952698 -0.0781345 
-0.639618 0.109316 
-0.657383 0.125306 
-0.404337 -0.0214333 
-0.575653 0.0619253 
-0.556096 0.0497421 
-0.59607 0.0756556 
-0.628915 0.100392 
-0.616483 0.0905958 
-0.586123 0.0688273 
-0.262384 -0.0599542 
-0.290752 -0.0541106 
-0.329334 -0.044727 
-0.460484 0.000760941 
-0.341583 -0.0413891 
-0.189215 -0.071156 
-0.178143 -0.0723917 
-0.531604 0.0356443 
-0.211429 -0.0683222 
-0.223103 -0.0666388 
-0.432759 -0.0107388 
-0.47289 0.0062655 
-0.495969 0.0171323 
-0.507453 0.022858 
-0.276495 -0.0571566 
-0.484715 0.0117294 
-0.304211 -0.0510287 
-0.418498 -0.0162396 
-0.37729 -0.0306335 
-0.681199 0.149677 
-0.688695 0.158245 
-0.703626 0.177017 
-0.235326 -0.0647292 
-0.565636 0.055575 
-0.248423 -0.0625134 
-0.364898 -0.0345421 
-0.164391 -0.0737667 
-0.353437 -0.0379897 
-0.648665 0.11726 
-0.6055 0.0823939 
-0.711052 0.18741 
-0.696152 0.167306 
-0.718219 0.198297 
-0.113111 -0.0773985 
-0.673704 0.14158 
-0.316876 -0.0479422 
-0.200311 -0.0698004 
-0.519156 0.0289237 
0.128368 -0.0676205 
-0.665767 0.133451 
-0.130856 -0.0764016 
-0.0590472 -0.0788409 
-0.14795 -0.0751836 
-0.0404053 -0.0788099 
-0.0217374 -0.0785213 
0.0157935 -0.0771917 
0.0347835 -0.0761516 
0.109813 -0.0697507 
0.164993 -0.0627876 
0.183462 -0.0600324 
-0.447112 -0.00492106 
-0.0773374 -0.0786134 
-0.390597 -0.0262233 
-0.544767 0.0430703 
0.053594 -0.0748859 
0.0909635 -0.071695 
0.0722226 -0.0734065 
-0.00304817 -0.0779819 
