ZONE T="boundary0"
-4 -0.404139 
-4 -0.346125 
-4 -0.307097 
-4 -0.210598 
-4 -0.268069 
-4 0.345528 
-4 0.274291 
-4 0.397352 
-4 0.513794 
-4 0.200918 
-4 0.120009 
-4 0.053676 
-4 -0.0126571 
-4 0.683809 
-4 -0.462154 
-4 -0.082892 
-4 -0.153127 
-4 -0.653831 
-4 -0.826915 
-4 -1 
-4 1 
-4 0.789206 
-4 0.449176 
-4 0.578412 
-4 -0.375132 
-4 -0.326611 
-4 -0.239333 
-4 0.30991 
-4 0.37144 
-4 0.237605 
-4 0.160464 
-4 -0.433146 
-4 0.0205095 
-4 -0.287583 
-4 -0.118009 
-4 0.0868426 
-4 -0.0477745 
-4 -0.557992 
-4 -0.913458 
-4 0.894603 
-4 -0.740373 
-4 0.423264 
-4 0.546103 
-4 -0.181862 
-4 0.481485 
-4 0.736507 
-4 0.63111 
ZONE T="boundary1"
1.05006 1 
0.202382 1 
0.133818 1 
0.0652538 1 
-0.809164 1 
-1.0279 1 
0.520003 1 
-1.24844 1 
4 1 
3.44164 1 
3.72082 1 
2.97809 1 
-1.13817 1 
-1.65521 1 
-1.81398 1 
-2.52823 1 
1.59499 1 
1.80815 1 
2.25876 1 
-2.80809 1 
-3.36332 1 
-3.54839 1 
-2.99317 1 
3.20987 1 
-2.03118 1 
-2.13978 1 
2.86523 1 
2.75237 1 
0.437431 1 
0.354859 1 
-0.595274 1 
0.240501 1 
0.00056848 1 
-0.0641168 1 
0.627162 1 
-0.300289 1 
-0.390754 1 
-0.209824 1 
-0.702219 1 
0.964792 1 
1.13533 1 
-0.493014 1 
-1.37244 1 
-0.918531 1 
-4 1 
1.38183 1 
1.25858 1 
-3.7742 1 
-3.17824 1 
2.6395 1 
2.52664 1 
1.48841 1 
-2.24838 1 
-1.49644 1 
0.791938 1 
-0.136971 1 
0.73432 1 
0.849556 1 
0.907174 1 
0.27862 1 
2.3927 1 
0.1681 1 
0.0995358 1 
3.58123 1 
-1.08303 1 
-1.7346 1 
1.70157 1 
2.03345 1 
-3.45586 1 
3.32575 1 
-2.08548 1 
2.8088 1 
0.396145 1 
0.221442 1 
-0.0317742 1 
0.0329111 1 
-0.345522 1 
0.573582 1 
-0.755692 1 
1.00743 1 
1.0927 1 
-0.863847 1 
1.3202 1 
-1.19331 1 
-0.973214 1 
1.19696 1 
-3.66129 1 
-3.8871 1 
-3.08571 1 
2.58307 1 
1.43512 1 
-2.66816 1 
2.92166 1 
2.69593 1 
-1.92258 1 
3.86041 1 
-2.38831 1 
3.09398 1 
-1.57583 1 
-0.173398 1 
-0.100544 1 
0.763129 1 
0.820747 1 
0.680741 1 
0.478717 1 
0.935983 1 
0.878365 1 
0.259561 1 
-0.544144 1 
-0.648746 1 
-0.441884 1 
0.31674 1 
-1.31044 1 
-0.255057 1 
-1.43444 1 
1.5417 1 
-3.27078 1 
-2.19408 1 
-2.90063 1 
2.32573 1 
2.45967 1 
ZONE T="boundary2"
4 -0.447535 
4 -1 
4 -0.634901 
4 -0.275347 
4 -0.222481 
4 0.0210085 
4 0.235213 
4 0.787208 
4 1 
4 -0.117146 
4 -0.0480687 
4 0.0958693 
4 0.17073 
4 -0.387874 
4 -0.328212 
4 0.422569 
4 0.361133 
4 0.299696 
4 0.574417 
4 -0.541218 
4 0.267455 
4 -0.169814 
4 -0.196147 
4 -0.817451 
4 -0.248914 
4 0.893604 
4 -0.0135301 
4 -0.0826072 
4 0.0584389 
4 -0.358043 
4 0.391851 
4 0.498493 
4 0.680812 
4 -0.417704 
4 -0.494376 
4 -0.58806 
4 0.202972 
4 0.283575 
4 0.330415 
4 0.251334 
4 -0.182981 
4 -0.209314 
4 -0.14348 
4 -0.30178 
4 0.1333 
ZONE T="boundary3"
-3.46796 -1 
-3.60097 -1 
4 -1 
3.86025 -1 
-0.0729078 -1 
0.130562 -1 
0.199338 -1 
-1.08607 -1 
-1.19729 -1 
-1.3085 -1 
-0.580267 -1 
-0.636623 -1 
-3.73398 -1 
1.35888 -1 
1.25107 -1 
0.908886 -1 
0.793026 -1 
2.36812 -1 
-2.85053 -1 
-2.57058 -1 
-2.29063 -1 
-2.07308 -1 
1.90214 -1 
2.92287 -1 
2.50681 -1 
2.6455 -1 
-0.344749 -1 
0.061308 -1 
-0.00794613 -1 
-0.13787 -1 
0.268114 -1 
-0.501936 -1 
-0.265894 -1 
-0.423605 -1 
-0.749334 -1 
-0.201882 -1 
0.482903 -1 
0.375509 -1 
-0.945879 -1 
-0.692979 -1 
0.677165 -1 
-0.875785 -1 
-0.80569 -1 
-4 -1 
-1.40055 -1 
-1.67406 -1 
3.44101 -1 
3.7205 -1 
1.14326 -1 
1.59934 -1 
1.47911 -1 
-3.15418 -1 
-3.00235 -1 
3.31147 -1 
-3.31107 -1 
2.13513 -1 
-1.85553 -1 
-1.49259 -1 
3.18194 -1 
1.02607 -1 
-3.53446 -1 
0.16495 -1 
-1.25289 -1 
-0.608445 -1 
1.30497 -1 
0.850956 -1 
-2.71055 -1 
-2.18186 -1 
2.57615 -1 
0.095935 -1 
0.0266809 -1 
-0.105389 -1 
-0.305322 -1 
-0.040427 -1 
-0.541102 -1 
0.233726 -1 
-0.169876 -1 
-0.384177 -1 
-0.46277 -1 
0.321812 -1 
0.429206 -1 
0.580034 -1 
-0.840737 -1 
-3.66747 -1 
-1.01597 -1 
-1.35453 -1 
3.58076 -1 
1.19716 -1 
1.53923 -1 
3.79038 -1 
3.93013 -1 
-2.43061 -1 
-2.92644 -1 
3.37624 -1 
1.75074 -1 
-3.38951 -1 
2.01864 -1 
2.78419 -1 
-1.7648 -1 
3.05241 -1 
-1.96431 -1 
-1.58333 -1 
2.25163 -1 
-3.07826 -1 
-3.23262 -1 
-3.86699 -1 
-0.233888 -1 
-0.664801 -1 
-1.14168 -1 
-0.721157 -1 
-0.910832 -1 
-0.777512 -1 
-1.44657 -1 
0.96748 -1 
1.08467 -1 
0.735095 -1 
1.41899 -1 
3.24671 -1 
2.43747 -1 
ZONE T="boundary4"
0.649088 0.232916 
0.405218 0.513471 
-0.565418 -0.0420954 
-0.156646 0.44093 
0.585261 0.412707 
0.598621 0.396721 
-0.541652 0.0520238 
-0.534609 0.0701858 
0.649018 0.251689 
0.51344 0.470168 
0.499001 0.478155 
0.484537 0.485335 
0.437497 0.504018 
0.469804 0.491901 
0.610627 0.3797 
-0.195018 0.421683 
-0.175949 0.431525 
0.555972 0.440618 
0.542021 0.451467 
0.571046 0.427263 
0.364267 0.5223 
0.384821 0.518274 
-0.562269 -0.0229859 
-0.558303 -0.00397646 
-0.135733 0.450509 
-0.547965 0.0335941 
-0.553529 0.0148995 
0.636676 0.325209 
0.629806 0.343495 
-0.246171 0.392354 
-0.445986 0.216987 
-0.48911 0.157107 
-0.473482 0.180398 
-0.429742 0.236665 
-0.460015 0.19891 
-0.394194 0.275587 
-0.374728 0.294614 
-0.35673 0.310964 
-0.412895 0.255811 
-0.338204 0.326715 
-0.322685 0.339162 
-0.306859 0.351221 
-0.284742 0.367097 
-0.230006 0.402106 
-0.212624 0.412085 
-0.26212 0.382263 
-0.091855 0.468658 
-0.0688888 0.477157 
-0.0445401 0.48545 
-0.0199558 0.493099 
0.00594742 0.500393 
0.632173 0.107298 
0.638761 0.137366 
-0.519731 0.103066 
0.647907 0.270353 
0.64363 0.166996 
0.321956 0.52829 
0.297934 0.530452 
0.582235 -0.00990355 
0.599094 0.0183604 
-0.504235 0.132128 
-0.114576 0.459581 
0.527501 0.461496 
0.0877415 0.518466 
0.211439 0.531801 
0.273866 0.531799 
0.242638 0.532405 
0.117684 0.523243 
0.343157 0.525655 
0.647336 0.200127 
0.642017 0.306397 
0.648472 0.216507 
0.645607 0.288527 
0.623599 0.0771989 
0.620956 0.362079 
0.0320693 0.506973 
0.059807 0.513126 
0.147797 0.527061 
0.179559 0.53 
0.612743 0.0475426 
0.592101 0.404848 
-0.53822 0.0611393 
0.649169 0.242303 
0.506266 0.474245 
0.491807 0.481822 
0.453771 0.49828 
0.604802 0.388336 
-0.185512 0.42666 
0.549075 0.446144 
0.563626 0.434072 
0.374563 0.520381 
-0.560386 -0.0134603 
-0.146218 0.445783 
-0.550843 0.0242755 
-0.556014 0.00548633 
0.421439 0.509022 
-0.544901 0.0428408 
0.633431 0.334423 
-0.481423 0.168838 
-0.43794 0.226889 
-0.453067 0.208 
-0.384554 0.285196 
-0.365798 0.302865 
-0.421397 0.246307 
-0.330484 0.332988 
-0.295864 0.359249 
-0.221343 0.407144 
-0.254173 0.387351 
-0.166325 0.436283 
-0.080399 0.472981 
-0.0322733 0.489357 
-0.00702947 0.496836 
0.63568 0.122285 
0.648607 0.261029 
-0.466823 0.189709 
0.641379 0.152151 
0.309954 0.529476 
-0.563945 -0.032524 
-0.238114 0.397272 
0.591042 0.00400269 
-0.512201 0.117713 
-0.103245 0.464193 
-0.314809 0.34524 
0.578289 0.420117 
-0.203847 0.416932 
0.477204 0.488693 
-0.125182 0.455109 
0.53483 0.456582 
-0.347531 0.318914 
0.258255 0.532258 
-0.527458 0.0867559 
0.102694 0.520974 
0.332567 0.52706 
0.395043 0.515972 
0.285905 0.531224 
0.353727 0.52407 
0.647965 0.208312 
0.643978 0.297495 
0.628139 0.0921756 
0.646916 0.27946 
0.520523 0.465918 
-0.0567421 0.481385 
0.615978 0.370999 
0.645708 0.183536 
0.63954 0.315858 
0.625583 0.352883 
0.0189856 0.503774 
0.0737545 0.515899 
-0.403641 0.26579 
0.132725 0.525274 
0.163665 0.52867 
0.618466 0.0622628 
-0.496827 0.144711 
0.227036 0.53225 
0.0459156 0.510151 
0.19549 0.531046 
0.606259 0.0327917 
0.648851 0.224709 
-0.27349 0.374769 
ZONE T="boundary5"
-0.268761 -0.595371 
-0.290177 -0.582731 
-0.122169 -0.647694 
-0.147993 -0.642976 
-0.54104 -0.273005 
-0.480686 -0.395483 
-0.468472 -0.413566 
-0.568907 -0.138172 
-0.56729 -0.156553 
-0.565418 -0.0420954 
-0.567743 -0.0612488 
-0.550874 -0.241313 
-0.492244 -0.376962 
-0.531678 -0.298006 
-0.521016 -0.322629 
-0.562158 -0.192087 
-0.558766 -0.209219 
-0.414536 -0.480083 
-0.428831 -0.464208 
-0.24595 -0.607435 
-0.22273 -0.61826 
-0.198694 -0.627919 
-0.0956283 -0.650259 
-0.0446129 -0.647703 
-0.0697958 -0.650302 
-0.569826 -0.11892 
0.00208626 -0.634324 
0.0410365 -0.61085 
0.0961078 -0.44649 
0.0977948 -0.464362 
-0.383619 -0.51102 
-0.399343 -0.495827 
-0.455822 -0.430934 
-0.442581 -0.447844 
0.479389 -0.101197 
0.495039 -0.0926221 
-0.366622 -0.526306 
-0.330134 -0.555574 
-0.349091 -0.54094 
-0.310641 -0.569424 
-0.569251 -0.0804625 
0.0229924 -0.623559 
-0.569943 -0.0996726 
-0.0204396 -0.642352 
-0.173391 -0.636357 
0.0865396 -0.548521 
0.0569655 -0.595885 
0.0704834 -0.57891 
0.363558 -0.134442 
0.391749 -0.13004 
0.0943793 -0.522114 
0.081408 -0.560173 
0.462572 -0.10904 
0.445368 -0.115773 
0.0983516 -0.484827 
0.0972779 -0.503405 
0.0907476 -0.536372 
0.254727 -0.144248 
0.0938358 -0.430185 
0.0786801 -0.304431 
0.0789782 -0.33298 
0.0824893 -0.364619 
0.0881674 -0.397731 
0.0821921 -0.275461 
0.0935448 -0.239877 
0.113502 -0.208032 
0.142695 -0.181242 
0.234426 -0.147077 
0.21433 -0.15099 
0.17324 -0.164233 
0.193536 -0.156634 
0.510162 -0.0829936 
0.582235 -0.00990355 
-0.508208 -0.348558 
0.524347 -0.0725791 
0.56188 -0.0366344 
0.335655 -0.137421 
0.537814 -0.0612489 
0.294952 -0.140581 
0.432041 -0.120195 
0.418536 -0.124043 
-0.27954 -0.589171 
-0.135128 -0.645589 
-0.47466 -0.404579 
-0.568188 -0.14737 
-0.566682 -0.0516597 
-0.546204 -0.257236 
-0.536519 -0.285566 
-0.526499 -0.310383 
-0.560532 -0.200667 
-0.565044 -0.174366 
-0.421751 -0.472207 
-0.23441 -0.612998 
-0.108928 -0.649276 
-0.0827124 -0.650601 
-0.569466 -0.12855 
0.097072 -0.455415 
-0.486549 -0.386275 
-0.391548 -0.503492 
-0.462223 -0.422306 
-0.435776 -0.456085 
0.487283 -0.0970363 
-0.25743 -0.601542 
-0.375191 -0.518741 
-0.339685 -0.54835 
-0.568599 -0.0708476 
-0.0571684 -0.649348 
-0.569698 -0.0900639 
-0.0324453 -0.645391 
-0.16075 -0.639889 
0.0492683 -0.603652 
0.0640311 -0.587644 
0.377686 -0.132447 
0.0762835 -0.569738 
0.454022 -0.112539 
0.0980206 -0.494128 
0.0840936 -0.5544 
0.0887654 -0.54249 
-0.569985 -0.109296 
0.0950431 -0.438327 
0.012725 -0.629301 
0.0927192 -0.529283 
0.0784228 -0.31871 
0.0851918 -0.381197 
0.0868359 -0.25734 
0.0799004 -0.289882 
0.127201 -0.193661 
0.224359 -0.148875 
0.157539 -0.17197 
0.18329 -0.160174 
0.203874 -0.153594 
0.244557 -0.145548 
-0.00904713 -0.6387 
-0.357924 -0.533704 
0.0960697 -0.512798 
0.471044 -0.105255 
-0.500423 -0.362871 
0.50268 -0.0879336 
0.517344 -0.0779007 
0.572454 -0.0235709 
0.34962 -0.136065 
-0.449275 -0.439447 
-0.407008 -0.488021 
0.0982789 -0.474589 
-0.300479 -0.576185 
0.0322342 -0.617515 
-0.21078 -0.62326 
-0.320457 -0.562597 
-0.18611 -0.632341 
-0.514777 -0.335675 
0.0804015 -0.348836 
0.315309 -0.139074 
0.0911094 -0.41394 
0.102463 -0.223297 
0.42531 -0.122189 
0.405196 -0.127281 
0.531171 -0.0670284 
0.55024 -0.0493262 
-0.555054 -0.225323 
0.27482 -0.142201 
0.438727 -0.118058 
