ZONE T="boundary0"
-4 -0.836849 
-4 -0.755274 
-4 -0.418457 
-4 -0.205195 
-4 0.239507 
-4 0.197772 
-4 0.783857 
-4 0.567714 
-4 1 
-4 0.156037 
-4 -0.145807 
-4 -0.0830371 
-4 0.360764 
-4 0.320345 
-4 -0.37113 
-4 -0.332101 
-4 -0.249134 
-4 -0.569741 
-4 -0.517763 
-4 -0.465784 
-4 -0.0202673 
-4 0.0678846 
-4 -0.673699 
-4 -1 
-4 0.401183 
-4 0.484448 
-4 -0.293072 
-4 0.279926 
-4 0.442815 
-4 -0.796062 
-4 0.218639 
-4 0.675786 
-4 0.176904 
-4 -0.114422 
-4 0.340554 
-4 -0.175501 
-4 -0.351616 
-4 -0.543752 
-4 -0.394794 
-4 -0.442121 
-4 -0.491773 
-4 0.0238087 
-4 -0.62172 
-4 -0.918425 
-4 -0.714486 
-4 0.891929 
-4 -0.271103 
-4 -0.312587 
-4 -0.227165 
-4 0.259717 
-4 0.421999 
-4 0.111961 
-4 0.526081 
-4 -0.0516522 
-4 0.380973 
-4 0.300135 
-4 0.463632 
ZONE T="boundary1"
-3.71229 1 
-4 1 
1.56954 1 
4 1 
-0.359001 1 
-0.400212 1 
-0.204869 1 
-0.133894 1 
3.57315 1 
-0.261329 1 
0.154514 1 
0.294584 1 
0.364623 1 
-0.995207 1 
-1.07873 1 
-0.911682 1 
-1.1783 1 
-1.27786 1 
-1.37022 1 
-1.46257 1 
-1.8798 1 
3.75 1 
-2.49373 1 
2.05382 1 
2.7046 1 
-3.13901 1 
-2.95743 1 
-2.72558 1 
-3.32059 1 
2.93517 1 
3.16573 1 
-2.05599 1 
2.47403 1 
-0.467384 1 
-0.31779 1 
0.224546 1 
0.0107815 1 
-0.0629201 1 
-0.688365 1 
-0.796984 1 
-0.534556 1 
0.0844831 1 
0.725542 1 
0.619012 1 
-0.611461 1 
-1.58309 1 
-1.70361 1 
0.491817 1 
0.946384 1 
1.0607 1 
0.832071 1 
3.3963 1 
1.18193 1 
1.30316 1 
1.43635 1 
1.74165 1 
-3.51644 1 
1.91375 1 
2.19389 1 
-2.27486 1 
2.58932 1 
2.33396 1 
-3.85614 1 
-0.379607 1 
-0.169381 1 
0.329603 1 
-1.03697 1 
-1.22808 1 
3.875 1 
-3.04822 1 
3.05045 1 
-0.28956 1 
-0.233099 1 
0.259565 1 
-0.0984072 1 
-0.338396 1 
-0.742674 1 
-0.433798 1 
0.119499 1 
-0.854333 1 
0.672277 1 
-0.649913 1 
-1.12851 1 
-0.953445 1 
-1.4164 1 
-1.32404 1 
-1.52283 1 
-1.64335 1 
-0.573008 1 
0.42822 1 
1.00354 1 
0.889228 1 
3.66158 1 
3.48473 1 
1.24255 1 
1.36976 1 
-3.61436 1 
1.50295 1 
1.65559 1 
1.8277 1 
1.98379 1 
2.12386 1 
-1.9679 1 
-2.16543 1 
-1.79171 1 
-3.2298 1 
3.28102 1 
-2.3843 1 
-3.41852 1 
0.18953 1 
-0.0260693 1 
0.0476323 1 
0.555415 1 
-0.50097 1 
2.53168 1 
2.64696 1 
2.404 1 
2.81988 1 
2.26393 1 
0.778806 1 
1.12131 1 
-2.60965 1 
-2.8415 1 
ZONE T="boundary2"
4 -0.695341 
4 -0.289431 
4 -0.329005 
4 -0.243094 
4 -0.196757 
4 -0.136178 
4 -0.436946 
4 -0.368579 
4 0.725555 
4 1 
4 0.179926 
4 0.247523 
4 0.323769 
4 0.38744 
4 0.45111 
4 -0.0781723 
4 -0.0201669 
4 0.0798793 
4 0.129902 
4 0.588332 
4 -0.600326 
4 -0.505312 
4 0.519721 
4 -1 
4 -0.84767 
4 -0.309218 
4 -0.219926 
4 -0.166467 
4 -0.402763 
4 0.862777 
4 0.213725 
4 0.285646 
4 0.154914 
4 0.419275 
4 0.355604 
4 0.656944 
4 -0.348792 
4 -0.552819 
4 0.0298562 
4 0.485416 
4 0.554027 
4 -0.923835 
4 -0.771506 
4 0.104891 
4 -0.0491696 
4 -0.107175 
4 -0.471129 
4 -0.647834 
4 -0.266262 
ZONE T="boundary3"
-0.117481 -1 
-0.598342 -1 
1.12249 -1 
1.00608 -1 
-0.807975 -1 
-0.703159 -1 
0.700783 -1 
-1.16401 -1 
-1.09027 -1 
0.285448 -1 
0.367049 -1 
1.2389 -1 
1.34422 -1 
1.54089 -1 
-0.335513 -1 
2.35003 -1 
2.13848 -1 
1.63225 -1 
-3.42905 -1 
-2.76468 -1 
-2.6271 -1 
1.81497 -1 
1.97672 -1 
2.56158 -1 
-2.10136 -1 
-2.34684 -1 
3.21322 -1 
3.42127 -1 
-1.97861 -1 
-1.85587 -1 
-3.16565 -1 
-1.68553 -1 
-1.51519 -1 
2.78338 -1 
0.0727685 -1 
0.136244 -1 
-0.281005 -1 
-0.0540939 -1 
-4 -1 
-3.85726 -1 
0.44865 -1 
-0.401221 -1 
-0.226497 -1 
-0.466928 -1 
0.882795 -1 
0.545351 -1 
0.642052 -1 
0.759514 -1 
1.44954 -1 
-0.171989 -1 
-3.71453 -1 
-3.57179 -1 
-1.23775 -1 
-1.01969 -1 
-0.949121 -1 
3.71064 -1 
4 -1 
-1.37647 -1 
3.00518 -1 
-2.90225 -1 
-2.48697 -1 
3.85532 -1 
0.0092928 -1 
0.210846 -1 
1.06428 -1 
-0.755567 -1 
-1.12714 -1 
0.326248 -1 
1.18069 -1 
2.24425 -1 
1.58657 -1 
-2.69589 -1 
1.72361 -1 
2.0576 -1 
2.45581 -1 
-2.2241 -1 
3.31725 -1 
-1.91724 -1 
-1.60036 -1 
-2.03998 -1 
2.67248 -1 
0.104506 -1 
-0.308259 -1 
-0.0857872 -1 
-3.92863 -1 
-0.368367 -1 
-0.253751 -1 
0.944435 -1 
0.593701 -1 
1.29156 -1 
-0.144735 -1 
-0.65075 -1 
-3.78589 -1 
-3.50042 -1 
-1.20088 -1 
-0.984407 -1 
3.56595 -1 
-1.44583 -1 
-1.7707 -1 
1.49522 -1 
1.39688 -1 
-1.30711 -1 
3.1092 -1 
-3.29735 -1 
1.89584 -1 
-3.64316 -1 
2.89428 -1 
-3.03395 -1 
-2.83346 -1 
-2.41691 -1 
-2.55704 -1 
3.78298 -1 
3.92766 -1 
-0.0224005 -1 
0.173545 -1 
0.0410305 -1 
-0.532635 -1 
-0.434074 -1 
0.248147 -1 
0.497 -1 
0.730148 -1 
0.671417 -1 
-0.199243 -1 
0.821154 -1 
-0.878548 -1 
-1.05498 -1 
0.407849 -1 
ZONE T="boundary4"
-0.492866 0.358428 
-0.51131 0.337272 
0.558159 0.155821 
0.233691 0.377403 
0.26054 0.358075 
-0.624142 0.0724005 
-0.625077 0.047881 
-0.617211 0.122176 
-0.621522 0.0972004 
-0.624346 0.023694 
-0.611226 0.147233 
-0.152517 0.525714 
-0.125143 0.526393 
0.208302 0.395659 
-0.623037 0.0848268 
-0.605622 0.166142 
-0.583254 0.223052 
-0.573909 0.242232 
-0.591847 0.20351 
-0.599123 0.184975 
-0.560989 0.266 
-0.234194 0.513675 
-0.207116 0.51934 
-0.0441384 0.518417 
-0.0176571 0.512486 
-0.0708673 0.522722 
-0.546829 0.289059 
-0.47334 0.378634 
-0.453016 0.39763 
-0.431745 0.415574 
-0.31305 0.487298 
-0.287261 0.497598 
-0.362791 0.46245 
-0.33827 0.475551 
-0.40959 0.432394 
-0.179858 0.52336 
-0.260926 0.506416 
-0.0979314 0.525392 
0.00835252 0.505012 
-0.528772 0.314998 
0.0592094 0.48559 
0.0842016 0.473711 
0.344445 0.300375 
0.373633 0.281508 
0.644651 0.0184089 
0.512145 0.192504 
0.535682 0.17487 
0.431233 0.245188 
0.402736 0.263075 
0.486085 0.21029 
0.459488 0.227418 
0.0339661 0.49603 
0.1089 0.460512 
0.182823 0.413609 
0.15828 0.430219 
0.133462 0.446041 
0.650006 -0.00779127 
0.652657 -0.0343714 
0.636574 0.0439403 
0.57814 0.136181 
-0.386587 0.448041 
0.62581 0.0685985 
0.287482 0.338981 
0.315916 0.319386 
0.612473 0.0921694 
0.596465 0.114832 
0.631513 0.0564147 
-0.502223 0.347969 
0.247109 0.367724 
-0.624817 0.0601502 
-0.619568 0.109724 
-0.614414 0.134753 
-0.138835 0.526264 
0.221008 0.386546 
-0.62233 0.0910202 
-0.623642 0.0786186 
-0.608531 0.15672 
-0.578673 0.232688 
-0.595578 0.19428 
-0.567601 0.2542 
-0.220695 0.516709 
-0.0308572 0.515652 
-0.483231 0.368657 
-0.442494 0.406738 
-0.463298 0.388262 
-0.300226 0.49263 
-0.350618 0.469168 
-0.420775 0.424127 
-0.32574 0.4816 
-0.274155 0.502197 
-0.11153 0.526102 
-0.0843806 0.524266 
-0.166204 0.524745 
-0.602474 0.175594 
-0.520188 0.326251 
0.0717709 0.479809 
0.359022 0.29089 
0.524024 0.183841 
0.416988 0.254119 
0.472827 0.218911 
0.499195 0.201515 
0.0466505 0.490981 
0.0212158 0.500704 
0.0966165 0.467254 
0.195592 0.404682 
0.170593 0.421988 
0.145927 0.438232 
0.651665 -0.0210452 
-0.587648 0.213325 
-0.374784 0.455405 
0.568339 0.146201 
-0.554063 0.277625 
-0.193515 0.521556 
0.54708 0.16554 
-0.00460334 0.508941 
0.273991 0.348488 
0.330153 0.30982 
0.619439 0.0805587 
0.647668 0.00538218 
-0.537998 0.302167 
-0.39819 0.440369 
-0.24761 0.510242 
-0.057473 0.520774 
0.58754 0.125718 
0.121243 0.4534 
0.445377 0.236315 
0.30167 0.329123 
-0.624919 0.0357827 
0.634124 0.050214 
0.640947 0.0312851 
0.628741 0.0625426 
0.604743 0.103702 
0.38818 0.272261 
ZONE T="boundary5"
-0.531786 -0.191245 
-0.435912 -0.276823 
0.156571 -0.457235 
0.128422 -0.456459 
0.0168701 -0.445193 
0.507018 -0.354276 
-0.624346 0.023694 
0.645677 -0.114573 
-0.605322 -0.0687001 
-0.596692 -0.0905339 
-0.286283 -0.357951 
-0.258895 -0.36923 
-0.306427 -0.349118 
-0.3264 -0.339862 
-0.34591 -0.330286 
-0.365203 -0.32023 
-0.0658202 -0.429262 
-0.120787 -0.415406 
-0.148474 -0.407469 
0.381537 -0.423613 
-0.23126 -0.379838 
0.354044 -0.432498 
0.326303 -0.439827 
-0.0933939 -0.42263 
-0.501229 -0.223052 
-0.574962 -0.132575 
-0.586562 -0.111834 
-0.487198 -0.236021 
-0.457284 -0.260982 
-0.472447 -0.248761 
-0.547526 -0.172282 
0.434556 -0.401049 
0.408511 -0.413115 
0.609156 -0.219371 
0.528235 -0.335476 
0.298167 -0.445766 
0.269949 -0.450359 
-0.175965 -0.398951 
-0.203721 -0.389695 
-0.621976 -9.48117e-05 
-0.617994 -0.0234531 
0.100346 -0.454816 
0.072422 -0.452364 
0.0446145 -0.449145 
-0.0107271 -0.440553 
0.184877 -0.457084 
0.241614 -0.453723 
0.213191 -0.455941 
-0.389568 -0.306567 
-0.0383549 -0.435223 
0.4599 -0.387178 
0.472148 -0.379605 
0.484131 -0.371574 
-0.413422 -0.291955 
0.557206 -0.30406 
0.56596 -0.292846 
0.548001 -0.314903 
0.538329 -0.325391 
0.635015 -0.154251 
0.630597 -0.167358 
0.652706 -0.0611473 
0.650313 -0.0879072 
0.582041 -0.269447 
-0.514806 -0.2096 
0.59637 -0.244811 
0.620583 -0.193487 
0.63903 -0.141054 
0.652657 -0.0343714 
0.648262 -0.101253 
-0.612435 -0.0463222 
-0.561942 -0.152718 
0.142492 -0.456959 
-0.601193 -0.0796895 
-0.272624 -0.363676 
-0.296377 -0.353585 
-0.316438 -0.344544 
-0.355588 -0.325319 
-0.134653 -0.411511 
-0.245109 -0.374615 
0.340221 -0.436343 
-0.580931 -0.122298 
-0.446689 -0.269027 
-0.464917 -0.254937 
-0.479876 -0.242454 
-0.539788 -0.181874 
-0.494268 -0.229596 
0.42163 -0.407292 
-0.336182 -0.335131 
0.284083 -0.448221 
-0.189868 -0.394398 
-0.620188 -0.0118072 
-0.591806 -0.101268 
-0.107111 -0.419091 
0.114377 -0.455743 
0.0585059 -0.450848 
0.0307281 -0.447258 
0.00305583 -0.442957 
0.170724 -0.457279 
0.312271 -0.442967 
0.199038 -0.45664 
-0.0521059 -0.43232 
0.466058 -0.383447 
-0.377446 -0.31351 
-0.401569 -0.299384 
0.367853 -0.42825 
0.56164 -0.298499 
0.543218 -0.320197 
0.632853 -0.160821 
0.651801 -0.0745514 
0.227413 -0.45497 
0.533333 -0.330485 
-0.523413 -0.200532 
0.602932 -0.232178 
0.55266 -0.309528 
0.478177 -0.375645 
-0.0796265 -0.426022 
0.395103 -0.418569 
0.637074 -0.147668 
0.642582 -0.12787 
0.447348 -0.394333 
0.62576 -0.180488 
0.517812 -0.345086 
0.647033 -0.107925 
0.649355 -0.0945901 
0.255798 -0.452189 
0.49574 -0.363145 
-0.217518 -0.384843 
0.086374 -0.453689 
-0.0245582 -0.437969 
-0.162243 -0.403282 
-0.508077 -0.216387 
0.615026 -0.206499 
-0.609072 -0.0575715 
-0.623367 0.0117805 
-0.56861 -0.142748 
-0.55488 -0.162608 
-0.615413 -0.0349347 
0.574233 -0.281307 
0.652998 -0.0477563 
0.589418 -0.257254 
-0.424749 -0.284514 
