ZONE T="boundary0"
-4 -0.189358 
-4 -0.216797 
-4 0.271314 
-4 0.721711 
-4 0.3626 
-4 0.315046 
-4 0.175908 
-4 0.223611 
-4 0.0588111 
-4 -0.024116 
-4 0.410155 
-4 0.519552 
-4 0.117359 
-4 -0.401268 
-4 -0.470436 
-4 -0.245623 
-4 -0.16192 
-4 -0.107043 
-4 -0.332101 
-4 -0.662508 
-4 0.628949 
-4 -1 
-4 -0.831254 
-4 -0.274449 
-4 0.814474 
-4 1 
-4 -0.203077 
-4 0.338823 
-4 0.199759 
-4 0.0173475 
-4 0.464854 
-4 0.0880852 
-4 -0.435852 
-4 -0.566472 
-4 -0.746881 
-4 -0.915627 
-4 -0.134481 
-4 -0.260036 
-4 -0.175639 
-4 -0.23121 
-4 -0.303275 
-4 -0.366685 
-4 -0.0655795 
-4 0.146634 
-4 0.247463 
-4 0.386378 
-4 0.29318 
-4 0.768093 
-4 0.907237 
-4 0.57425 
-4 0.67533 
ZONE T="boundary1"
0.506974 1 
2.19389 1 
1.28288 1 
4 1 
3.81692 1 
-0.445475 1 
0.0794814 1 
-1.62461 1 
1.66618 1 
1.48405 1 
0.611631 1 
-0.322671 1 
-0.384073 1 
-0.0595192 1 
0.00998113 1 
0.358251 1 
0.314186 1 
2.57536 1 
2.71614 1 
0.952273 1 
1.89773 1 
-1.92606 1 
-1.75553 1 
2.38462 1 
-2.50252 1 
-2.29955 1 
3.26768 1 
2.85692 1 
-3.17486 1 
-3.32773 1 
-3.02199 1 
0.723911 1 
-0.574849 1 
0.152768 1 
0.226055 1 
-0.132402 1 
-0.205284 1 
-0.263977 1 
-0.704222 1 
-0.896096 1 
-0.800159 1 
0.402317 1 
-1.09777 1 
-1.28716 1 
-1.19246 1 
-1.49368 1 
-1.39042 1 
0.836191 1 
-0.996933 1 
1.06835 1 
1.17562 1 
-2.09658 1 
-3.48253 1 
3.63384 1 
3.45076 1 
1.38346 1 
-2.76225 1 
-3.63733 1 
0.270121 1 
-4 1 
-3.81867 1 
3.90846 1 
1.57512 1 
-0.353372 1 
-0.024769 1 
0.336219 1 
2.64575 1 
1.78196 1 
2.28926 1 
-2.40103 1 
3.0623 1 
-3.25129 1 
-3.09842 1 
0.667771 1 
-0.414774 1 
0.189412 1 
-0.168843 1 
0.0447313 1 
-0.234631 1 
-0.293324 1 
0.116125 1 
-0.510162 1 
-0.639535 1 
-0.848127 1 
-0.75219 1 
-1.44205 1 
-1.14512 1 
-1.23981 1 
-0.946514 1 
-1.69007 1 
1.12199 1 
-1.04735 1 
-1.55914 1 
1.22925 1 
-1.84079 1 
-2.01132 1 
0.894232 1 
-3.40513 1 
2.04581 1 
3.35922 1 
1.43376 1 
2.47999 1 
-2.63239 1 
-2.19807 1 
3.5423 1 
-3.55993 1 
-2.89212 1 
-0.0959604 1 
0.248088 1 
0.292153 1 
0.380284 1 
0.454645 1 
0.559302 1 
1.01031 1 
2.78653 1 
-1.33879 1 
1.33317 1 
-3.728 1 
0.780051 1 
3.72538 1 
-3.90933 1 
ZONE T="boundary2"
4 -0.334765 
4 -0.286049 
4 -0.480912 
4 -0.383481 
4 -0.238164 
4 -0.190279 
4 0.196805 
4 0.249006 
4 1 
4 -0.129293 
4 -0.0683057 
4 0.011535 
4 0.0913758 
4 -0.590578 
4 -0.700245 
4 -0.850122 
4 0.14409 
4 -1 
4 0.329308 
4 0.44459 
4 0.386949 
4 0.722295 
4 0.514016 
4 0.583443 
4 -0.310407 
4 -0.432196 
4 -0.262107 
4 -0.214222 
4 0.222905 
4 -0.0987991 
4 0.0514554 
4 -0.535745 
4 -0.775184 
4 0.170447 
4 -0.925061 
4 0.289157 
4 -0.645412 
4 -0.359123 
4 0.41577 
4 0.117733 
4 0.54873 
4 0.861148 
4 -0.159786 
4 0.358129 
4 -0.0283853 
4 0.652869 
4 0.479303 
ZONE T="boundary3"
-3.71453 -1 
-1.66222 -1 
0.135712 -1 
-1.00284 -1 
-0.905669 -1 
-0.0507422 -1 
-0.293153 -1 
0.540097 -1 
0.445191 -1 
0.195852 -1 
3.76344 -1 
4 -1 
-1.49237 -1 
-1.3813 -1 
1.99535 -1 
2.79637 -1 
3.05375 -1 
3.52688 -1 
-2.43649 -1 
-2.16273 -1 
2.53898 -1 
-2.99074 -1 
-3.13099 -1 
-3.49288 -1 
-3.27124 -1 
0.655736 -1 
0.0755723 -1 
0.012415 -1 
0.273069 -1 
0.350286 -1 
0.771375 -1 
0.874181 -1 
-1.13654 -1 
-0.123328 -1 
1.12249 -1 
0.998334 -1 
-0.195913 -1 
-0.495932 -1 
-0.390393 -1 
-0.60147 -1 
1.55279 -1 
1.44164 -1 
-4 -1 
-0.808497 -1 
-1.27024 -1 
-0.704983 -1 
3.29031 -1 
-1.91247 -1 
-2.8505 -1 
-2.71025 -1 
1.82733 -1 
2.16338 -1 
2.35118 -1 
1.22649 -1 
1.3305 -1 
-0.244533 -1 
0.713556 -1 
-0.954256 -1 
0.492644 -1 
3.88172 -1 
-1.43684 -1 
2.92506 -1 
-2.29961 -1 
-3.06087 -1 
-3.38206 -1 
2.66767 -1 
0.0439935 -1 
0.165782 -1 
0.311677 -1 
0.105642 -1 
0.23446 -1 
0.822778 -1 
0.397739 -1 
1.06041 -1 
-0.548701 -1 
-0.443162 -1 
1.49722 -1 
-3.85726 -1 
3.64516 -1 
-0.857083 -1 
-1.20339 -1 
-0.653227 -1 
3.40859 -1 
-1.32577 -1 
-1.57729 -1 
-1.06969 -1 
-3.20111 -1 
-3.6037 -1 
-1.78735 -1 
-2.78037 -1 
-2.92062 -1 
1.69006 -1 
2.07936 -1 
2.25728 -1 
2.44508 -1 
-2.57337 -1 
1.91134 -1 
1.2785 -1 
-2.0376 -1 
1.38607 -1 
-0.087035 -1 
-0.159621 -1 
-0.220223 -1 
-0.341773 -1 
-0.268843 -1 
-0.0191636 -1 
0.684646 -1 
0.742466 -1 
0.597917 -1 
0.936258 -1 
-0.75674 -1 
1.17449 -1 
3.17203 -1 
ZONE T="boundary4"
-0.457588 0.382467 
-0.639279 0.0452863 
-0.639983 0.0701489 
-0.628155 0.164429 
-0.637068 0.0206902 
-0.500542 0.357776 
-0.411536 0.39938 
-0.43488 0.391888 
-0.238387 0.406389 
-0.263869 0.409191 
-0.289079 0.411023 
0.58055 0.201869 
0.597587 0.178944 
-0.338899 0.411025 
-0.636619 0.120394 
0.0650279 0.364753 
0.0945125 0.362828 
-0.632441 0.145543 
-0.639117 0.0952239 
-0.6229 0.18313 
-0.609209 0.220487 
-0.616752 0.201403 
-0.588626 0.261547 
-0.595758 0.248736 
0.647776 0.0190973 
-0.60236 0.235629 
0.449719 0.304118 
-0.557132 0.306153 
-0.574978 0.282919 
0.124782 0.361098 
-0.106154 0.385022 
-0.0787348 0.380661 
-0.539529 0.325224 
0.644792 0.0610469 
0.64235 0.074864 
-0.520663 0.342418 
0.503867 0.273238 
0.516493 0.264105 
-0.479537 0.371086 
-0.0224053 0.372954 
-0.050526 0.376567 
0.477651 0.289694 
-0.186661 0.398717 
0.00656695 0.369746 
0.646507 0.047131 
-0.387683 0.405003 
-0.314137 0.411696 
0.540137 0.244517 
0.528522 0.254567 
0.635301 0.10207 
-0.212554 0.402812 
0.550759 0.234544 
-0.160154 0.39423 
-0.133587 0.389648 
-0.363467 0.40884 
0.612769 0.154291 
0.435055 0.310618 
0.34266 0.338934 
0.374144 0.331364 
0.405255 0.321908 
0.490865 0.281793 
0.0353892 0.367057 
0.311072 0.344863 
0.279377 0.349449 
0.185796 0.357684 
0.216583 0.355601 
0.646251 -0.00895133 
0.639177 0.0885727 
0.625453 0.128491 
0.154931 0.359461 
0.247989 0.352925 
0.560998 0.224161 
-0.639824 0.0577157 
-0.423291 0.395868 
-0.251124 0.407894 
0.589305 0.190584 
0.0797735 0.363752 
-0.634738 0.133008 
-0.638072 0.107834 
-0.625646 0.173816 
-0.630417 0.155016 
-0.613107 0.210998 
-0.592261 0.25518 
-0.566326 0.294751 
0.109651 0.361941 
-0.0924451 0.3828 
-0.548534 0.31588 
0.643661 0.0679708 
-0.510771 0.350317 
-0.530281 0.334026 
0.51023 0.268742 
-0.490185 0.364658 
-0.0364629 0.374699 
-0.0646314 0.378559 
0.64574 0.0540996 
-0.326533 0.41154 
-0.639749 0.0826972 
0.534381 0.249605 
-0.225466 0.404678 
-0.146869 0.391937 
-0.446338 0.387414 
-0.199603 0.400813 
-0.63836 0.0329748 
-0.468688 0.377011 
-0.61994 0.192308 
0.442417 0.307439 
0.358447 0.335366 
0.389768 0.326885 
0.484299 0.285814 
0.497413 0.277587 
0.463828 0.297192 
0.0209806 0.368342 
0.050214 0.365852 
-0.301615 0.411516 
0.326894 0.342081 
0.29524 0.347306 
0.201191 0.356695 
-0.276473 0.410238 
-0.173403 0.396496 
0.640854 0.0817387 
0.637327 0.0953457 
0.647499 0.0331288 
0.630714 0.115403 
0.619429 0.141545 
0.13986 0.360279 
0.170366 0.358598 
-0.11987 0.387311 
-0.00791892 0.371285 
0.23229 0.354347 
0.26369 0.351302 
-0.399672 0.402419 
-0.351213 0.410132 
-0.37562 0.407136 
0.555927 0.229403 
0.52256 0.259401 
0.545497 0.239582 
0.647352 0.00505383 
-0.599123 0.242219 
0.605461 0.166791 
0.570993 0.213212 
-0.582009 0.272371 
0.420249 0.316528 
-0.605867 0.228097 
ZONE T="boundary5"
-0.528913 -0.224558 
0.115535 -0.507407 
0.0863497 -0.507574 
-0.633415 -0.00357892 
-0.637068 0.0206902 
-0.614334 -0.0742766 
-0.622004 -0.051068 
-0.583878 -0.141745 
-0.59525 -0.119595 
-0.628375 -0.0275149 
-0.470875 -0.28937 
-0.453414 -0.305677 
-0.255246 -0.432095 
-0.2809 -0.420175 
-0.306128 -0.40739 
-0.32756 -0.39564 
-0.0866709 -0.487258 
-0.0581372 -0.493046 
-0.115162 -0.480505 
-0.143418 -0.472826 
0.260243 -0.488242 
0.231651 -0.494766 
-0.171704 -0.464128 
-0.19968 -0.454492 
-0.48637 -0.273777 
-0.501286 -0.257636 
-0.515358 -0.241318 
-0.571332 -0.163544 
-0.368911 -0.37041 
-0.348617 -0.383236 
-0.432149 -0.323978 
-0.410786 -0.340882 
0.369782 -0.446307 
0.34332 -0.459336 
0.616899 -0.119186 
0.442955 -0.396747 
0.464879 -0.376755 
-0.605409 -0.0971088 
0.529734 -0.295413 
0.51301 -0.320376 
0.642116 -0.0368742 
0.635635 -0.064533 
-0.557634 -0.185019 
-0.543643 -0.20506 
0.591164 -0.177278 
0.609762 -0.136308 
0.0572946 -0.506667 
-0.0294391 -0.497899 
0.0282615 -0.504729 
-0.000637154 -0.501798 
0.202827 -0.499861 
0.144654 -0.506112 
0.173843 -0.503614 
0.316243 -0.470585 
0.288439 -0.480222 
0.395359 -0.431498 
0.419674 -0.415055 
0.48532 -0.355203 
0.504097 -0.332394 
0.5523 -0.256005 
-0.388787 -0.356943 
-0.22766 -0.443775 
0.537572 -0.282501 
0.579736 -0.201152 
0.602259 -0.153304 
0.62711 -0.0919562 
0.56624 -0.228679 
0.646251 -0.00895133 
0.100945 -0.507629 
-0.635421 0.00853137 
-0.618327 -0.0627227 
-0.5897 -0.130739 
-0.625354 -0.0393339 
-0.631067 -0.0155807 
-0.462223 -0.297607 
-0.268124 -0.426243 
-0.29357 -0.413891 
-0.316889 -0.401597 
-0.0724271 -0.490268 
-0.129321 -0.476781 
0.245991 -0.491686 
-0.185733 -0.459427 
-0.493901 -0.265773 
-0.577733 -0.152718 
-0.358814 -0.376903 
-0.442879 -0.314941 
-0.478694 -0.281643 
-0.421551 -0.332536 
0.356658 -0.453039 
0.454096 -0.386954 
-0.610022 -0.08575 
0.521563 -0.308028 
0.639144 -0.0507652 
-0.550736 -0.195108 
-0.5222 -0.232991 
0.07182 -0.507252 
0.0138011 -0.503386 
-0.0438072 -0.495591 
0.217272 -0.497485 
0.130103 -0.506904 
0.159264 -0.505016 
0.302413 -0.475606 
0.382697 -0.439123 
0.274397 -0.484424 
0.40766 -0.423493 
-0.338136 -0.38952 
0.475289 -0.366166 
0.508602 -0.326423 
0.494901 -0.343963 
0.431478 -0.406115 
-0.100943 -0.483998 
-0.241504 -0.438056 
0.533698 -0.288986 
0.596762 -0.165313 
0.58548 -0.189227 
0.545087 -0.269341 
-0.536366 -0.214876 
0.613382 -0.127767 
0.622175 -0.105632 
0.606049 -0.144821 
-0.564602 -0.174357 
-0.600473 -0.108415 
-0.508389 -0.249535 
0.573024 -0.21493 
-0.378904 -0.363757 
0.644492 -0.0229583 
-0.399863 -0.349017 
0.631594 -0.0783111 
-0.0150532 -0.499969 
0.0427712 -0.505825 
0.188358 -0.501899 
0.329869 -0.46517 
-0.213717 -0.449254 
0.559353 -0.242384 
-0.157597 -0.468595 
