ZONE T="boundary0"
-4 -0.836849 
-4 -0.755274 
-4 -0.418457 
-4 -0.205195 
-4 0.239507 
-4 0.197772 
-4 0.783857 
-4 0.567714 
-4 1 
-4 0.156037 
-4 -0.145807 
-4 -0.0830371 
-4 0.360764 
-4 0.320345 
-4 -0.37113 
-4 -0.332101 
-4 -0.249134 
-4 -0.569741 
-4 -0.517763 
-4 -0.465784 
-4 -0.0202673 
-4 0.0678846 
-4 -0.673699 
-4 -1 
-4 0.401183 
-4 0.484448 
-4 -0.293072 
-4 0.279926 
-4 0.442815 
-4 -0.796062 
-4 0.218639 
-4 0.675786 
-4 0.176904 
-4 -0.114422 
-4 0.340554 
-4 -0.175501 
-4 -0.351616 
-4 -0.543752 
-4 -0.394794 
-4 -0.442121 
-4 -0.491773 
-4 0.0238087 
-4 -0.62172 
-4 -0.918425 
-4 -0.714486 
-4 0.891929 
-4 -0.271103 
-4 -0.312587 
-4 -0.227165 
-4 0.259717 
-4 0.421999 
-4 0.111961 
-4 0.526081 
-4 -0.0516522 
-4 0.380973 
-4 0.300135 
-4 0.463632 
ZONE T="boundary1"
-3.71229 1 
-4 1 
1.56954 1 
4 1 
-0.359001 1 
-0.400212 1 
-0.204869 1 
-0.133894 1 
3.57315 1 
-0.261329 1 
0.154514 1 
0.294584 1 
0.364623 1 
-0.995207 1 
-1.07873 1 
-0.911682 1 
-1.1783 1 
-1.27786 1 
-1.37022 1 
-1.46257 1 
-1.8798 1 
3.75 1 
-2.49373 1 
2.05382 1 
2.7046 1 
-3.13901 1 
-2.95743 1 
-2.72558 1 
-3.32059 1 
2.93517 1 
3.16573 1 
-2.05599 1 
2.47403 1 
-0.467384 1 
-0.31779 1 
0.224546 1 
0.0107815 1 
-0.0629201 1 
-0.688365 1 
-0.796984 1 
-0.534556 1 
0.0844831 1 
0.725542 1 
0.619012 1 
-0.611461 1 
-1.58309 1 
-1.70361 1 
0.491817 1 
0.946384 1 
1.0607 1 
0.832071 1 
3.3963 1 
1.18193 1 
1.30316 1 
1.43635 1 
1.74165 1 
-3.51644 1 
1.91375 1 
2.19389 1 
-2.27486 1 
2.58932 1 
2.33396 1 
-3.85614 1 
-0.379607 1 
-0.169381 1 
0.329603 1 
-1.03697 1 
-1.22808 1 
3.875 1 
-3.04822 1 
3.05045 1 
-0.28956 1 
-0.233099 1 
0.259565 1 
-0.0984072 1 
-0.338396 1 
-0.742674 1 
-0.433798 1 
0.119499 1 
-0.854333 1 
0.672277 1 
-0.649913 1 
-1.12851 1 
-0.953445 1 
-1.4164 1 
-1.32404 1 
-1.52283 1 
-1.64335 1 
-0.573008 1 
0.42822 1 
1.00354 1 
0.889228 1 
3.66158 1 
3.48473 1 
1.24255 1 
1.36976 1 
-3.61436 1 
1.50295 1 
1.65559 1 
1.8277 1 
1.98379 1 
2.12386 1 
-1.9679 1 
-2.16543 1 
-1.79171 1 
-3.2298 1 
3.28102 1 
-2.3843 1 
-3.41852 1 
0.18953 1 
-0.0260693 1 
0.0476323 1 
0.555415 1 
-0.50097 1 
2.53168 1 
2.64696 1 
2.404 1 
2.81988 1 
2.26393 1 
0.778806 1 
1.12131 1 
-2.60965 1 
-2.8415 1 
ZONE T="boundary2"
4 -0.695341 
4 -0.289431 
4 -0.329005 
4 -0.243094 
4 -0.196757 
4 -0.136178 
4 -0.436946 
4 -0.368579 
4 0.725555 
4 1 
4 0.179926 
4 0.247523 
4 0.323769 
4 0.38744 
4 0.45111 
4 -0.0781723 
4 -0.0201669 
4 0.0798793 
4 0.129902 
4 0.588332 
4 -0.600326 
4 -0.505312 
4 0.519721 
4 -1 
4 -0.84767 
4 -0.309218 
4 -0.219926 
4 -0.166467 
4 -0.402763 
4 0.862777 
4 0.213725 
4 0.285646 
4 0.154914 
4 0.419275 
4 0.355604 
4 0.656944 
4 -0.348792 
4 -0.552819 
4 0.0298562 
4 0.485416 
4 0.554027 
4 -0.923835 
4 -0.771506 
4 0.104891 
4 -0.0491696 
4 -0.107175 
4 -0.471129 
4 -0.647834 
4 -0.266262 
ZONE T="boundary3"
-0.117481 -1 
-0.598342 -1 
1.12249 -1 
1.00608 -1 
-0.807975 -1 
-0.703159 -1 
0.700783 -1 
-1.16401 -1 
-1.09027 -1 
0.285448 -1 
0.367049 -1 
1.2389 -1 
1.34422 -1 
1.54089 -1 
-0.335513 -1 
2.35003 -1 
2.13848 -1 
1.63225 -1 
-3.42905 -1 
-2.76468 -1 
-2.6271 -1 
1.81497 -1 
1.97672 -1 
2.56158 -1 
-2.10136 -1 
-2.34684 -1 
3.21322 -1 
3.42127 -1 
-1.97861 -1 
-1.85587 -1 
-3.16565 -1 
-1.68553 -1 
-1.51519 -1 
2.78338 -1 
0.0727685 -1 
0.136244 -1 
-0.281005 -1 
-0.0540939 -1 
-4 -1 
-3.85726 -1 
0.44865 -1 
-0.401221 -1 
-0.226497 -1 
-0.466928 -1 
0.882795 -1 
0.545351 -1 
0.642052 -1 
0.759514 -1 
1.44954 -1 
-0.171989 -1 
-3.71453 -1 
-3.57179 -1 
-1.23775 -1 
-1.01969 -1 
-0.949121 -1 
3.71064 -1 
4 -1 
-1.37647 -1 
3.00518 -1 
-2.90225 -1 
-2.48697 -1 
3.85532 -1 
0.0092928 -1 
0.210846 -1 
1.06428 -1 
-0.755567 -1 
-1.12714 -1 
0.326248 -1 
1.18069 -1 
2.24425 -1 
1.58657 -1 
-2.69589 -1 
1.72361 -1 
2.0576 -1 
2.45581 -1 
-2.2241 -1 
3.31725 -1 
-1.91724 -1 
-1.60036 -1 
-2.03998 -1 
2.67248 -1 
0.104506 -1 
-0.308259 -1 
-0.0857872 -1 
-3.92863 -1 
-0.368367 -1 
-0.253751 -1 
0.944435 -1 
0.593701 -1 
1.29156 -1 
-0.144735 -1 
-0.65075 -1 
-3.78589 -1 
-3.50042 -1 
-1.20088 -1 
-0.984407 -1 
3.56595 -1 
-1.44583 -1 
-1.7707 -1 
1.49522 -1 
1.39688 -1 
-1.30711 -1 
3.1092 -1 
-3.29735 -1 
1.89584 -1 
-3.64316 -1 
2.89428 -1 
-3.03395 -1 
-2.83346 -1 
-2.41691 -1 
-2.55704 -1 
3.78298 -1 
3.92766 -1 
-0.0224005 -1 
0.173545 -1 
0.0410305 -1 
-0.532635 -1 
-0.434074 -1 
0.248147 -1 
0.497 -1 
0.730148 -1 
0.671417 -1 
-0.199243 -1 
0.821154 -1 
-0.878548 -1 
-1.05498 -1 
0.407849 -1 
ZONE T="boundary4"
-0.493917 0.359261 
-0.512303 0.3381 
0.559348 0.156666 
0.231811 0.373212 
0.259072 0.354245 
-0.623971 0.0729549 
-0.624791 0.0484211 
-0.617285 0.122771 
-0.621471 0.0977732 
-0.623952 0.0242233 
-0.611425 0.147855 
-0.154013 0.524421 
-0.12674 0.524751 
0.20609 0.391232 
-0.622927 0.0853898 
-0.605914 0.166787 
-0.583819 0.223771 
-0.57456 0.242975 
-0.59232 0.204202 
-0.599507 0.185643 
-0.561739 0.26677 
-0.235496 0.513293 
-0.208464 0.518681 
-0.0461498 0.51569 
-0.0198258 0.509405 
-0.0727274 0.520356 
-0.547665 0.289852 
-0.47444 0.379461 
-0.454155 0.398437 
-0.432913 0.416345 
-0.314285 0.487564 
-0.288511 0.49768 
-0.364008 0.462995 
-0.339497 0.475971 
-0.410781 0.433112 
-0.18127 0.522395 
-0.262196 0.506282 
-0.0996519 0.523392 
0.00602681 0.501597 
-0.529697 0.315813 
0.0566147 0.481591 
0.081516 0.469478 
0.344341 0.298198 
0.373928 0.279973 
0.645356 0.0189558 
0.513351 0.193157 
0.536893 0.175654 
0.432115 0.244816 
0.403362 0.262156 
0.487244 0.210712 
0.460547 0.227506 
0.0314959 0.492306 
0.10617 0.456095 
0.180359 0.409048 
0.155648 0.425627 
0.130749 0.4415 
0.650601 -0.00731829 
0.653142 -0.033968 
0.637385 0.0445635 
0.579285 0.137033 
-0.387793 0.448685 
0.626722 0.0692969 
0.286461 0.335614 
0.315367 0.31659 
0.613475 0.0929364 
0.597546 0.115655 
0.632375 0.0570759 
-0.503247 0.348801 
0.245429 0.363701 
-0.624588 0.060697 
-0.61958 0.110308 
-0.61455 0.135361 
-0.140379 0.524798 
0.218954 0.382225 
-0.62225 0.091588 
-0.623501 0.0791772 
-0.608776 0.157353 
-0.579282 0.233419 
-0.596007 0.19496 
-0.568303 0.254957 
-0.222018 0.516192 
-0.0329467 0.512746 
-0.484308 0.369488 
-0.443649 0.40753 
-0.464418 0.38908 
-0.301468 0.492808 
-0.35184 0.469654 
-0.421956 0.424875 
-0.326971 0.481946 
-0.275413 0.502175 
-0.113187 0.524282 
-0.0861689 0.522083 
-0.167655 0.523619 
-0.602812 0.17625 
-0.521148 0.327073 
0.069126 0.475687 
0.359124 0.289036 
0.525237 0.184569 
0.417752 0.253483 
0.473944 0.219179 
0.500383 0.202065 
0.044115 0.487115 
0.018816 0.49713 
0.0939024 0.462921 
0.193244 0.400175 
0.168036 0.417401 
0.143246 0.433655 
0.652204 -0.0206077 
-0.588168 0.214031 
-0.375996 0.456002 
0.569508 0.147055 
-0.554857 0.278407 
-0.194893 0.520747 
0.548283 0.166363 
-0.00685124 0.50569 
0.272743 0.344879 
0.32983 0.30733 
0.620397 0.0812926 
0.648318 0.00589168 
-0.53888 0.302971 
-0.399389 0.441053 
-0.248895 0.509987 
-0.0594074 0.518227 
0.588655 0.126559 
0.118513 0.448912 
0.446356 0.236186 
0.300887 0.326033 
-0.624578 0.036317 
0.634961 0.0508563 
0.641706 0.03187 
0.629629 0.0632225 
0.605786 0.104499 
0.388649 0.27104 
ZONE T="boundary5"
-0.531 -0.190976 
-0.435403 -0.277113 
0.156605 -0.459231 
0.128415 -0.45849 
0.0167338 -0.447273 
0.507351 -0.355092 
-0.623952 0.0242233 
0.645884 -0.11436 
-0.604604 -0.0682037 
-0.595927 -0.090052 
-0.286215 -0.359199 
-0.258887 -0.370625 
-0.306309 -0.350251 
-0.326229 -0.340874 
-0.345685 -0.331174 
-0.364921 -0.320993 
-0.0659958 -0.431277 
-0.120953 -0.417317 
-0.148622 -0.409306 
0.38188 -0.42504 
-0.231304 -0.381366 
0.354361 -0.434026 
0.326589 -0.441447 
-0.0935688 -0.424598 
-0.500514 -0.222938 
-0.574146 -0.132144 
-0.585764 -0.111373 
-0.486523 -0.235988 
-0.456705 -0.261133 
-0.471818 -0.248817 
-0.546717 -0.171946 
0.434925 -0.402249 
0.408871 -0.414432 
0.609255 -0.219468 
0.528537 -0.336161 
0.298416 -0.44747 
0.270157 -0.452139 
-0.176087 -0.400701 
-0.203808 -0.391342 
-0.621483 0.00042631 
-0.617413 -0.0229391 
0.100301 -0.456873 
0.0723418 -0.454437 
0.0445039 -0.451227 
-0.010883 -0.442622 
0.184955 -0.459039 
0.24178 -0.455569 
0.213313 -0.457845 
-0.389211 -0.307168 
-0.0385243 -0.43727 
0.460268 -0.388254 
0.472511 -0.380617 
0.484486 -0.372521 
-0.412988 -0.292395 
0.557446 -0.304551 
0.566178 -0.293275 
0.548262 -0.315458 
0.538611 -0.32601 
0.635137 -0.154138 
0.630702 -0.167282 
0.653087 -0.0608093 
0.6506 -0.0876317 
0.582213 -0.269758 
-0.514056 -0.209414 
0.596499 -0.245011 
0.620673 -0.193492 
0.639175 -0.140906 
0.653142 -0.033968 
0.648507 -0.101008 
-0.611779 -0.0458158 
-0.561122 -0.152328 
0.142506 -0.458973 
-0.60045 -0.0791997 
-0.272586 -0.365 
-0.296284 -0.354777 
-0.316294 -0.345617 
-0.355334 -0.326145 
-0.134811 -0.413387 
-0.245127 -0.376079 
0.340523 -0.437918 
-0.580122 -0.121851 
-0.446144 -0.269248 
-0.464313 -0.25504 
-0.479223 -0.242464 
-0.538989 -0.18157 
-0.493572 -0.229522 
0.421996 -0.408552 
-0.335985 -0.336081 
0.284312 -0.449964 
-0.189974 -0.396098 
-0.61965 -0.0112897 
-0.591022 -0.100795 
-0.107282 -0.421032 
0.11435 -0.457787 
0.0584099 -0.452926 
0.0306041 -0.44934 
0.00290903 -0.445033 
0.170779 -0.459256 
0.312539 -0.44463 
0.199138 -0.458571 
-0.0522793 -0.434352 
0.466424 -0.384491 
-0.377127 -0.314191 
-0.401173 -0.299904 
0.368184 -0.429728 
0.561869 -0.29896 
0.54349 -0.320784 
0.632966 -0.160726 
0.652134 -0.0742449 
0.227556 -0.456846 
0.533625 -0.331137 
-0.522644 -0.200303 
0.603045 -0.232325 
0.552911 -0.310051 
0.478536 -0.376625 
-0.0798027 -0.428015 
0.395456 -0.419942 
0.637207 -0.147537 
0.642755 -0.127689 
0.447717 -0.395472 
0.625854 -0.180451 
0.51813 -0.345837 
0.647258 -0.107696 
0.64962 -0.09433 
0.255986 -0.454003 
0.496086 -0.364027 
-0.217584 -0.386432 
0.0863108 -0.455755 
-0.0247217 -0.440029 
-0.162379 -0.405078 
-0.507344 -0.216237 
0.615117 -0.206549 
-0.608384 -0.0570697 
-0.622923 0.0123054 
-0.56779 -0.142336 
-0.554064 -0.162243 
-0.614794 -0.0344244 
0.574428 -0.281677 
0.653431 -0.0473861 
0.589568 -0.257509 
-0.424278 -0.284879 
