ZONE T="boundary0"
-4 -1 
-4 0.725021 
-4 -0.298737 
-4 -0.240816 
-4 -0.181546 
-4 0.166533 
-4 -0.122276 
-4 1 
-4 0.450042 
-4 0.40446 
-4 -0.622185 
-4 -0.362581 
-4 -0.426426 
-4 -0.0469552 
-4 -0.524305 
-4 0.217123 
-4 0.0283654 
-4 0.0974491 
-4 0.313296 
-4 0.267714 
-4 0.587532 
-4 0.518787 
-4 0.358878 
-4 -0.269776 
-4 -0.211181 
-4 0.427251 
-4 -0.811092 
-4 -0.394503 
-4 0.131991 
-4 0.242419 
-4 -0.0846156 
-4 -0.00929492 
-4 0.656276 
-4 0.862511 
-4 0.484414 
-4 -0.330659 
-4 0.191828 
-4 0.0629072 
-4 0.381669 
-4 0.290505 
-4 0.336087 
-4 0.553159 
-4 -0.151911 
-4 -0.573245 
-4 -0.475365 
ZONE T="boundary1"
-3.68049 1 
-0.775892 1 
0.164789 1 
0.0646402 1 
-0.245151 1 
-0.898332 1 
-1.0048 1 
1.10437 1 
3.51892 1 
3.75946 1 
-1.11126 1 
-0.447694 1 
0.400848 1 
0.314624 1 
-1.18134 1 
-1.25141 1 
-1.35839 1 
-0.550573 1 
0.696954 1 
1.48353 1 
1.80411 1 
-2.53278 1 
-2.11914 1 
3.03784 1 
3.27838 1 
-4 1 
-3.36099 1 
-3.17237 1 
2.5184 1 
1.64382 1 
-3.52074 1 
-2.98374 1 
2.12866 1 
-0.0694353 1 
0.592013 1 
-0.00239755 1 
-0.128705 1 
-0.187974 1 
-0.375011 1 
-0.302328 1 
0.487071 1 
-0.653452 1 
-1.46536 1 
-1.65899 1 
-1.56218 1 
-1.82013 1 
-1.98126 1 
0.906985 1 
0.80197 1 
1.19633 1 
1.28829 1 
1.00568 1 
4 1 
-2.25702 1 
2.77812 1 
1.96638 1 
0.114715 1 
-0.951564 1 
3.63919 1 
-1.05803 1 
0.357736 1 
-1.21637 1 
-3.84025 1 
-3.26668 1 
1.72397 1 
-3.60062 1 
-2.75826 1 
2.32353 1 
0.644483 1 
-0.0359164 1 
0.0311213 1 
-0.158339 1 
-0.27374 1 
-0.714672 1 
0.239707 1 
-0.602012 1 
0.443959 1 
-0.499133 1 
-0.837112 1 
-1.41187 1 
-1.1463 1 
-1.3049 1 
-1.61059 1 
-1.73956 1 
-1.51377 1 
-1.90069 1 
0.854477 1 
1.15035 1 
1.24231 1 
0.95633 1 
1.38591 1 
1.05502 1 
3.87973 1 
1.56368 1 
-2.3949 1 
-2.18808 1 
-2.0502 1 
2.90798 1 
3.15811 1 
3.39865 1 
2.64826 1 
2.04752 1 
1.88525 1 
-0.338669 1 
-0.411352 1 
-0.216562 1 
0.539542 1 
-0.0990699 1 
0.749462 1 
-3.44087 1 
-3.07805 1 
ZONE T="boundary2"
4 -0.685242 
4 -0.413976 
4 -0.491785 
4 -0.336168 
4 -0.278211 
4 -0.220255 
4 0.714559 
4 0.213998 
4 0.157773 
4 0.500478 
4 -0.842621 
4 -1 
4 -0.588513 
4 -0.106307 
4 -0.00237913 
4 -0.163281 
4 0.0495849 
4 0.101549 
4 0.321688 
4 0.294766 
4 0.375403 
4 0.429118 
4 0.267843 
4 0.571839 
4 1 
4 0.24092 
4 -0.452881 
4 -0.375072 
4 -0.30719 
4 0.185885 
4 -0.921311 
4 -0.636878 
4 -0.0543431 
4 -0.134794 
4 -0.191768 
4 -0.249233 
4 0.0755669 
4 0.308227 
4 0.402261 
4 0.464798 
4 0.536159 
4 0.643199 
4 0.85728 
4 -0.540149 
4 -0.763932 
4 0.254382 
4 0.227459 
4 0.129661 
4 0.348546 
4 0.281304 
4 0.0236029 
ZONE T="boundary3"
-4 -1 
-3.64394 -1 
-1.63866 -1 
-0.895171 -1 
-0.725658 -1 
-0.0638247 -1 
0.136993 -1 
0.0693933 -1 
-0.530612 -1 
-0.628135 -1 
-1.24828 -1 
-1.32561 -1 
1.56293 -1 
-1.09363 -1 
-0.994399 -1 
2.97808 -1 
3.22381 -1 
2.04943 -1 
2.2228 -1 
3.80595 -1 
4 -1 
-2.37354 -1 
3.61191 -1 
-1.9092 -1 
-2.70518 -1 
-3.4659 -1 
0.590583 -1 
0.701861 -1 
-0.124665 -1 
0.00278431 -1 
0.204593 -1 
0.275468 -1 
0.468462 -1 
0.346342 -1 
-0.430045 -1 
-0.329479 -1 
-0.185504 -1 
0.81314 -1 
0.922261 -1 
1.03138 -1 
-1.40294 -1 
-1.5208 -1 
-1.77393 -1 
1.23862 -1 
1.135 -1 
1.3197 -1 
1.40078 -1 
-2.14137 -1 
-2.99653 -1 
1.48185 -1 
-3.28787 -1 
-2.53936 -1 
2.60496 -1 
2.73234 -1 
2.47757 -1 
1.7195 -1 
1.87606 -1 
-3.82197 -1 
0.103193 -1 
-0.579373 -1 
-1.28694 -1 
-1.04401 -1 
3.10095 -1 
3.90298 -1 
3.41786 -1 
3.70893 -1 
0.646222 -1 
-0.0942447 -1 
-0.0305202 -1 
0.0360888 -1 
0.407402 -1 
0.170793 -1 
-0.480328 -1 
-0.257492 -1 
0.310905 -1 
0.240031 -1 
-0.379762 -1 
-0.676896 -1 
-0.810414 -1 
-0.944785 -1 
-1.17095 -1 
0.976822 -1 
0.7575 -1 
0.529523 -1 
-1.36427 -1 
-1.46187 -1 
-1.57973 -1 
-1.7063 -1 
1.18681 -1 
1.36024 -1 
1.08319 -1 
-2.25745 -1 
-2.02529 -1 
-3.55492 -1 
1.52239 -1 
-3.37689 -1 
-2.45645 -1 
2.66865 -1 
2.35019 -1 
-2.62227 -1 
-1.84157 -1 
1.79778 -1 
1.64122 -1 
2.13612 -1 
1.96275 -1 
-3.1422 -1 
-2.85085 -1 
2.85521 -1 
0.8677 -1 
-0.155085 -1 
1.27916 -1 
2.54126 -1 
1.44131 -1 
ZONE T="boundary4"
0.389003 0.345981 
-0.533213 0.303134 
-0.31043 0.377335 
-0.287243 0.37763 
-0.636553 0.0117138 
0.637423 0.0467501 
-0.638906 0.0577461 
0.63189 0.0941792 
0.634671 0.0785223 
0.636408 0.0148818 
0.637378 0.0307722 
-0.635706 0.104116 
-0.63803 0.0809409 
-0.376972 0.371676 
-0.355222 0.374483 
-0.439939 0.356325 
-0.515963 0.316851 
-0.631887 0.127149 
-0.627989 0.144385 
-0.623286 0.161164 
0.636528 0.0626122 
0.590917 0.193336 
0.582794 0.205677 
-0.61778 0.177535 
-0.591949 0.232185 
-0.582866 0.24664 
-0.602497 0.21288 
-0.573073 0.260448 
-0.565558 0.26999 
-0.498043 0.328903 
-0.479327 0.339486 
-0.54941 0.287944 
0.623523 0.125146 
0.61824 0.139698 
0.573937 0.218013 
-0.459916 0.348618 
-0.419392 0.362694 
-0.39843 0.367771 
0.628144 0.109826 
-0.0861185 0.370869 
-0.0591788 0.370606 
-0.165495 0.373358 
-0.113195 0.371453 
-0.332932 0.376336 
0.612214 0.153927 
-0.638393 0.0346554 
-0.610616 0.195514 
-0.190593 0.3745 
-0.215716 0.375651 
-0.139293 0.372294 
-0.239862 0.376636 
0.0266584 0.37165 
0.433725 0.3291 
0.279091 0.368649 
0.311182 0.364239 
0.634542 -0.000958702 
0.554328 0.242065 
0.412091 0.337965 
0.338491 0.359178 
0.36567 0.352756 
0.564623 0.229945 
0.543561 0.253669 
0.454956 0.318933 
0.116801 0.373977 
0.148604 0.374417 
0.0559016 0.372424 
0.213672 0.373507 
0.24696 0.371646 
0.0863819 0.373262 
0.605676 0.16746 
0.598545 0.180623 
0.498698 0.29227 
-0.030875 0.370665 
-0.00270585 0.371026 
0.18045 0.374346 
-0.263984 0.377352 
0.488083 0.299561 
0.477205 0.306451 
0.520897 0.274927 
0.53248 0.264564 
-0.298839 0.377565 
0.633396 0.0863705 
0.637007 0.0228195 
-0.637051 0.0925492 
-0.366119 0.373211 
-0.524728 0.310166 
-0.630047 0.135794 
-0.633985 0.115666 
-0.625744 0.152806 
0.637093 0.0546871 
-0.638645 0.0693525 
0.586918 0.199548 
-0.620638 0.169386 
0.635719 0.0705804 
-0.597386 0.222622 
-0.569366 0.265259 
-0.488789 0.334371 
-0.557681 0.279144 
0.620979 0.132457 
-0.507123 0.323051 
-0.469709 0.344228 
-0.408955 0.365389 
0.625943 0.117518 
-0.449999 0.352644 
-0.072644 0.370697 
0.630132 0.102029 
-0.387733 0.36987 
-0.321688 0.376934 
-0.637636 0.0231738 
-0.614328 0.186578 
-0.178041 0.37392 
-0.15239 0.372804 
-0.227786 0.376168 
-0.126241 0.371842 
-0.0996521 0.371121 
-0.429722 0.359676 
-0.63882 0.0461994 
0.295157 0.366633 
0.635584 0.00694839 
0.422968 0.333684 
0.324862 0.361866 
0.377376 0.349513 
-0.344092 0.375527 
0.400599 0.342129 
0.55954 0.236061 
0.54901 0.247928 
0.132698 0.374248 
0.0412825 0.372025 
0.263035 0.370308 
0.444416 0.324176 
0.352119 0.356143 
0.615318 0.146851 
0.594799 0.18702 
0.602185 0.174082 
0.609026 0.160732 
0.637518 0.0387602 
0.569339 0.224026 
0.578428 0.21189 
-0.203151 0.375082 
0.071142 0.372848 
0.10159 0.373644 
-0.0167866 0.370811 
0.0119804 0.371312 
0.164524 0.374458 
0.230319 0.372719 
-0.0450211 0.370594 
0.197059 0.374039 
-0.606682 0.204257 
-0.587506 0.239475 
-0.578068 0.253614 
-0.275613 0.377552 
-0.251921 0.377038 
0.493424 0.295966 
0.466188 0.312885 
0.509983 0.283835 
0.482677 0.303055 
0.538082 0.259182 
0.526752 0.269813 
-0.541467 0.295704 
ZONE T="boundary5"
-0.426587 -0.349184 
-0.408428 -0.363723 
-0.532955 -0.236526 
-0.370681 -0.39096 
-0.389782 -0.37765 
-0.629134 -0.0334803 
-0.633449 -0.0109983 
-0.636553 0.0117138 
-0.444229 -0.334034 
-0.545283 -0.219202 
-0.623663 -0.0556761 
0.631815 -0.0167284 
-0.258851 -0.452948 
-0.28346 -0.441368 
-0.30663 -0.429474 
-0.350244 -0.404219 
-0.12852 -0.498556 
-0.155374 -0.491145 
-0.23385 -0.463672 
-0.58019 -0.162557 
-0.590935 -0.141726 
-0.101173 -0.505126 
-0.208074 -0.473696 
-0.617074 -0.0776043 
-0.609409 -0.0992399 
-0.492615 -0.286121 
-0.507019 -0.269593 
-0.520258 -0.253267 
-0.557075 -0.201511 
-0.569 -0.182244 
-0.329371 -0.416796 
-0.477606 -0.302126 
-0.461211 -0.318378 
0.501193 -0.302667 
0.582807 -0.145749 
0.570708 -0.16953 
0.069608 -0.524729 
0.04026 -0.524002 
-0.0455465 -0.515544 
-0.0736341 -0.510771 
0.011438 -0.522198 
-0.0173358 -0.519346 
0.0989167 -0.524294 
0.128372 -0.522627 
0.187511 -0.515208 
0.157924 -0.519635 
0.217066 -0.509225 
0.246712 -0.501484 
0.275919 -0.491947 
0.304909 -0.480346 
0.618965 -0.0633887 
0.386851 -0.43274 
0.360527 -0.45084 
0.487468 -0.3245 
0.472964 -0.345287 
0.516047 -0.276514 
0.454865 -0.368294 
-0.600688 -0.120612 
0.544376 -0.221191 
0.530312 -0.249156 
0.558496 -0.193344 
0.595382 -0.120052 
0.607097 -0.094041 
0.628272 -0.032397 
0.634542 -0.000958702 
0.435613 -0.389686 
0.411913 -0.41237 
-0.181968 -0.482834 
0.333203 -0.466657 
-0.41757 -0.35653 
-0.380286 -0.384383 
-0.63144 -0.0222661 
-0.635157 0.000338542 
-0.626541 -0.0446115 
-0.295096 -0.435519 
-0.360518 -0.397675 
-0.141977 -0.494963 
-0.246397 -0.458418 
-0.585673 -0.152198 
-0.221005 -0.468795 
-0.613371 -0.0884666 
-0.499893 -0.277923 
-0.513708 -0.261485 
-0.563125 -0.191931 
-0.45279 -0.326281 
-0.435475 -0.341686 
-0.485183 -0.294191 
-0.469484 -0.310327 
0.576784 -0.157648 
0.0549327 -0.524507 
-0.0596096 -0.513278 
-0.00296009 -0.520901 
0.113656 -0.523619 
0.143168 -0.5213 
0.20233 -0.512413 
0.261391 -0.496943 
-0.539184 -0.22791 
0.373866 -0.442053 
0.480345 -0.334989 
0.508759 -0.289674 
0.494452 -0.313664 
0.464097 -0.35694 
-0.605172 -0.109975 
-0.271206 -0.447266 
0.537354 -0.235177 
0.551415 -0.207252 
-0.551249 -0.210402 
-0.526672 -0.244945 
0.601372 -0.107103 
0.589172 -0.132934 
0.623956 -0.0479932 
0.63014 -0.0245846 
0.633282 -0.00886187 
-0.57469 -0.172454 
-0.318055 -0.423233 
-0.339859 -0.410593 
-0.620505 -0.0666794 
0.423988 -0.401272 
-0.595929 -0.131222 
0.613292 -0.0788133 
-0.399163 -0.370764 
-0.0874263 -0.508064 
-0.114873 -0.501956 
0.0842668 -0.52466 
0.231947 -0.505569 
0.523271 -0.262885 
0.399585 -0.422811 
-0.0314561 -0.517567 
-0.195059 -0.478376 
0.0258426 -0.523232 
0.172748 -0.517604 
0.290512 -0.486391 
0.564599 -0.181432 
-0.168705 -0.487102 
0.319179 -0.473757 
0.347013 -0.459009 
0.445417 -0.379158 
