ZONE T="boundary0"
-4 -0.835429 
-4 -0.114238 
-4 0.53296 
-4 -0.157612 
-4 -0.200985 
-4 0.0923657 
-4 1 
-4 0.64972 
-4 0.76648 
-4 -1 
-4 -0.0525833 
-4 0.00907194 
-4 -0.402218 
-4 -0.536539 
-4 -0.344035 
-4 0.272266 
-4 0.223963 
-4 0.386813 
-4 0.32954 
-4 0.459886 
-4 -0.670859 
-4 -0.243418 
-4 -0.285851 
-4 0.175659 
-4 -0.469379 
-4 -0.179298 
-4 -0.917715 
-4 -0.0217557 
-4 0.0507188 
-4 0.248115 
-4 0.358176 
-4 0.42335 
-4 0.7081 
-4 -0.603699 
-4 -0.753144 
-4 -0.264635 
-4 -0.222201 
-4 -0.314943 
-4 -0.135925 
-4 -0.0834109 
-4 0.199811 
-4 0.300903 
-4 -0.373127 
-4 -0.435798 
-4 -0.502959 
-4 0.496423 
-4 0.59134 
-4 0.134013 
-4 0.88324 
ZONE T="boundary1"
0.526127 1 
0.66021 1 
-0.474688 1 
0.18027 1 
0.12178 1 
-3.74175 1 
-4 1 
1.19685 1 
1.12952 1 
0.803054 1 
0.88467 1 
-0.652623 1 
-0.986049 1 
-1.09496 1 
-1.54761 1 
1.68622 1 
-3.4835 1 
-3.26473 1 
1.26419 1 
3.13204 1 
2.2311 1 
2.01435 1 
-2.79113 1 
-2.0618 1 
-2.29905 1 
2.44786 1 
-0.270143 1 
-0.398168 1 
-0.551207 1 
-0.754038 1 
0.002372 1 
0.0620759 1 
-0.134213 1 
-0.0659204 1 
0.23876 1 
0.304267 1 
-0.870044 1 
0.369774 1 
0.966286 1 
4 1 
-1.30888 1 
-1.20386 1 
-1.4139 1 
1.0479 1 
3.60502 1 
3.44736 1 
3.80251 1 
-1.77644 1 
-1.87156 1 
1.47071 1 
1.54255 1 
1.85029 1 
2.97439 1 
-2.5363 1 
3.2897 1 
2.71112 1 
-3.04596 1 
1.39887 1 
-0.202178 1 
-1.68132 1 
0.593169 1 
0.151025 1 
-3.87087 1 
1.16319 1 
0.843862 1 
-1.0405 1 
-3.37411 1 
2.12273 1 
-2.18043 1 
-0.334155 1 
-0.512947 1 
-0.70333 1 
0.0322239 1 
-0.100067 1 
-0.601915 1 
-0.436428 1 
0.271513 1 
0.731632 1 
-0.928047 1 
0.44795 1 
-1.25637 1 
-0.812041 1 
0.925478 1 
-1.36139 1 
-1.14941 1 
1.08871 1 
3.52619 1 
3.90125 1 
-3.61262 1 
-1.48075 1 
-1.824 1 
-1.96668 1 
1.23052 1 
1.50663 1 
3.70376 1 
1.61438 1 
1.76825 1 
1.93232 1 
3.05322 1 
-2.41768 1 
3.21087 1 
2.33948 1 
2.84276 1 
2.57949 1 
-2.66371 1 
-2.91854 1 
1.43479 1 
0.0919278 1 
-0.23616 1 
-0.0317742 1 
-0.168195 1 
0.209515 1 
0.337021 1 
1.33153 1 
1.00709 1 
-1.61447 1 
-1.72888 1 
3.36853 1 
-3.15534 1 
ZONE T="boundary2"
4 -0.590578 
4 -0.480912 
4 -0.272856 
4 -0.210946 
4 -0.334765 
4 0.405035 
4 0.465684 
4 0.599263 
4 0.732842 
4 -0.700245 
4 0.0224743 
4 0.103827 
4 -1 
4 0.19042 
4 0.147124 
4 -0.0588787 
4 -0.134913 
4 1 
4 0.866421 
4 0.228911 
4 0.267403 
4 0.344385 
4 0.305894 
4 -0.535745 
4 -0.241901 
4 0.435359 
4 0.666053 
4 0.0631508 
4 -0.850122 
4 0.168772 
4 -0.0182022 
4 -0.17293 
4 -0.0968957 
4 -0.407839 
4 -0.645412 
4 0.933211 
4 0.532474 
4 0.799632 
4 0.248157 
4 0.209666 
4 0.325139 
4 0.37471 
4 0.125475 
4 -0.30381 
4 0.286648 
ZONE T="boundary3"
-3.74644 -1 
-1.69371 -1 
-1.53701 -1 
-0.916183 -1 
0.00953491 -1 
-0.0553301 -1 
-0.602841 -1 
-1.04024 -1 
0.421335 -1 
0.533942 -1 
1.22324 -1 
3.10852 -1 
2.76899 -1 
-0.486886 -1 
-2.92919 -1 
1.85347 -1 
4 -1 
-3.06831 -1 
-1.38032 -1 
3.75589 -1 
-1.95066 -1 
-3.2806 -1 
-3.49288 -1 
2.20573 -1 
2.58222 -1 
3.31015 -1 
3.51178 -1 
2.39544 -1 
-4 -1 
-0.35403 -1 
-0.120195 -1 
-0.24747 -1 
0.653414 -1 
0.14238 -1 
0.0759573 -1 
-0.420458 -1 
0.308729 -1 
0.225554 -1 
-0.183832 -1 
-0.718796 -1 
-0.81749 -1 
0.772887 -1 
-1.16431 -1 
-1.27231 -1 
0.998634 -1 
0.885761 -1 
1.11094 -1 
1.31621 -1 
1.40917 -1 
1.55005 -1 
1.69093 -1 
1.47961 -1 
2.01602 -1 
-2.79007 -1 
-2.61027 -1 
-2.43048 -1 
-2.19057 -1 
-1.61536 -1 
-0.0228977 -1 
0.477638 -1 
2.93876 -1 
3.87794 -1 
-3.61966 -1 
2.6756 -1 
3.41096 -1 
3.63383 -1 
-3.38674 -1 
-3.87322 -1 
2.48883 -1 
-0.544863 -1 
-0.30075 -1 
-0.0877626 -1 
0.109168 -1 
-0.453672 -1 
0.267141 -1 
0.593678 -1 
0.365032 -1 
-0.866836 -1 
-0.660819 -1 
0.713151 -1 
-0.978214 -1 
-1.10228 -1 
-1.32632 -1 
-1.21831 -1 
-1.45867 -1 
0.942197 -1 
1.16709 -1 
1.36269 -1 
1.05479 -1 
-1.82218 -1 
1.62049 -1 
1.7722 -1 
1.51483 -1 
1.93474 -1 
-3.17446 -1 
2.11087 -1 
3.20933 -1 
-2.70017 -1 
-2.52037 -1 
2.30059 -1 
-2.85963 -1 
-2.99875 -1 
-0.215651 -1 
-0.152014 -1 
-0.387244 -1 
0.042746 -1 
0.183967 -1 
-0.768143 -1 
-2.31052 -1 
1.26972 -1 
0.829324 -1 
1.44439 -1 
-2.07061 -1 
ZONE T="boundary4"
0.00670631 0.463431 
-0.0204235 0.458629 
-0.434609 0.278017 
-0.415228 0.292899 
-0.619403 -0.0253183 
-0.616324 -0.00211166 
0.583934 0.259034 
0.576136 0.273041 
0.448402 0.402469 
0.4629 0.393204 
0.615983 0.187348 
-0.552103 0.15376 
0.607279 0.209192 
-0.0729708 0.447144 
-0.046789 0.453226 
0.515813 0.350445 
0.503586 0.361806 
-0.490159 0.227947 
-0.509644 0.207327 
-0.525619 0.188837 
-0.605567 0.0439153 
-0.611717 0.020981 
-0.597887 0.066583 
-0.588705 0.0888907 
0.645657 0.0125902 
-0.572123 0.121678 
-0.580808 0.105441 
0.645472 0.070261 
0.643721 0.0848548 
-0.562786 0.137419 
-0.172977 0.417302 
-0.1969 0.408571 
-0.14849 0.425591 
-0.12379 0.4333 
-0.45363 0.262193 
-0.395336 0.307047 
-0.35413 0.33338 
-0.332815 0.34569 
-0.374929 0.320543 
0.490587 0.372818 
-0.311185 0.357401 
-0.289062 0.368642 
-0.266672 0.379322 
-0.243758 0.389576 
-0.0984814 0.440532 
0.626346 0.157904 
0.0339945 0.467476 
0.0621876 0.470814 
-0.472099 0.24554 
0.477103 0.383225 
0.597862 0.230734 
-0.542922 0.16668 
0.646674 0.0268417 
-0.220599 0.399285 
0.646562 0.0557479 
0.559177 0.299539 
0.549328 0.312903 
0.370265 0.439891 
0.402288 0.426788 
0.433526 0.411112 
0.591107 0.244989 
0.538862 0.325805 
0.527626 0.338399 
0.119889 0.474899 
0.149339 0.475495 
0.0905024 0.473289 
0.210477 0.473253 
0.241539 0.470158 
0.337891 0.450567 
0.567934 0.286472 
0.646972 0.0412138 
0.641344 0.0994788 
0.634857 0.128737 
0.179921 0.474983 
0.273077 0.465519 
0.305511 0.459017 
-0.00687674 0.461124 
-0.424988 0.285551 
-0.618052 -0.0136915 
0.580103 0.266076 
0.455701 0.397914 
0.61172 0.198307 
-0.0599011 0.450269 
-0.517731 0.19817 
-0.608829 0.032497 
-0.614208 0.0094709 
-0.60191 0.05531 
-0.593473 0.0778088 
-0.576557 0.113608 
-0.584853 0.0972114 
0.644675 0.0775667 
-0.56754 0.129599 
-0.184965 0.413006 
-0.136164 0.429519 
-0.444198 0.270201 
-0.405343 0.300061 
-0.343515 0.339611 
-0.385187 0.313879 
0.49715 0.367387 
-0.300159 0.363092 
-0.2779 0.374051 
-0.255246 0.384518 
-0.322038 0.351618 
-0.160759 0.421519 
-0.111159 0.436993 
0.621348 0.17269 
0.048077 0.469251 
-0.0857482 0.443917 
-0.462945 0.253958 
0.60266 0.220004 
-0.547568 0.160259 
0.646257 0.0197085 
-0.481212 0.236831 
-0.208778 0.403998 
0.55433 0.306278 
0.386397 0.433633 
0.441009 0.406868 
0.418064 0.419263 
0.470057 0.388294 
0.594532 0.237884 
0.52179 0.344492 
0.54417 0.319416 
0.483903 0.378098 
0.13461 0.475327 
0.076334 0.472162 
0.226025 0.471879 
0.354167 0.445498 
0.563626 0.293053 
0.533318 0.332169 
0.646855 0.0484824 
0.6461 0.0630099 
0.642606 0.0921784 
-0.557535 0.145648 
0.572104 0.279799 
0.646913 0.034025 
0.509764 0.356196 
-0.364577 0.327041 
-0.232208 0.394499 
0.630819 0.143384 
0.0203346 0.46555 
0.164632 0.475386 
0.195207 0.474275 
-0.0336256 0.456014 
0.638364 0.114165 
0.105188 0.474218 
0.257336 0.468031 
0.289339 0.46249 
-0.500017 0.217749 
0.587578 0.252041 
-0.534424 0.17788 
0.321765 0.455035 
ZONE T="boundary5"
-0.571904 -0.253621 
-0.582137 -0.232393 
-0.538057 -0.309618 
-0.549828 -0.292097 
-0.591719 -0.209792 
-0.616852 -0.118165 
-0.61967 -0.0950131 
-0.62105 -0.0718156 
-0.619403 -0.0253183 
0.64391 -0.0015121 
0.64143 -0.0154322 
-0.607005 -0.164189 
-0.600021 -0.187061 
-0.612623 -0.141224 
-0.561331 -0.27312 
-0.378239 -0.454112 
-0.398544 -0.442019 
-0.25111 -0.502709 
-0.195268 -0.511153 
-0.22324 -0.507843 
-0.112862 -0.510422 
-0.306646 -0.486802 
-0.279064 -0.49567 
-0.140144 -0.512384 
-0.167579 -0.512643 
-0.0595065 -0.501676 
-0.0333822 -0.49503 
-0.08596 -0.506824 
-0.496626 -0.360656 
-0.438404 -0.414037 
-0.45777 -0.398135 
-0.525523 -0.326596 
-0.511458 -0.343959 
-0.332194 -0.476804 
-0.418268 -0.428917 
-0.355503 -0.4661 
0.565966 -0.152549 
0.645657 0.0125902 
-0.477429 -0.380194 
-0.00767866 -0.48699 
0.378526 -0.277434 
0.350743 -0.292457 
0.0176681 -0.477635 
0.0427261 -0.467049 
0.0921571 -0.442647 
0.0674885 -0.455367 
0.141247 -0.414821 
-0.62097 -0.0485617 
0.116781 -0.429039 
0.406014 -0.262413 
0.269153 -0.337887 
0.295921 -0.322603 
0.166152 -0.39987 
0.453306 -0.235486 
0.429825 -0.24908 
0.19103 -0.384704 
0.242398 -0.353605 
0.216694 -0.369062 
0.323386 -0.307348 
0.535375 -0.180109 
0.473116 -0.223523 
0.49261 -0.211104 
0.556096 -0.162128 
0.514348 -0.196154 
0.611476 -0.093697 
0.575457 -0.142551 
0.602018 -0.108795 
0.638219 -0.0291385 
0.629623 -0.0558302 
0.624265 -0.0687498 
0.634287 -0.042594 
0.589308 -0.126218 
-0.577146 -0.243069 
-0.54404 -0.300925 
-0.618437 -0.106612 
-0.620541 -0.0834267 
0.642763 -0.00848982 
-0.609978 -0.152749 
-0.614908 -0.129728 
-0.60367 -0.175675 
-0.388465 -0.448192 
-0.20928 -0.509723 
-0.555693 -0.282679 
-0.292924 -0.491458 
-0.181436 -0.512118 
-0.126491 -0.511614 
-0.0464057 -0.498536 
-0.0727026 -0.504443 
-0.448186 -0.40621 
-0.531883 -0.318177 
-0.319492 -0.481995 
-0.428429 -0.421607 
-0.408485 -0.435589 
-0.487161 -0.370559 
-0.518589 -0.335359 
0.364646 -0.284942 
0.00504139 -0.482469 
0.0798657 -0.44911 
0.0551532 -0.461331 
-0.621195 -0.0601898 
0.129039 -0.421989 
0.282522 -0.330198 
0.153716 -0.40738 
0.441596 -0.242331 
0.178598 -0.392297 
0.229535 -0.361304 
0.255761 -0.345701 
0.337063 -0.299877 
0.463243 -0.229554 
0.545889 -0.171305 
0.503556 -0.203748 
0.482906 -0.217382 
0.561077 -0.157388 
0.570763 -0.147602 
0.606869 -0.101326 
0.639917 -0.0223083 
0.627031 -0.0623276 
0.636344 -0.0358942 
0.632045 -0.0492452 
0.644876 0.00552657 
0.582523 -0.13451 
0.595825 -0.11763 
-0.566733 -0.263435 
-0.36695 -0.460262 
0.52497 -0.18828 
-0.34392 -0.471614 
-0.620373 -0.036929 
-0.504135 -0.352393 
-0.467718 -0.389299 
-0.237214 -0.5055 
-0.265141 -0.499416 
-0.0993887 -0.508826 
0.0302457 -0.472483 
-0.153862 -0.512729 
-0.0204878 -0.491181 
0.104505 -0.435925 
0.309645 -0.314932 
0.203858 -0.376871 
0.392294 -0.269946 
-0.587067 -0.221154 
-0.596018 -0.198482 
0.6182 -0.0813999 
0.417946 -0.255779 
