ZONE T="boundary0"
-4 -0.422375 
-4 0.200135 
-4 0.34092 
-4 0.447427 
-4 0.247026 
-4 0.553934 
-4 -0.0688602 
-4 -0.134687 
-4 -0.200515 
-4 -1 
-4 0.875 
-4 -0.670859 
-4 -0.835429 
-4 -0.375371 
-4 -0.293726 
-4 -0.334549 
-4 -0.247121 
-4 -0.469379 
-4 -0.570119 
-4 0.153243 
-4 0.0495558 
-4 0.66545 
-4 0.776967 
-4 1 
-4 0.394173 
-4 0.293973 
-4 0.50068 
-4 -0.167601 
-4 -0.753144 
-4 -0.314137 
-4 -0.223818 
-4 -0.101774 
-4 -0.445877 
-4 -0.519749 
-4 -0.398873 
-4 -0.620489 
-4 0.176689 
-4 0.223581 
-4 0.101399 
-4 -0.00965219 
-4 0.609692 
-4 0.825983 
-4 0.721209 
-4 -0.917715 
-4 0.9375 
-4 -0.35496 
-4 -0.270423 
ZONE T="boundary1"
-1.85395 1 
-2.07268 1 
1.03987 1 
4 1 
1.2216 1 
1.13073 1 
0.128332 1 
0.0620759 1 
-0.261728 1 
-0.321279 1 
0.194589 1 
0.774692 1 
0.249428 1 
-3.87581 1 
0.869363 1 
0.579354 1 
0.629687 1 
0.478688 1 
-2.29142 1 
-2.45657 1 
-1.31508 1 
1.33015 1 
-3.50817 1 
-3.75162 1 
1.68886 1 
-1.20364 1 
-2.86504 1 
1.85973 1 
2.0306 1 
2.94041 1 
3.53875 1 
2.5829 1 
2.82124 1 
3.84625 1 
3.6925 1 
0.304267 1 
-0.0659204 1 
-0.00192226 1 
-0.202178 1 
-0.134049 1 
0.391477 1 
-0.397983 1 
-0.474688 1 
-0.689672 1 
-0.58218 1 
0.680021 1 
-0.780794 1 
-0.871916 1 
0.954616 1 
1.56378 1 
1.43869 1 
-0.982062 1 
-1.09221 1 
-1.43214 1 
-1.70157 1 
-4 1 
3.1627 1 
2.24716 1 
-2.62172 1 
-3.06489 1 
-3.26473 1 
2.70207 1 
2.46373 1 
-1.54919 1 
3.385 1 
-1.96331 1 
1.17617 1 
0.095204 1 
-0.291504 1 
0.16146 1 
0.604521 1 
-2.37399 1 
1.27587 1 
-3.6299 1 
1.7743 1 
-2.18205 1 
3.76937 1 
0.0300768 1 
-0.168113 1 
0.347872 1 
0.276847 1 
0.529021 1 
-0.436335 1 
-0.359631 1 
-0.231953 1 
-0.635926 1 
-0.826355 1 
0.727356 1 
0.435083 1 
0.822027 1 
0.91199 1 
1.0853 1 
0.997243 1 
1.38442 1 
1.50124 1 
1.62632 1 
-1.03714 1 
-0.735233 1 
-1.25936 1 
-1.14793 1 
-0.926989 1 
-1.77776 1 
-3.9379 1 
-3.81371 1 
1.94516 1 
3.61562 1 
3.92312 1 
2.13888 1 
-2.53914 1 
-2.96496 1 
-2.74338 1 
-3.16481 1 
-3.38645 1 
0.222008 1 
-0.0339213 1 
-0.0999847 1 
-0.528434 1 
0.654854 1 
2.88083 1 
2.76165 1 
2.35544 1 
-1.37361 1 
-1.49067 1 
-1.62538 1 
2.64248 1 
3.05156 1 
2.52331 1 
3.27385 1 
3.46187 1 
ZONE T="boundary2"
4 -0.272856 
4 0.116688 
4 0.301811 
4 0.76575 
4 1 
4 0.335455 
4 0.369099 
4 0.192228 
4 -0.590578 
4 -0.795289 
4 -0.398718 
4 0.5315 
4 0.409699 
4 0.648625 
4 0.247019 
4 -0.130052 
4 -0.0872519 
4 0.0411472 
4 -0.304321 
4 -0.335787 
4 -1 
4 0.154458 
4 0.450299 
4 -0.201454 
4 -0.237155 
4 -0.0444522 
4 -0.494648 
4 0.882875 
4 0.318633 
4 0.352277 
4 -0.692934 
4 0.389399 
4 0.590062 
4 -0.108652 
4 -0.288589 
4 -0.897645 
4 0.274415 
4 0.219624 
4 0.173343 
4 0.135573 
4 0.0789175 
4 0.429999 
4 0.4909 
4 0.707187 
4 -0.320054 
4 -0.255005 
4 -0.165753 
4 -0.0658521 
4 -0.367253 
4 -0.446683 
4 -0.542613 
4 -0.219304 
4 -0.0016525 
ZONE T="boundary3"
-1.16152 -1 
-1.28047 -1 
-0.365025 -1 
-0.610907 -1 
-0.487966 -1 
-0.17698 -1 
-0.689136 -1 
-4 -1 
-3.6403 -1 
-0.237429 -1 
-0.116531 -1 
-0.0564651 -1 
0.541945 -1 
0.24645 -1 
-3.2806 -1 
-3.46045 -1 
0.999367 -1 
-1.04257 -1 
-1.48946 -1 
-1.38496 -1 
-2.83929 -1 
2.55388 -1 
2.96156 -1 
-2.64355 -1 
3.51178 -1 
-1.94512 -1 
3.23667 -1 
0.00360061 -1 
0.115645 -1 
0.0596225 -1 
0.181048 -1 
0.33843 -1 
-0.426495 -1 
-0.301227 -1 
-0.767364 -1 
-0.875281 -1 
0.768725 -1 
-0.958927 -1 
0.653481 -1 
0.43041 -1 
0.883968 -1 
1.11477 -1 
1.35112 -1 
1.23294 -1 
1.47537 -1 
1.59962 -1 
-1.6284 -1 
1.74154 -1 
1.88346 -1 
-2.28536 -1 
2.75772 -1 
2.16752 -1 
2.3607 -1 
-1.76735 -1 
-2.44782 -1 
3.75589 -1 
-2.1229 -1 
2.02549 -1 
4 -1 
-3.05995 -1 
-1.221 -1 
-0.549437 -1 
-0.650021 -1 
-3.82015 -1 
-0.086498 -1 
-3.37052 -1 
-1.10205 -1 
-1.43721 -1 
3.37422 -1 
-0.207205 -1 
-0.0264323 -1 
0.087634 -1 
0.0316117 -1 
0.213749 -1 
0.29244 -1 
0.148346 -1 
-0.457231 -1 
-0.333126 -1 
-0.72825 -1 
-0.269328 -1 
-0.917104 -1 
-0.821322 -1 
0.38442 -1 
0.597713 -1 
0.486178 -1 
-0.39576 -1 
0.711103 -1 
0.826347 -1 
1.05707 -1 
0.941668 -1 
1.29203 -1 
1.53749 -1 
-1.33272 -1 
-1.55893 -1 
1.67058 -1 
1.8125 -1 
2.6558 -1 
3.09912 -1 
2.26411 -1 
-1.85624 -1 
-2.54569 -1 
2.85964 -1 
3.63383 -1 
-2.20413 -1 
-2.36659 -1 
-1.69787 -1 
2.09651 -1 
3.87794 -1 
-2.74142 -1 
-2.03401 -1 
-0.146755 -1 
-1.00075 -1 
1.95447 -1 
-3.55037 -1 
1.17385 -1 
2.45729 -1 
-3.17027 -1 
-2.94962 -1 
1.41324 -1 
ZONE T="boundary4"
-0.293416 0.424672 
-0.270317 0.436131 
-0.631443 -0.0164192 
-0.31583 0.412616 
0.635606 0.0313141 
-0.439227 0.325727 
-0.420086 0.34196 
0.640094 0.00161175 
-0.576973 0.152856 
0.414212 0.417343 
0.638223 0.0164242 
-0.61736 0.0545069 
-0.593795 0.118795 
0.453498 0.38237 
0.465475 0.369707 
-0.628114 0.00722386 
-0.623419 0.0308793 
-0.601227 0.101361 
-0.609953 0.0780284 
-0.585694 0.135975 
-0.568023 0.168819 
-0.542591 0.208784 
-0.527878 0.22928 
0.498151 0.328997 
0.476965 0.3565 
-0.558564 0.184492 
-0.222673 0.456931 
-0.198177 0.466249 
-0.380086 0.372261 
-0.493135 0.272094 
-0.457727 0.308775 
-0.475813 0.29081 
-0.40036 0.357469 
-0.359194 0.386405 
-0.337825 0.399823 
-0.246854 0.446833 
-0.172942 0.474936 
-0.0946854 0.496392 
-0.0673931 0.50203 
-0.0399419 0.506775 
-0.0116366 0.510704 
-0.510955 0.251061 
-0.147442 0.482816 
0.324459 0.470726 
0.355377 0.455627 
0.51741 0.299791 
0.53437 0.270184 
0.440798 0.394696 
0.427732 0.406321 
0.385432 0.437843 
0.293042 0.483273 
0.046102 0.515679 
0.0754626 0.516613 
0.0167667 0.513664 
0.136138 0.514932 
0.167422 0.512022 
0.261119 0.493548 
0.549851 0.240104 
0.562845 0.213685 
0.632307 0.0461032 
0.623758 0.0757001 
0.57571 0.187263 
0.588203 0.161242 
0.600278 0.135104 
0.641208 -0.0131701 
0.105846 0.516398 
-0.12117 0.490026 
0.198437 0.507628 
0.229704 0.501535 
0.612974 0.105213 
-0.281914 0.430497 
-0.304673 0.418737 
-0.429733 0.333934 
0.637002 0.0238846 
0.459552 0.376102 
-0.625931 0.0190831 
-0.620551 0.0427335 
-0.605742 0.0897507 
-0.572563 0.160874 
-0.535328 0.219099 
0.48782 0.342957 
-0.581409 0.144454 
-0.597594 0.110113 
-0.563354 0.176692 
-0.210463 0.461687 
-0.466863 0.299886 
-0.410294 0.349805 
-0.44856 0.317341 
-0.484574 0.281544 
-0.348567 0.393205 
-0.326881 0.406312 
-0.369701 0.379424 
-0.390289 0.364955 
-0.234804 0.45198 
-0.185594 0.470693 
-0.0810617 0.499323 
-0.0258052 0.508859 
-0.519525 0.240255 
-0.160223 0.478977 
-0.502163 0.261677 
0.340064 0.463475 
0.526094 0.285108 
0.471287 0.363163 
-0.550716 0.196729 
0.447214 0.388602 
-0.589824 0.127422 
0.421031 0.411905 
0.370587 0.447046 
0.400042 0.427906 
0.434327 0.40058 
0.0607791 0.516283 
0.00255322 0.512306 
0.151799 0.513659 
0.277166 0.488673 
-0.629946 -0.00457532 
0.556371 0.226905 
0.508031 0.314564 
0.628319 0.0609832 
0.581987 0.174265 
0.59431 0.148202 
0.640746 -0.00577176 
0.63925 0.00902956 
0.634038 0.0387266 
0.569288 0.200477 
-0.613814 0.0663164 
-0.258629 0.441577 
-0.0536863 0.504515 
0.0906569 0.516659 
0.121001 0.515825 
-0.107953 0.493315 
0.0314262 0.514805 
0.214113 0.504792 
-0.134335 0.486526 
0.606784 0.120223 
0.245472 0.497774 
0.182959 0.510016 
0.308863 0.47728 
0.542231 0.255207 
0.61859 0.0905367 
ZONE T="boundary5"
-0.472033 -0.363513 
-0.589123 -0.242099 
-0.578601 -0.260286 
-0.631443 -0.0164192 
-0.527713 -0.322546 
-0.633219 -0.0867886 
-0.633997 -0.0634683 
-0.633404 -0.039987 
0.576357 -0.204993 
-0.622571 -0.155659 
-0.627519 -0.132923 
-0.599178 -0.221977 
-0.631063 -0.109962 
-0.34565 -0.402899 
-0.320873 -0.404865 
-0.368536 -0.399711 
-0.411469 -0.389544 
-0.431463 -0.382644 
0.635044 -0.0857095 
0.637849 -0.0714556 
-0.391085 -0.395107 
0.639867 -0.05708 
-0.452077 -0.373854 
-0.294328 -0.405487 
-0.267592 -0.404812 
-0.21409 -0.400545 
-0.24094 -0.403089 
-0.160098 -0.39393 
-0.542221 -0.308001 
-0.512335 -0.335968 
0.558401 -0.226058 
-0.567031 -0.277637 
-0.555069 -0.293274 
0.549299 -0.235632 
-0.132963 -0.390285 
-0.49242 -0.350813 
-0.105368 -0.386607 
-0.0778336 -0.383109 
0.604408 -0.163639 
-0.0497189 -0.379819 
0.00684321 -0.374286 
-0.0216861 -0.376888 
0.0352809 -0.37206 
0.0640919 -0.370129 
0.208709 -0.361648 
0.179691 -0.363647 
0.121761 -0.36689 
0.0928096 -0.368447 
0.150654 -0.365343 
0.237809 -0.359162 
0.266878 -0.356014 
0.382477 -0.332826 
0.296067 -0.351987 
0.410592 -0.323433 
0.52043 -0.261969 
0.46145 -0.300877 
0.502566 -0.275598 
0.592854 -0.182309 
0.641102 -0.0425484 
0.641548 -0.0279023 
0.53991 -0.244837 
0.484015 -0.287945 
0.584809 -0.193852 
0.627159 -0.113568 
0.631479 -0.0997357 
0.614718 -0.143985 
0.622112 -0.127157 
0.641208 -0.0131701 
-0.608404 -0.200249 
-0.187217 -0.397427 
0.325162 -0.346899 
0.353932 -0.34059 
-0.616199 -0.178129 
0.438196 -0.312197 
-0.584001 -0.251275 
-0.63378 -0.0751356 
-0.633871 -0.0517247 
-0.62522 -0.144331 
-0.632314 -0.0983931 
-0.33328 -0.404061 
-0.421526 -0.386262 
0.636544 -0.0786014 
-0.379852 -0.397594 
-0.441853 -0.378439 
-0.307609 -0.405352 
-0.28096 -0.405297 
-0.227509 -0.401903 
-0.535092 -0.315399 
-0.561174 -0.285552 
-0.572957 -0.269057 
0.638957 -0.0642814 
-0.146528 -0.392114 
-0.502535 -0.343602 
-0.0916016 -0.384829 
-0.357121 -0.401477 
-0.0637769 -0.381423 
-0.00742173 -0.375539 
0.0496864 -0.371058 
-0.462155 -0.368872 
0.194202 -0.362696 
0.107286 -0.367659 
0.136209 -0.366124 
0.252352 -0.357683 
0.281487 -0.35412 
0.511609 -0.268929 
0.396603 -0.328343 
0.598791 -0.173072 
0.641424 -0.0352281 
0.544645 -0.240276 
0.493388 -0.281919 
0.553891 -0.230885 
0.588891 -0.188122 
0.609744 -0.153907 
0.580637 -0.199464 
0.567573 -0.215693 
0.624726 -0.120392 
0.633357 -0.0927465 
0.640584 -0.0498223 
-0.594304 -0.232116 
-0.548764 -0.300742 
-0.401324 -0.392489 
-0.632593 -0.0281904 
-0.482357 -0.357371 
-0.603961 -0.211187 
-0.629465 -0.121471 
0.641475 -0.0205338 
-0.173653 -0.395709 
-0.200648 -0.399042 
0.0210618 -0.373129 
0.223263 -0.360476 
-0.119164 -0.388432 
0.0784521 -0.369264 
0.310637 -0.349587 
0.368254 -0.336899 
-0.0357033 -0.378308 
-0.254261 -0.404066 
0.165174 -0.364522 
-0.52014 -0.32939 
-0.612474 -0.189252 
-0.61956 -0.166946 
0.472845 -0.294609 
0.530327 -0.253582 
0.61855 -0.13563 
0.629411 -0.106683 
0.449913 -0.306726 
0.424488 -0.31805 
0.339581 -0.343911 
