ZONE T="boundary0"
-4 -0.312947 
-4 -0.336679 
-4 -0.244348 
-4 -0.289215 
-4 0.189616 
-4 0.229286 
-4 0.110275 
-4 0.349721 
-4 0.268956 
-4 0.394186 
-4 -0.0919755 
-4 0.527581 
-4 0.881895 
-4 0.76379 
-4 -0.392569 
-4 0.0091498 
-4 0.438651 
-4 0.645686 
-4 -0.602356 
-4 -0.525407 
-4 -0.364624 
-4 -0.199482 
-4 -0.801178 
-4 1 
-4 -0.701767 
-4 -1 
-4 -0.448459 
-4 -0.145729 
-4 -0.324813 
-4 -0.266781 
-4 0.209451 
-4 0.149945 
-4 0.309338 
-4 0.371953 
-4 0.0597125 
-4 0.416418 
-4 0.483116 
-4 0.704738 
-4 0.586633 
-4 -0.563882 
-4 -0.221915 
-4 0.249121 
-4 0.940948 
-4 0.822843 
-4 -0.751472 
-4 -0.652061 
-4 -0.900589 
-4 -0.378596 
-4 -0.350652 
-4 -0.420514 
-4 -0.486933 
-4 -0.301081 
-4 -0.118852 
-4 -0.172606 
-4 -0.0414129 
ZONE T="boundary1"
-0.862458 1 
-0.817451 1 
-3.59703 1 
-3.79851 1 
1.96211 1 
1.78635 1 
3.65527 1 
4 1 
0.405233 1 
0.337052 1 
-0.502167 1 
0.268872 1 
-0.971425 1 
-1.76375 1 
-1.06737 1 
-0.577257 1 
-0.652346 1 
0.817643 1 
2.3154 1 
3.4829 1 
3.31054 1 
2.49293 1 
-2.54564 1 
1.4605 1 
-3.04218 1 
-3.3196 1 
1.33345 1 
-2.34318 1 
2.69717 1 
-0.191689 1 
-0.129203 1 
0.139339 1 
0.0721718 1 
0.204105 1 
0.00500492 1 
-0.254176 1 
-0.062099 1 
0.544833 1 
0.475033 1 
-0.369443 1 
0.60949 1 
-0.772443 1 
0.674146 1 
0.745895 1 
-1.16331 1 
0.906315 1 
0.994987 1 
1.1007 1 
-4 1 
-1.45526 1 
-1.30928 1 
-1.6095 1 
1.2064 1 
-2.14072 1 
-1.95223 1 
-2.79391 1 
3.10598 1 
2.90142 1 
2.13788 1 
-0.839954 1 
-3.69777 1 
1.87423 1 
3.82763 1 
0.371143 1 
-0.614801 1 
3.39672 1 
1.62343 1 
-3.18089 1 
-3.45831 1 
1.39698 1 
2.59505 1 
-0.160446 1 
0.105755 1 
0.171722 1 
-0.222933 1 
0.236488 1 
0.509933 1 
0.0385884 1 
-0.435805 1 
0.302962 1 
0.440133 1 
-0.539712 1 
-0.095651 1 
0.71002 1 
0.577161 1 
-0.916942 1 
-0.794947 1 
-0.712395 1 
-0.31181 1 
-1.11534 1 
-1.0194 1 
0.861979 1 
0.950651 1 
1.04784 1 
-3.89926 1 
-1.38227 1 
-1.68662 1 
-1.2363 1 
-1.53238 1 
-2.04648 1 
-1.85799 1 
-2.24195 1 
-2.66978 1 
-2.91804 1 
3.0037 1 
2.22664 1 
-2.44441 1 
2.7993 1 
2.40417 1 
2.05 1 
-0.0285471 1 
0.641818 1 
0.781769 1 
1.15355 1 
1.26993 1 
3.20826 1 
3.56909 1 
ZONE T="boundary2"
4 -1 
4 -0.161104 
4 0.0432744 
4 -0.0397088 
4 0.338748 
4 0.384118 
4 1 
4 0.429487 
4 0.809841 
4 0.619681 
4 -0.822341 
4 -0.644681 
4 -0.415364 
4 0.524584 
4 0.260697 
4 0.299723 
4 0.212893 
4 0.104181 
4 0.165088 
4 -0.122692 
4 -0.276339 
4 -0.311095 
4 -0.530023 
4 -0.199516 
4 -0.345852 
4 -0.237927 
4 0.00178278 
4 0.90492 
4 0.714761 
4 -0.733511 
4 0.477035 
4 0.361433 
4 0.406802 
4 0.572133 
4 0.28021 
4 0.0737278 
4 0.134635 
4 -0.0812004 
4 -0.293717 
4 -0.587352 
4 0.319236 
4 0.236795 
4 0.18899 
4 -0.141898 
4 -0.18031 
4 -0.328474 
4 -0.257133 
4 -0.380608 
4 -0.472694 
4 -0.91117 
4 -0.218721 
ZONE T="boundary3"
-3.83007 -1 
-1.64126 -1 
-1.05373 -1 
-1.42973 -1 
3.74893 -1 
4 -1 
-0.206973 -1 
0.0609786 -1 
0.118551 -1 
-0.860303 -1 
-0.743049 -1 
-3.06845 -1 
-3.32028 -1 
-1.8528 -1 
-2.86709 -1 
-2.66573 -1 
-3.49021 -1 
2.30176 -1 
3.14709 -1 
3.32247 -1 
3.62339 -1 
2.0751 -1 
-2.04763 -1 
-0.00121726 -1 
-0.0634131 -1 
0.176124 -1 
0.247714 -1 
0.319305 -1 
0.489781 -1 
-0.135193 -1 
-0.398964 -1 
-0.302968 -1 
-0.512379 -1 
0.648605 -1 
0.569193 -1 
-0.625794 -1 
0.404543 -1 
-1.26391 -1 
-1.15882 -1 
0.835868 -1 
0.742236 -1 
1.27067 -1 
1.15037 -1 
-4 -1 
-3.66014 -1 
0.932966 -1 
1.03006 -1 
1.39756 -1 
1.60546 -1 
1.68645 -1 
1.84844 -1 
2.80517 -1 
-2.24247 -1 
-2.4541 -1 
2.55347 -1 
3.49786 -1 
0.695421 -1 
0.884417 -1 
1.52446 -1 
-1.53549 -1 
3.87446 -1 
-0.801676 -1 
-3.19437 -1 
-2.76641 -1 
-0.0323152 -1 
0.0298807 -1 
0.147337 -1 
0.0897649 -1 
0.211919 -1 
0.28351 -1 
-0.171083 -1 
-0.350966 -1 
-0.254971 -1 
0.608899 -1 
-0.0993031 -1 
-0.455672 -1 
0.529487 -1 
-0.569087 -1 
-0.957017 -1 
-0.684422 -1 
-1.21137 -1 
-1.10628 -1 
-1.34682 -1 
0.789052 -1 
1.21052 -1 
-1.74703 -1 
-3.91504 -1 
-3.74511 -1 
0.981515 -1 
1.33411 -1 
1.64596 -1 
-3.40525 -1 
1.76745 -1 
1.96177 -1 
-3.57518 -1 
2.97613 -1 
-2.96777 -1 
-2.34828 -1 
-2.55992 -1 
2.18843 -1 
2.42762 -1 
2.67932 -1 
3.68616 -1 
3.41017 -1 
3.56063 -1 
3.23478 -1 
0.718828 -1 
0.908692 -1 
0.860143 -1 
1.09021 -1 
0.361924 -1 
0.447162 -1 
0.672013 -1 
-2.14505 -1 
1.46101 -1 
1.56496 -1 
-1.95022 -1 
ZONE T="boundary4"
0.402932 0.515048 
-0.566463 0.117121 
-0.391442 0.457607 
0.40612 0.448086 
0.375486 0.374679 
0.386717 0.393438 
-0.567263 0.0986101 
-0.565004 0.133593 
-0.567164 0.0801417 
-0.566178 0.0620143 
-0.560519 0.1639 
-0.557713 0.177726 
-0.537618 0.244951 
-0.549149 0.210738 
-0.523502 0.278685 
-0.5068 0.311553 
-0.360834 0.484388 
0.362557 0.356553 
0.347351 0.337734 
-0.29147 0.534436 
-0.272374 0.546095 
-0.477646 0.358395 
-0.487873 0.343116 
-0.232509 0.567983 
-0.252913 0.557174 
-0.418966 0.430364 
-0.43185 0.416387 
-0.3444 0.497467 
-0.327555 0.510039 
-0.30971 0.522513 
-0.211769 0.578183 
0.401964 0.430257 
0.408226 0.483034 
-0.189457 0.588333 
-0.166824 0.597812 
-0.0879663 0.625081 
-0.0593576 0.632956 
0.0977808 0.65821 
0.0659555 0.655646 
0.129126 0.659286 
-0.0286085 0.640299 
-0.564331 0.0441563 
-0.455782 0.387922 
0.397886 0.530018 
0.48996 -0.0561475 
0.301884 0.626821 
0.406425 0.499349 
0.316123 0.61938 
0.329754 0.611028 
0.476634 -0.0451649 
0.502654 -0.0678351 
0.246186 0.646737 
0.260054 0.642908 
0.287986 0.633025 
0.391385 0.544275 
0.3837 0.557506 
0.354023 0.59222 
0.364917 0.5815 
0.273693 0.638474 
0.395584 0.412119 
0.342298 0.602039 
0.273262 0.108615 
0.263431 0.130937 
0.286519 0.0882547 
0.25762 0.15493 
0.256322 0.179618 
0.269001 0.232539 
0.260169 0.206755 
0.218088 0.652678 
0.159665 0.658785 
0.189306 0.656623 
0.374791 0.569989 
0.40819 0.46581 
0.328681 0.316221 
0.316185 0.0574364 
0.309946 0.294527 
-0.141705 0.607432 
-0.116268 0.616266 
0.349115 0.0333844 
0.289695 0.26842 
0.415482 -0.00513001 
0.382045 0.0137238 
0.00240647 0.646546 
0.0340873 0.651718 
0.462254 -0.0344827 
0.447413 -0.0244484 
0.431579 -0.0145712 
0.381314 0.383936 
-0.566975 0.107871 
-0.56582 0.125365 
-0.566781 0.0710723 
-0.559173 0.170824 
-0.543682 0.227946 
-0.553733 0.194311 
-0.51545 0.295271 
0.355071 0.347053 
-0.281968 0.540339 
-0.482821 0.350797 
-0.530871 0.261949 
-0.242753 0.562656 
-0.425461 0.423424 
-0.376346 0.471235 
-0.352668 0.490992 
-0.405411 0.444194 
-0.318682 0.516346 
-0.300636 0.528544 
-0.336026 0.503818 
-0.178176 0.593157 
0.113447 0.658937 
-0.565363 0.0530743 
-0.466945 0.373329 
0.369182 0.365506 
0.407549 0.491219 
0.40429 0.439118 
0.323013 0.615324 
0.48337 -0.0505691 
0.400604 0.522601 
0.496391 -0.0619008 
0.309065 0.623217 
0.253141 0.644897 
-0.563045 0.148789 
0.29498 0.630023 
0.394815 0.53723 
0.3877 0.550983 
0.359581 0.586972 
0.2669 0.64077 
0.39139 0.40267 
0.348256 0.597243 
0.267882 0.119539 
0.279482 0.0982084 
0.259965 0.142845 
0.256399 0.167197 
0.264012 0.219842 
0.25757 0.193282 
0.1444 0.659239 
0.280877 0.635845 
0.336109 0.606648 
0.369979 0.575851 
0.379389 0.56385 
0.404889 0.507248 
0.408453 0.474425 
0.407408 0.456922 
0.399019 0.421107 
0.33807 0.326935 
0.174503 0.657925 
-0.222178 0.57316 
-0.200652 0.583343 
-0.262686 0.551707 
0.31925 0.305434 
0.203732 0.654893 
-0.154303 0.602722 
-0.129021 0.611948 
0.300523 0.0720373 
-0.102155 0.620792 
0.332256 0.0448686 
0.29955 0.281688 
-0.0736952 0.629137 
0.398772 0.00431944 
0.365443 0.0233254 
-0.0440161 0.636763 
0.278467 0.250992 
-0.0131296 0.643562 
0.018222 0.649283 
0.0818542 0.657103 
0.0500014 0.653844 
-0.567326 0.0893756 
0.469507 -0.0397361 
0.439533 -0.019443 
0.232196 0.649979 
-0.497603 0.327494 
-0.444034 0.402337 
0.454885 -0.0293912 
0.423554 -0.0098056 
ZONE T="boundary5"
0.58264 -0.245019 
0.582302 -0.267317 
-0.400609 -0.237406 
-0.47367 -0.159813 
-0.147418 -0.402669 
-0.128132 -0.411391 
-0.458798 -0.177691 
-0.320831 -0.30247 
-0.429656 -0.209227 
-0.415694 -0.223108 
-0.543414 -0.0396812 
-0.549033 -0.0236763 
0.565975 -0.332829 
-0.491053 -0.136782 
-0.50749 -0.112106 
-0.245301 -0.351394 
-0.537133 -0.0553364 
-0.522984 -0.085075 
-0.53033 -0.0704131 
-0.273597 -0.334173 
0.235551 -0.494156 
0.210091 -0.493743 
-0.0871845 -0.428472 
-0.108655 -0.419757 
-0.16513 -0.394271 
0.0600722 -0.473953 
0.0356254 -0.468135 
0.00932479 -0.461101 
0.0847209 -0.479109 
0.108426 -0.483384 
0.444264 -0.451398 
-0.0654944 -0.436736 
-0.338384 -0.289561 
-0.355593 -0.276193 
-0.297448 -0.318671 
-0.385201 -0.251329 
-0.370546 -0.263944 
0.525179 -0.0925891 
-0.182676 -0.385581 
-0.230292 -0.360059 
-0.198985 -0.377165 
-0.215143 -0.368495 
0.514327 -0.0799129 
-0.553974 -0.00727205 
0.581073 -0.225187 
-0.56166 0.0266624 
0.338852 -0.485088 
0.31884 -0.488354 
0.358869 -0.480971 
-0.558194 0.00950123 
-0.564331 0.0441563 
0.184712 -0.492422 
0.278773 -0.492606 
0.257157 -0.49375 
0.37853 -0.476017 
0.577857 -0.205173 
0.39804 -0.470111 
0.298831 -0.49084 
0.41357 -0.464624 
0.459301 -0.443561 
0.473477 -0.43519 
0.428874 -0.458456 
0.498104 -0.417872 
0.570244 -0.176042 
0.487213 -0.426018 
0.502654 -0.0678351 
0.508577 -0.409178 
0.54365 -0.371147 
0.555793 -0.352659 
0.551876 -0.132873 
0.565029 -0.161401 
0.558952 -0.147087 
0.574487 -0.190579 
0.534983 -0.105578 
0.54394 -0.119109 
-0.44327 -0.194985 
0.158427 -0.490145 
0.13229 -0.486999 
0.574018 -0.311529 
0.579562 -0.2891 
0.528384 -0.389788 
-0.041231 -0.445341 
-0.0167095 -0.453352 
0.582765 -0.256174 
-0.137796 -0.407075 
-0.466323 -0.168827 
-0.422717 -0.21621 
-0.546313 -0.0317099 
-0.48252 -0.148418 
-0.540358 -0.0475428 
-0.52673 -0.0777807 
-0.499465 -0.124573 
0.222818 -0.494066 
-0.0979438 -0.424171 
-0.118414 -0.41562 
-0.156293 -0.398508 
0.0478281 -0.471127 
0.022449 -0.464711 
0.0965579 -0.481328 
-0.347034 -0.282935 
-0.309202 -0.31066 
-0.377911 -0.25768 
-0.392947 -0.244414 
-0.408194 -0.230302 
-0.173922 -0.389963 
-0.222734 -0.364306 
0.519851 -0.0861684 
0.328861 -0.48682 
0.348881 -0.483136 
-0.329649 -0.296071 
-0.560029 0.0180614 
0.197395 -0.493193 
-0.237814 -0.355756 
0.267969 -0.493273 
0.308846 -0.48969 
0.368727 -0.478605 
0.405834 -0.46745 
0.466445 -0.439471 
-0.190848 -0.381405 
0.421256 -0.461626 
0.492708 -0.422013 
0.48041 -0.430702 
0.50858 -0.0737882 
-0.551598 -0.0155022 
0.451833 -0.447578 
0.246355 -0.494043 
0.503396 -0.413593 
-0.363107 -0.270115 
0.549961 -0.362062 
0.436611 -0.455022 
0.567744 -0.168681 
0.562099 -0.154203 
0.57247 -0.183281 
0.579662 -0.21515 
0.576276 -0.197853 
0.582063 -0.235088 
0.530182 -0.0990089 
-0.563101 0.0353935 
-0.533809 -0.0629099 
-0.259516 -0.342893 
0.388321 -0.473183 
0.539568 -0.112275 
-0.207082 -0.372862 
-0.556182 0.00109017 
-0.45111 -0.186408 
-0.285578 -0.326506 
-0.436511 -0.202152 
0.288809 -0.49181 
0.0723776 -0.476617 
0.145345 -0.488678 
0.577128 -0.3004 
-0.0763627 -0.432663 
0.518754 -0.399764 
-0.0533902 -0.441113 
0.120344 -0.485277 
0.171559 -0.491396 
-0.0289967 -0.449424 
-0.00372014 -0.457316 
0.581239 -0.278249 
0.561156 -0.342885 
0.555521 -0.139924 
0.548016 -0.125934 
0.536264 -0.380671 
0.570307 -0.322297 
-0.515479 -0.0987291 
