ZONE T="boundary0"
-4 -0.312947 
-4 -0.336679 
-4 -0.244348 
-4 -0.289215 
-4 0.189616 
-4 0.229286 
-4 0.110275 
-4 0.349721 
-4 0.268956 
-4 0.394186 
-4 -0.0919755 
-4 0.527581 
-4 0.881895 
-4 0.76379 
-4 -0.392569 
-4 0.0091498 
-4 0.438651 
-4 0.645686 
-4 -0.602356 
-4 -0.525407 
-4 -0.364624 
-4 -0.199482 
-4 -0.801178 
-4 1 
-4 -0.701767 
-4 -1 
-4 -0.448459 
-4 -0.145729 
-4 -0.324813 
-4 -0.266781 
-4 0.209451 
-4 0.149945 
-4 0.309338 
-4 0.371953 
-4 0.0597125 
-4 0.416418 
-4 0.483116 
-4 0.704738 
-4 0.586633 
-4 -0.563882 
-4 -0.221915 
-4 0.249121 
-4 0.940948 
-4 0.822843 
-4 -0.751472 
-4 -0.652061 
-4 -0.900589 
-4 -0.378596 
-4 -0.350652 
-4 -0.420514 
-4 -0.486933 
-4 -0.301081 
-4 -0.118852 
-4 -0.172606 
-4 -0.0414129 
ZONE T="boundary1"
-0.862458 1 
-0.817451 1 
-3.59703 1 
-3.79851 1 
1.96211 1 
1.78635 1 
3.65527 1 
4 1 
0.405233 1 
0.337052 1 
-0.502167 1 
0.268872 1 
-0.971425 1 
-1.76375 1 
-1.06737 1 
-0.577257 1 
-0.652346 1 
0.817643 1 
2.3154 1 
3.4829 1 
3.31054 1 
2.49293 1 
-2.54564 1 
1.4605 1 
-3.04218 1 
-3.3196 1 
1.33345 1 
-2.34318 1 
2.69717 1 
-0.191689 1 
-0.129203 1 
0.139339 1 
0.0721718 1 
0.204105 1 
0.00500492 1 
-0.254176 1 
-0.062099 1 
0.544833 1 
0.475033 1 
-0.369443 1 
0.60949 1 
-0.772443 1 
0.674146 1 
0.745895 1 
-1.16331 1 
0.906315 1 
0.994987 1 
1.1007 1 
-4 1 
-1.45526 1 
-1.30928 1 
-1.6095 1 
1.2064 1 
-2.14072 1 
-1.95223 1 
-2.79391 1 
3.10598 1 
2.90142 1 
2.13788 1 
-0.839954 1 
-3.69777 1 
1.87423 1 
3.82763 1 
0.371143 1 
-0.614801 1 
3.39672 1 
1.62343 1 
-3.18089 1 
-3.45831 1 
1.39698 1 
2.59505 1 
-0.160446 1 
0.105755 1 
0.171722 1 
-0.222933 1 
0.236488 1 
0.509933 1 
0.0385884 1 
-0.435805 1 
0.302962 1 
0.440133 1 
-0.539712 1 
-0.095651 1 
0.71002 1 
0.577161 1 
-0.916942 1 
-0.794947 1 
-0.712395 1 
-0.31181 1 
-1.11534 1 
-1.0194 1 
0.861979 1 
0.950651 1 
1.04784 1 
-3.89926 1 
-1.38227 1 
-1.68662 1 
-1.2363 1 
-1.53238 1 
-2.04648 1 
-1.85799 1 
-2.24195 1 
-2.66978 1 
-2.91804 1 
3.0037 1 
2.22664 1 
-2.44441 1 
2.7993 1 
2.40417 1 
2.05 1 
-0.0285471 1 
0.641818 1 
0.781769 1 
1.15355 1 
1.26993 1 
3.20826 1 
3.56909 1 
ZONE T="boundary2"
4 -1 
4 -0.161104 
4 0.0432744 
4 -0.0397088 
4 0.338748 
4 0.384118 
4 1 
4 0.429487 
4 0.809841 
4 0.619681 
4 -0.822341 
4 -0.644681 
4 -0.415364 
4 0.524584 
4 0.260697 
4 0.299723 
4 0.212893 
4 0.104181 
4 0.165088 
4 -0.122692 
4 -0.276339 
4 -0.311095 
4 -0.530023 
4 -0.199516 
4 -0.345852 
4 -0.237927 
4 0.00178278 
4 0.90492 
4 0.714761 
4 -0.733511 
4 0.477035 
4 0.361433 
4 0.406802 
4 0.572133 
4 0.28021 
4 0.0737278 
4 0.134635 
4 -0.0812004 
4 -0.293717 
4 -0.587352 
4 0.319236 
4 0.236795 
4 0.18899 
4 -0.141898 
4 -0.18031 
4 -0.328474 
4 -0.257133 
4 -0.380608 
4 -0.472694 
4 -0.91117 
4 -0.218721 
ZONE T="boundary3"
-3.83007 -1 
-1.64126 -1 
-1.05373 -1 
-1.42973 -1 
3.74893 -1 
4 -1 
-0.206973 -1 
0.0609786 -1 
0.118551 -1 
-0.860303 -1 
-0.743049 -1 
-3.06845 -1 
-3.32028 -1 
-1.8528 -1 
-2.86709 -1 
-2.66573 -1 
-3.49021 -1 
2.30176 -1 
3.14709 -1 
3.32247 -1 
3.62339 -1 
2.0751 -1 
-2.04763 -1 
-0.00121726 -1 
-0.0634131 -1 
0.176124 -1 
0.247714 -1 
0.319305 -1 
0.489781 -1 
-0.135193 -1 
-0.398964 -1 
-0.302968 -1 
-0.512379 -1 
0.648605 -1 
0.569193 -1 
-0.625794 -1 
0.404543 -1 
-1.26391 -1 
-1.15882 -1 
0.835868 -1 
0.742236 -1 
1.27067 -1 
1.15037 -1 
-4 -1 
-3.66014 -1 
0.932966 -1 
1.03006 -1 
1.39756 -1 
1.60546 -1 
1.68645 -1 
1.84844 -1 
2.80517 -1 
-2.24247 -1 
-2.4541 -1 
2.55347 -1 
3.49786 -1 
0.695421 -1 
0.884417 -1 
1.52446 -1 
-1.53549 -1 
3.87446 -1 
-0.801676 -1 
-3.19437 -1 
-2.76641 -1 
-0.0323152 -1 
0.0298807 -1 
0.147337 -1 
0.0897649 -1 
0.211919 -1 
0.28351 -1 
-0.171083 -1 
-0.350966 -1 
-0.254971 -1 
0.608899 -1 
-0.0993031 -1 
-0.455672 -1 
0.529487 -1 
-0.569087 -1 
-0.957017 -1 
-0.684422 -1 
-1.21137 -1 
-1.10628 -1 
-1.34682 -1 
0.789052 -1 
1.21052 -1 
-1.74703 -1 
-3.91504 -1 
-3.74511 -1 
0.981515 -1 
1.33411 -1 
1.64596 -1 
-3.40525 -1 
1.76745 -1 
1.96177 -1 
-3.57518 -1 
2.97613 -1 
-2.96777 -1 
-2.34828 -1 
-2.55992 -1 
2.18843 -1 
2.42762 -1 
2.67932 -1 
3.68616 -1 
3.41017 -1 
3.56063 -1 
3.23478 -1 
0.718828 -1 
0.908692 -1 
0.860143 -1 
1.09021 -1 
0.361924 -1 
0.447162 -1 
0.672013 -1 
-2.14505 -1 
1.46101 -1 
1.56496 -1 
-1.95022 -1 
ZONE T="boundary4"
0.396602 0.517965 
-0.561671 0.118047 
-0.392109 0.460643 
0.395743 0.45011 
0.3584 0.376649 
0.371637 0.395262 
-0.562273 0.0995161 
-0.56041 0.134542 
-0.562002 0.0810302 
-0.560876 0.0628864 
-0.55633 0.164905 
-0.553724 0.178765 
-0.534705 0.246222 
-0.545672 0.211876 
-0.521156 0.280115 
-0.505011 0.313176 
-0.361912 0.48781 
0.343355 0.358785 
0.325816 0.340326 
-0.293227 0.538733 
-0.274263 0.55063 
-0.476661 0.360365 
-0.486625 0.344963 
-0.234605 0.573004 
-0.254914 0.561948 
-0.419194 0.433054 
-0.431848 0.418918 
-0.345669 0.501097 
-0.329 0.513882 
-0.31132 0.526581 
-0.213938 0.583451 
0.39023 0.432135 
0.400124 0.485474 
-0.19168 0.593859 
-0.169076 0.603591 
-0.0901489 0.631661 
-0.0614564 0.639788 
0.0964869 0.665875 
0.0644732 0.663239 
0.12801 0.666955 
-0.0305888 0.647374 
-0.55892 0.04501 
-0.455301 0.390158 
0.392321 0.533189 
0.484708 -0.0523301 
0.300557 0.632718 
0.399254 0.502021 
0.314545 0.624964 
0.327866 0.616286 
0.46975 -0.0416255 
0.499001 -0.0638803 
0.24534 0.653602 
0.259147 0.649571 
0.286845 0.639203 
0.386522 0.547713 
0.37947 0.56122 
0.351365 0.596838 
0.36179 0.585806 
0.272693 0.644914 
0.382299 0.413921 
0.340052 0.606977 
0.242323 0.10355 
0.230691 0.126718 
0.257727 0.082891 
0.223634 0.152031 
0.221834 0.178321 
0.23615 0.234426 
0.226063 0.207218 
0.217281 0.659877 
0.158702 0.66638 
0.188452 0.664063 
0.371142 0.573995 
0.399023 0.468029 
0.304411 0.319223 
0.291488 0.0527766 
0.282998 0.297766 
-0.143963 0.613481 
-0.118504 0.622575 
0.328272 0.0304088 
0.259856 0.271489 
0.401673 -0.00417589 
0.364718 0.0127234 
0.000571405 0.653834 
0.0324211 0.659182 
0.45366 -0.0313781 
0.43711 -0.0219194 
0.419514 -0.0127747 
0.365244 0.385818 
-0.562081 0.108786 
-0.561125 0.126302 
-0.561546 0.0719526 
-0.555082 0.171846 
-0.540486 0.229147 
-0.549996 0.195396 
-0.513383 0.296793 
0.334705 0.34946 
-0.283793 0.544755 
-0.481705 0.352704 
-0.528243 0.263296 
-0.244804 0.567554 
-0.425576 0.426034 
-0.377226 0.47446 
-0.353844 0.494517 
-0.405865 0.447055 
-0.320211 0.5203 
-0.302322 0.532727 
-0.337386 0.507554 
-0.180417 0.59881 
0.112244 0.666613 
-0.560003 0.0539375 
-0.466215 0.375429 
0.351046 0.367596 
0.399923 0.493772 
0.39325 0.441061 
0.321287 0.620746 
0.477305 -0.0468735 
0.394664 0.525643 
0.491944 -0.0579977 
0.30762 0.62896 
0.252268 0.651664 
-0.558647 0.149764 
0.293752 0.636063 
0.389608 0.540533 
0.38316 0.554557 
0.356695 0.591434 
0.26595 0.647324 
0.377223 0.404468 
0.345811 0.602021 
0.235986 0.114832 
0.249581 0.0929264 
0.226515 0.139242 
0.222062 0.165078 
0.230437 0.221073 
0.223151 0.192886 
0.143364 0.666882 
0.279811 0.642157 
0.334049 0.611747 
0.366597 0.580006 
0.375456 0.567708 
0.398148 0.51004 
0.399831 0.476751 
0.397651 0.459038 
0.386524 0.422935 
0.315163 0.329744 
0.1736 0.665454 
-0.224313 0.578305 
-0.202851 0.588741 
-0.264634 0.556362 
0.293628 0.308587 
0.20291 0.662224 
-0.156562 0.608637 
-0.131272 0.618128 
0.273762 0.0668514 
-0.104368 0.627239 
0.309503 0.0409654 
0.27112 0.284914 
-0.0758395 0.635846 
0.383198 0.00431933 
0.346366 0.0213172 
-0.0460591 0.64372 
0.247002 0.25362 
-0.0150402 0.650748 
0.0164692 0.656664 
0.0804661 0.66474 
0.0484259 0.661379 
-0.562247 0.0902726 
0.461768 -0.0363961 
0.428346 -0.0172648 
0.231381 0.657022 
-0.496087 0.329226 
-0.443796 0.404717 
0.445436 -0.0265579 
0.410615 -0.00841881 
ZONE T="boundary5"
0.592003 -0.246105 
0.592376 -0.26936 
-0.398103 -0.239661 
-0.469545 -0.160402 
-0.147734 -0.409137 
-0.128475 -0.418053 
-0.455006 -0.178606 
-0.319736 -0.306388 
-0.426516 -0.210809 
-0.412862 -0.225015 
-0.537943 -0.0390354 
-0.543512 -0.0229662 
0.576847 -0.337801 
-0.486543 -0.13701 
-0.502632 -0.112017 
-0.245088 -0.356617 
-0.531741 -0.0547716 
-0.517824 -0.0847198 
-0.525042 -0.0699451 
-0.273102 -0.338943 
0.238428 -0.503125 
0.212538 -0.5026 
-0.0875083 -0.435504 
-0.109002 -0.426602 
-0.1654 -0.400548 
0.060589 -0.482011 
0.0359261 -0.476044 
0.00942553 -0.468842 
0.0854839 -0.487311 
0.109453 -0.491721 
0.451881 -0.460344 
-0.0657674 -0.443945 
-0.337025 -0.293137 
-0.353952 -0.279422 
-0.29667 -0.323023 
-0.383011 -0.253931 
-0.368638 -0.266862 
0.524476 -0.0887468 
-0.182878 -0.391655 
-0.230204 -0.365505 
-0.199106 -0.383036 
-0.215165 -0.374154 
0.512184 -0.075955 
-0.548433 -0.00651041 
0.58964 -0.225467 
-0.556174 0.0274933 
0.343792 -0.494356 
0.323338 -0.497593 
0.364271 -0.490248 
-0.552663 0.0103024 
-0.55892 0.04501 
0.18676 -0.501159 
0.282448 -0.501738 
0.260422 -0.502806 
0.384408 -0.485279 
0.585489 -0.204677 
0.404411 -0.479328 
0.302909 -0.500032 
0.420347 -0.47378 
0.467347 -0.452349 
0.481937 -0.443787 
0.436064 -0.467524 
0.507295 -0.42601 
0.576283 -0.174481 
0.496078 -0.434382 
0.499001 -0.0638803 
0.518079 -0.417056 
0.554134 -0.377696 
0.56654 -0.35847 
0.554925 -0.129915 
0.570149 -0.159336 
0.563083 -0.144556 
0.581358 -0.189541 
0.535616 -0.10195 
0.545832 -0.115783 
-0.439826 -0.196252 
0.160094 -0.49875 
0.133609 -0.495466 
0.584841 -0.315559 
0.590117 -0.292116 
0.538461 -0.397024 
-0.0414156 -0.452734 
-0.0167722 -0.460919 
0.592511 -0.257732 
-0.138128 -0.413642 
-0.462362 -0.169576 
-0.41973 -0.217953 
-0.540813 -0.0310301 
-0.478198 -0.14882 
-0.534923 -0.0469355 
-0.521502 -0.0773668 
-0.494774 -0.124635 
0.225476 -0.502981 
-0.0982823 -0.431111 
-0.118762 -0.422375 
-0.156588 -0.404882 
0.0482333 -0.47911 
0.0226454 -0.472537 
0.0974494 -0.489598 
-0.345536 -0.286338 
-0.30827 -0.314797 
-0.375865 -0.260441 
-0.390601 -0.246843 
-0.405525 -0.232383 
-0.17416 -0.39614 
-0.222703 -0.36986 
0.518437 -0.0822543 
0.333579 -0.496076 
0.354051 -0.492411 
-0.328424 -0.299819 
-0.554516 0.0188785 
0.199639 -0.501991 
-0.237665 -0.361091 
0.271437 -0.502369 
0.313133 -0.498906 
0.374365 -0.487878 
0.412407 -0.476639 
0.474699 -0.448169 
-0.191011 -0.38738 
0.428239 -0.470741 
0.501738 -0.430268 
0.489074 -0.439189 
0.50569 -0.0698165 
-0.546063 -0.0147646 
0.459665 -0.45645 
0.249423 -0.503056 
0.512745 -0.421605 
-0.361335 -0.273189 
0.560591 -0.368255 
0.444015 -0.464032 
0.573332 -0.166863 
0.566733 -0.1519 
0.578933 -0.181977 
0.587776 -0.215036 
0.583535 -0.197083 
0.591044 -0.235765 
0.530156 -0.0952622 
-0.557648 0.0362366 
-0.528466 -0.0623913 
-0.259168 -0.347893 
0.394443 -0.482427 
0.54084 -0.108789 
-0.207155 -0.378629 
-0.550642 0.00187295 
-0.447491 -0.187496 
-0.284946 -0.33107 
-0.433218 -0.203575 
0.292684 -0.500974 
0.073014 -0.484747 
0.146833 -0.497215 
0.587846 -0.303927 
-0.0766644 -0.439784 
0.528555 -0.40734 
-0.0536231 -0.448415 
0.121513 -0.493679 
0.173412 -0.500068 
-0.0291242 -0.456905 
-0.00370551 -0.464971 
0.591582 -0.280777 
0.571985 -0.348288 
0.559121 -0.137173 
0.550496 -0.122784 
0.546558 -0.387579 
0.581179 -0.326806 
-0.51046 -0.0984987 
