ZONE T="boundary0"
-4 -0.114238 
-4 -0.0735697 
-4 0.0917136 
-4 0.00907194 
-4 0.272266 
-4 0.223963 
-4 0.175659 
-4 0.436219 
-4 0.337406 
-4 1 
-4 -0.154907 
-4 -0.200985 
-4 -0.780573 
-4 0.53296 
-4 0.6297 
-4 0.81485 
-4 0.386813 
-4 -0.247062 
-4 -0.32464 
-4 -0.402218 
-4 -0.561145 
-4 -0.670859 
-4 -1 
-4 -0.285851 
-4 -0.0939041 
-4 0.0503928 
-4 0.248115 
-4 0.199811 
-4 0.304836 
-4 0.133687 
-4 -0.134573 
-4 0.58133 
-4 0.36211 
-4 0.48459 
-4 -0.224023 
-4 -0.177946 
-4 -0.0322489 
-4 -0.481682 
-4 0.411516 
-4 -0.725716 
-4 -0.616002 
-4 -0.890286 
-4 0.722275 
-4 0.907425 
-4 -0.266457 
-4 -0.305246 
-4 -0.363429 
ZONE T="boundary1"
-3.04596 1 
-4 1 
-3.74175 1 
3.80251 1 
0.803054 1 
0.177628 1 
0.369774 1 
0.299891 1 
0.984633 1 
-0.333047 1 
-0.398168 1 
-0.061187 1 
0.12178 1 
0.065931 1 
0.002372 1 
2.44786 1 
-2.78843 1 
-0.986049 1 
-1.10315 1 
-1.68132 1 
-1.83943 1 
1.39887 1 
1.2744 1 
3.60502 1 
2.17959 1 
2.01435 1 
-2.28417 1 
-3.26473 1 
-3.4835 1 
-0.134213 1 
0.23876 1 
-0.270143 1 
-0.207239 1 
0.526127 1 
0.439658 1 
-0.551207 1 
0.707825 1 
-0.463289 1 
-0.639125 1 
0.612596 1 
0.66021 1 
-0.868951 1 
-0.754038 1 
1.12952 1 
1.68622 1 
-1.30458 1 
3.13204 1 
3.2897 1 
1.84911 1 
1.52334 1 
2.71112 1 
2.97439 1 
-1.52322 1 
-1.20386 1 
-1.4139 1 
-2.5363 1 
-2.0618 1 
4 1 
3.44736 1 
-3.87087 1 
0.334832 1 
-0.365607 1 
0.0341515 1 
-1.0446 1 
-1.76038 1 
1.33663 1 
2.09697 1 
-3.37411 1 
-0.0976998 1 
0.0938553 1 
0.269325 1 
-0.0294075 1 
0.208194 1 
-0.301595 1 
-0.238691 1 
0.404716 1 
0.893844 1 
0.75544 1 
0.482892 1 
0.569361 1 
0.684018 1 
-0.595166 1 
-0.811495 1 
-0.507248 1 
1.05708 1 
1.20196 1 
-3.15534 1 
3.21087 1 
1.60478 1 
1.76767 1 
-3.61262 1 
2.84276 1 
-1.60227 1 
-1.25422 1 
-1.46856 1 
-2.41024 1 
-2.91719 1 
2.57949 1 
1.93173 1 
-1.95062 1 
-2.17299 1 
3.70376 1 
3.90125 1 
0.149704 1 
-0.430729 1 
-0.170726 1 
0.636403 1 
-0.696582 1 
-1.1535 1 
1.4611 1 
-0.9275 1 
-1.35924 1 
-2.66236 1 
2.31372 1 
3.52619 1 
3.36853 1 
3.05322 1 
ZONE T="boundary2"
4 -0.407839 
4 -0.480912 
4 -0.134913 
4 -0.210946 
4 -0.0588787 
4 0.19042 
4 0.267403 
4 0.344385 
4 0.405035 
4 0.465684 
4 0.599263 
4 0.0224743 
4 -0.700245 
4 -0.590578 
4 -0.850122 
4 0.732842 
4 -1 
4 0.103827 
4 0.147124 
4 -0.272856 
4 -0.334765 
4 1 
4 -0.17293 
4 0.228911 
4 0.305894 
4 0.435359 
4 -0.775184 
4 -0.925061 
4 0.125475 
4 0.168772 
4 0.0631508 
4 -0.0182022 
4 0.37471 
4 -0.0968957 
4 -0.241901 
4 0.666053 
4 -0.30381 
4 -0.645412 
4 -0.444375 
4 -0.535745 
4 0.532474 
4 0.866421 
4 -0.371302 
ZONE T="boundary3"
2.57377 -1 
1.56694 -1 
-0.486886 -1 
-0.607036 -1 
-1.00181 -1 
0.308729 -1 
1.31621 -1 
0.421335 -1 
0.533942 -1 
-0.35403 -1 
-0.309744 -1 
0.14238 -1 
0.210494 -1 
0.885761 -1 
3.51178 -1 
-3.74644 -1 
-3.49288 -1 
-3.20984 -1 
3.75589 -1 
-1.53701 -1 
-1.38032 -1 
-0.916183 -1 
4 -1 
-1.82218 -1 
-3.06831 -1 
-2.92679 -1 
-1.27231 -1 
-1.16431 -1 
2.01602 -1 
2.21711 -1 
2.39544 -1 
-2.43048 -1 
-1.95066 -1 
-0.0551949 -1 
-0.120195 -1 
0.00953491 -1 
0.0742655 -1 
-0.24747 -1 
-0.185195 -1 
-0.398315 -1 
-0.718796 -1 
0.653414 -1 
0.772887 -1 
3.63383 -1 
-0.830557 -1 
-4 -1 
0.998634 -1 
1.81492 -1 
1.69093 -1 
2.76899 -1 
3.25283 -1 
3.10852 -1 
-1.69371 -1 
1.40917 -1 
1.11094 -1 
1.22324 -1 
2.96421 -1 
-2.2076 -1 
-2.65335 -1 
-2.79007 -1 
-0.546961 -1 
0.477638 -1 
-0.331887 -1 
0.176437 -1 
-3.35136 -1 
-1.45867 -1 
-0.958996 -1 
3.87794 -1 
-2.99755 -1 
-1.21831 -1 
2.30628 -1 
-0.087695 -1 
0.108323 -1 
0.0419003 -1 
-0.278607 -1 
-0.376172 -1 
0.259611 -1 
0.365032 -1 
-0.4426 -1 
0.713151 -1 
-0.662916 -1 
3.69486 -1 
-0.774676 -1 
-0.87337 -1 
-1.08306 -1 
-3.87322 -1 
0.829324 -1 
1.75292 -1 
3.18068 -1 
-1.75794 -1 
-1.61536 -1 
1.48805 -1 
1.36269 -1 
1.05479 -1 
1.16709 -1 
1.91547 -1 
1.62893 -1 
2.11657 -1 
2.8666 -1 
-2.07913 -1 
-2.31904 -1 
-1.88642 -1 
2.67138 -1 
2.48461 -1 
3.57281 -1 
3.03636 -1 
-3.13908 -1 
-2.85843 -1 
-3.61966 -1 
3.3823 -1 
-0.216332 -1 
-0.152695 -1 
-0.0228298 -1 
1.26972 -1 
-2.72171 -1 
-2.54191 -1 
0.593678 -1 
0.942197 -1 
-1.32632 -1 
ZONE T="boundary4"
-0.395648 0.301708 
-0.374837 0.314475 
-0.474118 0.243085 
0.616283 0.18793 
0.604471 0.216606 
-0.615212 0.0225772 
-0.619512 -0.000428599 
0.576022 0.271829 
-0.62222 -0.023554 
-0.455208 0.259035 
0.475701 0.378288 
-0.546479 0.166699 
-0.555806 0.154046 
0.526705 0.335216 
-0.6093 0.0454028 
-0.265017 0.369976 
-0.241892 0.379712 
-0.601778 0.0679364 
-0.584779 0.10645 
-0.592674 0.0900657 
-0.566627 0.137995 
-0.576051 0.122488 
0.634588 0.130158 
0.626446 0.15894 
0.642639 0.0867933 
0.644066 0.0723702 
-0.528856 0.188312 
-0.512545 0.206258 
-0.332002 0.338202 
-0.435751 0.274141 
-0.415941 0.288301 
0.644816 0.0580278 
0.644869 0.0436719 
-0.353673 0.326587 
0.489277 0.368321 
0.50239 0.357753 
-0.310061 0.349247 
-0.287651 0.359867 
-0.194748 0.397841 
-0.170736 0.406232 
-0.146217 0.414233 
-0.121513 0.421719 
-0.0962557 0.428777 
-0.0708184 0.435274 
-0.0185446 0.446676 
0.00838423 0.451505 
0.0634085 0.459083 
0.0354716 0.455626 
-0.218567 0.388961 
-0.492614 0.226172 
0.591263 0.244452 
0.598115 0.230503 
0.461426 0.387823 
0.644206 0.0294823 
0.642818 0.015421 
0.640562 0.101248 
0.44688 0.396657 
0.368831 0.432094 
0.400755 0.419739 
0.514745 0.346826 
0.431979 0.40488 
0.55875 0.297603 
0.548732 0.310564 
0.538101 0.323052 
0.149734 0.464384 
0.120565 0.463538 
0.0914746 0.461721 
0.18 0.464174 
0.210263 0.462791 
0.336623 0.442095 
0.24103 0.460095 
-0.0447685 0.441287 
0.567667 0.284905 
0.637861 0.115735 
0.583966 0.258169 
0.272287 0.455915 
0.304462 0.449945 
-0.385292 0.308175 
0.61056 0.202344 
-0.617559 0.0111097 
-0.5512 0.160415 
-0.25348 0.374906 
-0.605732 0.056733 
-0.588829 0.0983069 
-0.57143 0.130296 
0.630756 0.144615 
-0.561312 0.146084 
-0.580513 0.114522 
0.643435 0.0795893 
-0.520806 0.197381 
-0.464742 0.251156 
-0.425913 0.281317 
0.644932 0.0508514 
-0.364298 0.320608 
0.482545 0.37338 
-0.405852 0.295094 
-0.445555 0.266687 
0.495894 0.363112 
-0.321065 0.343792 
-0.276361 0.364984 
-0.342875 0.332467 
-0.182764 0.402098 
-0.133886 0.418041 
-0.0835568 0.432097 
-0.00509741 0.449178 
0.0494261 0.457455 
-0.108905 0.425317 
-0.298886 0.354622 
-0.158499 0.410297 
-0.230254 0.384397 
-0.5027 0.216337 
0.594741 0.237503 
0.468616 0.383134 
-0.206681 0.393462 
0.643604 0.0224416 
0.4542 0.392317 
0.384904 0.426202 
0.520793 0.341091 
-0.48345 0.234723 
0.416513 0.412615 
0.439471 0.400845 
0.553818 0.304143 
0.54349 0.316871 
0.532475 0.329202 
0.50863 0.35236 
0.135145 0.464086 
0.0774302 0.460507 
0.195138 0.463634 
0.352808 0.437356 
0.225661 0.46161 
-0.0578128 0.438358 
0.563279 0.291304 
0.636292 0.122962 
-0.53783 0.177639 
0.641678 0.0940311 
0.639285 0.108505 
0.571915 0.278412 
0.580064 0.26504 
0.0219125 0.453657 
0.164867 0.464421 
-0.0316746 0.444062 
0.106011 0.462748 
0.256683 0.458191 
0.288414 0.453145 
-0.612452 0.0340398 
-0.621062 -0.0119696 
-0.597413 0.0790771 
0.644628 0.036572 
0.644526 0.065201 
0.587675 0.251342 
0.601338 0.223576 
0.621571 0.173507 
0.3206 0.446256 
ZONE T="boundary5"
-0.580302 -0.229563 
-0.472764 -0.376872 
-0.49226 -0.357288 
-0.546701 -0.288923 
-0.621093 -0.0929904 
-0.622975 -0.0698876 
0.640699 0.00151617 
-0.558591 -0.270045 
-0.59927 -0.184532 
-0.606807 -0.161805 
-0.617748 -0.116036 
-0.612976 -0.138974 
-0.188147 -0.517369 
-0.272923 -0.497212 
-0.216532 -0.512337 
-0.244715 -0.505646 
-0.131933 -0.522373 
-0.300693 -0.487144 
-0.103967 -0.522413 
-0.159969 -0.520698 
0.568846 -0.137572 
-0.62222 -0.023554 
-0.623363 -0.0467197 
-0.0490474 -0.517675 
-0.0221034 -0.512956 
-0.0763105 -0.520834 
-0.521741 -0.323277 
-0.50737 -0.340599 
0.528302 -0.175502 
0.549187 -0.157202 
-0.534591 -0.306363 
-0.569583 -0.250657 
-0.326394 -0.476188 
-0.452854 -0.394929 
-0.349823 -0.464745 
-0.372687 -0.45215 
-0.393117 -0.439613 
0.624978 -0.0519651 
0.507279 -0.192157 
-0.412979 -0.426165 
-0.590421 -0.207113 
0.00440074 -0.506729 
0.0304675 -0.499032 
0.056128 -0.489902 
0.106142 -0.467627 
0.130521 -0.454658 
0.0812961 -0.479432 
0.154614 -0.440564 
0.274786 -0.357283 
0.17862 -0.425381 
0.202322 -0.409443 
0.226325 -0.392566 
0.29935 -0.339288 
0.349905 -0.302916 
0.324617 -0.32097 
0.559191 -0.147567 
0.447155 -0.235163 
0.250191 -0.375304 
0.424541 -0.25083 
0.401784 -0.266611 
0.583004 -0.121342 
0.466519 -0.221681 
0.48567 -0.208107 
0.605889 -0.0892312 
-0.433288 -0.411013 
0.596084 -0.104117 
0.642818 0.015421 
0.629987 -0.0389413 
0.61929 -0.0646753 
0.63785 -0.0122001 
0.634275 -0.0256982 
0.375895 -0.284638 
-0.482639 -0.367207 
-0.622218 -0.0814553 
-0.603194 -0.173222 
-0.619599 -0.10454 
-0.230669 -0.509194 
-0.286877 -0.492377 
-0.11795 -0.522597 
-0.145962 -0.521739 
-0.622985 -0.0351287 
-0.0355442 -0.515511 
-0.0626577 -0.519452 
-0.514649 -0.332017 
0.538875 -0.166505 
-0.499904 -0.349025 
-0.54074 -0.297709 
-0.528255 -0.314888 
-0.564197 -0.260414 
-0.313614 -0.481838 
-0.462921 -0.386025 
-0.382971 -0.445996 
0.517875 -0.183939 
-0.403122 -0.433001 
-0.361331 -0.458588 
-0.594991 -0.195881 
-0.338178 -0.470611 
0.0174824 -0.503063 
0.0433535 -0.494641 
-0.575063 -0.240172 
0.118394 -0.461277 
0.166671 -0.433071 
0.190516 -0.417487 
0.214358 -0.401058 
0.287065 -0.348274 
0.337249 -0.311914 
0.311975 -0.330104 
0.262495 -0.366302 
0.413166 -0.258714 
0.435855 -0.242994 
0.476118 -0.214923 
-0.443165 -0.403087 
0.576054 -0.129573 
0.589695 -0.112848 
0.62757 -0.0454882 
0.622218 -0.0583592 
0.636153 -0.0189744 
0.641851 0.00845351 
0.639367 -0.00536216 
0.63222 -0.0323499 
-0.423222 -0.41871 
-0.610055 -0.150435 
-0.552756 -0.279554 
-0.585497 -0.2184 
0.456848 -0.228432 
-0.174081 -0.519238 
-0.202374 -0.515059 
-0.00881083 -0.510032 
0.142628 -0.447728 
0.362893 -0.293751 
0.496529 -0.200204 
-0.258877 -0.501633 
-0.090128 -0.521825 
0.0687719 -0.48483 
0.0937818 -0.473681 
0.238278 -0.383965 
0.38884 -0.275609 
0.601102 -0.0967526 
-0.615533 -0.127542 
0.55423 -0.152428 
0.564065 -0.142616 
0.612905 -0.0771317 
-0.623359 -0.058308 
