ZONE T="boundary0"
-4 -0.436296 
-4 -1 
-4 -0.246437 
-4 -0.199482 
-4 0.186876 
-4 0.438651 
-4 0.349721 
-4 0.527581 
-4 0.76379 
-4 -0.0919755 
-4 -0.145729 
-4 0.110275 
-4 0.645686 
-4 1 
-4 -0.331992 
-4 -0.384144 
-4 0.309338 
-4 0.268956 
-4 0.0336746 
-4 -0.691939 
-4 -0.794626 
-4 -0.289215 
-4 -0.512773 
-4 -0.589251 
-4 -0.22296 
-4 0.394186 
-4 0.483116 
-4 -0.118852 
-4 0.586633 
-4 -0.358068 
-4 -0.41022 
-4 0.289147 
-4 0.227916 
-4 0.148575 
-4 0.0719749 
-4 -0.0291505 
-4 -0.172606 
-4 0.32953 
-4 0.704738 
-4 -0.743282 
-4 -0.897313 
-4 0.881895 
-4 -0.267826 
-4 -0.474534 
-4 -0.551012 
-4 -0.640595 
-4 -0.310603 
ZONE T="boundary1"
0.479526 1 
0.534617 1 
1.31997 1 
1.4605 1 
0.424435 1 
0.0718735 1 
0.139339 1 
0.33094 1 
0.897135 1 
0.790639 1 
0.994987 1 
0.738152 1 
-1.45989 1 
-1.3116 1 
-0.907465 1 
-0.0618637 1 
0.00500492 1 
-3.59703 1 
-3.19405 1 
-1.59892 1 
1.09284 1 
-3.79851 1 
-4 1 
-1.16331 1 
-1.23745 1 
2.49293 1 
2.30409 1 
-2.58654 1 
4 1 
3.5 1 
3.75 1 
2.90142 1 
2.68176 1 
3.12107 1 
0.268872 1 
0.206804 1 
0.61014 1 
-0.129203 1 
-0.196542 1 
0.685664 1 
-0.31181 1 
-0.254176 1 
-0.427077 1 
-0.369443 1 
-0.577257 1 
-0.727436 1 
-0.817451 1 
-1.03539 1 
-1.73796 1 
1.2064 1 
1.78635 1 
3.31054 1 
-1.92857 1 
-2.35287 1 
1.60103 1 
2.13788 1 
1.97167 1 
-2.11919 1 
-3.04218 1 
-2.8903 1 
-2.73842 1 
0.507072 1 
1.39024 1 
0.451981 1 
0.105606 1 
0.843887 1 
0.946061 1 
-1.38574 1 
-0.0284294 1 
-3.39554 1 
-3.89926 1 
-1.20038 1 
2.39851 1 
3.625 1 
2.79159 1 
3.01125 1 
0.237838 1 
0.572379 1 
0.173071 1 
0.299906 1 
0.647902 1 
0.711908 1 
-0.282993 1 
-0.225359 1 
-0.39826 1 
0.764396 1 
-0.502167 1 
0.377687 1 
0.0384392 1 
-0.652346 1 
-0.862458 1 
-0.772443 1 
-0.971425 1 
-1.66844 1 
-1.27452 1 
-1.5294 1 
-1.09935 1 
1.26319 1 
1.14962 1 
1.04391 1 
3.875 1 
3.21581 1 
2.05477 1 
1.69369 1 
1.87901 1 
-2.4697 1 
-2.02388 1 
3.40527 1 
2.58735 1 
-2.23603 1 
-3.69777 1 
-1.83326 1 
-0.0955333 1 
-0.162873 1 
-0.340626 1 
-2.96624 1 
-3.11811 1 
1.53077 1 
-2.66248 1 
2.22099 1 
-2.81436 1 
ZONE T="boundary2"
4 -0.644681 
4 -0.4927 
4 -0.822341 
4 -0.338029 
4 -0.214649 
4 -0.122692 
4 0.524584 
4 0.429487 
4 0.809841 
4 1 
4 -0.0307346 
4 -0.276339 
4 -0.415364 
4 0.117283 
4 0.0432744 
4 0.368994 
4 0.619681 
4 0.338748 
4 0.308502 
4 -1 
4 0.260697 
4 0.212893 
4 0.165088 
4 -0.568691 
4 -0.168671 
4 0.90492 
4 -0.0767133 
4 -0.307184 
4 -0.376697 
4 0.0802789 
4 0.00626986 
4 0.399241 
4 0.572133 
4 0.477035 
4 -0.91117 
4 -0.733511 
4 0.714761 
4 0.141186 
4 -0.245494 
4 0.353871 
4 0.2846 
4 0.323625 
4 0.236795 
4 0.18899 
4 -0.454032 
ZONE T="boundary3"
-3.78606 -1 
-3.57211 -1 
-4 -1 
-1.62418 -1 
-1.8528 -1 
3.86732 -1 
-0.206973 -1 
0.234135 -1 
-0.424675 -1 
-0.283275 -1 
0.118113 -1 
0.176124 -1 
-2.04763 -1 
1.39756 -1 
2.0751 -1 
-3.32028 -1 
-3.06845 -1 
1.68645 -1 
-2.66573 -1 
-2.4541 -1 
3.03312 -1 
-2.24247 -1 
3.49786 -1 
3.73465 -1 
-2.86709 -1 
3.26106 -1 
2.30176 -1 
2.80517 -1 
2.55347 -1 
0.319305 -1 
0.0609786 -1 
0.00384451 -1 
-0.0634131 -1 
0.404475 -1 
-0.130671 -1 
0.489781 -1 
0.575086 -1 
-0.736936 -1 
-0.604631 -1 
-0.514653 -1 
-0.983671 -1 
0.722123 -1 
-1.0981 -1 
-0.869241 -1 
0.771136 -1 
1.27067 -1 
1.15037 -1 
4 -1 
-1.34682 -1 
-1.26391 -1 
1.52446 -1 
1.84844 -1 
-1.42973 -1 
0.835868 -1 
0.9006 -1 
1.03006 -1 
0.673111 -1 
-3.67908 -1 
-3.89303 -1 
-1.73849 -1 
-0.353975 -1 
0.147118 -1 
-1.95022 -1 
-3.19437 -1 
-2.55992 -1 
3.61625 -1 
-2.76641 -1 
2.42762 -1 
-0.245124 -1 
0.27672 -1 
0.0895456 -1 
0.205129 -1 
-0.0297843 -1 
0.36189 -1 
-0.0970419 -1 
-0.168822 -1 
0.447128 -1 
-0.670783 -1 
-0.469664 -1 
-1.04089 -1 
-0.926456 -1 
1.21052 -1 
3.93366 -1 
3.80099 -1 
-3.4462 -1 
-1.30537 -1 
1.46101 -1 
1.60546 -1 
3.37946 -1 
2.91914 -1 
2.67932 -1 
3.14709 -1 
2.18843 -1 
-2.34828 -1 
1.96177 -1 
-1.52696 -1 
1.33411 -1 
-2.96777 -1 
0.0324116 -1 
0.74663 -1 
0.868234 -1 
0.803502 -1 
0.965332 -1 
0.532433 -1 
0.624098 -1 
0.697617 -1 
1.09021 -1 
-1.18101 -1 
1.76745 -1 
-0.803089 -1 
-1.38827 -1 
-2.14505 -1 
-0.559642 -1 
ZONE T="boundary4"
-0.533998 0.271721 
0.423438 0.349814 
0.416061 0.331061 
0.437041 0.405276 
-0.358745 0.471244 
0.458459 0.00251978 
0.479207 -0.021019 
-0.590375 0.0377996 
0.437793 0.439924 
0.435716 0.456749 
0.429453 0.368186 
0.434104 0.386919 
0.437332 0.0258605 
0.415809 0.0511734 
-0.524811 0.288039 
-0.575563 0.171725 
-0.582696 0.144057 
-0.591435 0.0740261 
-0.590466 0.0925912 
0.413008 0.516734 
-0.588508 0.11117 
-0.226968 0.549817 
-0.247492 0.539889 
-0.591399 0.0557818 
0.432069 0.472978 
-0.550519 0.238399 
-0.374803 0.458812 
0.373376 0.230597 
-0.4333 0.406242 
-0.458998 0.378661 
-0.49399 0.334994 
-0.482759 0.349917 
-0.419576 0.419733 
-0.390474 0.445918 
-0.341642 0.483685 
-0.515036 0.304068 
-0.32416 0.495616 
-0.305702 0.507415 
-0.286881 0.518664 
-0.267351 0.529561 
-0.206153 0.559162 
-0.183976 0.568368 
-0.161527 0.576945 
-0.0544373 0.608744 
-0.0830002 0.60164 
0.0387299 0.62543 
0.070307 0.628815 
0.420654 0.502874 
0.427043 0.488258 
0.404164 0.52985 
0.3599 0.573207 
0.372191 0.563628 
0.49801 -0.0445723 
0.51442 -0.0685784 
0.319006 0.597146 
0.333458 0.589835 
0.394419 0.541939 
0.346992 0.581917 
0.379433 0.110124 
0.365658 0.18748 
0.368047 0.147911 
0.395939 0.0788779 
0.368276 0.209278 
0.383668 0.553263 
0.304132 0.603623 
0.24743 0.620832 
0.219391 0.625958 
0.161705 0.631293 
0.190898 0.629381 
0.438237 0.422847 
0.261381 0.617532 
0.289793 0.609 
0.407475 0.31164 
0.398442 0.292266 
0.384878 0.26222 
-0.564576 0.204522 
-0.136549 0.585663 
-0.111303 0.593641 
0.101001 0.630928 
0.131726 0.631788 
-0.0236797 0.615342 
0.275196 0.613709 
0.00729903 0.620903 
0.419868 0.34039 
0.46893 -0.00916417 
0.436961 0.448362 
0.431966 0.377506 
0.426393 0.0383666 
-0.579365 0.157951 
-0.591075 0.0833152 
-0.589608 0.101893 
-0.237266 0.544927 
-0.542545 0.255202 
-0.36682 0.465087 
-0.446352 0.39264 
-0.529477 0.279921 
-0.488433 0.342499 
-0.471094 0.364467 
-0.405217 0.433039 
-0.426488 0.413038 
-0.350241 0.477529 
-0.314976 0.501585 
-0.277156 0.524185 
-0.296333 0.513109 
-0.332946 0.489716 
-0.382687 0.452424 
-0.172782 0.572736 
-0.58596 0.127677 
0.0545026 0.627269 
-0.519992 0.296095 
-0.591542 0.0649037 
0.429738 0.480678 
0.40873 0.523389 
0.416988 0.509891 
0.36613 0.568526 
0.506466 -0.0564037 
0.326286 0.593598 
0.399416 0.535995 
0.353518 0.577669 
0.365678 0.167622 
0.370538 0.219991 
0.366635 0.198429 
0.405495 0.064755 
0.389155 0.547708 
0.378026 0.558552 
0.233452 0.623623 
-0.591012 0.0467836 
0.176314 0.630524 
0.340286 0.585981 
0.438218 0.431391 
0.296995 0.606399 
0.311614 0.600488 
0.205169 0.627874 
0.488795 -0.0326471 
0.402978 0.301944 
0.434092 0.464908 
0.437842 0.414048 
0.435776 0.396065 
0.424019 0.49564 
0.411845 0.321317 
0.426596 0.358951 
0.391514 0.277309 
0.378682 0.246572 
-0.216594 0.554563 
-0.195098 0.563845 
-0.257459 0.534797 
-0.149071 0.581398 
-0.123956 0.589745 
0.372685 0.128701 
-0.0971838 0.597754 
-0.0687467 0.605304 
0.0856436 0.63002 
0.116359 0.631522 
-0.57037 0.188224 
-0.557832 0.221579 
-0.0390862 0.612172 
0.268307 0.615688 
0.146718 0.631715 
-0.00821395 0.618254 
0.282521 0.611437 
0.254421 0.619245 
-0.504764 0.319702 
0.0229946 0.623305 
0.447874 0.0141713 
0.387052 0.0941645 
ZONE T="boundary5"
-0.352027 -0.275927 
-0.167145 -0.369485 
-0.550322 -0.0910626 
-0.588387 0.0201872 
-0.590375 0.0377996 
-0.576912 -0.0303312 
-0.506803 -0.151715 
-0.51611 -0.14074 
-0.450396 -0.206015 
-0.497192 -0.162284 
-0.581621 -0.0139124 
-0.542351 -0.104382 
-0.558008 -0.076698 
-0.565021 -0.0618265 
-0.433631 -0.219533 
-0.466604 -0.192034 
-0.109742 -0.392694 
-0.129456 -0.385028 
-0.149032 -0.377097 
-0.185146 -0.361667 
-0.280067 -0.316271 
-0.201989 -0.354128 
-0.018063 -0.423677 
-0.0423678 -0.416256 
0.00750154 -0.430821 
0.0570672 -0.442633 
-0.0881851 -0.400689 
-0.0664564 -0.40832 
0.245489 -0.459275 
0.225144 -0.45994 
-0.308522 -0.301097 
-0.330409 -0.288774 
-0.416502 -0.232549 
-0.400187 -0.244317 
-0.367922 -0.265982 
0.532731 -0.310999 
-0.218738 -0.346418 
-0.250242 -0.331325 
-0.234531 -0.33895 
-0.294337 -0.30877 
0.0332989 -0.437313 
-0.265194 -0.323877 
0.321921 -0.45005 
0.30329 -0.453373 
0.53927 -0.118771 
0.547747 -0.272563 
-0.571371 -0.046294 
-0.383626 -0.255695 
0.554753 -0.233559 
0.126854 -0.454365 
0.103866 -0.451164 
0.0810152 -0.447328 
0.201023 -0.459871 
0.176954 -0.458929 
0.265819 -0.457906 
0.284587 -0.455977 
0.547499 -0.14489 
0.391038 -0.430133 
0.376725 -0.435379 
0.433068 -0.410362 
0.419262 -0.417661 
0.405119 -0.42429 
0.358708 -0.441089 
0.44608 -0.402626 
0.340504 -0.445946 
0.511033 -0.344849 
0.458693 -0.394212 
0.51442 -0.0685784 
-0.585456 0.00292695 
0.5529 -0.171443 
0.521636 -0.0808054 
0.478358 -0.378905 
0.496709 -0.361467 
0.552103 -0.253349 
-0.533843 -0.117243 
0.555741 -0.215838 
0.522657 -0.328476 
0.528234 -0.0933265 
0.554537 -0.184651 
0.555499 -0.197845 
-0.487245 -0.172539 
-0.477059 -0.182428 
0.541179 -0.292277 
0.151844 -0.457067 
-0.589503 0.0289796 
-0.511505 -0.146269 
-0.546414 -0.0977682 
-0.554255 -0.0839282 
-0.458562 -0.199096 
-0.119613 -0.388897 
-0.1581 -0.373318 
-0.176157 -0.365602 
-0.193578 -0.35792 
-0.0302364 -0.420035 
-0.0989801 -0.396737 
0.235319 -0.459692 
-0.319499 -0.294995 
-0.408378 -0.23848 
-0.42511 -0.226098 
-0.36 -0.270995 
-0.210374 -0.350295 
-0.301442 -0.304956 
-0.257728 -0.327621 
0.312621 -0.451803 
-0.391939 -0.250053 
-0.139258 -0.381096 
-0.287213 -0.312541 
0.115349 -0.452847 
0.0690252 -0.445063 
-0.568299 -0.0541027 
0.213083 -0.460018 
0.188984 -0.459506 
0.25566 -0.458681 
0.293951 -0.454762 
-0.242396 -0.335158 
0.383909 -0.432829 
0.42621 -0.414097 
0.412229 -0.421058 
0.36775 -0.438342 
-0.56161 -0.0693074 
0.439623 -0.406576 
0.349633 -0.443619 
0.452443 -0.398503 
-0.587042 0.0115367 
0.550545 -0.158096 
0.518099 -0.0746496 
0.487758 -0.370423 
0.55015 -0.263007 
-0.442066 -0.212838 
0.50407 -0.353329 
0.527905 -0.319859 
0.525012 -0.0870251 
0.553802 -0.178037 
0.555402 -0.224707 
0.55364 -0.243482 
0.555101 -0.191242 
-0.57938 -0.0221543 
0.555775 -0.20684 
0.39811 -0.427288 
-0.341258 -0.282418 
-0.272641 -0.320095 
-0.226644 -0.342704 
-0.57425 -0.0383503 
0.331234 -0.448096 
-0.482187 -0.177521 
0.275212 -0.457024 
0.544717 -0.282505 
-0.375801 -0.26088 
-0.49226 -0.167449 
0.0451659 -0.44005 
0.0203785 -0.434154 
0.139338 -0.455818 
-0.0773379 -0.404553 
0.164391 -0.458107 
-0.054433 -0.412352 
0.0924278 -0.449324 
-0.00530306 -0.42733 
-0.583656 -0.00551936 
0.543727 -0.131722 
0.537192 -0.301745 
0.468705 -0.386789 
-0.471864 -0.187265 
-0.502041 -0.15704 
0.534078 -0.105907 
0.517034 -0.336797 
-0.525209 -0.129167 
-0.538168 -0.11086 
