ZONE T="boundary0"
-4 -0.204175 
-4 -0.152527 
-4 -0.246437 
-4 0.159516 
-4 0.309338 
-4 -0.0314241 
-4 0.0380308 
-4 0.812338 
-4 0.624676 
-4 -0.681196 
-4 -1 
-4 1 
-4 -0.331992 
-4 -0.436296 
-4 -0.497307 
-4 -0.375284 
-4 -0.288699 
-4 -0.589251 
-4 -0.100879 
-4 0.186876 
-4 0.0987732 
-4 0.430486 
-4 0.527581 
-4 0.268956 
-4 0.214236 
-4 0.349721 
-4 -0.178351 
-4 0.00330338 
-4 0.718507 
-4 -0.840598 
-4 0.906169 
-4 -0.466801 
-4 -0.225306 
-4 -0.353638 
-4 -0.310346 
-4 -0.635224 
-4 -0.126703 
-4 0.173196 
-4 0.068402 
-4 -0.0661515 
-4 0.576128 
-4 -0.267568 
-4 -0.40579 
-4 0.129144 
-4 0.479033 
-4 0.241596 
-4 0.200556 
-4 0.289147 
-4 0.390104 
-4 -0.543279 
-4 0.32953 
ZONE T="boundary1"
1.79742 1 
3.77089 1 
3.54179 1 
3.3409 1 
3.14001 1 
0.387708 1 
0.737392 1 
0.633936 1 
0.584276 1 
1.09284 1 
0.950383 1 
0.685664 1 
-0.336047 1 
1.23529 1 
1.574 1 
4 1 
-2.8903 1 
-3.79851 1 
-4 1 
2.66248 1 
2.90125 1 
-2.58654 1 
-2.35287 1 
-1.86503 1 
2.26207 1 
2.46228 1 
2.02975 1 
0.208225 1 
0.274171 1 
0.0706487 1 
0.139437 1 
0.00431026 1 
0.340117 1 
0.435299 1 
-0.128038 1 
-0.265047 1 
-0.0620282 1 
0.843887 1 
-0.194047 1 
0.534617 1 
-0.518107 1 
-0.65766 1 
-0.427077 1 
-0.907465 1 
-1.01772 1 
1.40465 1 
-1.3089 1 
-1.73796 1 
-3.19405 1 
-2.11919 1 
1.31997 1 
-1.61088 1 
-3.59703 1 
-3.39554 1 
2.14591 1 
-0.587883 1 
-0.727436 1 
-0.797213 1 
-1.16331 1 
-1.45989 1 
3.65634 1 
3.24046 1 
0.609106 1 
1.02161 1 
0.6598 1 
1.16406 1 
-3.89926 1 
2.78187 1 
-2.4697 1 
2.36218 1 
0.241198 1 
0.105043 1 
0.0374795 1 
0.363913 1 
0.307144 1 
0.411503 1 
0.790639 1 
0.484958 1 
0.559447 1 
-0.300547 1 
-0.472592 1 
0.897135 1 
-0.962591 1 
1.48932 1 
-1.80149 1 
1.68571 1 
3.44135 1 
-3.04218 1 
-2.73842 1 
1.27763 1 
3.02063 1 
-3.69777 1 
-1.99211 1 
-3.2948 1 
1.91358 1 
3.88545 1 
2.20399 1 
2.56238 1 
-1.67442 1 
-0.0950329 1 
-0.161042 1 
-0.229547 1 
0.173831 1 
-0.028859 1 
-0.381562 1 
0.711528 1 
-0.622771 1 
-0.762324 1 
-0.692548 1 
-0.852339 1 
2.08783 1 
-1.09051 1 
-2.23603 1 
1.36231 1 
-1.2361 1 
-1.38439 1 
-1.53538 1 
-3.49628 1 
-0.552995 1 
ZONE T="boundary2"
4 -0.395376 
4 -0.346714 
4 0.308502 
4 0.366089 
4 0.809841 
4 1 
4 0.0432744 
4 -1 
4 0.619681 
4 0.492885 
4 0.250916 
4 0.1841 
4 0.117283 
4 -0.0307346 
4 -0.168671 
4 -0.122692 
4 -0.247666 
4 -0.214649 
4 -0.4927 
4 -0.541362 
4 -0.644681 
4 -0.748001 
4 0.429487 
4 0.217508 
4 -0.444038 
4 -0.280682 
4 -0.0767133 
4 0.337295 
4 0.90492 
4 0.556283 
4 0.150691 
4 0.00626986 
4 0.0802789 
4 -0.231157 
4 0.714761 
4 -0.19166 
4 -0.371045 
4 -0.593022 
4 -0.696341 
4 -0.874001 
4 0.234212 
4 0.279709 
4 0.200804 
4 -0.419707 
4 -0.517031 
4 -0.468369 
4 -0.264174 
4 -0.053724 
4 -0.145681 
4 -0.313698 
4 -0.0997026 
4 0.461186 
4 0.397788 
ZONE T="boundary3"
-1.54798 -1 
-1.70039 -1 
-0.201861 -1 
-0.130671 -1 
0.118113 -1 
1.15037 -1 
0.509736 -1 
0.640436 -1 
1.68645 -1 
-0.48466 -1 
-0.36469 -1 
-0.283275 -1 
-1.0981 -1 
-0.983671 -1 
3.6462 -1 
3.2924 -1 
3.05283 -1 
-2.24247 -1 
-1.8528 -1 
-2.04763 -1 
-2.4541 -1 
-2.66573 -1 
-3.57211 -1 
-3.32028 -1 
-4 -1 
-3.78606 -1 
3.8231 -1 
4 -1 
1.84844 -1 
2.55751 -1 
2.81326 -1 
0.404475 -1 
0.06717 -1 
0.169055 -1 
0.00384451 -1 
-0.0594809 -1 
-0.604631 -1 
1.03006 -1 
0.234135 -1 
0.299214 -1 
0.771136 -1 
0.9006 -1 
-0.869241 -1 
-0.736936 -1 
-1.20479 -1 
-1.31147 -1 
-1.42973 -1 
1.27067 -1 
1.52446 -1 
1.39756 -1 
-3.06845 -1 
3.4693 -1 
2.0751 -1 
-2.86709 -1 
2.30176 -1 
2.42964 -1 
-1.62418 -1 
-0.166266 -1 
0.575086 -1 
-0.424675 -1 
-0.242568 -1 
-1.04089 -1 
3.17261 -1 
-1.95022 -1 
-2.34828 -1 
-3.4462 -1 
-3.67908 -1 
3.91155 -1 
2.93305 -1 
0.0926413 -1 
0.143584 -1 
0.0355072 -1 
-0.323983 -1 
-0.0950758 -1 
-0.544645 -1 
0.266675 -1 
0.705786 -1 
3.73465 -1 
-0.803089 -1 
-1.25813 -1 
-1.15144 -1 
-1.3706 -1 
-1.48885 -1 
-1.77659 -1 
-0.926456 -1 
-3.89303 -1 
0.965332 -1 
1.21052 -1 
1.09021 -1 
0.835868 -1 
1.46101 -1 
-3.19437 -1 
3.38085 -1 
3.55775 -1 
1.60546 -1 
1.76745 -1 
1.96177 -1 
-2.96777 -1 
2.18843 -1 
2.49358 -1 
2.3657 -1 
-2.14505 -1 
-2.55992 -1 
2.68539 -1 
-0.0278182 -1 
0.351845 -1 
0.201595 -1 
0.457106 -1 
-0.670783 -1 
1.33411 -1 
-2.76641 -1 
ZONE T="boundary4"
-0.541044 0.261477 
-0.418554 0.407787 
-0.53085 0.277755 
-0.320038 0.481351 
-0.338278 0.469641 
-0.614577 0.0625138 
0.33625 0.570635 
0.350484 0.563526 
0.469568 0.363386 
-0.6168 0.0254139 
-0.61621 0.0438602 
-0.559816 0.228189 
-0.608246 0.100299 
-0.611901 0.0814307 
-0.497316 0.324406 
-0.520123 0.293713 
-0.485268 0.339168 
0.364246 0.555681 
0.377562 0.547022 
-0.432919 0.39459 
-0.388272 0.433307 
-0.372366 0.445593 
-0.403809 0.420582 
0.434058 0.491281 
-0.301449 0.492531 
-0.355503 0.457859 
-0.200615 0.541852 
-0.155962 0.558539 
-0.179218 0.550199 
-0.0197938 0.593873 
0.0113294 0.598994 
0.0733805 0.606006 
0.104226 0.607839 
-0.459992 0.367512 
0.468374 0.399187 
0.465812 0.415991 
0.424372 0.504122 
0.461959 0.432221 
0.45869 0.289714 
0.45235 0.261439 
0.456742 0.448129 
0.46829 0.345515 
0.465925 0.327234 
0.402379 0.527285 
0.413708 0.516203 
0.390229 0.537615 
0.442714 0.477684 
0.470321 0.0709209 
0.483396 0.0443041 
0.458771 0.0986692 
0.450257 0.463385 
0.0426064 0.603068 
0.220571 0.603005 
0.192288 0.606138 
0.276484 0.591992 
0.30592 0.582974 
0.248554 0.598378 
0.521498 -0.0310378 
0.531545 -0.0558426 
0.446687 0.232821 
0.509695 -0.00613389 
0.469641 0.381524 
-0.599507 0.133558 
-0.590024 0.161412 
-0.282068 0.50343 
-0.262364 0.513772 
-0.576406 0.194312 
-0.242205 0.523632 
-0.221761 0.532931 
0.496657 0.0190601 
-0.132468 0.566232 
-0.105963 0.574072 
-0.0792231 0.581124 
-0.0496144 0.58797 
0.133854 0.608483 
0.163424 0.607938 
0.442727 0.195439 
0.443803 0.161535 
0.449686 0.128067 
-0.329201 0.475563 
0.343414 0.567175 
-0.61552 0.053198 
-0.616635 0.0346413 
-0.61019 0.0908874 
-0.536012 0.269657 
-0.525551 0.285777 
-0.491347 0.331832 
-0.550674 0.244971 
0.37097 0.551452 
-0.425783 0.401239 
-0.508957 0.309236 
-0.380363 0.439507 
-0.396086 0.427 
-0.411226 0.414236 
-0.310784 0.487008 
-0.363979 0.451788 
-0.16762 0.554451 
-0.346933 0.463812 
-0.00425334 0.596563 
0.0887948 0.607065 
-0.472834 0.353522 
0.467262 0.407614 
-0.613362 0.0719897 
0.455521 0.275576 
0.429341 0.497796 
0.467227 0.336359 
0.408142 0.521845 
0.38397 0.54242 
0.396392 0.532553 
0.438523 0.48457 
0.47671 0.0575388 
0.464272 0.0846814 
0.446632 0.470612 
0.357421 0.559701 
0.0579807 0.604671 
0.206449 0.60475 
0.291292 0.587778 
0.526729 -0.0433558 
0.449334 0.247166 
0.469068 0.35444 
0.462605 0.308417 
0.515745 -0.0185159 
0.469769 0.372454 
0.419154 0.510263 
0.45952 0.44023 
0.464053 0.424146 
0.469181 0.390368 
0.453661 0.455826 
-0.604213 0.117017 
-0.594981 0.147558 
-0.272253 0.508672 
-0.568364 0.211375 
-0.291798 0.498051 
-0.232015 0.528352 
-0.211219 0.537465 
-0.189945 0.546098 
0.489995 0.031666 
0.503244 0.00649902 
-0.252319 0.518774 
-0.144242 0.562467 
-0.119245 0.570252 
-0.0926192 0.577697 
-0.0347275 0.59104 
0.119037 0.608303 
0.148642 0.608366 
0.234595 0.60089 
0.262571 0.595413 
-0.583487 0.177975 
0.444108 0.214194 
-0.064446 0.584665 
0.177866 0.607202 
0.442666 0.178468 
0.321237 0.577178 
0.453827 0.113243 
0.0269506 0.601164 
0.446156 0.144697 
-0.446648 0.381243 
ZONE T="boundary5"
0.524732 -0.270801 
0.515413 -0.288182 
0.492952 -0.319515 
0.504816 -0.304368 
0.196616 -0.427337 
0.17114 -0.426426 
-0.519923 -0.18685 
-0.509077 -0.195822 
-0.604111 -0.0613722 
-0.608698 -0.0448794 
-0.614829 -0.0105086 
-0.612278 -0.0279062 
0.546535 -0.199189 
0.543385 -0.215892 
-0.568483 -0.133672 
-0.530482 -0.177332 
-0.576983 -0.120786 
-0.584777 -0.107304 
-0.540608 -0.167336 
-0.135244 -0.357184 
-0.114091 -0.364263 
-0.154828 -0.350513 
-0.174372 -0.343777 
-0.21107 -0.330999 
-0.192725 -0.337402 
-0.0697783 -0.378481 
-0.0928585 -0.371195 
-0.0208725 -0.392809 
-0.0465642 -0.385491 
0.538615 -0.234468 
0.0303968 -0.405751 
0.0775325 -0.415339 
0.0559762 -0.411254 
-0.390391 -0.264317 
-0.411104 -0.254898 
-0.262103 -0.313084 
-0.27855 -0.307261 
-0.228363 -0.324946 
-0.497804 -0.204422 
-0.31004 -0.295948 
0.292693 -0.420912 
-0.245662 -0.318874 
-0.325201 -0.29037 
-0.340348 -0.284666 
0.376545 -0.398826 
0.362868 -0.403774 
0.53259 -0.252435 
0.310513 -0.41772 
-0.6168 0.0254139 
-0.61634 0.00729465 
-0.550319 -0.156783 
-0.592088 -0.0926482 
0.256793 -0.425304 
0.238776 -0.426571 
0.539574 -0.0808244 
0.53581 -0.0682531 
0.00502139 -0.399644 
-0.369495 -0.27316 
0.099228 -0.418908 
-0.354957 -0.279001 
0.12243 -0.422084 
0.21769 -0.427324 
-0.598531 -0.0773821 
0.274772 -0.423429 
-0.294294 -0.30164 
0.345659 -0.40918 
0.32827 -0.413799 
0.403555 -0.387115 
0.390011 -0.393331 
0.429319 -0.373076 
0.441497 -0.365245 
0.416801 -0.38029 
-0.559686 -0.1455 
0.460603 -0.351036 
0.47864 -0.334889 
0.545374 -0.106004 
0.549598 -0.169607 
0.548687 -0.182155 
0.548849 -0.131445 
0.549938 -0.156993 
0.145762 -0.424572 
0.531545 -0.0558426 
-0.424222 -0.248529 
-0.462227 -0.227861 
-0.486224 -0.212604 
-0.437196 -0.241874 
0.520265 -0.279595 
0.499041 -0.312065 
0.183874 -0.427004 
-0.514545 -0.191392 
-0.606536 -0.0531624 
-0.610621 -0.0364209 
0.545086 -0.207564 
-0.525255 -0.182149 
-0.58098 -0.114103 
-0.535603 -0.172393 
-0.572827 -0.127291 
-0.124673 -0.36074 
-0.14504 -0.353859 
-0.18355 -0.340594 
-0.201899 -0.334203 
-0.0813284 -0.374871 
-0.0581833 -0.382026 
-0.103482 -0.367751 
0.0667424 -0.41336 
-0.400782 -0.259683 
-0.270328 -0.310177 
-0.219717 -0.327974 
-0.503481 -0.200176 
-0.253883 -0.315982 
0.541162 -0.225221 
-0.317625 -0.293171 
-0.332781 -0.287534 
0.369732 -0.401367 
-0.616702 0.016351 
-0.545529 -0.16212 
0.510289 -0.296389 
-0.588548 -0.100034 
0.24779 -0.426011 
0.537757 -0.0745176 
-0.615718 -0.00161846 
0.0176916 -0.402771 
-0.00794323 -0.396294 
-0.37997 -0.268801 
0.528859 -0.261703 
-0.164602 -0.347153 
-0.362236 -0.276105 
0.110817 -0.420579 
0.207153 -0.42742 
0.228236 -0.427043 
-0.60145 -0.0694221 
0.26579 -0.424444 
0.301619 -0.419402 
-0.286424 -0.304457 
0.0431689 -0.408584 
0.354294 -0.406577 
0.33699 -0.411584 
0.39682 -0.390297 
0.435457 -0.369236 
0.423103 -0.376757 
-0.555076 -0.151203 
0.469813 -0.343176 
0.451205 -0.358348 
0.485963 -0.327357 
0.088369 -0.417192 
0.542752 -0.09335 
-0.564165 -0.139646 
-0.237013 -0.321912 
0.549213 -0.175886 
0.547741 -0.190689 
0.549692 -0.144207 
0.54984 -0.163302 
0.134086 -0.423418 
-0.595431 -0.0850664 
-0.302171 -0.298804 
0.319412 -0.415851 
0.53577 -0.243508 
0.283744 -0.422253 
-0.613687 -0.0192271 
0.158442 -0.425613 
-0.49205 -0.208564 
-0.0337346 -0.389208 
-0.430727 -0.245239 
-0.41768 -0.251748 
-0.34766 -0.281853 
-0.474342 -0.220416 
0.533738 -0.062029 
0.547406 -0.118684 
0.383305 -0.396148 
-0.449801 -0.235028 
0.410216 -0.383781 
