ZONE T="boundary0"
-4 -0.67254 
-4 -0.282776 
-4 -0.197787 
-4 -0.236214 
-4 0.558476 
-4 0.399851 
-4 -0.159361 
-4 -0.329338 
-4 -0.576328 
-4 0.161399 
-4 -0.83627 
-4 0.0887453 
-4 -0.0716343 
-4 0.875 
-4 0.75 
-4 -0.404727 
-4 -0.480116 
-4 0.0160919 
-4 0.221679 
-4 0.28196 
-4 0.340905 
-4 0.479164 
-4 -1 
-4 1 
-4 -0.217 
-4 0.125072 
-4 -0.115497 
-4 0.8125 
-4 -0.306057 
-4 -0.178574 
-4 -0.367032 
-4 -0.259495 
-4 -0.442421 
-4 -0.528222 
-4 0.0524186 
-4 0.251819 
-4 0.311432 
-4 0.51882 
-4 -0.0277712 
-4 -0.624434 
-4 -0.754405 
-4 -0.918135 
-4 0.654238 
-4 0.9375 
-4 0.191539 
-4 0.370378 
-4 0.439507 
ZONE T="boundary1"
-3.20696 1 
1.57344 1 
1.34225 1 
1.70678 1 
2.06451 1 
1.84012 1 
0.650125 1 
-0.229915 1 
-0.283367 1 
0.02211 1 
-0.0373111 1 
-0.322754 1 
1.24757 1 
0.802166 1 
-0.450507 1 
-0.599894 1 
-0.700485 1 
-0.5252 1 
-0.801077 1 
-2.87126 1 
3.79259 1 
3.58518 1 
0.878187 1 
0.462791 1 
0.556458 1 
1.00388 1 
0.954207 1 
-2.25209 1 
2.94037 1 
2.71038 1 
2.49964 1 
2.2889 1 
3.17035 1 
-3.03911 1 
-0.362141 1 
0.339338 1 
0.215886 1 
-0.106887 1 
-0.176463 1 
-0.872817 1 
0.148708 1 
0.0815311 1 
-3.75 1 
-4 1 
3.37776 1 
-1.29366 1 
-1.39158 1 
-1.4895 1 
-1.65735 1 
-1.82521 1 
-2.03865 1 
-1.19085 1 
1.1529 1 
4 1 
-3.61257 1 
-2.44232 1 
-2.63254 1 
-3.47514 1 
1.05355 1 
-0.944558 1 
-1.08804 1 
1.45785 1 
1.64011 1 
1.95232 1 
-0.256641 1 
-0.00760052 1 
-0.650189 1 
-0.562547 1 
-0.750781 1 
3.68888 1 
0.509624 1 
0.979043 1 
2.82537 1 
2.39427 1 
3.05536 1 
-2.95518 1 
-0.342448 1 
-0.406324 1 
-0.303061 1 
0.277612 1 
0.603292 1 
-0.141675 1 
0.726146 1 
0.11512 1 
-0.487853 1 
0.182297 1 
0.401065 1 
3.48147 1 
3.27406 1 
-3.875 1 
-1.34262 1 
-1.57342 1 
-1.74128 1 
-1.93193 1 
-1.24226 1 
1.20023 1 
3.89629 1 
-2.14537 1 
-1.44054 1 
-2.7519 1 
-3.34105 1 
2.60501 1 
2.1767 1 
-2.34721 1 
-2.53743 1 
1.77345 1 
-0.203189 1 
-0.072099 1 
0.840176 1 
0.916197 1 
1.02872 1 
-0.908687 1 
-0.836947 1 
-1.0163 1 
1.10322 1 
1.29491 1 
0.0518205 1 
-1.13944 1 
-3.54386 1 
-3.68129 1 
-3.12303 1 
ZONE T="boundary2"
4 -0.213818 
4 -0.185634 
4 0.232139 
4 0.183533 
4 -0.653989 
4 -0.826995 
4 -0.543022 
4 -0.432056 
4 -1 
4 0.63248 
4 0.509973 
4 0.754986 
4 0.877493 
4 -0.0127677 
4 0.329351 
4 0.419662 
4 0.134928 
4 0.374506 
4 0.06108 
4 -0.242002 
4 -0.298371 
4 -0.365213 
4 1 
4 -0.0992006 
4 -0.142417 
4 -0.199726 
4 0.207836 
4 -0.740492 
4 -0.487539 
4 0.81624 
4 0.280745 
4 0.159231 
4 0.397084 
4 0.351928 
4 0.464817 
4 0.571226 
4 0.693733 
4 0.0980038 
4 -0.270187 
4 -0.331792 
4 -0.398634 
4 -0.598506 
4 -0.913497 
4 0.938747 
4 -0.120809 
4 -0.0559842 
4 0.0241562 
4 -0.164025 
4 -0.22791 
ZONE T="boundary3"
-1.96633 -1 
-1.71778 -1 
0.677534 -1 
1.4391 -1 
0.762225 -1 
0.569252 -1 
0.846916 -1 
-0.423675 -1 
0.0902573 -1 
0.159716 -1 
1.02382 -1 
0.935366 -1 
-0.0453692 -1 
0.0207988 -1 
0.426907 -1 
1.77973 -1 
1.95752 -1 
2.36639 -1 
2.59043 -1 
-3.5173 -1 
-3.34215 -1 
-3.16701 -1 
-2.59938 -1 
3.65876 -1 
4 -1 
2.81446 -1 
-1.47332 -1 
-2.40713 -1 
-2.21489 -1 
1.60193 -1 
2.16196 -1 
0.297947 -1 
0.228832 -1 
0.379458 -1 
0.338703 -1 
0.474355 -1 
-0.274112 -1 
-0.224258 -1 
-0.111537 -1 
-0.323967 -1 
-4 -1 
1.18617 -1 
1.31263 -1 
-0.832127 -1 
-0.731158 -1 
-0.934456 -1 
-0.630188 -1 
-1.14753 -1 
-1.03679 -1 
3.48815 -1 
-0.526932 -1 
1.52051 -1 
3.31753 -1 
3.19176 -1 
-2.88319 -1 
-1.25828 -1 
-1.3658 -1 
-2.74128 -1 
3.066 -1 
-1.59555 -1 
-3.63797 -1 
-3.75865 -1 
-1.84206 -1 
0.71988 -1 
0.623393 -1 
0.804571 -1 
0.124987 -1 
0.979591 -1 
-0.0122852 -1 
1.86862 -1 
2.47841 -1 
-3.25458 -1 
3.82938 -1 
-2.31101 -1 
2.26417 -1 
0.263389 -1 
0.359081 -1 
0.521803 -1 
0.318325 -1 
-0.249185 -1 
-0.167898 -1 
-0.373821 -1 
1.10499 -1 
1.2494 -1 
-0.781642 -1 
-0.680673 -1 
-1.09216 -1 
-0.985621 -1 
0.891141 -1 
-0.475304 -1 
-0.57856 -1 
1.56122 -1 
1.37586 -1 
-3.42972 -1 
3.40284 -1 
1.4798 -1 
3.57346 -1 
1.69083 -1 
3.25465 -1 
-3.0251 -1 
-1.31204 -1 
2.94023 -1 
-1.65667 -1 
2.70244 -1 
-2.09061 -1 
-1.20291 -1 
-1.53444 -1 
-3.87932 -1 
3.12888 -1 
-2.50325 -1 
0.450631 -1 
0.403183 -1 
-0.299039 -1 
-0.0784532 -1 
0.194274 -1 
0.0555281 -1 
-0.883292 -1 
-3.57764 -1 
-2.67033 -1 
-2.81224 -1 
-1.41956 -1 
-3.69831 -1 
2.05974 -1 
ZONE T="boundary4"
0.609865 0.142212 
-0.636727 0.0406055 
-0.635401 0.0614858 
-0.592068 0.191317 
-0.492888 0.284931 
-0.549784 0.242945 
-0.561715 0.230782 
-0.371497 0.326568 
0.619568 0.085382 
0.62012 0.0663728 
-0.628779 0.102702 
-0.623423 0.122775 
-0.333254 0.333132 
-0.632765 0.0822293 
-0.537258 0.25424 
0.541242 0.271241 
-0.608669 0.161119 
-0.61671 0.142288 
-0.600805 0.176544 
-0.582565 0.205325 
0.532012 0.281543 
0.512425 0.300588 
-0.523155 0.265417 
-0.508467 0.275572 
-0.476854 0.293274 
-0.460316 0.300711 
0.589619 0.195963 
-0.443454 0.307252 
0.552483 0.257279 
-0.426071 0.313055 
-0.408419 0.318119 
-0.390182 0.322611 
-0.313772 0.335914 
0.562998 0.242571 
-0.293249 0.338583 
-0.572422 0.218477 
-0.27273 0.341081 
-0.229545 0.346149 
-0.251109 0.343625 
0.617643 0.104543 
-0.109719 0.36191 
-0.0842754 0.36573 
-0.0573179 0.369885 
-0.159316 0.354917 
-0.183479 0.351763 
-0.206468 0.348907 
0.617202 0.0285962 
0.619321 0.0473858 
-0.636795 0.0196818 
0.604162 0.160566 
-0.635666 -0.00118896 
-0.35269 0.330015 
0.420156 0.358442 
0.444419 0.346947 
0.0542144 0.386447 
0.0827052 0.389967 
0.502096 0.309363 
0.464851 0.335502 
0.484691 0.32254 
0.282296 0.39355 
0.11096 0.392943 
0.13934 0.3953 
0.16764 0.39691 
0.368167 0.376904 
0.339961 0.384037 
0.224764 0.397454 
0.253516 0.396125 
0.394303 0.36857 
0.614414 0.123379 
0.570205 0.231437 
0.577051 0.219952 
0.613777 0.00983744 
0.597357 0.178553 
-0.13525 0.358226 
-0.0303871 0.374072 
0.311221 0.389562 
-0.00230738 0.378382 
0.025819 0.382536 
0.19606 0.39767 
-0.636225 0.0510562 
-0.555843 0.236954 
0.620013 0.0758819 
-0.626276 0.112785 
-0.630944 0.0924993 
-0.63425 0.0718791 
-0.612861 0.151776 
-0.596552 0.183999 
-0.587425 0.198394 
-0.543608 0.248688 
0.522436 0.291288 
-0.515893 0.270613 
-0.530299 0.259945 
-0.468636 0.297106 
0.536687 0.276445 
-0.451926 0.304087 
-0.500752 0.280374 
-0.417271 0.315675 
-0.399321 0.320445 
-0.434796 0.310252 
0.557842 0.249997 
-0.303513 0.337275 
-0.567159 0.224707 
-0.380855 0.32466 
-0.240325 0.344885 
0.618775 0.0949791 
-0.0969945 0.363805 
-0.0707951 0.367798 
-0.171394 0.35332 
-0.218004 0.347517 
0.618425 0.0379723 
0.607156 0.151433 
-0.323517 0.334559 
-0.362104 0.328349 
0.432389 0.352909 
0.0684517 0.388264 
0.507309 0.305032 
0.474885 0.329195 
-0.19497 0.350319 
0.153483 0.396204 
0.239145 0.396936 
0.381299 0.372939 
0.57368 0.225725 
0.612296 0.132833 
-0.577592 0.211977 
0.615647 0.0191878 
0.600891 0.169609 
0.61619 0.113988 
-0.484933 0.289221 
-0.282991 0.339847 
0.546965 0.264342 
-0.636376 0.00923897 
0.454729 0.341392 
0.566654 0.237038 
-0.261919 0.342359 
-0.122481 0.360048 
-0.0438528 0.371979 
0.493506 0.3161 
-0.147279 0.356551 
0.0968239 0.391526 
0.125142 0.394207 
0.26792 0.395001 
0.296783 0.391738 
0.407315 0.363725 
0.0117511 0.380486 
0.0400097 0.384533 
0.210411 0.397693 
0.354117 0.380683 
0.325628 0.386998 
-0.0163497 0.37624 
0.181846 0.397404 
-0.604858 0.168893 
-0.342979 0.331621 
-0.620242 0.132592 
0.593607 0.187311 
0.619889 0.0568718 
0.583556 0.208073 
-0.636914 0.0301448 
ZONE T="boundary5"
0.588686 -0.0630751 
0.580024 -0.0810381 
-0.614122 -0.103284 
-0.59017 -0.162041 
-0.456752 -0.346481 
-0.560318 -0.216931 
-0.549801 -0.233694 
-0.4114 -0.386206 
-0.625705 -0.0630211 
-0.630065 -0.0425716 
0.404638 -0.411325 
-0.606964 -0.123134 
-0.598936 -0.142791 
-0.57079 -0.199106 
-0.620378 -0.0832534 
-0.209991 -0.499668 
-0.234094 -0.490184 
-0.257028 -0.480277 
-0.279619 -0.469626 
-0.341401 -0.435493 
-0.321867 -0.447132 
-0.360548 -0.423249 
-0.0804104 -0.536078 
-0.160074 -0.516487 
0.570797 -0.098768 
-0.185586 -0.508351 
-0.527198 -0.266479 
-0.515047 -0.282419 
-0.501321 -0.299184 
-0.486999 -0.315466 
-0.633402 -0.0219584 
-0.538812 -0.250162 
-0.395518 -0.39854 
-0.378226 -0.411158 
-0.472141 -0.331223 
-0.426907 -0.37342 
0.394007 -0.423619 
0.373138 -0.444796 
-0.442037 -0.360171 
0.432636 -0.372793 
0.0646181 -0.550159 
0.0347434 -0.549582 
-0.0522735 -0.540984 
0.00534353 -0.547804 
-0.0240076 -0.544874 
0.251329 -0.519041 
0.219523 -0.529552 
0.125631 -0.547179 
0.0949343 -0.549409 
0.157076 -0.543223 
0.596449 -0.0451953 
0.28228 -0.505982 
0.327726 -0.480487 
0.352719 -0.462373 
0.312974 -0.489708 
-0.635666 -0.00118896 
0.424655 -0.3848 
0.414878 -0.398352 
0.45825 -0.327626 
0.447693 -0.347543 
0.468135 -0.307278 
-0.580681 -0.18097 
0.504615 -0.224137 
0.492222 -0.252419 
0.60912 -0.00871682 
0.603327 -0.0270118 
0.480402 -0.279985 
0.56098 -0.116733 
0.550957 -0.134658 
0.517826 -0.196325 
0.534041 -0.165191 
0.613777 0.00983744 
-0.300929 -0.458719 
-0.107458 -0.530383 
-0.134311 -0.523765 
0.187982 -0.537503 
0.584435 -0.0720947 
-0.555118 -0.225349 
-0.628009 -0.0528223 
-0.610649 -0.113247 
-0.60305 -0.133003 
-0.623159 -0.0731675 
-0.222082 -0.495026 
-0.268368 -0.475045 
-0.33168 -0.441389 
0.575467 -0.0899317 
-0.197824 -0.50411 
-0.50826 -0.290863 
-0.494231 -0.307388 
-0.631864 -0.0322857 
-0.53307 -0.258366 
-0.544366 -0.241967 
-0.38692 -0.404915 
-0.369433 -0.41727 
-0.479637 -0.323408 
-0.419201 -0.37987 
0.399391 -0.417532 
0.383797 -0.434432 
-0.521189 -0.274499 
-0.434521 -0.366852 
-0.46451 -0.338916 
0.0496788 -0.550029 
-0.0663632 -0.538656 
-0.00934518 -0.54648 
0.235528 -0.524601 
0.110298 -0.548485 
0.266941 -0.512835 
0.297815 -0.498202 
-0.449446 -0.353382 
0.419838 -0.391629 
0.409829 -0.404896 
0.453069 -0.337639 
0.428696 -0.378832 
-0.594646 -0.152457 
0.592666 -0.0541775 
0.320406 -0.485187 
0.463271 -0.317493 
0.498341 -0.238243 
0.606356 -0.0179064 
0.47436 -0.293674 
-0.351023 -0.429447 
0.555979 -0.1257 
0.565923 -0.107769 
0.600006 -0.036148 
-0.575811 -0.190078 
0.363099 -0.453786 
-0.634672 -0.0115883 
-0.565623 -0.208058 
0.542445 -0.149889 
-0.403504 -0.392431 
-0.585511 -0.171548 
-0.617361 -0.093303 
0.525798 -0.180683 
-0.245601 -0.485323 
-0.172864 -0.512526 
-0.311445 -0.453011 
0.440359 -0.360288 
-0.290318 -0.464258 
-0.0939581 -0.533346 
-0.120912 -0.527189 
0.0797818 -0.549957 
-0.0381575 -0.543057 
-0.147223 -0.520233 
0.0200356 -0.54884 
0.141382 -0.545419 
0.486333 -0.266212 
0.203821 -0.533796 
0.172573 -0.540595 
0.611595 0.000523037 
0.511098 -0.210169 
0.340422 -0.471708 
