ZONE T="boundary0"
-4 -1 
-4 0.0641227 
-4 -0.700143 
-4 0.159369 
-4 0.23183 
-4 0.304291 
-4 0.358531 
-4 0.533174 
-4 0.41277 
-4 1 
-4 0.826789 
-4 -0.0207607 
-4 -0.105644 
-4 0.653578 
-4 -0.204283 
-4 -0.522259 
-4 -0.307687 
-4 -0.272425 
-4 -0.171404 
-4 -0.237163 
-4 -0.342949 
-4 -0.378211 
-4 -0.450235 
-4 0.1956 
-4 0.331411 
-4 0.268061 
-4 0.472972 
-4 0.913395 
-4 -0.0632024 
-4 0.593376 
-4 -0.850071 
-4 0.38565 
-4 0.111746 
-4 0.740184 
-4 0.021681 
-4 -0.611201 
-4 -0.290056 
-4 -0.254794 
-4 -0.138524 
-4 -0.220723 
-4 -0.36058 
-4 -0.414223 
-4 -0.486247 
-4 -0.187844 
-4 -0.325318 
ZONE T="boundary1"
0.504426 1 
0.617428 1 
0.402044 1 
0.331777 1 
-4 1 
2.62469 1 
-0.461631 1 
-1.26352 1 
1.08065 1 
2.05044 1 
1.87835 1 
-1.54995 1 
4 1 
3.5381 1 
-1.83957 1 
-3.08869 1 
-2.84501 1 
-3.42672 1 
-2.03472 1 
-2.22987 1 
-2.4156 1 
-3.59574 1 
2.83203 1 
2.42361 1 
3.28873 1 
0.19674 1 
0.13197 1 
0.261511 1 
0.0240149 1 
-0.0391555 1 
-0.102326 1 
-0.16228 1 
-0.222235 1 
0.912551 1 
0.73043 1 
-0.290726 1 
-0.359217 1 
-0.564044 1 
-0.679277 1 
-3.76476 1 
0.851844 1 
1.32865 1 
1.18804 1 
0.973258 1 
-1.40674 1 
-1.15047 1 
3.03937 1 
2.22253 1 
-2.60133 1 
1.46927 1 
1.67381 1 
1.57154 1 
0.791137 1 
-0.79451 1 
-0.91596 1 
-1.03741 1 
0.560927 1 
0.366911 1 
1.96439 1 
3.76905 1 
-2.96685 1 
-3.25771 1 
-2.1323 1 
-3.51123 1 
2.52415 1 
0.164355 1 
0.453235 1 
0.296644 1 
0.0779922 1 
-0.132303 1 
-0.00757028 1 
-0.192258 1 
0.673929 1 
-0.324972 1 
-0.621661 1 
-0.410424 1 
-0.512838 1 
0.882197 1 
1.25835 1 
1.13434 1 
1.02695 1 
-1.47834 1 
-3.68025 1 
-3.88238 1 
-1.207 1 
-1.69476 1 
2.72836 1 
3.41342 1 
3.16405 1 
2.32307 1 
-2.50847 1 
-2.72317 1 
1.39896 1 
-2.32274 1 
2.13648 1 
-1.93715 1 
1.77608 1 
1.5204 1 
-0.0707406 1 
0.229126 1 
-0.256481 1 
0.82149 1 
0.760783 1 
0.942904 1 
-0.855235 1 
-0.736894 1 
2.9357 1 
-0.976685 1 
-1.09394 1 
1.62267 1 
-1.33513 1 
ZONE T="boundary2"
4 -1 
4 -0.139525 
4 -0.0104006 
4 0.198438 
4 0.280835 
4 0.368945 
4 0.804978 
4 0.122072 
4 0.451225 
4 0.410085 
4 0.0558359 
4 -0.252799 
4 -0.542132 
4 -0.839034 
4 -0.678068 
4 1 
4 0.530591 
4 0.609957 
4 -0.291148 
4 -0.406195 
4 -0.329497 
4 -0.196162 
4 -0.224481 
4 0.239637 
4 0.32489 
4 0.430655 
4 0.0227176 
4 -0.758551 
4 0.570274 
4 0.0889541 
4 0.707468 
4 0.389515 
4 0.160255 
4 -0.0749628 
4 -0.271974 
4 0.902489 
4 -0.919517 
4 -0.210321 
4 -0.367846 
4 -0.474163 
4 -0.6101 
4 0.490908 
4 -0.23864 
4 -0.167844 
4 -0.310323 
ZONE T="boundary3"
-4 -1 
-3.70582 -1 
-1.77335 -1 
-1.92752 -1 
3.52346 -1 
4 -1 
-1.41961 -1 
-1.48943 -1 
-0.0118985 -1 
0.230195 -1 
0.168404 -1 
-0.23285 -1 
-1.55924 -1 
-0.388672 -1 
3.23855 -1 
-0.637742 -1 
1.36344 -1 
1.51586 -1 
-1.26927 -1 
1.73224 -1 
1.94863 -1 
-3.51222 -1 
2.15543 -1 
2.84125 -1 
2.36223 -1 
-2.28206 -1 
-2.0817 -1 
-1.6663 -1 
-2.70692 -1 
-2.48243 -1 
-0.451977 -1 
-0.140333 -1 
-0.544859 -1 
-0.325366 -1 
-0.0761156 -1 
0.106614 -1 
0.0473575 -1 
-1.00887 -1 
-0.941126 -1 
-0.721687 -1 
0.289441 -1 
0.348686 -1 
0.467177 -1 
0.584722 -1 
-0.805633 -1 
0.702266 -1 
0.831056 -1 
0.959846 -1 
-1.17295 -1 
-1.07662 -1 
1.08543 -1 
1.21102 -1 
-3.31862 -1 
1.62405 -1 
-2.93142 -1 
2.60174 -1 
-3.85291 -1 
-1.85044 -1 
3.76173 -1 
-1.45452 -1 
0.1993 -1 
3.381 -1 
1.43965 -1 
1.84043 -1 
2.05203 -1 
3.0399 -1 
2.25883 -1 
-2.18188 -1 
-1.61277 -1 
-2.59468 -1 
-0.420324 -1 
-0.498418 -1 
-0.357019 -1 
-0.0440071 -1 
0.0177295 -1 
-0.974999 -1 
-0.679714 -1 
-0.279108 -1 
0.259818 -1 
0.407932 -1 
-0.591301 -1 
-0.76366 -1 
0.525949 -1 
0.643494 -1 
-1.34444 -1 
0.895451 -1 
-1.52433 -1 
-1.12478 -1 
1.02264 -1 
0.766661 -1 
1.28723 -1 
-1.22111 -1 
1.67815 -1 
-3.60902 -1 
-3.12502 -1 
2.48198 -1 
-2.38225 -1 
-2.81917 -1 
-1.71982 -1 
-0.873379 -1 
1.56996 -1 
-3.41542 -1 
-2.00461 -1 
2.7215 -1 
0.0769855 -1 
-0.186591 -1 
0.319063 -1 
-0.108224 -1 
0.137509 -1 
-1.04275 -1 
1.14823 -1 
ZONE T="boundary4"
-0.612273 0.0217868 
-0.56686 0.135371 
-0.515802 0.209363 
-0.0789071 0.46782 
-0.0523316 0.473819 
-0.589111 0.0909582 
0.647884 0.0183866 
0.647351 0.0329994 
0.543751 0.312471 
0.553156 0.298491 
0.512431 0.351328 
0.594464 0.218763 
0.584545 0.240765 
0.646122 0.0477507 
0.641686 0.0774123 
0.569985 0.269883 
-0.617133 -0.0016244 
-0.598238 0.0681703 
-0.605973 0.045074 
-0.578621 0.113404 
-0.553897 0.156833 
-0.439407 0.288879 
-0.456794 0.273085 
-0.541437 0.175454 
-0.204067 0.428368 
-0.528305 0.193454 
-0.50281 0.224867 
-0.488439 0.240989 
-0.42051 0.304771 
-0.401039 0.319948 
-0.473569 0.256638 
-0.381078 0.33441 
-0.36065 0.348199 
-0.318232 0.374011 
-0.296288 0.386047 
-0.274002 0.397445 
-0.339638 0.361431 
-0.251085 0.408356 
-0.227865 0.418624 
-0.155304 0.446013 
-0.130371 0.453891 
-0.180003 0.437455 
-0.0255873 0.47905 
0.00196303 0.483599 
-0.620554 -0.0251091 
0.647701 0.00377894 
0.533769 0.326016 
0.432271 0.417508 
0.208537 0.489401 
0.523367 0.338915 
0.461355 0.397553 
0.487799 0.375726 
0.0582492 0.49024 
0.086936 0.492232 
0.116714 0.493272 
0.146504 0.493227 
0.177558 0.491968 
0.605402 0.192778 
0.0296431 0.487313 
0.634903 0.107024 
0.615649 0.166525 
0.644225 0.062543 
0.626106 0.136701 
-0.104741 0.461214 
0.240164 0.485326 
0.272317 0.479538 
0.30485 0.471807 
0.337628 0.461864 
0.370039 0.449588 
0.401889 0.434745 
-0.0656409 0.470915 
0.647705 0.0256961 
0.548528 0.305531 
0.589576 0.229797 
0.646821 0.0403821 
0.561847 0.284349 
-0.614878 0.0101176 
0.577471 0.255427 
-0.602274 0.0566787 
-0.609296 0.0334771 
-0.572886 0.124466 
-0.560514 0.146183 
-0.448175 0.281064 
-0.593838 0.0796294 
-0.547765 0.166209 
-0.495688 0.232984 
-0.509365 0.217164 
-0.410843 0.312447 
-0.481068 0.248874 
-0.37092 0.341388 
-0.39112 0.327264 
-0.307304 0.38011 
-0.285186 0.391825 
-0.350196 0.354897 
-0.23951 0.413571 
-0.262582 0.402981 
-0.216 0.423578 
-0.142864 0.450038 
-0.167683 0.441819 
-0.0118291 0.481428 
-0.328982 0.367801 
-0.522119 0.201459 
-0.430034 0.296915 
-0.584022 0.102254 
-0.465259 0.264941 
-0.192066 0.432994 
0.538833 0.319298 
-0.61902 -0.0133411 
0.528638 0.332522 
0.447033 0.407851 
0.500395 0.36381 
0.47482 0.386934 
0.517967 0.345181 
0.0725844 0.491355 
0.131609 0.493388 
0.162038 0.492757 
-0.534959 0.184518 
0.600014 0.205805 
0.0157889 0.485562 
0.638553 0.0922777 
0.610618 0.179688 
0.647884 0.0110816 
0.645253 0.055157 
0.64303 0.0699904 
0.630712 0.121924 
-0.117581 0.457642 
-0.0389784 0.476531 
0.10182 0.492884 
-0.0918469 0.464608 
0.0439345 0.488892 
0.193062 0.490853 
0.224375 0.487552 
0.621035 0.151668 
0.256279 0.482643 
0.321319 0.4671 
0.353942 0.456012 
0.386108 0.442475 
0.417258 0.426439 
0.288639 0.475908 
ZONE T="boundary5"
-0.622292 -0.0955363 
-0.620073 -0.118913 
-0.62312 -0.0721071 
-0.597534 -0.211327 
-0.605183 -0.18843 
-0.616477 -0.14218 
-0.611508 -0.165367 
-0.514736 -0.351324 
-0.52805 -0.335608 
-0.403672 -0.438695 
-0.421939 -0.42846 
-0.288209 -0.476391 
-0.262167 -0.479324 
-0.314047 -0.471594 
-0.338084 -0.465352 
-0.361714 -0.457445 
0.642739 -0.0390337 
-0.382949 -0.448745 
-0.235442 -0.480445 
-0.129358 -0.46784 
-0.208604 -0.479736 
-0.50071 -0.366312 
-0.155519 -0.473285 
-0.181986 -0.477308 
-0.103482 -0.461142 
0.645132 -0.0249571 
0.646785 -0.0106844 
-0.486396 -0.380174 
-0.540909 -0.3188 
-0.471473 -0.393268 
-0.455847 -0.405655 
-0.439669 -0.41719 
-0.57823 -0.256753 
-0.554344 -0.299145 
-0.622545 -0.0486089 
-0.58858 -0.234066 
-0.0520809 -0.444568 
-0.077696 -0.453314 
-0.0263368 -0.434999 
0.0254428 -0.414262 
-0.00068254 -0.424899 
0.0515183 -0.403515 
0.133026 -0.371096 
0.0783737 -0.392525 
0.105247 -0.381787 
0.247482 -0.332195 
0.21821 -0.341444 
0.160858 -0.360886 
0.189517 -0.350917 
0.335181 -0.30509 
0.306009 -0.314245 
0.276703 -0.323216 
0.393016 -0.285034 
0.364241 -0.295443 
0.525145 -0.214789 
0.500891 -0.231604 
0.44865 -0.261051 
0.421117 -0.273683 
-0.620554 -0.0251091 
0.548311 -0.196142 
0.569248 -0.176305 
0.631101 -0.0800426 
0.635718 -0.0666109 
0.639596 -0.0529474 
0.647701 0.00377894 
-0.566635 -0.278768 
0.475156 -0.247121 
0.605451 -0.130952 
0.61974 -0.106 
0.588544 -0.154422 
-0.621355 -0.107241 
-0.62288 -0.0838278 
-0.601512 -0.19993 
-0.614158 -0.153809 
-0.618444 -0.130572 
-0.521489 -0.343548 
-0.412877 -0.433705 
-0.301171 -0.474225 
-0.349967 -0.461602 
-0.248814 -0.480117 
-0.222017 -0.480315 
-0.507816 -0.358905 
-0.142404 -0.470731 
-0.168724 -0.475486 
0.646052 -0.0178317 
-0.493637 -0.37333 
-0.393389 -0.443882 
-0.534585 -0.327285 
-0.463738 -0.39956 
-0.430882 -0.422947 
-0.479015 -0.386813 
-0.447832 -0.411526 
-0.623009 -0.0603537 
-0.58356 -0.24548 
-0.064855 -0.449039 
-0.0905517 -0.457351 
0.0123902 -0.419606 
-0.608506 -0.176942 
0.0649382 -0.398001 
0.119117 -0.376391 
0.232833 -0.33678 
0.0384816 -0.408891 
0.146921 -0.365934 
0.203847 -0.346127 
0.320609 -0.30971 
0.262087 -0.327688 
0.37867 -0.290352 
0.513158 -0.223399 
0.434963 -0.267541 
0.407126 -0.279505 
0.558989 -0.186445 
0.633502 -0.0733557 
0.64403 -0.0320114 
0.641262 -0.0460118 
0.647336 -0.00345866 
0.536907 -0.205688 
-0.326119 -0.46868 
-0.572594 -0.267845 
-0.275214 -0.478087 
-0.547766 -0.309068 
-0.372401 -0.453262 
-0.560635 -0.289044 
-0.593205 -0.222755 
-0.621726 -0.0368441 
-0.116382 -0.464636 
-0.195276 -0.478729 
-0.0391813 -0.439858 
0.0917961 -0.38712 
0.175166 -0.355841 
0.291359 -0.318741 
0.349737 -0.300344 
0.488142 -0.239559 
-0.0134907 -0.429998 
0.625771 -0.0931748 
0.612928 -0.118666 
0.597296 -0.142902 
0.579156 -0.165592 
0.462001 -0.254272 
0.637749 -0.0598081 
