ZONE T="boundary0"
-4 -0.547593 
-4 0.335923 
-4 0.442764 
-4 0.806973 
-4 0.613947 
-4 0.280348 
-4 0.119205 
-4 0.224773 
-4 0.057833 
-4 -0.0773877 
-4 -0.773797 
-4 -1 
-4 0.528355 
-4 -0.396936 
-4 -0.338661 
-4 -0.151237 
-4 -0.00353846 
-4 -0.248098 
-4 -0.280385 
-4 1 
-4 -0.215811 
-4 -0.183524 
-4 0.389343 
-4 0.71046 
-4 0.171989 
-4 -0.886898 
-4 0.485559 
-4 -0.367799 
-4 0.25256 
-4 0.308135 
-4 -0.0404631 
-4 -0.264242 
-4 -0.309523 
-4 0.0271473 
-4 0.0885188 
-4 -0.472265 
-4 0.903487 
-4 0.571151 
-4 -0.660695 
-4 -0.231955 
-4 -0.199668 
-4 -0.114312 
-4 -0.167381 
ZONE T="boundary1"
1.46579 1 
-1.37464 1 
0.0123709 1 
0.0685762 1 
0.607533 1 
-0.376587 1 
-0.303825 1 
1.11362 1 
-0.0525866 1 
-0.861798 1 
-0.920148 1 
4 1 
3.50455 1 
-1.73288 1 
-1.90067 1 
-2.64472 1 
-2.97323 1 
-3.38836 1 
3.75227 1 
2.99733 1 
3.37774 1 
-3.1116 1 
-3.24998 1 
2.48527 1 
2.67005 1 
1.67658 1 
-2.45871 1 
-2.2727 1 
-0.231063 1 
-0.47597 1 
-0.117544 1 
0.477743 1 
-0.575353 1 
-0.803448 1 
-0.174304 1 
-0.6894 1 
-1.15033 1 
-1.03524 1 
-1.26248 1 
0.795815 1 
0.347954 1 
0.236368 1 
-1.46986 1 
-1.56508 1 
-3.76337 1 
-4 1 
1.00268 1 
0.899246 1 
1.22457 1 
3.25094 1 
2.30049 1 
2.11246 1 
1.92444 1 
1.34518 1 
2.83369 1 
-3.52673 1 
-2.08669 1 
0.180575 1 
0.124782 1 
0.0404735 1 
-0.340206 1 
-0.890973 1 
-1.81678 1 
-2.80897 1 
3.87614 1 
-3.18079 1 
2.57766 1 
-3.04242 1 
-2.3657 1 
-2.55172 1 
-0.267444 1 
-0.426279 1 
-0.0850654 1 
0.542638 1 
-0.525662 1 
-0.0201079 1 
-1.09278 1 
-1.20641 1 
-0.832623 1 
-0.746424 1 
0.701674 1 
0.292161 1 
-1.51747 1 
-1.31856 1 
-3.88168 1 
1.05815 1 
0.84753 1 
1.1691 1 
3.31434 1 
2.20647 1 
1.80051 1 
1.57119 1 
1.28487 1 
3.62841 1 
3.44115 1 
3.12414 1 
2.39288 1 
2.01845 1 
-3.45755 1 
-3.31917 1 
2.91551 1 
2.75187 1 
-1.99368 1 
-0.145924 1 
-0.202683 1 
0.208471 1 
0.0966789 1 
-0.632377 1 
-0.977693 1 
0.412848 1 
-2.17969 1 
-1.42225 1 
0.950962 1 
-1.64898 1 
1.40549 1 
-3.64505 1 
0.152678 1 
ZONE T="boundary2"
4 0.081296 
4 0.146716 
4 0.313068 
4 0.573913 
4 0.365771 
4 0.418473 
4 1 
4 -0.67918 
4 0.262602 
4 0.496193 
4 0.00857146 
4 0.212137 
4 -0.171763 
4 -0.306384 
4 -0.273467 
4 -0.486619 
4 -0.41296 
4 -0.339301 
4 -0.24055 
4 -0.5829 
4 -1 
4 -0.83959 
4 -0.207633 
4 -0.135893 
4 -0.064153 
4 0.114006 
4 0.786957 
4 0.392122 
4 0.457333 
4 0.33942 
4 0.535053 
4 0.0449337 
4 0.179426 
4 0.237369 
4 -0.289926 
4 -0.44979 
4 -0.376131 
4 -0.257009 
4 -0.63104 
4 -0.534759 
4 -0.919795 
4 -0.759385 
4 -0.189698 
4 -0.224092 
4 -0.153828 
4 -0.100023 
4 -0.322843 
4 -0.0277908 
4 0.287835 
ZONE T="boundary3"
3.41193 -1 
0.14551 -1 
0.536147 -1 
0.393016 -1 
-0.928905 -1 
-0.839147 -1 
-0.730326 -1 
-0.0418727 -1 
0.203922 -1 
0.327675 -1 
1.78709 -1 
1.95966 -1 
-0.621506 -1 
-0.51365 -1 
-1.44527 -1 
-1.52434 -1 
-4 -1 
-1.86541 -1 
3.70596 -1 
3.55895 -1 
-1.73441 -1 
0.928929 -1 
-2.08009 -1 
-2.29477 -1 
3.14013 -1 
2.4698 -1 
1.62847 -1 
1.54916 -1 
-2.50026 -1 
-1.01866 -1 
-1.12578 -1 
-2.70575 -1 
-3.0667 -1 
0.08585 -1 
0.0261896 -1 
0.262334 -1 
0.464581 -1 
0.638525 -1 
-0.260824 -1 
-0.18538 -1 
0.740903 -1 
0.834916 -1 
-0.333309 -1 
-0.109935 -1 
4 -1 
1.06211 -1 
-3.75611 -1 
-3.51222 -1 
1.1287 -1 
1.19529 -1 
3.27603 -1 
1.46985 -1 
1.33257 -1 
2.86833 -1 
-2.88622 -1 
-1.23289 -1 
-1.33908 -1 
-1.6034 -1 
-3.28946 -1 
2.30101 -1 
2.66907 -1 
2.13222 -1 
-0.405794 -1 
-0.884026 -1 
-0.784737 -1 
1.87338 -1 
-0.567578 -1 
-1.4848 -1 
3.63246 -1 
-2.18743 -1 
-1.97275 -1 
1.58881 -1 
-2.39752 -1 
-1.07222 -1 
0.11568 -1 
0.0560198 -1 
0.233128 -1 
0.174716 -1 
0.295004 -1 
0.360345 -1 
0.428798 -1 
0.500364 -1 
0.587336 -1 
-0.223102 -1 
0.689714 -1 
0.881923 -1 
-0.297067 -1 
-0.00784157 -1 
-0.147657 -1 
0.787909 -1 
-0.973784 -1 
3.85298 -1 
0.995519 -1 
-3.63416 -1 
-0.675916 -1 
1.16199 -1 
3.34398 -1 
1.40121 -1 
3.00423 -1 
-2.603 -1 
-2.79598 -1 
-1.39217 -1 
-1.17933 -1 
-1.79991 -1 
-1.56387 -1 
-3.40084 -1 
2.56943 -1 
1.70778 -1 
2.21662 -1 
2.38541 -1 
-3.87805 -1 
-0.0759039 -1 
-0.459722 -1 
-0.369552 -1 
2.04594 -1 
-1.28598 -1 
3.48544 -1 
1.0954 -1 
1.26393 -1 
2.7687 -1 
3.20808 -1 
-3.17808 -1 
-2.97646 -1 
-1.6689 -1 
1.5095 -1 
ZONE T="boundary4"
-0.615733 0.118189 
-0.498386 0.358402 
0.425026 0.246078 
0.403661 0.258474 
-0.620224 0.071348 
0.607822 0.0952134 
0.59957 0.107548 
0.6156 0.0820619 
0.622649 0.0683887 
0.634126 0.0402705 
0.642203 0.0109943 
0.64494 -0.0039217 
0.638605 0.0257193 
-0.605386 0.165271 
-0.611284 0.141735 
-0.528001 0.322181 
-0.481465 0.376359 
-0.463686 0.39349 
-0.54038 0.304734 
-0.618717 0.0946806 
-0.598107 0.188635 
-0.580887 0.23205 
-0.589519 0.211775 
-0.57186 0.25101 
-0.562049 0.269557 
-0.5516 0.287376 
-0.269588 0.503783 
-0.244802 0.510219 
-0.445107 0.409739 
-0.425679 0.425131 
-0.384536 0.453038 
-0.362919 0.465439 
-0.340445 0.47684 
-0.317474 0.48702 
-0.293714 0.496068 
-0.405543 0.439536 
-0.219811 0.515224 
-0.168687 0.520926 
-0.142946 0.521517 
-0.0909873 0.518042 
-0.194268 0.518828 
0.0381524 0.481606 
-0.513623 0.340623 
0.450757 0.230946 
0.360642 0.283405 
0.382163 0.270904 
0.339072 0.296106 
0.581831 0.130104 
0.552545 0.159745 
0.572466 0.140414 
0.503294 0.197863 
0.5295 0.178896 
0.0895631 0.456061 
0.0635438 0.469731 
-0.0648971 0.513913 
0.115256 0.441213 
0.141876 0.424645 
0.285872 0.328769 
0.312429 0.312185 
0.224748 0.369057 
0.25521 0.348652 
0.647867 -0.0340784 
0.646816 -0.0189055 
0.628785 0.0545453 
-0.116855 0.520556 
-0.618884 0.0254619 
-0.0391564 0.508251 
-0.0132058 0.500924 
0.0122862 0.492134 
0.168245 0.407352 
0.59072 0.119372 
0.196512 0.388258 
0.476163 0.215496 
-0.620272 0.0482465 
0.414351 0.252283 
0.603779 0.101437 
0.619224 0.0752781 
0.643679 0.00355662 
-0.608505 0.153546 
-0.472678 0.385032 
-0.617405 0.106458 
-0.619652 0.0830269 
-0.613684 0.129996 
-0.601907 0.177004 
-0.585312 0.22196 
-0.567055 0.260337 
-0.556921 0.278524 
-0.257239 0.507175 
-0.490033 0.367483 
-0.454494 0.401728 
-0.435486 0.417555 
-0.373805 0.459376 
-0.329025 0.482082 
-0.305653 0.491705 
-0.415698 0.432458 
-0.534285 0.313526 
-0.232341 0.512899 
-0.155822 0.521412 
-0.520919 0.331487 
-0.546083 0.296116 
0.437912 0.238541 
-0.395123 0.44642 
-0.181493 0.520064 
0.392915 0.264687 
-0.593962 0.200261 
0.349848 0.289732 
0.3714 0.277142 
0.562697 0.150283 
0.516537 0.188579 
-0.506107 0.349601 
0.0766233 0.463042 
0.0509137 0.475825 
0.128621 0.433027 
0.299122 0.32042 
0.239949 0.358811 
0.270506 0.338638 
0.325729 0.304095 
0.611805 0.0886942 
0.640512 0.0183838 
0.647445 -0.0264843 
0.631561 0.0474485 
0.636473 0.0330289 
0.625818 0.0615129 
0.645983 -0.0113999 
-0.207065 0.517212 
-0.351754 0.471286 
-0.129895 0.521233 
-0.103904 0.519493 
-0.281702 0.500091 
-0.0779138 0.516175 
-0.0519886 0.511272 
0.102472 0.448757 
-0.00040386 0.496707 
0.025284 0.487045 
0.155097 0.416062 
0.586336 0.124792 
-0.0261321 0.504777 
0.210627 0.378649 
0.489816 0.206816 
0.182397 0.397837 
-0.57647 0.241577 
-0.619758 0.0368442 
-0.62043 0.0597986 
0.4635 0.223286 
0.595221 0.113518 
0.577206 0.135311 
0.541193 0.169533 
ZONE T="boundary5"
-0.222647 -0.392113 
-0.245899 -0.382559 
-0.547252 -0.160602 
-0.560082 -0.141781 
-0.268935 -0.372482 
-0.57176 -0.122502 
-0.616092 0.00303223 
0.648103 -0.049296 
0.619908 -0.185563 
0.630151 -0.155338 
-0.533209 -0.179092 
-0.599639 -0.0617809 
-0.591578 -0.0824794 
-0.198297 -0.401491 
-0.17373 -0.410326 
-0.290344 -0.362536 
-0.31153 -0.352098 
-0.0185728 -0.452309 
-0.0714275 -0.440657 
-0.148547 -0.418748 
-0.0973881 -0.433931 
-0.123163 -0.426603 
-0.0450867 -0.446808 
-0.473878 -0.242231 
-0.488884 -0.227957 
-0.430511 -0.278608 
-0.503414 -0.213182 
-0.518337 -0.196843 
-0.445144 -0.267095 
0.442437 -0.405436 
0.413946 -0.420021 
-0.330806 -0.342036 
-0.349849 -0.331514 
-0.36714 -0.321402 
-0.400005 -0.300478 
-0.415547 -0.289669 
-0.384186 -0.310852 
0.644279 -0.0949074 
0.641626 -0.110075 
0.601517 -0.230197 
0.611121 -0.208055 
0.4829 -0.379439 
0.4697 -0.388701 
0.63835 -0.12523 
0.531223 -0.336992 
-0.459699 -0.25489 
0.147952 -0.470187 
0.119454 -0.469283 
0.063224 -0.464804 
0.0910251 -0.467454 
0.0084088 -0.457186 
0.0355396 -0.461346 
0.265272 -0.462954 
-0.582274 -0.102726 
0.177093 -0.470102 
0.235644 -0.466594 
0.20623 -0.468938 
0.355191 -0.442711 
0.325341 -0.451133 
0.384796 -0.432392 
0.579556 -0.272762 
0.495695 -0.369621 
0.519803 -0.348466 
0.507984 -0.359311 
0.561887 -0.299924 
0.5421 -0.325007 
0.552283 -0.31269 
0.647558 -0.0645008 
0.646273 -0.0796868 
0.57103 -0.286538 
0.587352 -0.258893 
-0.606433 -0.0406194 
-0.611929 -0.019009 
0.647867 -0.0340784 
-0.618884 0.0254619 
0.295342 -0.45783 
-0.2343 -0.3874 
-0.55379 -0.151276 
0.625239 -0.170522 
-0.595764 -0.0721902 
-0.186038 -0.405976 
-0.257446 -0.377586 
-0.300967 -0.357379 
-0.161163 -0.414608 
-0.110297 -0.430342 
-0.481439 -0.235155 
-0.510957 -0.205087 
0.428328 -0.412995 
-0.340359 -0.336834 
-0.407814 -0.295129 
-0.375697 -0.316183 
-0.437871 -0.272908 
-0.321197 -0.347122 
0.64303 -0.102505 
0.476349 -0.38414 
0.615619 -0.196851 
0.606422 -0.219172 
-0.525874 -0.188053 
-0.540346 -0.169935 
-0.466836 -0.248615 
-0.392129 -0.305717 
-0.566053 -0.132221 
0.133699 -0.469854 
0.0771139 -0.466232 
-0.358525 -0.326511 
0.0493687 -0.463174 
-0.496212 -0.220632 
-0.00509892 -0.454836 
-0.587075 -0.0926705 
0.220949 -0.467917 
0.191667 -0.469659 
0.340327 -0.447137 
0.370075 -0.437785 
0.456236 -0.397341 
0.513954 -0.353955 
0.525579 -0.342795 
0.489351 -0.374599 
0.399477 -0.426457 
0.536731 -0.331062 
0.547262 -0.318907 
0.647005 -0.0721011 
-0.279667 -0.367569 
0.557158 -0.306362 
0.566535 -0.293284 
0.583523 -0.265866 
0.575369 -0.279697 
0.594663 -0.244658 
0.501896 -0.364534 
-0.452469 -0.26105 
0.6345 -0.140351 
0.64536 -0.0873079 
-0.609349 -0.0298563 
-0.614183 -0.00802029 
0.64006 -0.117668 
0.647926 -0.0569014 
0.648085 -0.0416851 
-0.210499 -0.39687 
-0.617665 0.0142259 
-0.0318479 -0.449642 
-0.0582767 -0.443813 
0.162523 -0.470276 
0.310386 -0.45468 
0.280338 -0.460575 
-0.135878 -0.422748 
0.0219592 -0.459358 
-0.0844286 -0.437371 
0.250478 -0.464939 
0.105232 -0.468482 
-0.577158 -0.112688 
-0.603198 -0.0512515 
-0.423069 -0.284194 
