ZONE T="boundary0"
-4 -1 
-4 -0.677666 
-4 -0.190481 
-4 -0.132891 
-4 0.623566 
-4 0.419585 
-4 1 
-4 0.811783 
-4 -0.226408 
-4 0.107123 
-4 -0.337848 
-4 -0.0158085 
-4 -0.0753009 
-4 -0.545514 
-4 0.0436838 
-4 0.225997 
-4 0.253714 
-4 0.350508 
-4 0.385046 
-4 0.281431 
-4 0.521575 
-4 0.31597 
-4 0.170562 
-4 -0.300092 
-4 -0.262335 
-4 -0.413361 
-4 -0.838833 
-4 -0.161686 
-4 0.905891 
-4 -0.208444 
-4 -0.0455547 
-4 -0.61159 
-4 0.0754035 
-4 0.239856 
-4 0.367777 
-4 0.57257 
-4 0.717674 
-4 0.267573 
-4 0.333239 
-4 0.402315 
-4 0.47058 
-4 0.19828 
-4 -0.31897 
-4 -0.281214 
-4 -0.375605 
-4 -0.479437 
-4 0.298701 
-4 0.138843 
-4 -0.104096 
-4 0.0139377 
-4 -0.244372 
ZONE T="boundary1"
-3.80848 1 
-4 1 
1.62758 1 
1.39097 1 
1.80214 1 
1.9767 1 
3.70721 1 
0.615046 1 
-0.0388601 1 
-1.43727 1 
-1.51124 1 
-1.25863 1 
3.41442 1 
3.20798 1 
-0.581591 1 
2.28082 1 
2.12876 1 
-3.61696 1 
2.49948 1 
-3.00218 1 
-1.66385 1 
-2.03574 1 
-3.24043 1 
-2.50947 1 
3.00154 1 
0.176796 1 
-0.10729 1 
-0.265579 1 
-0.186434 1 
0.103183 1 
0.0295696 1 
0.324744 1 
0.252401 1 
0.397088 1 
-0.469333 1 
-0.316518 1 
0.506067 1 
0.76806 1 
0.971799 1 
-0.693849 1 
-0.922083 1 
-1.03803 1 
-0.807966 1 
-1.81647 1 
-1.3633 1 
-1.15397 1 
1.29419 1 
1.19742 1 
-3.4287 1 
3.56081 1 
2.85984 1 
2.71814 1 
4 1 
-2.25502 1 
-2.76393 1 
1.08461 1 
-0.367456 1 
-3.90424 1 
1.50927 1 
1.71486 1 
1.88942 1 
-1.47425 1 
3.3112 1 
2.20479 1 
2.39015 1 
2.05273 1 
-1.58754 1 
-0.0730749 1 
-0.226007 1 
0.0663762 1 
0.214598 1 
-0.00464523 1 
0.360916 1 
0.139989 1 
0.288573 1 
0.451577 1 
0.691553 1 
0.560556 1 
0.869929 1 
-0.525462 1 
-0.63772 1 
-0.980055 1 
-0.865024 1 
-0.750907 1 
-1.40028 1 
-1.2063 1 
-1.31096 1 
-1.096 1 
1.24581 1 
-1.92611 1 
-3.33457 1 
3.63401 1 
3.10476 1 
3.48761 1 
-1.74016 1 
2.60881 1 
-3.71272 1 
3.8536 1 
-3.52283 1 
-2.14538 1 
2.78899 1 
-3.12131 1 
2.93069 1 
-2.38224 1 
-2.6367 1 
-0.146862 1 
-0.341987 1 
-0.291048 1 
1.0282 1 
-0.418394 1 
1.14101 1 
1.34258 1 
-2.88306 1 
ZONE T="boundary2"
4 -0.300688 
4 -0.556091 
4 -0.372456 
4 -0.227001 
4 0.178638 
4 0.612686 
4 -0.153255 
4 -0.0548861 
4 -0.444225 
4 0.213577 
4 -1 
4 -0.833979 
4 0.75 
4 0.0738199 
4 0.143699 
4 -0.667957 
4 1 
4 0.266504 
4 0.358416 
4 0.397401 
4 0.319431 
4 0.475371 
4 -0.336572 
4 -0.263844 
4 -0.190128 
4 -0.10407 
4 0.196108 
4 -0.916989 
4 0.00946694 
4 -0.750968 
4 0.681343 
4 0.875 
4 0.108759 
4 0.161168 
4 0.240041 
4 0.377908 
4 0.292967 
4 -0.408341 
4 -0.500158 
4 0.436386 
4 0.544028 
4 -0.612024 
4 0.338923 
ZONE T="boundary3"
-4 -1 
-0.106124 -1 
-0.0448052 -1 
1.06398 -1 
1.18738 -1 
0.0165136 -1 
-0.486418 -1 
-3.39517 -1 
-3.19356 -1 
-1.14695 -1 
-1.0363 -1 
-2.04349 -1 
3.84149 -1 
4 -1 
2.57018 -1 
2.16063 -1 
2.3654 -1 
-3.59678 -1 
-2.55944 -1 
2.97517 -1 
3.36594 -1 
2.77268 -1 
-0.570548 -1 
-0.402288 -1 
-0.247283 -1 
-0.324785 -1 
-0.176703 -1 
0.162211 -1 
0.0893623 -1 
0.26704 -1 
0.371868 -1 
-0.68098 -1 
0.490114 -1 
0.719503 -1 
0.830647 -1 
-0.791412 -1 
-1.3457 -1 
-1.43382 -1 
0.947315 -1 
-0.913855 -1 
0.608359 -1 
1.31077 -1 
1.54511 -1 
1.42794 -1 
1.67378 -1 
1.80246 -1 
3.68297 -1 
-1.61004 -1 
-1.76721 -1 
-1.92439 -1 
-2.95582 -1 
-2.4008 -1 
-2.16259 -1 
-2.71809 -1 
1.98154 -1 
-1.25759 -1 
-0.0754646 -1 
1.12568 -1 
-3.29436 -1 
-1.09162 -1 
3.92074 -1 
2.26302 -1 
-3.79839 -1 
3.17056 -1 
2.46779 -1 
2.87392 -1 
-0.528483 -1 
-0.286034 -1 
-0.141414 -1 
0.0529379 -1 
0.214625 -1 
-0.0141458 -1 
-0.444353 -1 
-0.363537 -1 
0.775075 -1 
-1.38976 -1 
0.888981 -1 
-0.625764 -1 
-0.736196 -1 
-0.852633 -1 
0.549237 -1 
1.24907 -1 
1.48652 -1 
1.36936 -1 
1.60944 -1 
1.73812 -1 
3.76223 -1 
-1.68863 -1 
-1.52193 -1 
-1.98394 -1 
-3.07469 -1 
-2.2817 -1 
-3.49597 -1 
3.52446 -1 
-2.63877 -1 
-2.83696 -1 
-2.48012 -1 
1.892 -1 
2.07109 -1 
2.67143 -1 
-1.30165 -1 
0.125787 -1 
-0.211993 -1 
0.319454 -1 
0.430991 -1 
-0.975077 -1 
-2.10304 -1 
-1.8458 -1 
0.663931 -1 
1.00565 -1 
-1.20227 -1 
ZONE T="boundary4"
-0.353282 0.386032 
-0.313827 0.410127 
-0.629841 -0.0196258 
0.535868 0.285393 
0.544068 0.26877 
0.52715 0.301706 
0.518058 0.31732 
-0.626513 0.00269817 
-0.621996 0.0250251 
-0.616297 0.0472962 
-0.60943 0.069448 
0.638664 -0.0128752 
0.637487 0.00426414 
0.508402 0.332502 
-0.601431 0.0913948 
-0.592335 0.113077 
-0.571136 0.155286 
-0.582218 0.134384 
-0.560845 0.172981 
-0.549947 0.190317 
-0.538969 0.206612 
-0.408421 0.346253 
-0.425742 0.331999 
0.635357 0.0213422 
-0.489346 0.269871 
-0.503364 0.25351 
-0.474758 0.285741 
-0.458951 0.301745 
-0.44258 0.317181 
-0.372255 0.373218 
-0.333924 0.398263 
0.571785 0.205975 
-0.390551 0.360019 
-0.228211 0.452372 
-0.250636 0.442504 
-0.2055 0.461577 
-0.181777 0.470384 
-0.293381 0.421387 
-0.1578 0.478485 
-0.13268 0.486144 
-0.107341 0.493041 
-0.515658 0.238215 
-0.527525 0.222581 
0.592034 0.1584 
0.558204 0.237506 
0.384009 0.451427 
0.330234 0.478472 
0.581959 0.18219 
0.357475 0.465966 
0.499163 0.345831 
0.451282 0.400642 
0.470583 0.381007 
0.48945 0.358733 
0.430848 0.418617 
0.0324976 0.516963 
0.093851 0.519994 
0.0624701 0.519028 
0.187993 0.514948 
-0.0257391 0.509855 
0.217867 0.510556 
0.303179 0.488815 
0.6323 0.0385294 
0.628388 0.0557104 
-0.272167 0.43226 
0.605809 0.124481 
-0.0807302 0.499415 
-0.0539393 0.504956 
0.00259366 0.513819 
0.408969 0.435228 
0.247442 0.504676 
0.275864 0.49743 
0.618268 0.0901661 
0.125207 0.519688 
0.156699 0.518031 
0.623652 0.0730289 
0.54003 0.277113 
0.53158 0.293588 
0.522677 0.309557 
-0.624398 0.0138896 
-0.613001 0.0584139 
0.638198 -0.00429706 
-0.59701 0.102289 
-0.57679 0.144894 
-0.555468 0.181694 
-0.566069 0.164179 
-0.544519 0.198505 
-0.41714 0.339197 
-0.619287 0.0361958 
-0.496425 0.26175 
-0.466927 0.293814 
-0.450833 0.309534 
-0.482122 0.27787 
-0.323921 0.404271 
-0.343649 0.39222 
-0.362818 0.379698 
-0.399541 0.353208 
-0.23946 0.447521 
-0.216889 0.457058 
-0.193671 0.466069 
-0.303646 0.415833 
-0.169819 0.474523 
-0.587397 0.123787 
-0.509566 0.245906 
-0.521644 0.230438 
0.636537 0.0128174 
-0.533303 0.214637 
0.551263 0.253198 
0.576877 0.194083 
0.370875 0.45894 
0.343962 0.472452 
0.513306 0.324961 
0.46111 0.391002 
0.49437 0.352331 
0.503846 0.339212 
0.0781571 0.519666 
-0.628322 -0.00844336 
0.202958 0.512933 
0.587016 0.170301 
0.633936 0.0299547 
0.630442 0.0471417 
0.480224 0.370049 
-0.261439 0.437461 
-0.381455 0.36669 
-0.145269 0.48241 
-0.120036 0.489688 
-0.605563 0.0804691 
-0.434223 0.32466 
0.599031 0.14148 
-0.282814 0.426903 
-0.0940601 0.496332 
-0.067356 0.50229 
-0.0115885 0.511954 
0.396641 0.443564 
0.420056 0.42712 
0.0175326 0.515524 
0.0474755 0.518132 
0.232694 0.507808 
0.261704 0.501247 
0.565018 0.221749 
0.612255 0.107398 
-0.0398588 0.507521 
0.441226 0.409815 
0.109532 0.520004 
0.172366 0.516674 
0.316787 0.483853 
0.289584 0.493318 
0.626108 0.0643942 
0.140964 0.519034 
0.621034 0.0816196 
ZONE T="boundary5"
-0.443689 -0.389107 
-0.531761 -0.330347 
-0.628641 -0.129905 
-0.63126 -0.108129 
-0.629841 -0.0196258 
-0.613564 -0.193959 
-0.606181 -0.214597 
-0.567634 -0.287776 
-0.544285 -0.317248 
0.636103 -0.0634507 
-0.62482 -0.151504 
-0.619793 -0.172876 
0.421993 -0.312318 
-0.323489 -0.41243 
-0.345309 -0.411613 
-0.366968 -0.40949 
0.449289 -0.300591 
-0.425638 -0.395956 
-0.387229 -0.406188 
-0.407246 -0.401547 
-0.277656 -0.410491 
-0.300638 -0.412026 
-0.20549 -0.400341 
0.624285 -0.112229 
-0.253943 -0.407912 
-0.556078 -0.303298 
-0.18089 -0.395758 
0.597011 -0.169453 
0.604555 -0.156539 
-0.505337 -0.353334 
-0.518853 -0.342288 
-0.491035 -0.363606 
0.611487 -0.14316 
0.618323 -0.127958 
0.435739 -0.306709 
-0.460167 -0.38156 
0.629219 -0.0963132 
0.637983 -0.0467687 
0.638835 -0.0299086 
-0.129889 -0.385794 
-0.155404 -0.390787 
-0.476224 -0.372888 
-0.0490668 -0.371657 
-0.076702 -0.376066 
-0.57829 -0.271429 
-0.632687 -0.0861989 
0.638664 -0.0128752 
-0.597726 -0.234617 
0.3701 -0.328946 
0.49376 -0.275575 
0.51438 -0.260789 
-0.103292 -0.380762 
-0.0214886 -0.36781 
0.0359372 -0.36162 
0.0072804 -0.364409 
0.0653905 -0.359309 
0.124996 -0.355867 
0.0947218 -0.357457 
0.155219 -0.354425 
0.186423 -0.352874 
-0.588515 -0.253394 
0.345849 -0.33468 
0.394151 -0.322055 
0.313552 -0.340716 
0.471848 -0.28894 
0.534138 -0.244244 
0.550899 -0.228109 
0.566839 -0.210652 
-0.631978 -0.0419079 
-0.632927 -0.0641054 
0.574905 -0.200864 
0.582607 -0.190784 
0.633182 -0.0799773 
-0.23008 -0.404497 
0.249387 -0.348567 
0.281159 -0.345261 
0.217601 -0.351024 
-0.6301 -0.119037 
-0.610016 -0.204331 
-0.538123 -0.323894 
-0.622456 -0.162227 
-0.626881 -0.140733 
-0.35616 -0.410722 
-0.377129 -0.408001 
-0.416491 -0.398903 
-0.434724 -0.392685 
-0.289143 -0.411389 
-0.265791 -0.409315 
-0.550287 -0.310363 
-0.51218 -0.347915 
0.615018 -0.135609 
-0.561977 -0.295629 
-0.498267 -0.358583 
-0.525397 -0.336416 
0.428891 -0.309575 
-0.45199 -0.385467 
0.626875 -0.104309 
0.638538 -0.0383449 
-0.142647 -0.388281 
-0.168143 -0.393287 
-0.483703 -0.368364 
-0.0628905 -0.373797 
-0.573087 -0.279686 
-0.632123 -0.0971754 
0.504208 -0.268375 
-0.116594 -0.383245 
-0.0352824 -0.369663 
0.0216075 -0.362943 
0.109857 -0.356632 
0.080057 -0.358335 
0.140108 -0.35514 
0.170821 -0.353672 
-0.583542 -0.262493 
0.358004 -0.331947 
0.408149 -0.317415 
0.382166 -0.32565 
0.329735 -0.3379 
0.442542 -0.303714 
0.460667 -0.294958 
0.542647 -0.236312 
0.559011 -0.219511 
-0.631056 -0.0307541 
0.570917 -0.205794 
0.590023 -0.180263 
0.608108 -0.149894 
0.600863 -0.163042 
-0.468268 -0.377356 
0.638876 -0.0213905 
0.631329 -0.0881761 
0.634772 -0.0717366 
-0.217777 -0.402485 
0.621425 -0.120139 
0.637173 -0.0551241 
-0.193184 -0.398088 
0.482926 -0.282459 
-0.632956 -0.0751553 
-0.616826 -0.183463 
-0.632601 -0.0530018 
0.265282 -0.347038 
-0.242003 -0.406293 
0.0506622 -0.3604 
-0.0900019 -0.378365 
-0.00711072 -0.366032 
0.202014 -0.352002 
0.233499 -0.349884 
-0.39728 -0.404038 
-0.334409 -0.412178 
-0.593255 -0.244073 
-0.602093 -0.224668 
-0.312066 -0.412379 
0.524413 -0.252701 
0.297375 -0.343154 
0.578802 -0.195861 
