ZONE T="boundary0"
-4 -0.660695 
-4 -0.469244 
-4 0.141303 
-4 0.646266 
-4 0.335923 
-4 -0.211453 
-4 -0.564969 
-4 -0.830347 
-4 1 
-4 0.823133 
-4 0.0319576 
-4 0.224773 
-4 0.25256 
-4 -0.342137 
-4 0.384031 
-4 0.539203 
-4 -0.264373 
-4 -0.290294 
-4 -0.238452 
-4 -0.0492492 
-4 -0.184454 
-4 -0.130456 
-4 0.280348 
-4 0.432139 
-4 -1 
-4 -0.0898526 
-4 0.183038 
-4 0.911567 
-4 0.0866302 
-4 0.238666 
-4 0.359977 
-4 0.592734 
-4 -0.40569 
-4 -0.277334 
-4 -0.157455 
-4 -0.00864582 
-4 -0.612832 
-4 -0.517106 
-4 0.7347 
-4 -0.915174 
-4 -0.745521 
-4 -0.224952 
-4 -0.197953 
-4 -0.0695509 
-4 -0.110154 
-4 -0.316216 
-4 -0.251412 
-4 0.203905 
-4 0.266454 
-4 0.308135 
-4 0.408085 
-4 0.16217 
-4 0.485671 
ZONE T="boundary1"
-3.52673 1 
-3.24998 1 
3.81421 1 
-0.113445 1 
-1.03524 1 
-1.14886 1 
0.615566 1 
-0.176255 1 
0.117498 1 
0.0685762 1 
0.264264 1 
0.16642 1 
-1.46986 1 
3.25094 1 
0.477743 1 
0.371004 1 
-1.36617 1 
-1.60137 1 
-1.90978 1 
3.04232 1 
-3.76337 1 
-2.2727 1 
-2.45871 1 
1.51741 1 
1.42803 1 
2.48527 1 
2.83369 1 
2.11246 1 
2.29887 1 
-2.97323 1 
-2.71597 1 
-4 1 
-0.389898 1 
-0.239065 1 
-0.314481 1 
-0.486292 1 
-0.582685 1 
0.0230709 1 
-0.0224345 1 
-0.722242 1 
-0.948518 1 
-0.861798 1 
-0.652463 1 
-1.26248 1 
4 1 
3.62841 1 
0.753389 1 
-1.73288 1 
3.43968 1 
1.11792 1 
1.00643 1 
-2.08669 1 
1.60679 1 
1.78555 1 
0.879912 1 
1.2294 1 
1.32872 1 
1.94901 1 
-3.38836 1 
-1.09205 1 
-0.14485 1 
0.0930372 1 
0.215342 1 
0.317634 1 
-3.64505 1 
-2.3657 1 
1.47272 1 
2.65948 1 
2.20566 1 
2.938 1 
3.14663 1 
2.39207 1 
-0.276773 1 
-0.20766 1 
-0.35219 1 
-0.534489 1 
0.141959 1 
0.000318205 1 
0.0458236 1 
-0.0679398 1 
0.424373 1 
-0.991878 1 
-0.79202 1 
-0.617574 1 
-1.20567 1 
-1.41802 1 
0.546655 1 
-1.53561 1 
-1.31433 1 
-1.66712 1 
3.9071 1 
3.53404 1 
3.72131 1 
1.06218 1 
-1.99823 1 
0.684478 1 
0.816651 1 
-1.82133 1 
1.27906 1 
1.5621 1 
1.69617 1 
-2.17969 1 
-2.8446 1 
2.03073 1 
-2.58734 1 
-3.1116 1 
3.34531 1 
-3.88168 1 
1.86728 1 
-0.438095 1 
-0.687352 1 
-0.905158 1 
1.17366 1 
0.943173 1 
1.37837 1 
ZONE T="boundary2"
4 -0.5829 
4 -0.339301 
4 -0.273467 
4 -0.207633 
4 0.146716 
4 0.233631 
4 0.261013 
4 0.288395 
4 0.430982 
4 0.365771 
4 -0.135647 
4 0.811073 
4 0.622145 
4 -0.67918 
4 -1 
4 -0.83959 
4 0.327083 
4 0.094122 
4 0.526564 
4 0.0415277 
4 -0.0470597 
4 -0.41296 
4 1 
4 -0.759385 
4 -0.486619 
4 -0.306384 
4 0.190174 
4 0.274704 
4 0.398376 
4 -0.17164 
4 0.716609 
4 -0.919795 
4 0.346427 
4 0.120419 
4 -0.24055 
4 0.574354 
4 -0.00276599 
4 0.478773 
4 0.0678248 
4 -0.0913534 
4 0.905536 
4 -0.799488 
4 0.247322 
4 -0.376131 
4 -0.44979 
4 -0.534759 
4 -0.63104 
4 -0.719283 
4 0.307739 
ZONE T="boundary3"
-1.62937 -1 
-1.52434 -1 
-1.73441 -1 
-1.90725 -1 
-0.405794 -1 
-0.295587 -1 
0.454393 -1 
-0.910804 -1 
-0.839147 -1 
-0.51365 -1 
-3.75611 -1 
-3.51222 -1 
1.95966 -1 
4 -1 
2.4698 -1 
-1.45136 -1 
-0.982462 -1 
-2.29018 -1 
-2.50026 -1 
2.21473 -1 
2.66907 -1 
3.07218 -1 
3.27603 -1 
-3.0667 -1 
-3.28946 -1 
-2.78348 -1 
0.0834373 -1 
0.144886 -1 
0.221677 -1 
0.298469 -1 
-0.204607 -1 
0.0219886 -1 
-0.0458188 -1 
-0.730326 -1 
0.546459 -1 
0.73672 -1 
0.834916 -1 
0.931865 -1 
1.02881 -1 
-0.113626 -1 
-0.621506 -1 
0.638525 -1 
1.23063 -1 
1.44086 -1 
1.33575 -1 
1.12972 -1 
-1.10744 -1 
3.63801 -1 
-4 -1 
1.81389 -1 
1.55449 -1 
3.45702 -1 
-1.37838 -1 
-1.23243 -1 
2.86833 -1 
-2.08009 -1 
3.81901 -1 
1.66813 -1 
-1.57685 -1 
-1.82083 -1 
-0.35069 -1 
-0.874975 -1 
-0.459722 -1 
-3.63416 -1 
-2.39522 -1 
2.56943 -1 
3.1741 -1 
-3.17808 -1 
0.114162 -1 
0.260073 -1 
-0.250097 -1 
-0.0119151 -1 
0.500426 -1 
0.980339 -1 
-0.159116 -1 
0.376431 -1 
-0.675916 -1 
-0.567578 -1 
0.592492 -1 
0.88339 -1 
0.785818 -1 
1.38831 -1 
1.07927 -1 
-0.784737 -1 
-0.946633 -1 
-1.04495 -1 
-3.87805 -1 
-3.40084 -1 
1.88677 -1 
1.49768 -1 
3.36653 -1 
-1.16994 -1 
2.97025 -1 
2.08719 -1 
-2.64187 -1 
2.7687 -1 
-1.68189 -1 
-1.41487 -1 
2.34227 -1 
-1.99367 -1 
0.052713 -1 
0.687623 -1 
-0.0797225 -1 
0.183282 -1 
3.9095 -1 
3.54752 -1 
-2.18514 -1 
3.72851 -1 
1.18018 -1 
1.61131 -1 
1.74101 -1 
-1.48785 -1 
-2.92509 -1 
1.28319 -1 
-1.3054 -1 
ZONE T="boundary4"
-0.526655 0.343033 
-0.540571 0.324941 
0.422123 0.272224 
0.44508 0.262302 
-0.459247 0.40859 
-0.477655 0.393627 
0.26425 0.321512 
0.468613 0.250772 
0.625175 0.0977271 
0.649003 -0.00796814 
-0.620671 0.0261938 
-0.552459 0.307693 
-0.622727 0.0492585 
-0.495199 0.377496 
-0.590456 0.234998 
-0.0669049 0.443954 
-0.0919791 0.453038 
-0.62068 0.120003 
-0.61717 0.143814 
-0.605919 0.191215 
-0.612234 0.167608 
-0.622767 0.096229 
-0.598279 0.214572 
-0.573001 0.272641 
-0.582151 0.254056 
-0.563144 0.290434 
-0.623439 0.072629 
-0.5118 0.360296 
-0.439934 0.422379 
-0.419891 0.434837 
-0.398984 0.446005 
0.61089 0.124766 
-0.11671 0.461036 
-0.355236 0.463964 
-0.332598 0.470637 
-0.377503 0.455693 
0.602822 0.137337 
0.594627 0.14875 
-0.285877 0.479279 
-0.261972 0.481195 
-0.238082 0.481509 
-0.213826 0.480263 
-0.189708 0.477528 
0.646609 0.0230757 
0.644105 0.0384415 
0.648237 0.00756371 
-0.165532 0.473369 
0.648943 -0.0236492 
-0.141054 0.467806 
0.631259 0.0832701 
-0.30933 0.475777 
0.374668 0.289535 
0.398791 0.281197 
0.585914 0.159706 
0.576766 0.170155 
0.567169 0.180169 
0.556415 0.190428 
0.0378002 0.400348 
0.0954298 0.376568 
0.125442 0.365119 
0.0101367 0.412217 
0.0655472 0.38866 
-0.0158765 0.423327 
0.157801 0.353657 
0.321201 0.305737 
0.291933 0.313895 
0.350302 0.297221 
0.213374 0.336014 
0.236485 0.32929 
0.190248 0.343069 
0.618308 0.111666 
0.640699 0.0536788 
0.636399 0.0686779 
-0.0419325 0.434139 
0.493628 0.236739 
0.52001 0.219557 
0.545224 0.200205 
-0.533736 0.334083 
0.433655 0.267389 
-0.468566 0.401251 
0.456919 0.256688 
-0.621867 0.0377116 
-0.0794092 0.448595 
-0.6191 0.131935 
-0.609242 0.179456 
-0.621899 0.108132 
-0.594484 0.224831 
-0.577688 0.263404 
-0.56818 0.281598 
-0.58641 0.244574 
-0.623277 0.0844345 
-0.546622 0.316392 
-0.519346 0.351767 
-0.40953 0.440595 
-0.430013 0.428771 
-0.343975 0.467495 
-0.388325 0.45103 
0.598796 0.143095 
0.606942 0.131107 
-0.273942 0.48044 
-0.225946 0.481079 
-0.201749 0.479075 
0.645468 0.0307765 
0.647532 0.0153312 
0.649075 -0.015809 
-0.128847 0.464557 
0.628325 0.0905442 
-0.557906 0.299129 
0.386761 0.28546 
0.410498 0.27682 
0.590336 0.154281 
0.561848 0.185361 
0.572023 0.175215 
0.5814 0.164984 
0.110408 0.370759 
0.0239648 0.406274 
0.0804644 0.382547 
0.306576 0.309845 
0.278092 0.317699 
0.335771 0.301544 
0.224922 0.332619 
-0.321009 0.473409 
0.2018 0.339499 
0.173995 0.348265 
-0.449699 0.415638 
0.648725 -0.000197096 
0.614691 0.118268 
0.642514 0.0460853 
0.638661 0.0612104 
0.633937 0.0760122 
0.621844 0.104747 
-0.153261 0.470744 
-0.297634 0.477729 
0.362507 0.293449 
-0.503626 0.369019 
-0.177594 0.475616 
-0.366441 0.46002 
-0.104309 0.457157 
-0.486548 0.385694 
-0.623254 0.060939 
-0.250032 0.481548 
-0.054393 0.439118 
0.250362 0.325372 
0.481224 0.243945 
-0.614874 0.155747 
-0.00286221 0.417791 
0.506972 0.228388 
0.0516596 0.394468 
-0.0288857 0.428781 
0.141588 0.359284 
0.550873 0.195375 
0.532815 0.210144 
-0.602255 0.202946 
ZONE T="boundary5"
-0.231503 -0.416398 
-0.182784 -0.435909 
-0.207282 -0.42649 
-0.492473 -0.235525 
-0.612695 -0.0189007 
-0.617313 0.00346615 
0.441045 -0.415571 
0.467646 -0.39674 
-0.572019 -0.124862 
-0.582398 -0.10444 
-0.560588 -0.144882 
-0.591685 -0.0836347 
-0.599846 -0.0624529 
-0.60686 -0.0408763 
0.526778 -0.339726 
0.537107 -0.326718 
-0.356734 -0.349866 
-0.298319 -0.384171 
-0.254515 -0.406055 
-0.277229 -0.395082 
0.633508 -0.117255 
0.623899 -0.148182 
-0.319106 -0.372689 
-0.0256502 -0.479151 
-0.620671 0.0261938 
-0.0795108 -0.467532 
-0.157488 -0.444836 
-0.105833 -0.460662 
-0.131941 -0.453058 
-0.0526689 -0.473728 
-0.450069 -0.278362 
-0.464327 -0.264855 
-0.338072 -0.361532 
-0.478153 -0.250902 
-0.520746 -0.20212 
-0.534522 -0.184008 
-0.435825 -0.291033 
-0.421209 -0.303268 
-0.373748 -0.338583 
-0.506324 -0.21971 
-0.405995 -0.315271 
-0.390456 -0.326841 
0.546752 -0.313418 
0.413013 -0.432182 
0.646475 -0.0549692 
0.644165 -0.0705604 
0.572573 -0.270729 
0.564485 -0.285391 
0.648943 -0.0236492 
0.587076 -0.241023 
0.115589 -0.494173 
0.0864707 -0.492947 
0.00193946 -0.483852 
0.0580249 -0.49079 
0.0296644 -0.487722 
0.144727 -0.494373 
0.174346 -0.49347 
0.233843 -0.488009 
0.203896 -0.491395 
0.384116 -0.446456 
0.294372 -0.476745 
0.354575 -0.45854 
0.614104 -0.175597 
0.48044 -0.386407 
0.492786 -0.375517 
0.504591 -0.364144 
0.515897 -0.352246 
0.555835 -0.299703 
0.324621 -0.468579 
0.603494 -0.20272 
0.59548 -0.221954 
0.641193 -0.0861684 
0.648084 -0.0393327 
-0.548109 -0.164552 
0.263932 -0.483196 
-0.195066 -0.431284 
-0.615162 -0.00774958 
0.454541 -0.406432 
-0.577335 -0.114716 
-0.566423 -0.13494 
-0.595905 -0.0730975 
-0.603499 -0.0517119 
-0.609929 -0.0299286 
0.532014 -0.333279 
-0.219428 -0.421529 
-0.243044 -0.411305 
-0.287811 -0.389697 
0.628901 -0.13278 
-0.619155 0.0148063 
-0.170167 -0.440461 
-0.118914 -0.456952 
-0.457252 -0.271665 
-0.347443 -0.355763 
-0.485372 -0.243269 
-0.52772 -0.193129 
-0.428562 -0.297204 
-0.365278 -0.34428 
-0.513611 -0.210978 
-0.328626 -0.367173 
-0.413645 -0.309324 
-0.398265 -0.321109 
-0.442995 -0.284752 
0.427193 -0.424153 
0.645404 -0.0627771 
-0.382142 -0.332769 
0.101025 -0.493686 
-0.011873 -0.481604 
0.0438325 -0.489369 
0.159541 -0.494064 
0.189132 -0.492583 
-0.499458 -0.227671 
0.398696 -0.439584 
0.369448 -0.452748 
0.474099 -0.391643 
0.498751 -0.369895 
0.521407 -0.346047 
0.542 -0.32012 
0.551365 -0.306608 
0.309555 -0.472878 
0.560233 -0.292592 
0.568598 -0.278099 
0.599532 -0.212356 
0.591333 -0.231513 
0.58004 -0.255983 
0.637611 -0.101776 
0.64737 -0.0471602 
0.486673 -0.38103 
0.51031 -0.358257 
-0.308752 -0.378502 
-0.471294 -0.257932 
0.648611 -0.0314962 
0.642756 -0.0783791 
-0.55446 -0.154788 
-0.541421 -0.174353 
-0.587175 -0.094097 
-0.26591 -0.400647 
-0.0391793 -0.476537 
-0.0661121 -0.470726 
0.130157 -0.494404 
0.279195 -0.48017 
0.248917 -0.485782 
-0.144743 -0.449036 
0.0157874 -0.485892 
-0.0926962 -0.46419 
0.0722391 -0.491984 
0.218889 -0.489867 
0.339676 -0.463792 
0.608888 -0.189194 
0.619117 -0.16193 
