ZONE T="boundary0"
-4 1 
-4 -0.249379 
-4 -0.218162 
-4 0.326715 
-4 0.241994 
-4 0.471404 
-4 -0.186945 
-4 0.181387 
-4 0.832012 
-4 0.567714 
-4 -0.689489 
-4 -0.299426 
-4 -0.349472 
-4 0.0895949 
-4 0.0134077 
-4 -0.0627795 
-4 -0.467729 
-4 -0.124862 
-4 0.39906 
-4 0.664024 
-4 -0.4086 
-4 -0.585985 
-4 -0.792993 
-4 -1 
-4 -0.233771 
-4 0.284354 
-4 0.519559 
-4 -0.324449 
-4 0.21169 
-4 0.135491 
-4 -0.0246859 
-4 -0.0938208 
-4 0.435232 
-4 0.0515013 
-4 0.615869 
-4 0.916006 
-4 0.748018 
-4 -0.202553 
-4 -0.274402 
-4 -0.155903 
-4 -0.438164 
-4 -0.379036 
-4 -0.526857 
-4 -0.741241 
-4 -0.637737 
-4 -0.896496 
-4 0.362887 
ZONE T="boundary1"
-3.76476 1 
-4 1 
4 1 
3.77878 1 
0.364635 1 
3.33635 1 
-1.2562 1 
-3.18108 1 
-3.52952 1 
1.19045 1 
0.987723 1 
3.55757 1 
3.66818 1 
-1.61534 1 
-2.12088 1 
3.11514 1 
2.22987 1 
-2.46423 1 
-2.34978 1 
1.49286 1 
1.76112 1 
1.9955 1 
2.69293 1 
-0.426935 1 
-0.138153 1 
0.264495 1 
-0.201779 1 
-0.266286 1 
-0.330792 1 
-0.378863 1 
-0.528448 1 
-0.629961 1 
0.220496 1 
0.176498 1 
0.0885005 1 
0.00698703 1 
-0.0745265 1 
-0.845269 1 
-0.737615 1 
0.566624 1 
0.464776 1 
0.668472 1 
0.777138 1 
-1.05529 1 
-0.950278 1 
-1.15574 1 
0.885804 1 
-1.36558 1 
-1.47496 1 
1.08964 1 
-1.75572 1 
1.39206 1 
1.29125 1 
-2.57868 1 
-1.9383 1 
-2.87988 1 
0.314565 1 
-2.72928 1 
-3.88238 1 
3.88939 1 
-3.3553 1 
3.61287 1 
1.62699 1 
1.87831 1 
2.4614 1 
2.90403 1 
-0.169966 1 
-0.298539 1 
-0.402899 1 
-0.354828 1 
-0.579205 1 
-0.477691 1 
0.198497 1 
0.242496 1 
-0.234033 1 
-0.791442 1 
0.414706 1 
0.617548 1 
0.5157 1 
0.722805 1 
-0.897773 1 
-1.20597 1 
0.936764 1 
-1.42027 1 
1.03868 1 
-1.68553 1 
1.24085 1 
-1.54515 1 
-3.64714 1 
-2.52145 1 
1.34165 1 
1.44246 1 
-1.84701 1 
2.11268 1 
-2.23533 1 
-2.407 1 
3.44696 1 
-3.03048 1 
-2.02959 1 
3.22575 1 
0.28953 1 
0.132499 1 
-0.683788 1 
0.3396 1 
-1.00278 1 
0.047744 1 
-0.0337697 1 
-2.65398 1 
-0.10634 1 
0.831471 1 
-1.10552 1 
1.14004 1 
-2.80458 1 
-1.31089 1 
3.72348 1 
ZONE T="boundary2"
4 -0.447303 
4 -0.391293 
4 -0.503312 
4 -0.720613 
4 -0.323338 
4 0.118457 
4 0.164946 
4 -0.0406332 
4 0.22039 
4 0.275511 
4 0.330631 
4 1 
4 -0.221894 
4 -0.181682 
4 0.385751 
4 0.440872 
4 0.0719682 
4 0.720436 
4 -0.860307 
4 0.860218 
4 -1 
4 -0.262106 
4 -0.292722 
4 -0.111158 
4 0.580654 
4 0.510763 
4 -0.419298 
4 -0.357315 
4 -0.611963 
4 0.141702 
4 0.24795 
4 0.303071 
4 0.413312 
4 0.0156675 
4 -0.79046 
4 0.930109 
4 -0.930153 
4 -0.277414 
4 0.192668 
4 -0.30803 
4 -0.242 
4 -0.14642 
4 -0.201788 
4 -0.0758955 
4 0.358191 
4 -0.475307 
4 0.0952127 
4 0.650545 
4 0.475817 
4 0.545708 
4 0.790327 
ZONE T="boundary3"
1.22086 -1 
-0.415682 -1 
-0.521631 -1 
-0.271516 -1 
0.159542 -1 
-0.963549 -1 
-1.17928 -1 
-1.07167 -1 
-2.8937 -1 
1.54987 -1 
1.38537 -1 
1.76477 -1 
1.97967 -1 
3.74634 -1 
2.15398 -1 
2.32828 -1 
3.875 -1 
4 -1 
3.49267 -1 
-2.18322 -1 
3.29538 -1 
-2.72952 -1 
-1.51678 -1 
2.71927 -1 
-1.80226 -1 
-2.45637 -1 
3.09808 -1 
0.459472 -1 
0.502578 -1 
0.288038 -1 
0.22379 -1 
0.416367 -1 
0.352202 -1 
0.588789 -1 
0.694285 -1 
0.0835793 -1 
-0.145501 -1 
-0.208508 -1 
-0.0689419 -1 
0.0076171 -1 
0.988764 -1 
0.799781 -1 
-0.62758 -1 
-0.741502 -1 
-0.855423 -1 
0.894273 -1 
-1.40183 -1 
-1.28688 -1 
1.30312 -1 
-1.65952 -1 
1.10481 -1 
-3.49685 -1 
-3.27737 -1 
-3.62264 -1 
-3.05789 -1 
-1.99274 -1 
-3.74843 -1 
-4 -1 
2.90868 -1 
-0.468656 -1 
-1.12548 -1 
1.46762 -1 
1.87222 -1 
2.24113 -1 
3.9375 -1 
3.6195 -1 
3.39403 -1 
-2.59295 -1 
0.481025 -1 
0.255914 -1 
0.384284 -1 
0.545684 -1 
0.12156 -1 
0.32012 -1 
0.191666 -1 
0.641537 -1 
-0.177005 -1 
-0.240012 -1 
-0.0306624 -1 
0.747033 -1 
-0.343599 -1 
-0.574606 -1 
-0.107221 -1 
-0.909486 -1 
0.847027 -1 
-1.01761 -1 
-1.34436 -1 
1.34424 -1 
1.65732 -1 
-1.45931 -1 
-1.58815 -1 
1.26199 -1 
1.16284 -1 
1.04679 -1 
-3.38711 -1 
-3.55975 -1 
-3.16763 -1 
3.81067 -1 
3.19673 -1 
2.06683 -1 
-1.73089 -1 
-2.81161 -1 
-2.9758 -1 
2.52378 -1 
-2.08798 -1 
-1.8975 -1 
-2.3198 -1 
0.0455982 -1 
-0.684541 -1 
-0.798463 -1 
0.941518 -1 
-3.68553 -1 
-1.23308 -1 
-3.87421 -1 
0.437919 -1 
2.81397 -1 
3.00338 -1 
ZONE T="boundary4"
-0.0418845 0.520179 
-0.015252 0.514591 
-0.385211 0.447109 
-0.361382 0.461567 
-0.625005 0.0229979 
0.651215 -0.0212518 
0.64409 0.0180444 
0.649522 -0.00807748 
0.640339 0.0309157 
0.652251 -0.0345811 
-0.603458 0.171539 
-0.285766 0.497009 
-0.259399 0.505981 
-0.311587 0.486582 
-0.611225 0.146507 
-0.572641 0.242815 
-0.583357 0.221109 
-0.560991 0.264008 
-0.594136 0.196426 
-0.549492 0.28288 
0.0872527 0.477046 
0.112061 0.464084 
-0.232627 0.513425 
-0.2055 0.519305 
-0.430466 0.414588 
-0.408262 0.431424 
-0.150765 0.526194 
-0.53718 0.301249 
-0.472193 0.377649 
-0.490565 0.358789 
-0.508007 0.339093 
-0.33683 0.474741 
-0.17819 0.523568 
0.263304 0.361498 
0.236749 0.381061 
-0.523021 0.320488 
-0.0687598 0.524145 
-0.0959661 0.526485 
0.0109415 0.507447 
-0.624556 0.0717083 
-0.123301 0.527169 
-0.625617 0.0471905 
0.430916 0.246189 
0.402939 0.264484 
0.577348 0.135592 
0.557398 0.155254 
0.458719 0.228065 
0.534989 0.174385 
0.51075 0.192758 
0.484974 0.21068 
0.0621249 0.488648 
-0.451803 0.396636 
0.0367203 0.498787 
0.136678 0.449811 
0.161498 0.434129 
0.211443 0.39953 
0.185962 0.417599 
0.635944 0.0434969 
0.625121 0.0680856 
0.289933 0.342042 
0.595708 0.114218 
0.611732 0.0916094 
0.31785 0.322084 
0.34589 0.302612 
0.374427 0.283344 
-0.621801 0.0965028 
-0.623385 0.0841293 
-0.617351 0.121468 
-0.0285289 0.517586 
-0.37339 0.454495 
0.647145 0.00505639 
0.642299 0.0245054 
-0.272644 0.501681 
-0.607527 0.159082 
-0.578116 0.23202 
-0.566936 0.253478 
-0.59897 0.184048 
-0.555344 0.273507 
0.0997272 0.470712 
-0.219105 0.516563 
-0.419471 0.423148 
-0.543434 0.292131 
-0.48149 0.368328 
-0.499403 0.349045 
-0.349193 0.468318 
-0.324288 0.480833 
-0.246064 0.509895 
-0.164496 0.525086 
0.250029 0.371278 
-0.0823461 0.525522 
-0.00210646 0.511213 
-0.530209 0.310948 
-0.109629 0.527034 
-0.515616 0.329873 
-0.396837 0.439416 
-0.055294 0.522366 
-0.191875 0.521638 
-0.62552 0.0350899 
0.416925 0.25532 
0.567558 0.145618 
0.444825 0.237129 
0.522982 0.183725 
0.497934 0.201822 
0.546348 0.165005 
0.0747576 0.483009 
-0.441247 0.405747 
0.049487 0.493892 
0.149151 0.442082 
-0.462116 0.387271 
0.224116 0.390324 
0.124438 0.457077 
0.198742 0.408625 
0.650452 -0.0146534 
0.651816 -0.0279096 
0.630852 0.0559354 
0.638224 0.0372357 
0.276604 0.351743 
-0.588904 0.208837 
0.603992 0.103111 
0.173781 0.425948 
-0.298747 0.491974 
-0.13704 0.526889 
0.0238878 0.503302 
0.303865 0.332014 
0.471879 0.219416 
0.331844 0.312293 
0.388672 0.273884 
-0.625295 0.0594594 
-0.622644 0.090322 
-0.624022 0.0779249 
-0.619778 0.109022 
-0.614483 0.134036 
0.618722 0.0800201 
0.586763 0.125113 
0.360138 0.292931 
ZONE T="boundary5"
0.381214 -0.421875 
0.35376 -0.430679 
0.156482 -0.455117 
0.128366 -0.454328 
-0.587636 -0.112587 
0.43416 -0.399507 
0.408147 -0.411469 
0.652376 -0.0612802 
0.651509 -0.0746194 
-0.622741 -0.000799749 
-0.625005 0.0229979 
-0.51576 -0.210182 
-0.618853 -0.024171 
-0.613373 -0.0470536 
-0.597739 -0.0912842 
0.527832 -0.334421 
0.5066 -0.353092 
0.565618 -0.29206 
0.652251 -0.0345811 
-0.229739 -0.379101 
-0.203103 -0.388453 
-0.278523 -0.360268 
-0.254222 -0.369939 
-0.30087 -0.350818 
-0.03846 -0.433168 
-0.0659625 -0.427252 
-0.0936076 -0.420668 
-0.0107981 -0.438465 
-0.176283 -0.397254 
0.48371 -0.370262 
0.459474 -0.385754 
0.297821 -0.443846 
0.269589 -0.448391 
-0.430822 -0.28088 
-0.532795 -0.191893 
-0.478328 -0.244874 
-0.463043 -0.257338 
-0.497579 -0.227842 
-0.32302 -0.340869 
-0.413616 -0.292137 
-0.396076 -0.302826 
-0.378792 -0.312687 
-0.342247 -0.331703 
-0.361273 -0.322087 
-0.563019 -0.153443 
-0.576045 -0.133322 
0.0168196 -0.443081 
0.0445768 -0.447017 
0.100319 -0.45268 
0.0723935 -0.450228 
0.184735 -0.454988 
0.241335 -0.4517 
0.212993 -0.453875 
0.325916 -0.437974 
0.547624 -0.313982 
0.55685 -0.303202 
-0.606322 -0.0694439 
0.608963 -0.218957 
0.596128 -0.244277 
0.63886 -0.140945 
0.620419 -0.19319 
0.58175 -0.26878 
0.650051 -0.0879612 
0.645469 -0.114552 
-0.447132 -0.269399 
-0.121083 -0.413504 
-0.148776 -0.405662 
0.63044 -0.167164 
-0.548578 -0.172977 
0.367549 -0.42647 
0.14242 -0.454833 
0.42125 -0.405698 
0.652017 -0.0679543 
-0.616314 -0.0356595 
0.517399 -0.343966 
-0.592868 -0.102021 
-0.216446 -0.383847 
-0.242004 -0.374582 
-0.289721 -0.355602 
-0.0522285 -0.430286 
-0.0798037 -0.424034 
-0.0246454 -0.435897 
0.471734 -0.378229 
0.28373 -0.446276 
-0.524397 -0.201149 
-0.311973 -0.345908 
-0.404887 -0.297549 
-0.387467 -0.307816 
-0.351789 -0.326953 
-0.422266 -0.286581 
-0.332658 -0.336339 
-0.47074 -0.251173 
-0.189716 -0.392922 
-0.569692 -0.143486 
0.0306847 -0.445136 
0.114336 -0.453608 
0.0584735 -0.448715 
0.00299579 -0.440856 
0.170608 -0.455171 
0.198868 -0.454559 
0.339885 -0.434508 
0.394759 -0.416876 
0.311904 -0.441079 
-0.266398 -0.365168 
0.446935 -0.392849 
0.552292 -0.308639 
0.561291 -0.297676 
0.227174 -0.452925 
-0.48805 -0.236468 
0.602716 -0.231704 
0.61485 -0.206145 
-0.370061 -0.317441 
0.589152 -0.256654 
0.648024 -0.101301 
0.650851 -0.0812979 
-0.602219 -0.0804374 
-0.455141 -0.26344 
0.255479 -0.450192 
0.537936 -0.324404 
0.495319 -0.361896 
-0.107365 -0.417158 
-0.162552 -0.401529 
0.652631 -0.0479276 
0.0863467 -0.451552 
0.625602 -0.180244 
-0.13495 -0.409654 
-0.439026 -0.27521 
-0.621002 -0.0125186 
-0.610043 -0.0583096 
-0.506775 -0.219121 
-0.555947 -0.163319 
-0.582012 -0.12305 
-0.540821 -0.182547 
-0.624081 0.0110803 
0.642395 -0.127806 
0.634849 -0.154118 
0.573916 -0.280581 
