ZONE T="boundary0"
-4 -0.282776 
-4 0.293202 
-4 0.255026 
-4 -0.0716343 
-4 -0.159361 
-4 0.331378 
-4 0.392193 
-4 -0.197787 
-4 0.726504 
-4 1 
-4 0.197931 
-4 -0.329338 
-4 -0.576328 
-4 -1 
-4 -0.67254 
-4 -0.83627 
-4 0.140837 
-4 0.589755 
-4 0.453007 
-4 -0.236214 
-4 -0.404727 
-4 -0.480116 
-4 0.0160919 
-4 0.0784643 
-4 0.274114 
-4 -0.115497 
-4 0.361785 
-4 0.863252 
-4 0.226478 
-4 0.169384 
-4 0.31229 
-4 0.521381 
-4 -0.217 
-4 -0.306057 
-4 -0.367032 
-4 -0.259495 
-4 -0.178574 
-4 -0.442421 
-4 -0.528222 
-4 0.0472781 
-4 0.4226 
-4 -0.624434 
-4 -0.754405 
-4 -0.918135 
-4 0.65813 
-4 -0.0277712 
-4 0.10965 
ZONE T="boundary1"
-2.85297 1 
-2.98758 1 
-4 1 
3.62958 1 
3.81479 1 
-0.0135356 1 
0.728387 1 
0.595009 1 
0.477985 1 
0.360962 1 
-0.733564 1 
-0.851905 1 
0.150515 1 
-0.381651 1 
-0.500331 1 
4 1 
1.90007 1 
-3.21508 1 
-3.44259 1 
1.34119 1 
-1.69212 1 
-1.88456 1 
2.5998 1 
2.12064 1 
2.24043 1 
3.47609 1 
3.3226 1 
-1.39811 1 
-1.47161 1 
-3.7213 1 
3.01561 1 
0.255738 1 
-0.616947 1 
-0.138253 1 
-0.262971 1 
-0.970247 1 
1.10239 1 
1.02218 1 
-1.1848 1 
-1.07752 1 
-1.29146 1 
1.1826 1 
-1.54512 1 
0.861765 1 
0.941974 1 
1.67951 1 
1.51035 1 
-2.39768 1 
2.36022 1 
-2.077 1 
-2.23734 1 
-2.55802 1 
-2.71837 1 
2.8077 1 
-2.92027 1 
3.72219 1 
0.661698 1 
0.419473 1 
-0.792734 1 
-0.440991 1 
3.9074 1 
-3.32884 1 
-1.78834 1 
2.18053 1 
3.39934 1 
-1.43486 1 
-3.86065 1 
-0.675255 1 
-0.322311 1 
-0.0758944 1 
0.203127 1 
0.30835 1 
0.0684896 1 
-0.911076 1 
1.06229 1 
-1.13116 1 
-1.02389 1 
-1.34478 1 
-1.23813 1 
-1.61862 1 
-1.50837 1 
3.55284 1 
3.1691 1 
1.1425 1 
0.901869 1 
-3.10133 1 
1.59493 1 
2.30032 1 
2.01035 1 
1.78979 1 
-3.58194 1 
-2.15717 1 
-1.98078 1 
-2.31751 1 
-2.63819 1 
2.48001 1 
2.91166 1 
-2.47785 1 
2.70375 1 
-0.200612 1 
1.42577 1 
0.536497 1 
0.982078 1 
-2.78567 1 
-0.558639 1 
1.26189 1 
0.795076 1 
ZONE T="boundary2"
4 -0.387937 
4 -0.292716 
4 -0.222895 
4 0.504851 
4 -0.561971 
4 -0.671479 
4 0.858529 
4 1 
4 -1 
4 -0.780986 
4 -0.170969 
4 -0.119043 
4 -0.474954 
4 0.0283401 
4 -0.0453513 
4 0.0933086 
4 0.225263 
4 0.247592 
4 0.305723 
4 0.363854 
4 0.202934 
4 0.434352 
4 0.158277 
4 0.610954 
4 0.717057 
4 -0.340327 
4 -0.257806 
4 -0.616725 
4 0.929264 
4 -0.145006 
4 -0.431445 
4 -0.00850559 
4 -0.196932 
4 0.236427 
4 0.334789 
4 0.214099 
4 0.399103 
4 0.469601 
4 0.0608244 
4 0.125793 
4 -0.518463 
4 -0.726232 
4 -0.890493 
4 0.276657 
4 0.180606 
4 0.557902 
4 -0.082197 
4 0.664006 
4 0.787793 
ZONE T="boundary3"
-3.68627 -1 
0.0859688 -1 
-1.07287 -1 
-0.95506 -1 
0.218149 -1 
0.284835 -1 
0.0204739 -1 
1.09245 -1 
-1.01397 -1 
0.842803 -1 
0.779593 -1 
0.965609 -1 
-0.554744 -1 
1.02903 -1 
-4 -1 
-0.822543 -1 
-1.4654 -1 
-3.37255 -1 
3.76545 -1 
4 -1 
3.53089 -1 
2.18632 -1 
1.97836 -1 
2.87715 -1 
2.63419 -1 
2.41026 -1 
3.3255 -1 
-2.57506 -1 
-2.16597 -1 
-2.71417 -1 
-2.43595 -1 
0.485758 -1 
0.554622 -1 
-0.330199 -1 
0.350864 -1 
-0.18474 -1 
-0.113796 -1 
-0.255683 -1 
-0.404715 -1 
-0.622032 -1 
0.416893 -1 
0.635503 -1 
-0.0466611 -1 
0.151464 -1 
0.716384 -1 
-0.888801 -1 
-0.755931 -1 
-0.689319 -1 
0.904206 -1 
1.19606 -1 
1.14425 -1 
-1.13225 -1 
-1.28259 -1 
-1.19162 -1 
1.52376 -1 
-1.37356 -1 
-1.89599 -1 
-1.72662 -1 
-1.55724 -1 
1.43096 -1 
1.77041 -1 
-2.03098 -1 
1.64709 -1 
-2.30096 -1 
3.1201 -1 
-1.64193 -1 
-3.18247 -1 
-2.99239 -1 
-0.479729 -1 
1.26711 -1 
1.33816 -1 
0.251492 -1 
-1.04342 -1 
0.811198 -1 
0.997319 -1 
-3.84314 -1 
-3.52941 -1 
3.88272 -1 
2.08234 -1 
2.52222 -1 
3.42819 -1 
2.75567 -1 
0.52019 -1 
0.317849 -1 
-0.149268 -1 
-0.220212 -1 
-0.588388 -1 
0.451326 -1 
0.595063 -1 
-0.0130936 -1 
0.118716 -1 
0.0532214 -1 
0.383879 -1 
0.675943 -1 
-0.0802286 -1 
0.184806 -1 
-0.789237 -1 
0.873505 -1 
1.17015 -1 
1.06074 -1 
-0.367457 -1 
-0.655675 -1 
-1.10256 -1 
-1.23711 -1 
-1.8113 -1 
-1.51132 -1 
1.87439 -1 
-1.96349 -1 
1.47736 -1 
1.70875 -1 
1.58543 -1 
2.29829 -1 
-2.09848 -1 
-2.23347 -1 
2.99863 -1 
-1.59959 -1 
-3.27751 -1 
-2.85328 -1 
-2.50551 -1 
3.64817 -1 
-2.36846 -1 
-2.64462 -1 
-0.855672 -1 
-0.442222 -1 
0.934907 -1 
-0.292941 -1 
0.747988 -1 
-1.16193 -1 
-1.32807 -1 
-1.41948 -1 
1.11835 -1 
-0.517237 -1 
-0.984513 -1 
-0.92193 -1 
1.23158 -1 
1.30263 -1 
-0.722625 -1 
1.38456 -1 
-1.68427 -1 
3.2228 -1 
-3.08743 -1 
ZONE T="boundary4"
0.139041 0.0691604 
-0.193087 0.0718842 
-0.708814 -0.178532 
-0.613585 -0.0882688 
-0.280957 0.0556982 
-0.269235 0.0583282 
-0.257477 0.0608185 
-0.723938 -0.200646 
-0.688668 -0.154083 
-0.716578 -0.189372 
-0.22716 0.0665651 
-0.444577 0.00313813 
-0.650943 -0.11746 
-0.700884 -0.168354 
-0.54671 -0.0461532 
-0.46047 -0.00361084 
-0.475669 -0.0103597 
-0.678638 -0.143394 
-0.668222 -0.133092 
-0.659682 -0.12516 
-0.624121 -0.0959756 
-0.295294 0.0522801 
-0.590153 -0.0723136 
-0.602892 -0.0807995 
-0.637704 -0.106488 
-0.533025 -0.0386579 
-0.365604 0.0322606 
-0.577242 -0.0641213 
-0.519218 -0.0314066 
-0.505044 -0.0242636 
-0.143378 0.0775528 
-0.428575 0.00962475 
-0.411456 0.0162292 
-0.394221 0.022536 
-0.37995 0.0275011 
-0.352868 0.0362926 
-0.324861 0.0445251 
-0.309571 0.0486546 
-0.340075 0.0401606 
-0.210152 0.069369 
0.225049 0.055099 
0.243426 0.0514516 
-0.242345 0.0638076 
-0.160636 0.0758597 
-0.126083 0.0789632 
-0.107193 0.0801833 
-0.0480664 0.0819293 
-0.562068 -0.0549621 
-0.490759 -0.017356 
0.207274 0.0584092 
0.17303 0.0641916 
-0.176882 0.0740003 
0.156571 0.0666937 
0.318529 0.0340573 
0.337854 0.0288913 
0.261751 0.0475826 
0.299127 0.0389492 
-0.0882741 0.081078 
0.0806956 0.0758739 
0.058884 0.0777761 
-0.027105 0.0818281 
-0.00614109 0.0813681 
0.0154583 0.0805307 
0.0370451 0.0793366 
0.101105 0.0737909 
0.189457 0.061515 
0.12148 0.0714251 
0.28047 0.0433858 
-0.0681783 0.0816787 
-0.2751 0.0570307 
-0.26336 0.059591 
-0.712753 -0.183911 
-0.704898 -0.173405 
-0.468083 -0.00695467 
-0.694871 -0.161138 
-0.673476 -0.138196 
-0.663978 -0.129098 
-0.72032 -0.194968 
-0.618875 -0.0920926 
-0.655337 -0.121282 
-0.596547 -0.0765199 
-0.608258 -0.084506 
-0.539884 -0.042375 
-0.583719 -0.0681828 
-0.526137 -0.0350028 
-0.683705 -0.14869 
-0.512146 -0.0278056 
-0.436589 0.00641427 
-0.402852 0.0194202 
-0.452538 -0.000203541 
-0.372785 0.029907 
-0.359242 0.0342972 
-0.288132 0.0540154 
-0.302439 0.0504934 
-0.218662 0.0680034 
-0.387094 0.0250443 
-0.201625 0.0706629 
0.234243 0.0533031 
-0.234758 0.0652155 
-0.134733 0.0782932 
-0.15201 0.076742 
-0.116641 0.0796144 
-0.497915 -0.0207811 
-0.42003 0.0129643 
0.164804 0.0654647 
-0.554412 -0.0505163 
-0.630955 -0.101177 
-0.249917 0.0623422 
-0.644371 -0.111916 
0.328201 0.0315093 
-0.184989 0.0729746 
0.252594 0.0495451 
-0.0977354 0.080671 
-0.317224 0.0466197 
-0.332476 0.0423724 
0.216167 0.0567798 
0.0697935 0.0768671 
-0.0166221 0.0816422 
0.0262541 0.0799775 
0.00466031 0.0809948 
0.0909038 0.0748683 
-0.168763 0.0749621 
0.19837 0.0599878 
0.181247 0.0628751 
0.130264 0.0703183 
0.147809 0.0679522 
0.111296 0.0726429 
-0.483229 -0.0138269 
-0.569681 -0.0594978 
-0.346478 0.0382474 
0.271117 0.045514 
0.308836 0.0365372 
-0.0782275 0.0814227 
-0.0375855 0.0819242 
0.289805 0.0411979 
-0.0581229 0.0818472 
0.0479677 0.0785998 
ZONE T="boundary5"
0.739414 -0.461144 
0.729427 -0.474438 
-0.723704 -0.467458 
-0.73029 -0.456368 
-0.661976 -0.538114 
-0.672901 -0.528419 
-0.760007 -0.293505 
-0.755285 -0.271835 
-0.763185 -0.341303 
-0.762714 -0.316034 
-0.736345 -0.444979 
-0.748688 -0.251012 
-0.743419 -0.237796 
-0.746911 -0.421 
-0.737418 -0.224828 
-0.730931 -0.212505 
-0.723938 -0.200646 
-0.524873 -0.613735 
-0.332167 -0.652816 
-0.298299 -0.655903 
-0.229329 -0.660247 
-0.264382 -0.658326 
-0.4298 -0.638781 
-0.0497731 -0.663717 
-0.0860572 -0.663693 
0.0937687 -0.661016 
-0.194263 -0.661676 
-0.158305 -0.662708 
-0.682562 -0.519081 
-0.708663 -0.489172 
-0.716434 -0.478489 
-0.650646 -0.547334 
-0.691822 -0.509345 
0.696854 -0.508979 
-0.492775 -0.623863 
-0.46158 -0.631976 
-0.555877 -0.601885 
-0.577665 -0.592104 
0.770818 -0.273825 
0.765622 -0.260127 
0.673469 -0.528398 
0.77601 -0.381049 
0.779496 -0.36198 
0.752406 -0.233345 
0.741767 -0.215964 
0.759422 -0.246562 
0.708409 -0.172827 
0.708157 -0.498189 
0.719062 -0.486663 
-0.0136703 -0.663457 
0.0224257 -0.66292 
0.0581018 -0.662112 
0.128987 -0.659627 
0.16419 -0.657902 
0.198888 -0.655829 
0.36644 -0.638578 
0.233559 -0.653338 
0.562733 -0.589127 
-0.755531 -0.394001 
-0.760921 -0.36702 
0.427795 -0.62782 
0.397184 -0.633583 
0.333917 -0.643117 
0.456327 -0.621628 
0.511197 -0.607013 
0.48466 -0.614571 
0.757094 -0.432042 
0.764536 -0.416181 
0.537441 -0.598489 
0.587349 -0.578746 
0.612244 -0.566735 
0.68512 -0.519157 
0.624569 -0.560133 
0.770981 -0.399006 
0.781123 -0.342294 
0.778048 -0.301453 
0.748635 -0.447087 
0.781079 -0.328775 
0.780077 -0.315252 
0.661503 -0.537122 
0.649212 -0.545381 
0.337854 0.0288913 
0.457525 -0.0106753 
0.422718 0.00233078 
0.545701 -0.0507969 
0.56903 -0.063564 
0.491828 -0.0249388 
0.380535 0.0163699 
0.730101 -0.199332 
0.719559 -0.185853 
0.649516 -0.117633 
0.694497 -0.157982 
0.680045 -0.143902 
0.775016 -0.287813 
0.630727 -0.10332 
-0.598732 -0.581298 
0.51899 -0.037397 
0.301311 -0.647005 
0.267459 -0.650436 
0.591881 -0.0771718 
-0.36503 -0.649052 
-0.397778 -0.644392 
-0.122346 -0.663364 
-0.626281 -0.564767 
0.734523 -0.467868 
-0.727062 -0.461951 
-0.66749 -0.533327 
-0.7579 -0.282615 
-0.763284 -0.328663 
-0.733386 -0.45071 
-0.746145 -0.244367 
-0.741928 -0.433121 
-0.740504 -0.231272 
-0.727504 -0.206534 
-0.315241 -0.65445 
-0.246859 -0.659354 
-0.0679152 -0.663742 
-0.176285 -0.662242 
-0.281346 -0.65719 
-0.700463 -0.499442 
-0.720134 -0.473016 
-0.71261 -0.483875 
-0.508895 -0.619023 
-0.477225 -0.628101 
-0.566832 -0.597131 
0.768338 -0.266931 
0.777981 -0.371556 
0.747231 -0.224566 
0.713686 -0.492498 
-0.0317215 -0.663622 
0.00437822 -0.663223 
0.14659 -0.658809 
0.216227 -0.654639 
-0.758603 -0.380585 
0.412509 -0.630804 
0.350191 -0.640935 
0.442084 -0.624825 
0.497961 -0.610906 
0.760965 -0.424182 
0.550137 -0.593942 
0.599878 -0.572909 
0.679343 -0.523838 
0.618431 -0.56348 
0.773695 -0.390083 
0.780557 -0.352157 
0.691045 -0.514136 
0.702572 -0.503654 
0.724331 -0.480623 
0.74414 -0.454192 
0.780698 -0.322005 
0.781219 -0.335534 
0.779188 -0.308334 
0.655397 -0.541308 
0.440178 -0.00402097 
0.557422 -0.0570783 
0.767938 -0.407661 
0.474744 -0.0176432 
0.359248 0.0228133 
-0.734251 -0.218627 
0.736057 -0.207562 
0.714053 -0.179281 
0.701541 -0.165323 
0.773045 -0.280781 
0.762629 -0.253296 
0.724907 -0.192532 
0.665039 -0.130467 
0.756006 -0.239905 
0.776655 -0.294606 
-0.762396 -0.354192 
0.687348 -0.150864 
0.640196 -0.110379 
-0.588271 -0.586843 
-0.540468 -0.608054 
-0.752221 -0.261349 
0.381827 -0.63617 
0.505462 -0.031054 
0.532406 -0.0439754 
0.284392 -0.648791 
0.470522 -0.618214 
0.58052 -0.07026 
0.52436 -0.602878 
0.611546 -0.089886 
-0.34861 -0.651036 
-0.381422 -0.646844 
-0.104202 -0.663568 
-0.211799 -0.661018 
0.111379 -0.660361 
0.0759365 -0.661601 
0.250514 -0.651948 
0.317623 -0.645137 
-0.445724 -0.635539 
-0.140326 -0.66308 
0.0402646 -0.662551 
0.181542 -0.656914 
-0.413813 -0.641725 
0.752999 -0.43964 
-0.751599 -0.407621 
-0.761631 -0.304737 
0.667527 -0.53282 
0.637013 -0.552961 
-0.687243 -0.514263 
-0.63864 -0.556298 
-0.656361 -0.542783 
-0.612671 -0.573307 
0.401693 0.00954919 
0.575102 -0.58408 
-0.677781 -0.523799 
