ZONE T="boundary0"
-4 -0.67254 
-4 -0.236214 
-4 -0.197787 
-4 -0.282776 
-4 0.331378 
-4 0.293089 
-4 0.453007 
-4 0.369667 
-4 0.0784643 
-4 -0.0716343 
-4 -0.159361 
-4 -0.329338 
-4 -0.576328 
-4 -0.83627 
-4 -1 
-4 -0.404727 
-4 -0.480116 
-4 0.768174 
-4 0.652261 
-4 0.0160919 
-4 0.536348 
-4 1 
-4 0.216963 
-4 0.140837 
-4 -0.217 
-4 0.312233 
-4 0.411337 
-4 -0.115497 
-4 -0.306057 
-4 -0.178574 
-4 -0.367032 
-4 -0.259495 
-4 -0.442421 
-4 -0.528222 
-4 0.350522 
-4 0.710217 
-4 -0.0277712 
-4 -0.624434 
-4 -0.754405 
-4 -0.918135 
-4 0.494678 
-4 0.884087 
-4 0.255026 
-4 0.1789 
-4 0.0472781 
-4 0.10965 
-4 0.594304 
ZONE T="boundary1"
-3.8613 1 
1.15167 1 
0.976268 1 
0.171395 1 
0.0696094 1 
0.393231 1 
0.27318 1 
1.41521 1 
1.28344 1 
-0.202716 1 
3.05501 1 
-0.612935 1 
-0.497328 1 
3.56151 1 
3.23518 1 
2.67846 1 
3.70768 1 
-3.13936 1 
-2.86927 1 
2.39266 1 
-2.59918 1 
-2.18402 1 
-0.29235 1 
-0.394839 1 
-0.113082 1 
-1.09018 1 
-1.21246 1 
-0.728543 1 
-0.848226 1 
-0.96791 1 
0.811253 1 
0.513282 1 
-1.33381 1 
1.54736 1 
0.662268 1 
2.10686 1 
1.89318 1 
1.67951 1 
-3.58389 1 
-3.72259 1 
-4 1 
3.41535 1 
1.78635 1 
-1.45516 1 
-1.68356 1 
-1.56936 1 
-1.8646 1 
-2.04563 1 
-1.77408 1 
4 1 
-3.44519 1 
-3.29227 1 
-2.73423 1 
2.24976 1 
-2.32241 1 
1.06397 1 
0.120502 1 
0.333206 1 
1.34933 1 
-0.555131 1 
3.14509 1 
2.86673 1 
-0.343594 1 
-0.446083 1 
-1.15132 1 
-0.247533 1 
-0.0217361 1 
0.222288 1 
-0.670739 1 
-0.157899 1 
-0.908068 1 
0.453257 1 
0.89376 1 
1.21756 1 
0.73676 1 
2.00002 1 
1.48129 1 
-3.65324 1 
-3.93065 1 
-3.79194 1 
3.48843 1 
-1.62646 1 
-1.95511 1 
3.85384 1 
3.63459 1 
3.32526 1 
-1.39448 1 
-3.51454 1 
-3.36873 1 
-2.80175 1 
2.32121 1 
2.17831 1 
2.53556 1 
-2.46079 1 
-2.25321 1 
-2.6667 1 
-3.00431 1 
-3.21582 1 
1.83976 1 
1.73293 1 
-0.788385 1 
1.61343 1 
-1.81934 1 
-1.72882 1 
-1.51226 1 
-1.27313 1 
-1.02905 1 
0.587775 1 
-2.11483 1 
ZONE T="boundary2"
4 -0.398328 
4 -0.464062 
4 -0.257513 
4 -0.332594 
4 0.0373514 
4 -0.835955 
4 0.345903 
4 -0.671911 
4 -0.567986 
4 -1 
4 -0.295053 
4 -0.215198 
4 -0.172884 
4 -0.119043 
4 -0.0652016 
4 0.121882 
4 0.206412 
4 0.241285 
4 0.761163 
4 1 
4 0.641745 
4 0.164147 
4 0.276158 
4 0.31103 
4 0.390009 
4 0.434115 
4 0.522327 
4 -0.431195 
4 -0.619949 
4 -0.917978 
4 -0.276283 
4 -0.194041 
4 -0.0921221 
4 -0.145963 
4 -0.0139251 
4 0.0796166 
4 0.223849 
4 -0.753933 
4 0.880582 
4 0.701454 
4 -0.313823 
4 -0.236355 
4 -0.365461 
4 -0.516024 
4 0.258721 
4 0.328467 
4 0.367956 
4 0.412062 
4 0.478221 
4 0.582036 
4 0.143014 
4 0.293594 
4 0.18528 
ZONE T="boundary3"
-1.78748 -1 
-1.61128 -1 
-0.770578 -1 
-0.402185 -1 
-0.325175 -1 
2.1623 -1 
0.49133 -1 
0.0861808 -1 
-0.0426769 -1 
-0.631807 -1 
0.421995 -1 
1.15734 -1 
1.3992 -1 
-1.12812 -1 
-1.18352 -1 
1.67423 -1 
1.77756 -1 
3.54413 -1 
1.96993 -1 
-4 -1 
-3.53658 -1 
-3.16339 -1 
-2.79021 -1 
4 -1 
3.77207 -1 
3.08827 -1 
-2.47937 -1 
2.86569 -1 
-1.96368 -1 
-1.4805 -1 
-1.34971 -1 
-2.22153 -1 
-0.48143 -1 
-0.560675 -1 
0.352661 -1 
-0.111896 -1 
0.150288 -1 
0.214394 -1 
0.021752 -1 
0.579409 -1 
-0.253145 -1 
-0.181115 -1 
0.781948 -1 
0.722229 -1 
0.283528 -1 
0.841668 -1 
0.965648 -1 
0.903658 -1 
-0.702938 -1 
-1.23891 -1 
-0.838219 -1 
-1.07844 -1 
-1.02876 -1 
-0.929393 -1 
-0.979074 -1 
1.02756 -1 
1.08947 -1 
1.22521 -1 
1.26871 -1 
1.3122 -1 
1.57089 -1 
2.6431 -1 
2.5229 -1 
2.2825 -1 
2.4027 -1 
0.650819 -1 
-1.69938 -1 
-0.36368 -1 
-1.15582 -1 
1.72589 -1 
1.87375 -1 
-3.76829 -1 
-2.9768 -1 
3.88603 -1 
3.3162 -1 
2.97698 -1 
-1.4151 -1 
-3.34999 -1 
-2.35045 -1 
-0.521053 -1 
0.182341 -1 
-0.0772864 -1 
-0.0104625 -1 
0.118234 -1 
0.535369 -1 
-0.28916 -1 
0.456663 -1 
-0.146505 -1 
0.752089 -1 
-0.21713 -1 
0.387328 -1 
0.318094 -1 
0.248961 -1 
0.934653 -1 
-0.736758 -1 
-0.596241 -1 
-0.667372 -1 
-0.804398 -1 
-1.0536 -1 
-0.883806 -1 
-1.10328 -1 
-0.441807 -1 
1.05852 -1 
1.19127 -1 
1.29045 -1 
1.12341 -1 
1.3557 -1 
-1.29431 -1 
-1.54589 -1 
1.48505 -1 
1.62256 -1 
0.0539664 -1 
3.6581 -1 
-2.0926 -1 
2.583 -1 
2.3426 -1 
2.2224 -1 
2.06612 -1 
-2.63479 -1 
2.4628 -1 
2.75439 -1 
0.686524 -1 
0.872663 -1 
0.615114 -1 
0.996604 -1 
1.24696 -1 
0.811808 -1 
-0.954234 -1 
-1.00392 -1 
-1.21122 -1 
-1.87558 -1 
ZONE T="boundary4"
0.237351 0.0544596 
0.256591 0.0526741 
-0.571388 0.088109 
-0.750669 -0.108825 
-0.748487 -0.0936101 
-0.6761 0.0466397 
-0.745615 -0.0786931 
-0.735836 -0.0442215 
-0.508797 0.0819436 
-0.491929 0.0776691 
-0.742147 -0.0644749 
-0.728397 -0.0255838 
-0.72291 -0.01411 
-0.716681 -0.00274268 
-0.473085 0.0719562 
-0.452869 0.0650295 
-0.376327 0.0374231 
-0.390908 0.0423693 
0.30842 0.0453302 
0.329053 0.0413587 
-0.709895 0.0080891 
-0.557163 0.0882698 
-0.688686 0.0346405 
-0.702778 0.0180745 
-0.632793 0.0740341 
-0.621012 0.0786486 
-0.609098 0.0823134 
-0.597406 0.0850083 
-0.578558 0.0876308 
-0.545921 0.087698 
-0.534792 0.0865653 
-0.585703 0.0868756 
0.114884 0.054618 
-0.660869 0.0584227 
-0.280272 0.0152632 
-0.265553 0.0136986 
-0.0413682 0.0332297 
-0.0631352 0.0294295 
-0.24292 0.0122243 
-0.295089 0.0173361 
-0.222755 0.0118118 
-0.202733 0.0121784 
-0.184792 0.0131049 
-0.127294 0.0191687 
-0.0848591 0.0257223 
-0.106052 0.0222981 
-0.308183 0.0195894 
-0.321274 0.0222371 
-0.166965 0.0145263 
-0.435596 0.0587242 
-0.521716 0.0845661 
-0.418253 0.0522747 
-0.361672 0.0327935 
-0.40461 0.0472571 
-0.34151 0.027091 
0.219192 0.055688 
0.349592 0.0368019 
0.0254945 0.044341 
0.0478474 0.0475485 
-0.14707 0.0166274 
0.153289 0.0565529 
0.275817 0.0503847 
0.00327731 0.0408433 
-0.64701 0.0670102 
0.292135 0.0480407 
0.0934139 0.0528265 
0.0705542 0.0504117 
0.136471 0.0559144 
0.170161 0.0568523 
0.18559 0.0568176 
0.20105 0.0564798 
-0.0190967 0.0370934 
0.246977 0.053629 
-0.749667 -0.101205 
-0.747142 -0.0861343 
-0.500336 0.079911 
-0.743969 -0.0715626 
-0.72573 -0.0198103 
-0.739186 -0.0542878 
-0.719877 -0.00838167 
-0.462951 0.0685661 
-0.383629 0.0398622 
0.31875 0.0434172 
-0.713368 0.00272359 
-0.682536 0.0407904 
-0.706411 0.0131349 
-0.626946 0.0764529 
-0.603275 0.0837627 
-0.574976 0.087904 
-0.54035 0.0871991 
-0.695965 0.0265559 
-0.59157 0.0860397 
-0.551539 0.088058 
-0.668648 0.0527415 
-0.272919 0.0144206 
-0.0522512 0.031326 
-0.254246 0.0128239 
-0.287689 0.0162378 
-0.482476 0.0749118 
-0.212742 0.0119027 
-0.7323 -0.0348289 
-0.193759 0.0125749 
-0.0954504 0.0239803 
-0.314737 0.0208659 
-0.073994 0.0275587 
-0.175873 0.0137573 
-0.444223 0.061902 
-0.515241 0.0833279 
-0.564278 0.088317 
-0.426924 0.0555003 
-0.232839 0.0119158 
-0.351619 0.0298473 
-0.397767 0.0447919 
0.228275 0.0551286 
0.339338 0.0391524 
0.0366648 0.0459878 
-0.157011 0.0155147 
0.266212 0.051592 
-0.116667 0.0206893 
-0.411436 0.0497542 
-0.654042 0.0628842 
0.0819778 0.0516808 
0.125674 0.0553314 
0.144878 0.0562752 
0.161724 0.056746 
0.193321 0.056687 
0.104144 0.0537822 
0.300285 0.0467307 
0.283983 0.049258 
0.210124 0.0561377 
0.0143808 0.042625 
0.177876 0.0568723 
-0.301645 0.0184147 
-0.137176 0.017848 
-0.00791318 0.0389905 
-0.369013 0.0350657 
-0.0302341 0.0351712 
0.0591944 0.0490333 
-0.615089 0.0805912 
-0.528241 0.0856504 
-0.582134 0.0872883 
-0.639985 0.0706911 
-0.331418 0.024557 
ZONE T="boundary5"
0.733124 -0.474937 
-0.741632 -0.248971 
-0.725094 -0.304327 
-0.734308 -0.276744 
-0.744369 -0.236274 
-0.746756 -0.223508 
-0.753001 -0.14046 
-0.752184 -0.12452 
-0.750669 -0.108825 
0.785468 -0.341336 
0.783819 -0.361255 
-0.752553 -0.173224 
-0.429487 -0.60023 
-0.372693 -0.620725 
-0.343322 -0.629288 
-0.282508 -0.643399 
-0.313023 -0.63688 
-0.401284 -0.611109 
-0.149718 -0.661488 
-0.114483 -0.664119 
0.0272366 -0.668265 
0.780284 -0.380547 
-0.25027 -0.649199 
-0.654576 -0.431516 
-0.670939 -0.408901 
-0.637353 -0.452743 
0.785421 -0.327656 
0.775024 -0.272059 
0.769779 -0.2582 
-0.713506 -0.332735 
-0.618863 -0.473147 
-0.550774 -0.532748 
-0.575546 -0.513447 
-0.597889 -0.493827 
0.775184 -0.398709 
0.743218 -0.461508 
0.722657 -0.487286 
0.349592 0.0368019 
-0.0081369 -0.668075 
-0.0436793 -0.667351 
-0.0792516 -0.666044 
0.0976354 -0.667172 
0.0625687 -0.667956 
0.236643 -0.659304 
0.202246 -0.661998 
0.756503 -0.231083 
0.745865 -0.213459 
0.132657 -0.665921 
0.167478 -0.664203 
0.401607 -0.637447 
0.76111 -0.432105 
0.369797 -0.643055 
0.488094 -0.617431 
0.460908 -0.624586 
0.540424 -0.600839 
0.515024 -0.609402 
0.590158 -0.580659 
0.565466 -0.591304 
0.6397 -0.554581 
0.664599 -0.538353 
0.676697 -0.529479 
0.700253 -0.509836 
0.688429 -0.520128 
0.782343 -0.300011 
0.784403 -0.313973 
0.410513 0.0196774 
0.711652 -0.498931 
0.752547 -0.447308 
0.698908 -0.154405 
0.768649 -0.416075 
0.478474 -0.00604757 
0.43758 0.010293 
0.383143 0.0280463 
0.558933 -0.0464777 
0.578545 -0.0582206 
0.763541 -0.24447 
0.72375 -0.182856 
0.734234 -0.196568 
0.712685 -0.169577 
0.684628 -0.139968 
0.779271 -0.286211 
0.528951 -0.0300351 
0.636118 -0.0980587 
0.654555 -0.112889 
0.598053 -0.0707569 
0.499017 -0.0152801 
-0.750403 -0.198266 
-0.685875 -0.385622 
-0.699863 -0.360818 
0.431352 -0.631425 
-0.45713 -0.588055 
-0.48545 -0.573824 
0.337851 -0.647931 
0.304459 -0.652314 
0.27097 -0.656063 
-0.51278 -0.558174 
-0.183838 -0.658182 
-0.217915 -0.654032 
0.617133 -0.0839334 
-0.532045 -0.545861 
0.669789 -0.126106 
0.652293 -0.546687 
0.615146 -0.568395 
-0.729923 -0.29061 
-0.745606 -0.2299 
-0.75268 -0.132485 
-0.751516 -0.116664 
0.784895 -0.351316 
-0.35805 -0.625151 
-0.328208 -0.633224 
-0.415447 -0.605829 
-0.132107 -0.662896 
-0.297793 -0.640267 
-0.266412 -0.646426 
-0.662916 -0.420323 
-0.646109 -0.442247 
0.772519 -0.265085 
-0.719532 -0.318626 
-0.563304 -0.523283 
-0.628247 -0.463071 
-0.586859 -0.503798 
0.777936 -0.389685 
0.738274 -0.4683 
0.00954947 -0.668234 
-0.0259095 -0.667782 
0.0801034 -0.667623 
-0.0968716 -0.665164 
0.21945 -0.660717 
0.751324 -0.222186 
0.115148 -0.666605 
0.184866 -0.663163 
0.385719 -0.640349 
0.474528 -0.621112 
0.527764 -0.605237 
0.577873 -0.586122 
0.670692 -0.533974 
0.694399 -0.515049 
0.7835 -0.306973 
0.782283 -0.370944 
0.706019 -0.504453 
0.727977 -0.481184 
0.747999 -0.454485 
0.785034 -0.320805 
0.785565 -0.334495 
0.765032 -0.424161 
0.42409 0.0151096 
0.366418 0.032616 
0.71723 -0.49318 
0.568784 -0.0522734 
0.729067 -0.189655 
0.705881 -0.161914 
0.777276 -0.279097 
0.760112 -0.237729 
0.766766 -0.251287 
0.780931 -0.293083 
0.544034 -0.0380887 
0.645407 -0.105383 
0.588352 -0.0644104 
0.488778 -0.0105905 
-0.748756 -0.210912 
-0.387039 -0.616068 
-0.67857 -0.397366 
-0.693049 -0.373322 
0.446155 -0.628113 
0.416499 -0.634532 
-0.443382 -0.594309 
-0.471385 -0.581128 
-0.608526 -0.483639 
0.501593 -0.613532 
0.353837 -0.64558 
0.287723 -0.654264 
0.552994 -0.596199 
-0.499224 -0.566189 
-0.166788 -0.659933 
-0.20089 -0.656218 
0.0449031 -0.668172 
0.253814 -0.657755 
0.626692 -0.0909104 
-0.541477 -0.539406 
0.458141 0.00240886 
-0.234109 -0.651729 
-0.0614682 -0.666773 
0.15007 -0.665121 
0.756964 -0.439783 
0.772098 -0.40746 
0.718285 -0.17616 
0.662231 -0.11943 
0.740169 -0.204932 
0.691842 -0.147114 
0.677275 -0.132967 
-0.751665 -0.185761 
-0.743044 -0.242631 
-0.738193 -0.262916 
-0.753124 -0.156847 
0.646031 -0.550687 
0.627526 -0.561672 
0.602733 -0.574692 
0.68261 -0.524865 
0.658483 -0.542576 
-0.706911 -0.346887 
0.321166 -0.650207 
-0.522479 -0.552116 
0.607648 -0.0772633 
0.514062 -0.022498 
0.396868 0.0239889 
