ZONE T="boundary0"
-4 -0.180839 
-4 -0.235126 
-4 -0.400778 
-4 -0.350898 
-4 0.25122 
-4 0.555204 
-4 1 
-4 0.357362 
-4 -1 
-4 -0.268072 
-4 -0.301018 
-4 -0.0657326 
-4 -0.126553 
-4 -0.599994 
-4 -0.500386 
-4 0.277756 
-4 0.064719 
-4 -0.00491254 
-4 0.134351 
-4 0.456283 
-4 0.192786 
-4 0.222003 
-4 0.304291 
-4 0.330827 
-4 -0.799997 
-4 -0.699995 
-4 -0.207982 
-4 -0.375838 
-4 0.777602 
-4 -0.284545 
-4 -0.0961427 
-4 -0.55019 
-4 0.264488 
-4 0.0299032 
-4 -0.0353226 
-4 -0.251599 
-4 -0.325958 
-4 -0.153696 
-4 0.207394 
-4 0.236612 
-4 0.163568 
-4 0.0995348 
-4 0.317559 
-4 0.505743 
-4 0.344095 
-4 0.406823 
-4 -0.450582 
-4 -0.649994 
-4 -0.749996 
-4 -0.899998 
-4 0.291024 
ZONE T="boundary1"
-4 1 
0.759136 1 
-0.0407592 1 
-0.0972618 1 
0.49028 1 
-0.204937 1 
0.402044 1 
0.310418 1 
0.578517 1 
-0.278633 1 
-0.352329 1 
-1.83102 1 
-1.16303 1 
-1.27241 1 
3.41146 1 
3.55859 1 
-2.8206 1 
-2.55252 1 
-3.3091 1 
3.06271 1 
2.71396 1 
2.88833 1 
-2.01082 1 
-2.19062 1 
-3.08869 1 
2.23303 1 
2.01673 1 
0.0157433 1 
0.088789 1 
-0.790493 1 
-0.661483 1 
0.161835 1 
0.236126 1 
-0.442402 1 
-0.532474 1 
4 1 
0.868154 1 
1.10138 1 
1.22559 1 
-1.05364 1 
3.70573 1 
-0.922067 1 
-0.85628 1 
1.29519 1 
-1.60222 1 
-1.45568 1 
1.43439 1 
1.50399 1 
0.977172 1 
1.36479 1 
2.47349 1 
-3.52952 1 
-3.76476 1 
-2.37157 1 
1.80043 1 
1.65221 1 
-0.0690105 1 
0.356231 1 
0.668827 1 
-0.315481 1 
-1.21772 1 
3.48503 1 
-2.68656 1 
2.80114 1 
-2.10072 1 
-2.95465 1 
2.12488 1 
-0.012508 1 
-0.151099 1 
-0.725988 1 
0.273272 1 
0.125312 1 
-0.487438 1 
0.446162 1 
0.534399 1 
1.16349 1 
-0.397365 1 
-1.10833 1 
3.85286 1 
-0.596979 1 
-0.889173 1 
1.26039 1 
2.97552 1 
3.23708 1 
-0.987854 1 
-1.52895 1 
1.46919 1 
1.03928 1 
1.39959 1 
2.59372 1 
2.35326 1 
-3.88238 1 
3.63216 1 
1.90858 1 
-3.41931 1 
-2.46205 1 
-2.2811 1 
-3.1989 1 
-1.36404 1 
-3.64714 1 
-1.92092 1 
-1.71662 1 
1.72632 1 
0.0522661 1 
0.19898 1 
0.813645 1 
-0.241785 1 
0.922663 1 
-0.823386 1 
1.32999 1 
1.5781 1 
ZONE T="boundary2"
4 -0.47041 
4 -0.835553 
4 -0.671106 
4 -0.355547 
4 -0.285496 
4 0.595493 
4 0.730329 
4 0.0465272 
4 -0.570758 
4 -0.0939733 
4 -0.215445 
4 -0.412979 
4 0.345269 
4 0.402963 
4 0.211247 
4 0.244753 
4 0.278258 
4 0.311763 
4 0.170067 
4 0.128887 
4 1 
4 -0.154709 
4 -1 
4 0.460657 
4 -0.753329 
4 0.662911 
4 -0.25047 
4 -0.441694 
4 -0.320522 
4 0.374116 
4 0.228 
4 0.295011 
4 0.190657 
4 0.0877072 
4 -0.0237231 
4 0.865164 
4 -0.185077 
4 -0.620932 
4 -0.520584 
4 -0.917776 
4 0.528075 
4 -0.124341 
4 0.328516 
4 0.149477 
4 0.261505 
4 0.43181 
4 -0.384263 
ZONE T="boundary3"
-3.7962 -1 
-3.5924 -1 
3.13423 -1 
3.30891 -1 
-0.204747 -1 
-0.335775 -1 
-0.264424 -1 
1.53949 -1 
1.6275 -1 
0.175453 -1 
0.116356 -1 
-1.07074 -1 
-0.407126 -1 
0.23455 -1 
0.306176 -1 
2.78772 -1 
3.52945 -1 
1.32999 -1 
1.45148 -1 
-4 -1 
-3.301 -1 
-3.12581 -1 
-2.28881 -1 
-2.06645 -1 
-1.88714 -1 
-1.70782 -1 
1.75922 -1 
-2.51116 -1 
-0.729679 -1 
1.89094 -1 
-0.00611159 -1 
0.055122 -1 
0.377802 -1 
0.474112 -1 
0.570422 -1 
-0.0755905 -1 
-0.616489 -1 
-0.145069 -1 
0.788919 -1 
0.97561 -1 
-0.956807 -1 
1.09205 -1 
1.20849 -1 
4 -1 
-0.511807 -1 
-0.459466 -1 
-0.842869 -1 
-1.18632 -1 
-1.54928 -1 
-1.42559 -1 
-1.3019 -1 
-2.95063 -1 
-2.73089 -1 
2.15437 -1 
2.38513 -1 
3.75 -1 
2.95956 -1 
2.61588 -1 
0.679671 -1 
-3.6943 -1 
3.22157 -1 
-0.300099 -1 
1.5835 -1 
0.145904 -1 
-0.37145 -1 
0.270363 -1 
3.41918 -1 
1.39073 -1 
-3.8981 -1 
-3.21341 -1 
-2.17763 -1 
-1.79748 -1 
0.0245052 -1 
0.0857388 -1 
0.205002 -1 
0.341989 -1 
0.425957 -1 
0.522267 -1 
-0.174908 -1 
-0.234585 -1 
0.882265 -1 
-1.01378 -1 
1.03383 -1 
1.15027 -1 
-0.485637 -1 
-0.786274 -1 
-0.564148 -1 
-1.12853 -1 
-1.36374 -1 
-2.39999 -1 
-2.84076 -1 
-2.62103 -1 
2.26975 -1 
1.26924 -1 
-1.24411 -1 
-3.03822 -1 
1.82508 -1 
2.87364 -1 
3.0469 -1 
2.7018 -1 
3.875 -1 
-1.9768 -1 
2.02266 -1 
-3.4467 -1 
-0.040851 -1 
0.734295 -1 
0.625046 -1 
-0.11033 -1 
-0.433296 -1 
-1.62855 -1 
2.5005 -1 
-1.48743 -1 
-0.899838 -1 
1.49549 -1 
1.69336 -1 
3.63973 -1 
-0.673084 -1 
ZONE T="boundary4"
0.635674 0.0945439 
0.633285 0.108511 
0.617131 0.163669 
-0.537816 0.237996 
-0.422289 0.306983 
-0.399509 0.315496 
-0.64155 0.0186862 
-0.639963 0.0423441 
-0.485962 0.275861 
-0.466134 0.286974 
-0.641438 -0.0049717 
-0.636599 0.0659053 
-0.631386 0.0892408 
0.567633 0.254621 
0.558382 0.266838 
-0.624294 0.112147 
-0.591818 0.176712 
-0.604452 0.156067 
-0.565413 0.210636 
-0.579161 0.194202 
0.630218 0.122403 
-0.615298 0.134501 
0.598762 0.204021 
-0.551984 0.224748 
-0.352699 0.330186 
-0.328819 0.336621 
0.63857 0.052531 
0.638329 0.0665357 
0.584373 0.229433 
0.622147 0.149904 
-0.505088 0.263559 
-0.279901 0.348362 
-0.254831 0.353874 
-0.376433 0.32314 
-0.521801 0.251296 
-0.22977 0.359161 
-0.178783 0.369457 
-0.204263 0.364376 
-0.100807 0.384304 
-0.15291 0.374504 
-0.0213155 0.397878 
0.0057097 0.40192 
-0.0745591 0.389012 
-0.304383 0.342684 
-0.444506 0.297529 
0.634901 0.0108995 
0.636856 0.0247236 
0.477549 0.340068 
0.503765 0.321242 
0.548579 0.278631 
0.538062 0.290136 
0.060426 0.408836 
0.116531 0.413692 
0.145032 0.415103 
0.174465 0.415699 
0.203961 0.415327 
0.233998 0.413847 
0.088135 0.411554 
0.327251 0.400819 
0.295703 0.406814 
-0.127046 0.379435 
0.390077 0.382946 
0.358742 0.392941 
-0.0479656 0.393571 
0.626492 0.136219 
0.638076 0.0385604 
0.576245 0.242188 
0.637355 0.0806013 
0.611556 0.177247 
0.264602 0.411077 
0.0328217 0.405581 
0.420436 0.370874 
0.450047 0.356405 
0.527008 0.301129 
0.634565 0.101542 
-0.410943 0.311357 
-0.640973 0.0305295 
-0.476129 0.281562 
-0.641701 0.00685631 
-0.634224 0.0776245 
0.563075 0.260781 
-0.598349 0.166519 
-0.572429 0.202536 
0.631833 0.115475 
-0.6101 0.145396 
-0.558804 0.217791 
-0.340777 0.33347 
-0.544995 0.231472 
0.638541 0.0595346 
0.591782 0.216849 
0.61971 0.156812 
-0.267372 0.351149 
-0.36459 0.326747 
-0.529909 0.244766 
-0.495622 0.269861 
-0.191525 0.36693 
-0.00781003 0.399943 
-0.242304 0.35654 
-0.0876869 0.38668 
-0.29215 0.345564 
-0.638506 0.0541568 
0.635969 0.0177984 
-0.513536 0.257552 
0.490869 0.33095 
0.543388 0.284448 
0.130776 0.414494 
0.159745 0.415515 
0.218986 0.414732 
-0.217019 0.361786 
0.0742724 0.410267 
0.311517 0.404032 
-0.13998 0.376984 
0.374493 0.388206 
-0.165849 0.371994 
0.628433 0.129332 
0.624393 0.143085 
0.638415 0.0455421 
0.580368 0.235848 
0.637933 0.0735745 
0.636602 0.0875828 
-0.316614 0.339707 
0.61441 0.170485 
0.637557 0.0316337 
-0.0612675 0.39132 
-0.0346467 0.39576 
0.102326 0.412709 
0.249314 0.412628 
0.280177 0.409135 
-0.11393 0.381887 
0.0466156 0.407271 
0.0192579 0.403802 
0.405366 0.377185 
0.435385 0.363934 
0.463968 0.348523 
-0.585647 0.18557 
0.605402 0.19075 
-0.628074 0.100766 
-0.620029 0.123417 
-0.455393 0.292401 
-0.433455 0.30239 
0.572002 0.248448 
-0.388003 0.319417 
0.515615 0.311449 
0.189214 0.41564 
0.343055 0.397118 
0.532601 0.295697 
0.553549 0.272792 
ZONE T="boundary5"
-0.348025 -0.432389 
-0.599347 -0.166144 
-0.639711 -0.0285353 
-0.636448 -0.0519718 
-0.588108 -0.188349 
-0.625605 -0.0982585 
-0.631727 -0.0752046 
0.595444 -0.0939733 
0.57984 -0.119029 
-0.575691 -0.210372 
-0.406758 -0.394466 
-0.223198 -0.488763 
-0.194958 -0.497751 
-0.277184 -0.467922 
-0.301928 -0.456639 
-0.326217 -0.444412 
-0.108301 -0.517786 
-0.0792077 -0.522065 
-0.137379 -0.512294 
-0.166234 -0.505626 
-0.547488 -0.253845 
-0.562036 -0.232385 
-0.456353 -0.354839 
-0.471902 -0.340633 
-0.487379 -0.325483 
-0.516983 -0.293156 
-0.532684 -0.273813 
-0.502297 -0.309798 
-0.440333 -0.368524 
-0.609377 -0.143715 
-0.388282 -0.40734 
-0.369379 -0.419589 
-0.423759 -0.381766 
-0.641438 -0.0049717 
0.632231 -0.00278426 
0.628872 -0.0162878 
0.620147 -0.0428261 
0.608912 -0.0687246 
0.00779168 -0.527564 
-0.0211464 -0.526966 
0.0366345 -0.526887 
-0.0501989 -0.525123 
0.0653249 -0.524899 
0.203987 -0.49376 
0.121898 -0.516828 
0.0937608 -0.521561 
0.177087 -0.502974 
0.149756 -0.510634 
0.230222 -0.483014 
0.255845 -0.470663 
0.304884 -0.441165 
0.280761 -0.456707 
0.328173 -0.424071 
0.350623 -0.405467 
0.372041 -0.385625 
0.392824 -0.364328 
0.544385 -0.168432 
0.525769 -0.192971 
0.432391 -0.318257 
-0.618145 -0.121079 
0.469844 -0.268937 
0.451202 -0.294055 
0.412892 -0.34184 
0.50688 -0.218112 
0.488204 -0.243612 
0.634901 0.0108995 
-0.250398 -0.478885 
0.56265 -0.143779 
-0.638266 -0.0402791 
-0.593856 -0.177312 
-0.628832 -0.0867755 
0.587827 -0.106617 
-0.582018 -0.199427 
-0.209123 -0.493401 
-0.314132 -0.450643 
-0.337175 -0.438499 
-0.0937753 -0.520074 
-0.634263 -0.0636237 
-0.15184 -0.509106 
-0.180635 -0.501834 
-0.554872 -0.24319 
-0.479708 -0.333126 
-0.52494 -0.283571 
-0.448399 -0.361748 
-0.604501 -0.154991 
-0.415309 -0.388185 
-0.4321 -0.375213 
-0.397574 -0.400981 
-0.464187 -0.347801 
-0.35876 -0.426086 
0.630636 -0.00955752 
0.614811 -0.0558979 
-0.494909 -0.317708 
-0.00667992 -0.527422 
-0.0356816 -0.526198 
0.050992 -0.52606 
0.10786 -0.519373 
0.135869 -0.513917 
0.190603 -0.498561 
0.243127 -0.477035 
0.292941 -0.449122 
0.33953 -0.414931 
0.382559 -0.375102 
0.535085 -0.180705 
-0.622032 -0.10972 
0.460579 -0.281537 
-0.378882 -0.413543 
0.361462 -0.395689 
0.497506 -0.230833 
-0.540194 -0.263909 
-0.613909 -0.132454 
0.624828 -0.0296627 
0.633654 0.00404001 
-0.50972 -0.301547 
0.602412 -0.081474 
-0.568975 -0.221448 
-0.236847 -0.48396 
-0.0647184 -0.523743 
0.0795637 -0.523403 
0.217184 -0.488583 
-0.28961 -0.462399 
-0.122867 -0.515188 
0.0222176 -0.527387 
0.163475 -0.506994 
0.268409 -0.463878 
0.316655 -0.432794 
0.422742 -0.330132 
0.571371 -0.131491 
-0.263846 -0.473539 
0.441876 -0.306218 
0.516293 -0.205514 
-0.640771 -0.0167678 
0.402973 -0.353188 
0.479036 -0.256281 
0.553582 -0.156152 
