ZONE T="boundary0"
-4 -0.335032 
-4 -0.267763 
-4 0.296014 
-4 0.251161 
-4 0.461617 
-4 0.192819 
-4 -0.200494 
-4 -0.13233 
-4 0.596213 
-4 -0.830347 
-4 0.150158 
-4 0.107498 
-4 0.340866 
-4 0.401241 
-4 -0.392516 
-4 -0.45 
-4 -0.0641653 
-4 0.0645819 
-4 -0.555348 
-4 -0.660695 
-4 0.730808 
-4 -1 
-4 1 
-4 0.0216662 
-4 -0.301397 
-4 0.273587 
-4 0.22199 
-4 -0.166412 
-4 0.528915 
-4 0.128828 
-4 0.371054 
-4 -0.421258 
-4 -0.234128 
-4 -0.0982474 
-4 0.31844 
-4 -0.502674 
-4 -0.608021 
-4 -0.915174 
-4 0.865404 
-4 -0.745521 
-4 0.66351 
-4 0.431429 
-4 -0.363774 
-4 0.171488 
-4 0.043124 
-4 0.0860398 
-4 -0.0212496 
ZONE T="boundary1"
1.95716 1 
1.78687 1 
0.368596 1 
0.248148 1 
0.472566 1 
0.576537 1 
0.0283043 1 
-0.105247 1 
-1.15148 1 
-0.173504 1 
-1.37852 1 
-1.49516 1 
2.12745 1 
2.47019 1 
2.83506 1 
-2.54974 1 
-1.77154 1 
-1.9625 1 
3.62208 1 
3.75 1 
3.24416 1 
-3.45722 1 
-3.72861 1 
-3.21267 1 
-2.75893 1 
-2.86352 1 
1.65211 1 
1.51736 1 
-2.15346 1 
2.29882 1 
4 1 
-0.692939 1 
0.14588 1 
0.087092 1 
-0.0384711 1 
-0.24176 1 
-0.314523 1 
-0.387285 1 
-0.576413 1 
-0.481849 1 
-0.809464 1 
-0.929077 1 
-1.04109 1 
-1.26187 1 
1.19837 1 
1.12966 1 
0.911044 1 
0.838174 1 
0.707355 1 
0.983914 1 
1.26709 1 
1.39222 1 
-1.63335 1 
-2.3516 1 
-3.09039 1 
-4 1 
3.43312 1 
3.03961 1 
-2.96811 1 
1.87202 1 
0.308372 1 
0.524552 1 
0.420581 1 
-1.43684 1 
2.04231 1 
2.65262 1 
-1.86702 1 
3.68604 1 
-3.59291 1 
-3.33494 1 
-2.65434 1 
-2.81122 1 
1.58474 1 
2.3845 1 
3.875 1 
0.197014 1 
0.0576982 1 
-0.00508342 1 
0.116486 1 
-0.0718589 1 
-0.139375 1 
-0.207632 1 
-0.278142 1 
-0.350904 1 
-0.529131 1 
-0.751201 1 
-0.634676 1 
-0.86927 1 
-0.985083 1 
-1.20668 1 
-1.09629 1 
1.16401 1 
0.874609 1 
0.641946 1 
0.947479 1 
1.23273 1 
1.32966 1 
-1.32019 1 
-1.70244 1 
1.45479 1 
-1.56425 1 
-2.25253 1 
-3.15153 1 
-3.8643 1 
3.5276 1 
3.33864 1 
3.14189 1 
-2.45067 1 
2.93734 1 
-2.05798 1 
2.21314 1 
-0.434567 1 
0.772764 1 
-3.02925 1 
1.05678 1 
-2.91582 1 
1.71949 1 
ZONE T="boundary2"
4 -0.550625 
4 -0.472593 
4 -0.628658 
4 -0.365408 
4 -0.322461 
4 -0.218058 
4 -0.248787 
4 0.122696 
4 -0.279515 
4 0.0378182 
4 1 
4 -0.167626 
4 -0.0396882 
4 -0.419 
4 0.321213 
4 0.376953 
4 0.570117 
4 0.473535 
4 0.194085 
4 0.0802571 
4 -0.814329 
4 -0.721493 
4 0.785059 
4 -1 
4 0.265474 
4 -0.117195 
4 -0.511609 
4 -0.589641 
4 -0.233422 
4 -0.00093501 
4 -0.392204 
4 0.349083 
4 0.521826 
4 0.101477 
4 -0.767911 
4 0.677588 
4 -0.675075 
4 -0.907164 
4 0.892529 
4 -0.264151 
4 -0.300988 
4 -0.343934 
4 -0.192842 
4 0.293343 
4 -0.142411 
4 -0.0784414 
4 0.425244 
4 0.229779 
4 0.15839 
4 0.0590377 
4 -0.445797 
ZONE T="boundary3"
3.1951 -1 
3.34664 -1 
-1.52212 -1 
-1.45136 -1 
-0.820565 -1 
-0.621988 -1 
-0.181861 -1 
0.343163 -1 
-0.0458188 -1 
-0.11384 -1 
1.38506 -1 
-3.38356 -1 
-3.17808 -1 
-1.90725 -1 
-2.09871 -1 
-2.94538 -1 
-2.29018 -1 
2.03868 -1 
-3.79452 -1 
-3.58904 -1 
-2.50143 -1 
-2.71268 -1 
2.44218 -1 
2.74287 -1 
-1.75007 -1 
-1.59288 -1 
-0.235294 -1 
0.0188093 -1 
0.0834373 -1 
0.477245 -1 
0.64159 -1 
0.559417 -1 
0.221677 -1 
-0.513303 -1 
-0.288727 -1 
0.737941 -1 
-0.404618 -1 
0.834293 -1 
1.03079 -1 
0.28242 -1 
1.18486 -1 
-1.00912 -1 
-1.34714 -1 
3.83666 -1 
0.932543 -1 
-4 -1 
1.31833 -1 
-1.24291 -1 
-1.12602 -1 
3.50998 -1 
3.67332 -1 
4 -1 
1.70695 -1 
1.87282 -1 
1.45179 -1 
3.04356 -1 
0.152557 -1 
1.57937 -1 
3.27087 -1 
-1.48674 -1 
-0.721277 -1 
-0.0798295 -1 
-3.28082 -1 
-2.00298 -1 
-2.19445 -1 
-3.69178 -1 
-2.60705 -1 
2.24043 -1 
2.59253 -1 
-1.67147 -1 
-3.06173 -1 
-0.208578 -1 
-0.147851 -1 
0.600504 -1 
0.0511233 -1 
-0.0135048 -1 
-0.567646 -1 
0.689765 -1 
-0.262011 -1 
-0.346673 -1 
-0.458961 -1 
0.786117 -1 
0.312792 -1 
0.410204 -1 
0.252049 -1 
0.518331 -1 
-0.914845 -1 
0.883418 -1 
-3.4863 -1 
-3.89726 -1 
-1.5575 -1 
0.981668 -1 
1.10783 -1 
-1.29502 -1 
-1.39925 -1 
-1.06757 -1 
3.91833 -1 
3.75499 -1 
-1.82866 -1 
1.78989 -1 
-2.82903 -1 
3.59165 -1 
1.95575 -1 
2.89321 -1 
-2.3958 -1 
3.11933 -1 
3.42831 -1 
1.41843 -1 
0.117997 -1 
0.187117 -1 
1.51558 -1 
1.64316 -1 
1.35169 -1 
1.25159 -1 
-1.18447 -1 
ZONE T="boundary4"
-0.0672367 0.380952 
-0.093282 0.377382 
0.427429 0.358353 
0.44984 0.347434 
-0.627073 0.110621 
-0.62011 0.132204 
-0.638229 -0.00128717 
-0.638991 0.021206 
0.630686 0.00902384 
0.4041 0.368022 
0.633015 0.0879711 
-0.356444 0.337237 
-0.33431 0.341903 
-0.529626 0.259766 
0.593543 0.205451 
0.600322 0.192592 
-0.513506 0.272213 
-0.638319 0.043751 
0.63444 0.0720717 
-0.636146 0.0662482 
-0.632411 0.0885911 
0.528367 0.291516 
-0.611543 0.153154 
-0.601413 0.173334 
-0.580439 0.206049 
-0.591176 0.190489 
0.550594 0.268052 
-0.56883 0.220794 
-0.312074 0.346058 
-0.289173 0.349915 
-0.556619 0.234497 
0.505264 0.311568 
0.516477 0.302307 
0.623265 0.135087 
0.627421 0.119413 
-0.543692 0.247369 
0.493656 0.320337 
-0.459135 0.303765 
-0.439538 0.312208 
0.618322 0.15043 
0.53969 0.280158 
0.560901 0.255386 
-0.478208 0.294227 
0.612802 0.165075 
-0.377767 0.332104 
-0.4194 0.319685 
-0.242534 0.356916 
-0.218858 0.360225 
-0.194342 0.363577 
-0.398872 0.32626 
0.0144873 0.391575 
0.042385 0.394766 
-0.119389 0.373793 
-0.144607 0.37034 
-0.266263 0.353463 
0.630656 0.103808 
0.633034 0.0246985 
0.634916 0.0562167 
0.378201 0.377003 
0.244782 0.401357 
0.471652 0.335012 
0.100528 0.400149 
0.130278 0.402031 
0.0714082 0.3977 
0.188928 0.40347 
0.217788 0.402855 
0.324347 0.390734 
0.298014 0.395387 
0.271778 0.398865 
0.35134 0.384616 
0.634442 0.0403845 
0.606658 0.179379 
0.586298 0.218055 
0.570026 0.24305 
-0.16991 0.366896 
-0.040304 0.38459 
-0.0133896 0.388114 
0.160147 0.403177 
-0.496645 0.283525 
-0.0802585 0.379171 
0.438719 0.353067 
-0.623794 0.121478 
0.415835 0.363359 
-0.345391 0.339642 
0.596992 0.199054 
0.633845 0.0800308 
-0.634476 0.0774534 
-0.638838 0.0324849 
-0.629943 0.0996553 
-0.606674 0.163341 
-0.585932 0.198353 
-0.30063 0.348032 
-0.596442 0.181998 
-0.562828 0.227735 
0.510922 0.306999 
0.625448 0.127277 
-0.521672 0.266124 
-0.536757 0.253676 
0.499507 0.316015 
-0.449396 0.308118 
0.620891 0.14279 
0.5341 0.285907 
0.555826 0.261782 
-0.367125 0.334753 
-0.57475 0.21351 
-0.429516 0.316068 
-0.230695 0.358583 
-0.206597 0.361907 
0.02843 0.393209 
-0.131995 0.372065 
-0.388347 0.32928 
-0.550253 0.241028 
-0.254399 0.355212 
-0.27772 0.351721 
-0.323202 0.344037 
0.631975 0.016843 
0.629147 0.111632 
0.391216 0.372705 
0.482791 0.327879 
0.522489 0.296985 
0.460849 0.341404 
0.115394 0.401175 
0.203356 0.403283 
0.284911 0.397261 
-0.409172 0.323081 
0.337881 0.387847 
0.63195 0.0959058 
0.615648 0.157784 
0.633854 0.0325299 
0.609809 0.17226 
0.603555 0.186016 
0.634796 0.0641468 
0.545219 0.274174 
0.634798 0.048296 
0.56553 0.249267 
-0.157255 0.368616 
-0.182123 0.365237 
-0.638785 0.00995463 
-0.106334 0.375588 
-0.0537713 0.382781 
-0.026849 0.38637 
0.0568887 0.396287 
0.085959 0.398992 
0.231289 0.402223 
0.258289 0.400241 
0.364822 0.380997 
0.000544298 0.389873 
0.174533 0.40343 
0.311204 0.393209 
0.145205 0.402704 
-0.505169 0.278006 
-0.468745 0.299137 
-0.487515 0.289024 
0.578398 0.230707 
0.589978 0.211785 
-0.616027 0.14276 
-0.637424 0.0550189 
ZONE T="boundary5"
-0.632687 -0.0458899 
-0.638229 -0.00128717 
-0.500142 -0.303408 
-0.615241 -0.111333 
-0.622206 -0.0897329 
0.598999 -0.0813086 
0.582916 -0.110191 
0.627434 -0.00648933 
0.630686 0.00902384 
-0.587884 -0.174862 
-0.598037 -0.153917 
-0.607172 -0.13273 
-0.539918 -0.253504 
-0.375869 -0.410816 
-0.393888 -0.398379 
-0.191302 -0.498612 
-0.636106 -0.0236689 
-0.26729 -0.470111 
-0.291333 -0.459037 
-0.217245 -0.489932 
-0.242861 -0.480312 
-0.0538156 -0.528246 
-0.0820939 -0.524309 
-0.0254456 -0.531091 
-0.164532 -0.506495 
-0.137508 -0.51339 
-0.109888 -0.519366 
-0.458202 -0.34609 
-0.472591 -0.332362 
-0.486608 -0.318106 
-0.526729 -0.271323 
0.538042 -0.179411 
-0.443384 -0.359371 
-0.356072 -0.423535 
-0.51373 -0.287595 
-0.335846 -0.435582 
-0.427642 -0.372617 
-0.411486 -0.385371 
-0.3138 -0.4477 
0.419666 -0.357964 
0.483231 -0.265701 
0.440067 -0.331114 
0.62332 -0.0217961 
-0.552454 -0.235239 
-0.576732 -0.195609 
0.00334239 -0.532829 
0.0321259 -0.533382 
0.0610159 -0.532698 
0.0899718 -0.530704 
0.119156 -0.52728 
-0.628035 -0.0679237 
0.260863 -0.485814 
0.233038 -0.497812 
0.176514 -0.515959 
0.147967 -0.522399 
0.204968 -0.507786 
0.28793 -0.471846 
0.31415 -0.455839 
0.550299 -0.16107 
0.387054 -0.395041 
0.409035 -0.370824 
0.36378 -0.417449 
0.339469 -0.43771 
0.454892 -0.309846 
0.469153 -0.28812 
-0.564949 -0.215634 
0.525817 -0.197884 
0.511338 -0.220347 
0.612636 -0.0518838 
0.618379 -0.0369083 
0.566963 -0.135787 
0.497125 -0.24313 
-0.618858 -0.100575 
0.591187 -0.0958752 
0.629171 0.0012432 
-0.593074 -0.164443 
-0.611334 -0.122078 
-0.384929 -0.404669 
-0.637333 -0.0124927 
-0.634554 -0.0348023 
-0.279362 -0.464683 
-0.255121 -0.475321 
-0.0679716 -0.526412 
-0.123725 -0.516506 
-0.151051 -0.510066 
-0.465451 -0.339282 
-0.493437 -0.310813 
-0.533407 -0.262474 
-0.366025 -0.41726 
-0.520303 -0.279517 
-0.34601 -0.429643 
-0.435566 -0.366055 
-0.40274 -0.391946 
-0.450845 -0.352787 
-0.302616 -0.453467 
-0.546264 -0.244425 
-0.582414 -0.185291 
-0.0110581 -0.532106 
0.0465771 -0.533198 
-0.602726 -0.143374 
0.247051 -0.492049 
0.162286 -0.519378 
0.190803 -0.512085 
-0.324877 -0.441738 
-0.419614 -0.379057 
0.301182 -0.464083 
0.398234 -0.383114 
0.351804 -0.427805 
0.462086 -0.299028 
0.447561 -0.320541 
-0.558787 -0.22549 
0.476236 -0.276938 
0.518539 -0.20908 
0.414397 -0.364434 
0.375607 -0.406455 
-0.507007 -0.295561 
0.531913 -0.188632 
0.544172 -0.170236 
0.615598 -0.0444311 
0.558683 -0.148455 
0.625482 -0.0141714 
0.620947 -0.0293848 
-0.479658 -0.32529 
0.606127 -0.0667405 
0.575056 -0.123057 
-0.625262 -0.0788648 
-0.630511 -0.0569372 
-0.570934 -0.205675 
-0.177952 -0.502676 
-0.204312 -0.49439 
-0.0396424 -0.529807 
0.133595 -0.525028 
0.104588 -0.529173 
0.504195 -0.231716 
0.490184 -0.254416 
-0.230096 -0.485239 
-0.0960125 -0.521967 
0.0177339 -0.533256 
0.075508 -0.531869 
0.219082 -0.503022 
0.274517 -0.47907 
0.326972 -0.447011 
0.430035 -0.344675 
