ZONE T="boundary0"
-4 -0.197787 
-4 -0.236214 
-4 -0.282776 
-4 0.331378 
-4 0.293089 
-4 -0.0716343 
-4 -0.159361 
-4 0.0784643 
-4 0.768174 
-4 0.536348 
-4 0.453007 
-4 0.369667 
-4 -0.329338 
-4 -0.576328 
-4 -1 
-4 -0.67254 
-4 -0.83627 
-4 -0.404727 
-4 -0.480116 
-4 0.0160919 
-4 1 
-4 0.216963 
-4 0.140837 
-4 -0.217 
-4 0.312233 
-4 -0.115497 
-4 0.652261 
-4 0.411337 
-4 -0.306057 
-4 -0.178574 
-4 -0.367032 
-4 -0.259495 
-4 -0.442421 
-4 -0.528222 
-4 0.350522 
-4 -0.0277712 
-4 -0.624434 
-4 -0.754405 
-4 -0.918135 
-4 0.494678 
-4 0.884087 
-4 0.255026 
-4 0.1789 
-4 0.0472781 
-4 0.10965 
ZONE T="boundary1"
-3.8613 1 
4 1 
3.78076 1 
0.981463 1 
0.811253 1 
1.2505 1 
1.15167 1 
0.27318 1 
-2.18402 1 
-2.32241 1 
2.95682 1 
-3.13936 1 
2.71046 1 
2.46411 1 
2.07147 1 
1.87549 1 
2.26779 1 
-3.43098 1 
-3.57678 1 
0.513282 1 
0.393231 1 
-0.0665531 1 
0.0696094 1 
-0.182665 1 
-0.298777 1 
0.662268 1 
-0.730581 1 
-0.617234 1 
3.56151 1 
-1.212 1 
-0.503887 1 
1.34933 1 
1.51442 1 
-1.8075 1 
-1.68843 1 
-2.04563 1 
-1.92656 1 
0.587775 1 
-3.72259 1 
-4 1 
-0.849893 1 
-0.969205 1 
-1.0906 1 
3.25917 1 
-1.39068 1 
-1.48002 1 
1.67951 1 
-1.56936 1 
-1.30134 1 
-2.73423 1 
-2.52832 1 
3.89038 1 
0.896358 1 
1.20109 1 
-2.25321 1 
2.58729 1 
1.97348 1 
2.16963 1 
-3.50388 1 
0.333206 1 
0.171395 1 
-0.240721 1 
0.00152813 1 
-0.673907 1 
3.67113 1 
-0.401332 1 
1.06657 1 
1.29991 1 
1.43187 1 
-1.74796 1 
-1.9861 1 
0.73676 1 
0.550529 1 
0.453257 1 
-3.64969 1 
-3.93065 1 
-3.79194 1 
-0.909549 1 
-1.0299 1 
3.41034 1 
-1.1513 1 
-1.43535 1 
1.59696 1 
-1.62889 1 
-3.28517 1 
-2.11483 1 
-1.86703 1 
0.625021 1 
-1.34601 1 
-1.52469 1 
1.7775 1 
-2.93679 1 
-2.42536 1 
-2.63127 1 
2.36595 1 
2.83364 1 
3.10799 1 
-0.56056 1 
-1.25667 1 
-0.790237 1 
-0.124609 1 
ZONE T="boundary2"
4 -0.464062 
4 -0.835955 
4 -0.398328 
4 -0.332594 
4 -0.257513 
4 -0.295053 
4 -1 
4 0.434115 
4 0.53793 
4 0.390009 
4 1 
4 -0.671911 
4 -0.567986 
4 0.641745 
4 0.31103 
4 0.161894 
4 0.206412 
4 0.117376 
4 0.0728581 
4 -0.0453513 
4 0.0283401 
4 0.820873 
4 -0.222895 
4 -0.188278 
4 -0.15366 
4 -0.119043 
4 0.345903 
4 0.276158 
4 0.241285 
4 -0.365461 
4 -0.276283 
4 0.486022 
4 0.412062 
4 -0.313823 
4 -0.516024 
4 0.589838 
4 0.0951172 
4 -0.431195 
4 -0.00850559 
4 0.0505991 
4 -0.619949 
4 -0.917978 
4 -0.753933 
4 -0.205586 
4 -0.136351 
4 -0.082197 
4 0.367956 
4 0.328467 
4 0.258721 
4 0.184153 
4 0.910436 
4 0.731309 
4 -0.170969 
4 -0.240204 
4 0.223849 
4 0.293594 
4 0.139635 
ZONE T="boundary3"
-3.68627 -1 
-2.0045 -1 
-1.78748 -1 
4 -1 
3.77207 -1 
0.903658 -1 
0.965609 -1 
-0.253145 -1 
-1.07844 -1 
-0.0450719 -1 
-0.18252 -1 
-0.111896 -1 
0.352762 -1 
-0.327665 -1 
0.021752 -1 
0.842803 -1 
0.781948 -1 
-1.13098 -1 
-1.18352 -1 
-0.839612 -1 
-1.61128 -1 
1.02756 -1 
1.09245 -1 
0.595437 -1 
0.650819 -1 
-4 -1 
1.15734 -1 
-3.37255 -1 
-2.99239 -1 
-3.18247 -1 
-2.82138 -1 
1.77041 -1 
1.96993 -1 
-1.26661 -1 
-1.34971 -1 
3.20491 -1 
-2.43595 -1 
-2.22153 -1 
2.18632 -1 
2.63419 -1 
2.86569 -1 
0.216908 -1 
0.283528 -1 
0.150288 -1 
0.421995 -1 
0.540055 -1 
0.481025 -1 
0.716384 -1 
-0.556618 -1 
-0.631807 -1 
-0.701192 -1 
-0.48143 -1 
-0.404548 -1 
0.0860198 -1 
1.23477 -1 
1.3122 -1 
-0.908647 -1 
-0.951094 -1 
-0.993542 -1 
-1.4805 -1 
-0.770578 -1 
1.57089 -1 
-1.69938 -1 
1.44155 -1 
2.4027 -1 
-2.65038 -1 
3.37452 -1 
3.54413 -1 
-1.89599 -1 
3.88603 -1 
0.934633 -1 
-0.147208 -1 
0.812376 -1 
-1.15725 -1 
1.06 -1 
0.623128 -1 
-3.84314 -1 
-3.52941 -1 
-3.08743 -1 
-2.90689 -1 
1.87017 -1 
-1.30816 -1 
-2.32874 -1 
3.0353 -1 
-0.217833 -1 
-0.290405 -1 
0.250218 -1 
0.183598 -1 
0.45151 -1 
0.51054 -1 
0.567746 -1 
0.683601 -1 
0.387378 -1 
0.318145 -1 
0.749166 -1 
-0.666499 -1 
-0.442989 -1 
-0.519024 -1 
-0.366106 -1 
-0.01166 -1 
-0.0784839 -1 
0.118154 -1 
0.0538859 -1 
0.87323 -1 
0.996584 -1 
1.27349 -1 
1.12489 -1 
-1.10471 -1 
-0.92987 -1 
-1.03599 -1 
-0.972318 -1 
-1.22507 -1 
-0.874129 -1 
-0.805095 -1 
-1.4151 -1 
-1.65533 -1 
1.37688 -1 
1.67065 -1 
1.50622 -1 
-1.74343 -1 
2.07812 -1 
2.29451 -1 
-3.27751 -1 
-2.73588 -1 
2.51845 -1 
2.74994 -1 
-2.54316 -1 
-2.11301 -1 
-0.735885 -1 
1.19606 -1 
-0.594212 -1 
3.28972 -1 
3.45933 -1 
3.6581 -1 
-1.54589 -1 
ZONE T="boundary4"
0.0648577 0.0779351 
0.0865157 0.0781307 
-0.102769 0.0593917 
-0.0829848 0.0629881 
0.127114 0.0770399 
0.10823 0.0777848 
-0.271717 0.0209706 
-0.258415 0.0241022 
-0.765251 -0.154472 
-0.760296 -0.141846 
-0.754543 -0.1298 
-0.603242 -0.0272993 
-0.591255 -0.0250221 
-0.748196 -0.118638 
-0.737644 -0.103363 
-0.0215709 0.0719332 
-0.0423878 0.0693041 
-0.521515 -0.0165646 
-0.540586 -0.0183531 
-0.226161 0.0318393 
-0.207194 0.036405 
-0.428843 -0.00774538 
-0.44976 -0.0100765 
-0.700865 -0.0676321 
-0.709781 -0.0745642 
-0.726246 -0.0899943 
-0.718343 -0.0821065 
-0.691888 -0.0614572 
-0.644215 -0.0384252 
-0.295815 0.0154636 
-0.283748 0.0181898 
-0.615105 -0.0299334 
-0.622414 -0.0317727 
-0.567863 -0.0214646 
-0.554248 -0.0198045 
-0.190421 0.0404011 
-0.629677 -0.0337831 
-0.63698 -0.0360057 
0.04296 0.0771941 
-0.363628 0.00183371 
-0.348969 0.00449117 
-0.47087 -0.0121445 
-0.486634 -0.0135563 
-0.410314 -0.00539646 
-0.391957 -0.00278139 
-0.37774 -0.000552795 
-0.156822 0.0481514 
-0.502457 -0.0149155 
-0.3344 0.00730293 
-0.315045 0.0112783 
0.321913 0.0453747 
0.302808 0.0503871 
0.248272 0.0624362 
0.265973 0.0588935 
-0.245135 0.0272719 
-0.173621 0.0443296 
-0.121411 0.055729 
0.194547 0.0710014 
0.211167 0.0687051 
-0.063084 0.0662723 
-0.000264905 0.074165 
-0.139961 0.0518507 
0.229742 0.0657635 
0.340924 0.0399805 
0.283616 0.0550097 
-0.675024 -0.0516588 
-0.660753 -0.0448786 
0.0211517 0.0759218 
0.146016 0.0758795 
0.177907 0.0729813 
0.161963 0.0745778 
-0.683577 -0.0563594 
0.0756851 0.0781001 
-0.092885 0.0612279 
0.117674 0.077464 
-0.265065 0.0225302 
-0.757529 -0.135772 
-0.597257 -0.0261179 
-0.751469 -0.124164 
-0.74312 -0.110865 
-0.0319871 0.0706718 
-0.531051 -0.0174325 
-0.216679 0.0341251 
-0.439294 -0.00894969 
-0.722357 -0.0859898 
-0.696421 -0.0644822 
-0.28978 0.0168185 
-0.705376 -0.0710317 
-0.609185 -0.0285676 
-0.618765 -0.0308324 
-0.561059 -0.0206041 
-0.633336 -0.0348706 
-0.732112 -0.0965398 
-0.547419 -0.0190563 
-0.356294 0.00314106 
-0.47875 -0.0128608 
-0.401128 -0.00412463 
-0.370679 0.00061971 
-0.324716 0.00925953 
-0.305423 0.0133458 
0.312373 0.0479288 
-0.384844 -0.00168863 
0.257131 0.0607076 
-0.277731 0.0195736 
-0.235648 0.0295525 
-0.182024 0.0423759 
-0.112097 0.0575904 
-0.198809 0.0384097 
-0.165225 0.0462548 
0.202862 0.0698923 
-0.0730424 0.0646724 
-0.0109253 0.0731076 
-0.148396 0.0500189 
-0.130692 0.0538156 
0.220462 0.0672825 
-0.494544 -0.0142393 
-0.460309 -0.0111407 
-0.762886 -0.148116 
-0.251774 0.025683 
-0.714122 -0.0782694 
0.331432 0.0427245 
-0.511985 -0.0157315 
0.293224 0.0527473 
-0.66795 -0.0481433 
0.032051 0.0766237 
0.239015 0.0641473 
0.0539056 0.0776323 
0.136568 0.0765114 
0.186231 0.0720308 
0.0104373 0.0751049 
0.169938 0.0738161 
0.153992 0.0752654 
-0.34168 0.00587746 
-0.0527444 0.0678375 
0.274803 0.0569935 
0.0973733 0.0780259 
-0.67933 -0.0539606 
-0.626051 -0.0327558 
-0.640606 -0.03719 
-0.652544 -0.0415043 
-0.687763 -0.0588574 
-0.579578 -0.0231173 
-0.419572 -0.0066055 
ZONE T="boundary5"
-0.776652 -0.210851 
-0.775156 -0.196165 
-0.772366 -0.280971 
-0.704539 -0.435264 
-0.76632 -0.307277 
-0.77272 -0.18165 
-0.775813 -0.257105 
-0.777233 -0.233715 
-0.769424 -0.167809 
-0.765251 -0.154472 
0.77564 -0.380393 
-0.325 -0.648738 
-0.357058 -0.642794 
-0.448769 -0.618387 
-0.418739 -0.627761 
-0.15573 -0.665579 
-0.190695 -0.663657 
-0.119904 -0.666928 
-0.0841075 -0.667728 
0.718769 -0.486183 
0.729123 -0.473941 
-0.259255 -0.657772 
-0.292801 -0.653643 
-0.22566 -0.661043 
0.780621 -0.327971 
-0.669902 -0.478257 
-0.68775 -0.457434 
-0.757997 -0.333659 
-0.733659 -0.388302 
-0.747009 -0.361049 
-0.508592 -0.594691 
-0.537851 -0.580177 
-0.47829 -0.607606 
0.770628 -0.398389 
-0.558458 -0.568578 
-0.578461 -0.556088 
0.780694 -0.341533 
0.779102 -0.361276 
0.661289 -0.536755 
0.693518 -0.156094 
0.679071 -0.141802 
0.77018 -0.272817 
0.764927 -0.259057 
0.649018 -0.545047 
0.751605 -0.232135 
0.740906 -0.214643 
-0.0121391 -0.66792 
-0.0481053 -0.668045 
0.0235869 -0.667393 
0.0592757 -0.666483 
0.234047 -0.656308 
0.199695 -0.659132 
0.129891 -0.663566 
0.164817 -0.661553 
0.0946042 -0.665211 
0.301693 -0.649256 
0.398375 -0.634679 
0.366731 -0.640151 
0.707877 -0.497727 
0.756763 -0.431485 
0.484766 -0.615089 
0.457434 -0.62214 
0.537452 -0.598648 
0.511846 -0.607156 
0.562697 -0.589142 
0.612115 -0.566523 
0.624418 -0.559876 
0.696587 -0.508537 
0.684869 -0.518737 
0.673236 -0.528003 
0.777512 -0.300554 
0.779584 -0.314403 
0.758672 -0.245426 
0.7391 -0.460629 
0.748313 -0.446552 
0.764195 -0.415597 
0.72919 -0.197884 
0.340924 0.0399805 
0.648612 -0.115009 
0.521577 -0.0325931 
0.546695 -0.0462099 
0.496022 -0.0197599 
0.400513 0.0204264 
0.718615 -0.184286 
0.707443 -0.171123 
0.774432 -0.286862 
0.610673 -0.0863412 
0.62991 -0.100323 
0.371577 0.0304264 
0.591319 -0.0732593 
-0.604834 -0.537508 
-0.628503 -0.518451 
-0.650582 -0.498251 
-0.719684 -0.412488 
0.427995 -0.628808 
0.429136 0.00957448 
0.462858 -0.00448828 
0.334961 -0.644925 
0.268339 -0.653001 
-0.388039 -0.635891 
0.636513 -0.55286 
0.587267 -0.578639 
-0.776019 -0.203497 
-0.769616 -0.294185 
-0.774059 -0.188887 
-0.776768 -0.245423 
-0.767455 -0.161104 
-0.774333 -0.269072 
-0.341054 -0.645903 
-0.433807 -0.623245 
-0.173216 -0.664698 
-0.102007 -0.667392 
0.724032 -0.480135 
-0.276042 -0.655822 
-0.242467 -0.659507 
-0.678983 -0.467977 
-0.762413 -0.320545 
-0.740584 -0.374794 
-0.752762 -0.347455 
-0.52333 -0.58765 
-0.493532 -0.60136 
0.773334 -0.389447 
-0.54822 -0.574493 
-0.77119 -0.174701 
0.780147 -0.351424 
0.686369 -0.148873 
0.767671 -0.265892 
0.655191 -0.540957 
0.746398 -0.223302 
-0.0301214 -0.668035 
0.041433 -0.666985 
0.216876 -0.657777 
0.18226 -0.660396 
0.11225 -0.664436 
0.382569 -0.637508 
0.713399 -0.492027 
0.471127 -0.618719 
0.524689 -0.603021 
0.618292 -0.563244 
0.6791 -0.523431 
0.690787 -0.513704 
0.778675 -0.30746 
0.702298 -0.503201 
0.7776 -0.370876 
0.743822 -0.453666 
0.752672 -0.439094 
0.734214 -0.467361 
0.767591 -0.407061 
0.780223 -0.321178 
0.780777 -0.334751 
0.534191 -0.0393003 
0.508849 -0.0260791 
0.735169 -0.206179 
0.723978 -0.191026 
0.700566 -0.16353 
0.772434 -0.279801 
0.75523 -0.238732 
0.761906 -0.252193 
0.76063 -0.423612 
0.66409 -0.128123 
0.776096 -0.29368 
0.63933 -0.107574 
0.620356 -0.0932477 
0.356288 0.0353243 
0.386082 0.0255337 
-0.568532 -0.562448 
-0.5918 -0.547011 
-0.61682 -0.528165 
-0.660393 -0.488396 
-0.777197 -0.222276 
-0.696316 -0.446476 
-0.712287 -0.42399 
0.442739 -0.62558 
0.413204 -0.631837 
0.414865 0.0151065 
0.479511 -0.0119707 
0.49834 -0.611239 
0.350858 -0.64262 
0.285024 -0.651197 
0.550124 -0.594026 
0.446061 0.0026938 
-0.726868 -0.400505 
-0.372581 -0.639488 
-0.403431 -0.631986 
-0.137819 -0.666326 
0.0057252 -0.667706 
0.2512 -0.654719 
0.318338 -0.647168 
0.569228 -0.0593719 
-0.308918 -0.651312 
-0.463597 -0.613179 
-0.0661062 -0.667944 
0.0769421 -0.665893 
0.147357 -0.662609 
-0.208184 -0.662443 
0.713097 -0.177647 
0.642799 -0.549008 
0.667305 -0.532437 
-0.639704 -0.508524 
0.601049 -0.0797218 
0.630492 -0.556415 
0.599772 -0.572747 
0.575043 -0.584032 
