ZONE T="boundary0"
-4 -0.467639 
-4 -0.389765 
-4 0.253714 
-4 0.521575 
-4 0.641181 
-4 0.820591 
-4 -0.0446034 
-4 -0.132891 
-4 1 
-4 0.170562 
-4 0.212138 
-4 0.107123 
-4 0.31938 
-4 -0.165252 
-4 0.385046 
-4 -0.32605 
-4 -0.545514 
-4 -0.772757 
-4 -0.659135 
-4 -0.294193 
-4 -0.197613 
-4 -1 
-4 -0.262335 
-4 -0.229974 
-4 0.0436838 
-4 0.453311 
-4 0.730886 
-4 -0.0887471 
-4 0.19135 
-4 -0.149071 
-4 0.232926 
-4 0.286547 
-4 -0.357907 
-4 -0.506576 
-4 -0.428702 
-4 -0.602324 
-4 -0.310121 
-4 0.910295 
-4 -0.715946 
-4 -0.886378 
-4 -0.278264 
-4 -0.181432 
-4 -0.0004598 
-4 0.138843 
-4 0.487443 
-4 0.352213 
-4 0.419178 
-4 0.581378 
-4 -0.213794 
-4 -0.246155 
-4 0.0754035 
ZONE T="boundary1"
-3.00218 1 
-2.76393 1 
1.64795 1 
1.49376 1 
1.08461 1 
1.1894 1 
0.88261 1 
0.793422 1 
0.506067 1 
0.971799 1 
-1.43727 1 
-0.251476 1 
-0.182062 1 
0.415406 1 
1.39398 1 
1.29419 1 
0.704234 1 
0.615046 1 
-1.25863 1 
-1.81647 1 
-3.80848 1 
-4 1 
-3.61696 1 
2.49948 1 
2.12876 1 
2.31412 1 
-2.50947 1 
1.80214 1 
3.56081 1 
4 1 
3.38557 1 
-2.03574 1 
-2.25502 1 
0.104977 1 
0.177792 1 
0.324744 1 
0.251268 1 
-0.112647 1 
0.0321614 1 
-0.322201 1 
-0.392925 1 
-0.581591 1 
-0.487258 1 
-0.0402429 1 
-0.694778 1 
-0.807966 1 
-1.03803 1 
-0.922996 1 
-1.14833 1 
-3.12131 1 
-3.24043 1 
-1.58754 1 
3.21033 1 
1.96545 1 
3.03508 1 
2.85984 1 
-3.4287 1 
2.67966 1 
-2.88306 1 
1.57086 1 
1.137 1 
0.838016 1 
0.927205 1 
-0.216769 1 
1.34408 1 
1.0282 1 
0.65964 1 
-3.90424 1 
2.22144 1 
-2.6367 1 
1.72505 1 
3.78041 1 
-1.92611 1 
-2.14538 1 
0.141384 1 
0.288006 1 
0.560556 1 
-0.357563 1 
-0.147354 1 
-0.440091 1 
0.460736 1 
0.370075 1 
-0.534424 1 
0.748828 1 
-0.638184 1 
-0.751372 1 
-0.865481 1 
-1.09318 1 
-3.71272 1 
1.44387 1 
1.2418 1 
-3.18087 1 
-1.51241 1 
-1.34795 1 
-1.20348 1 
3.29795 1 
-3.06174 1 
2.04711 1 
1.8838 1 
2.4068 1 
3.47319 1 
3.1227 1 
-3.52283 1 
2.76975 1 
-3.33457 1 
2.58957 1 
-1.70201 1 
0.068569 1 
-0.286838 1 
-0.0764451 1 
-0.0040408 1 
0.21453 1 
-0.980512 1 
-2.38224 1 
2.94746 1 
ZONE T="boundary2"
4 -0.372456 
4 -0.436307 
4 -0.667957 
4 -0.833979 
4 -0.300688 
4 -1 
4 -0.226971 
4 0.358416 
4 0.416894 
4 -0.0964862 
4 -0.0397175 
4 0.124049 
4 1 
4 0.475371 
4 0.868843 
4 -0.153255 
4 -0.584057 
4 -0.500158 
4 0.266504 
4 0.222571 
4 0.0694603 
4 0.606528 
4 0.737686 
4 0.178638 
4 0.31246 
4 -0.404382 
4 -0.750968 
4 -0.336572 
4 -0.916989 
4 -0.263829 
4 0.387655 
4 -0.0681018 
4 -0.190113 
4 -0.124871 
4 -0.542108 
4 0.244537 
4 0.446132 
4 0.672107 
4 0.54095 
4 0.151344 
4 0.0148714 
4 -0.468233 
4 0.934421 
4 -0.626007 
4 0.803264 
4 0.200604 
4 0.289482 
4 0.335438 
4 0.0967547 
ZONE T="boundary3"
-3.84879 -1 
-1.3621 -1 
-1.47787 -1 
4 -1 
0.278389 -1 
0.378577 -1 
-0.180749 -1 
3.55797 -1 
1.06735 -1 
1.55086 -1 
1.7662 -1 
2.17347 -1 
2.3654 -1 
-2.75763 -1 
2.56904 -1 
3.06931 -1 
-3.14126 -1 
-3.3267 -1 
-2.95582 -1 
-3.69758 -1 
0.604809 -1 
0.178201 -1 
0.10024 -1 
-0.49465 -1 
-0.110754 -1 
-0.405601 -1 
-0.250744 -1 
0.0222786 -1 
-0.328173 -1 
0.491693 -1 
0.833409 -1 
0.719109 -1 
0.228295 -1 
-4 -1 
-1.13836 -1 
-1.0304 -1 
-0.797417 -1 
-1.24633 -1 
-1.76721 -1 
-1.62254 -1 
-1.55021 -1 
1.1875 -1 
0.950378 -1 
-0.690558 -1 
3.21762 -1 
-2.16259 -1 
-1.9649 -1 
2.77268 -1 
1.30766 -1 
-0.583699 -1 
1.98154 -1 
-2.55944 -1 
3.75 -1 
3.875 -1 
-0.0442379 -1 
-0.913909 -1 
-2.36102 -1 
3.36594 -1 
-1.41998 -1 
2.26944 -1 
2.46722 -1 
-3.23398 -1 
-3.51214 -1 
0.328483 -1 
0.13922 -1 
-0.145752 -1 
-0.450126 -1 
-0.366887 -1 
0.435135 -1 
0.776259 -1 
-3.77319 -1 
-3.9244 -1 
-1.08438 -1 
-1.69488 -1 
0.891893 -1 
1.12742 -1 
3.14347 -1 
-1.86606 -1 
2.67086 -1 
2.92099 -1 
1.42926 -1 
-0.637128 -1 
-1.51404 -1 
1.65853 -1 
1.87387 -1 
-3.04854 -1 
-2.85673 -1 
-2.65854 -1 
3.8125 -1 
3.9375 -1 
-0.539174 -1 
-0.0774961 -1 
-0.0109796 -1 
-0.215747 -1 
-0.289459 -1 
-0.855663 -1 
-0.743988 -1 
0.661959 -1 
0.548251 -1 
0.0612592 -1 
0.253342 -1 
0.203248 -1 
-2.06375 -1 
-2.26181 -1 
-1.30421 -1 
1.00886 -1 
-1.19234 -1 
-0.972155 -1 
1.24758 -1 
3.46196 -1 
-2.46023 -1 
-1.58637 -1 
3.29178 -1 
2.07751 -1 
3.65399 -1 
ZONE T="boundary4"
-0.592731 0.146344 
-0.540158 0.23588 
-0.440149 0.347852 
-0.422935 0.362514 
-0.551199 0.219588 
-0.624847 0.0590495 
-0.630034 0.0369032 
0.610688 0.0595363 
0.616677 0.0426073 
0.628947 -0.00808782 
0.530479 0.219951 
0.514689 0.251613 
0.625845 0.0088171 
0.621732 0.0257542 
0.631033 -0.0251265 
0.497356 0.285515 
0.506132 0.268646 
0.588531 0.109466 
0.58016 0.125892 
-0.610973 0.103117 
-0.618481 0.0811504 
-0.582129 0.167461 
-0.561773 0.202996 
-0.572251 0.185392 
-0.602364 0.124887 
-0.264392 0.461152 
-0.24167 0.471123 
-0.502971 0.284162 
-0.516706 0.267452 
-0.488629 0.30038 
-0.473032 0.31678 
-0.456844 0.332619 
-0.386853 0.39026 
-0.405127 0.376682 
-0.367852 0.403438 
-0.348425 0.415996 
-0.328205 0.42816 
-0.286169 0.450755 
-0.218637 0.480365 
-0.194553 0.489145 
-0.1702 0.497146 
-0.528673 0.25184 
-0.0361808 0.526713 
-0.00752048 0.53001 
-0.636788 -0.00726589 
0.546669 0.188647 
0.388009 0.428379 
0.408038 0.409937 
0.365007 0.446651 
0.444275 0.369044 
0.461586 0.345273 
0.479265 0.31761 
0.052786 0.533448 
-0.064738 0.522381 
0.235616 0.510095 
0.263025 0.500949 
0.289136 0.490386 
0.146745 0.528582 
0.177606 0.523891 
0.206863 0.517806 
0.559098 0.16538 
0.603973 0.0761973 
0.596505 0.0929306 
0.571533 0.142239 
-0.63402 0.0147767 
-0.307597 0.439671 
-0.144679 0.504626 
-0.0919212 0.517284 
-0.118936 0.511265 
0.426671 0.390262 
0.314779 0.478 
0.340342 0.46335 
0.0226241 0.532331 
0.0842265 0.533281 
0.1155 0.53169 
-0.431604 0.355255 
-0.627583 0.0480076 
0.613779 0.0511092 
0.522558 0.235764 
0.623905 0.0173142 
0.63012 -0.0165906 
0.501782 0.277101 
0.584384 0.117696 
-0.614859 0.0921774 
-0.587542 0.156958 
-0.567083 0.194236 
-0.597667 0.135668 
-0.556546 0.21133 
-0.253071 0.466229 
-0.509915 0.275868 
-0.480906 0.30865 
-0.465009 0.324771 
-0.495873 0.292334 
-0.396046 0.383545 
-0.358189 0.409795 
-0.338365 0.42216 
-0.377407 0.396926 
-0.275322 0.45604 
-0.23019 0.475835 
-0.20663 0.484852 
-0.522751 0.259692 
-0.0218638 0.528492 
0.398181 0.419336 
0.376678 0.437736 
0.510431 0.26014 
0.45311 0.357298 
0.276165 0.495874 
0.249391 0.505731 
0.16221 0.526442 
0.552864 0.176997 
0.60031 0.084593 
0.575869 0.134075 
0.592572 0.101222 
0.627519 0.000387557 
0.619312 0.034213 
-0.545735 0.227772 
-0.632173 0.0258644 
-0.635553 0.00377208 
0.565327 0.15381 
-0.621802 0.0701379 
-0.296928 0.445299 
-0.414091 0.369671 
-0.182408 0.493243 
-0.15747 0.500991 
-0.606795 0.11405 
-0.448562 0.340307 
-0.317948 0.433997 
-0.105453 0.514389 
-0.0783501 0.519948 
-0.0504772 0.524675 
0.417516 0.40026 
0.435639 0.379798 
0.302062 0.48441 
0.327693 0.47091 
0.538506 0.204254 
-0.131834 0.508051 
0.00754273 0.531318 
0.037702 0.533042 
0.221298 0.514161 
0.352831 0.455237 
0.0685103 0.533538 
0.470626 0.331578 
0.0998755 0.532668 
0.488511 0.301684 
-0.534473 0.243901 
-0.577268 0.176468 
0.192279 0.521049 
0.607414 0.0678972 
0.131145 0.530331 
ZONE T="boundary5"
-0.584333 -0.229361 
-0.637679 -0.0724388 
-0.635466 -0.0936877 
0.616092 -0.141624 
0.621297 -0.125449 
-0.638629 -0.050915 
-0.560748 -0.259526 
-0.572679 -0.245307 
0.597026 -0.184852 
0.583976 -0.207456 
-0.595001 -0.212512 
-0.604896 -0.194278 
-0.631972 -0.114643 
-0.493754 -0.313453 
-0.507967 -0.304765 
-0.627174 -0.135262 
-0.621054 -0.155484 
-0.535166 -0.28445 
-0.43056 -0.340516 
-0.163963 -0.364626 
-0.189239 -0.364 
-0.286739 -0.361512 
-0.310001 -0.360283 
-0.373959 -0.353462 
-0.353697 -0.35632 
-0.478877 -0.321381 
-0.331914 -0.358618 
-0.263459 -0.362351 
-0.239017 -0.362973 
-0.214613 -0.363475 
-0.137822 -0.365459 
-0.111813 -0.36652 
-0.521693 -0.295182 
0.576967 -0.218238 
-0.548005 -0.272779 
-0.4124 -0.345599 
0.457148 -0.32724 
-0.463626 -0.328424 
-0.447242 -0.334915 
0.443802 -0.334118 
0.43023 -0.340456 
-0.0849891 -0.367873 
0.631033 -0.0251265 
0.630891 -0.0758444 
0.628717 -0.0925669 
0.625494 -0.109178 
-0.393974 -0.349813 
-0.638328 -0.02918 
0.10884 -0.381337 
0.0804375 -0.379582 
0.0520512 -0.377567 
-0.00379392 -0.373319 
-0.0309978 -0.371318 
-0.636788 -0.00726589 
0.0241478 -0.375454 
-0.0583025 -0.369468 
0.167397 -0.383586 
0.138088 -0.382738 
0.520508 -0.28324 
0.228208 -0.382944 
0.197753 -0.383724 
-0.613612 -0.175211 
0.378823 -0.359401 
0.354765 -0.365956 
0.402671 -0.351525 
0.322752 -0.372787 
0.479278 -0.314234 
0.500622 -0.299455 
0.569602 -0.228767 
0.554937 -0.247662 
0.610028 -0.15736 
0.632005 -0.0590418 
0.632054 -0.0421337 
0.603822 -0.1713 
0.290716 -0.377743 
0.259456 -0.381012 
0.539287 -0.265203 
-0.636733 -0.0830817 
0.618812 -0.133574 
-0.638312 -0.0616859 
-0.566832 -0.252516 
0.590705 -0.196272 
-0.600104 -0.20348 
-0.633882 -0.104194 
-0.500927 -0.309214 
-0.624281 -0.145425 
-0.176597 -0.364295 
-0.298374 -0.360956 
-0.363844 -0.354985 
-0.342817 -0.357558 
-0.275099 -0.36197 
-0.251236 -0.362686 
-0.201922 -0.36373 
-0.150886 -0.365016 
-0.124812 -0.365959 
-0.514905 -0.300078 
-0.541682 -0.278719 
-0.528517 -0.289924 
-0.471303 -0.325007 
-0.43894 -0.337821 
-0.421515 -0.343171 
-0.486376 -0.317524 
0.437046 -0.337352 
-0.0983951 -0.367164 
0.627234 -0.100897 
-0.383989 -0.351745 
0.0946344 -0.3805 
0.0662411 -0.378599 
-0.0173934 -0.372304 
0.0101787 -0.374383 
-0.0716408 -0.368642 
0.152736 -0.383241 
0.212979 -0.383459 
-0.638634 -0.0400473 
-0.589807 -0.221024 
0.366833 -0.362831 
0.416547 -0.346235 
0.3908 -0.355628 
0.338806 -0.369614 
0.450509 -0.330746 
0.46833 -0.320936 
0.510727 -0.291545 
0.562424 -0.238336 
0.490092 -0.30705 
0.573329 -0.223534 
0.632163 -0.0505873 
0.580517 -0.212877 
0.607008 -0.164366 
0.613169 -0.149533 
0.6005 -0.178114 
0.629935 -0.0842217 
0.631581 -0.067451 
-0.554491 -0.266261 
-0.455482 -0.331781 
-0.403214 -0.34781 
-0.63771 -0.0182142 
-0.578641 -0.237432 
-0.629738 -0.124992 
-0.6175 -0.165412 
0.631677 -0.0336215 
0.623517 -0.117344 
0.243836 -0.382132 
-0.226812 -0.363231 
0.123458 -0.382098 
-0.0446455 -0.370369 
0.0380987 -0.37652 
0.18257 -0.383759 
0.2751 -0.379556 
-0.320964 -0.359522 
-0.609417 -0.18482 
0.547268 -0.256571 
0.530084 -0.274414 
0.306762 -0.375479 
