ZONE T="boundary0"
-4 0.220603 
-4 0.159369 
-4 0.304291 
-4 -0.128788 
-4 0.437692 
-4 0.538104 
-4 0.819258 
-4 -0.849998 
-4 -1 
-4 0.111746 
-4 0.0641227 
-4 0.370992 
-4 0.0011132 
-4 -0.195679 
-4 -0.0618963 
-4 -0.500386 
-4 -0.60019 
-4 -0.699995 
-4 0.638516 
-4 1 
-4 -0.273288 
-4 -0.162233 
-4 -0.234484 
-4 -0.350898 
-4 -0.312093 
-4 -0.38827 
-4 -0.425642 
-4 0.189986 
-4 0.262447 
-4 0.487898 
-4 -0.924999 
-4 0.0879344 
-4 0.337642 
-4 0.032618 
-4 -0.0953419 
-4 -0.650093 
-4 0.728887 
-4 0.909629 
-4 -0.774996 
-4 -0.178956 
-4 -0.215081 
-4 -0.253886 
-4 -0.331496 
-4 -0.406956 
-4 -0.369584 
-4 -0.463014 
-4 -0.550288 
-4 0.404342 
-4 -0.0303916 
-4 0.135558 
-4 0.58831 
-4 -0.14551 
-4 -0.292691 
ZONE T="boundary1"
1.45404 1 
1.29894 1 
-0.0407592 1 
-0.102326 1 
0.723336 1 
0.402044 1 
0.203937 1 
0.088789 1 
1.86434 1 
0.984768 1 
1.10138 1 
0.261511 1 
-0.45623 1 
-0.551943 1 
-1.69027 1 
-1.85054 1 
3.68121 1 
3.36242 1 
-3.08869 1 
1.68888 1 
-3.3091 1 
-3.52952 1 
-0.791775 1 
0.49028 1 
0.0240149 1 
-0.163892 1 
3.84061 1 
4 1 
0.578517 1 
0.868154 1 
-0.671859 1 
-1.04255 1 
1.20016 1 
-0.917161 1 
-1.27277 1 
-1.15766 1 
-1.46601 1 
-1.36939 1 
1.57146 1 
-2.01082 1 
-3.76476 1 
-2.68656 1 
-2.88763 1 
2.03979 1 
2.21327 1 
-4 1 
3.08706 1 
2.81169 1 
2.38675 1 
-2.37157 1 
-2.1912 1 
2.59922 1 
0.319085 1 
-0.262205 1 
-0.360517 1 
1.37649 1 
-0.0715425 1 
0.146363 1 
1.04307 1 
0.232724 1 
-0.504086 1 
-1.7704 1 
3.52182 1 
1.77661 1 
-3.41931 1 
-0.00837215 1 
-0.133109 1 
0.056402 1 
3.9203 1 
3.76091 1 
0.650926 1 
0.795745 1 
0.534399 1 
-0.731817 1 
0.926461 1 
1.24955 1 
1.15077 1 
-0.854468 1 
-1.21521 1 
-1.4177 1 
-3.1989 1 
1.51275 1 
1.63017 1 
-1.57814 1 
-1.93068 1 
-2.78709 1 
1.95206 1 
2.12653 1 
-3.88238 1 
3.22474 1 
2.94938 1 
2.30001 1 
-2.98816 1 
-3.64714 1 
2.70546 1 
0.446162 1 
0.360564 1 
0.290298 1 
-0.213049 1 
-0.311361 1 
-0.408374 1 
-1.32108 1 
2.49299 1 
-2.28138 1 
-2.52907 1 
-0.979854 1 
-0.611901 1 
-2.10101 1 
-1.1001 1 
ZONE T="boundary2"
4 -0.671106 
4 -0.835553 
4 -0.47041 
4 -0.215445 
4 -0.154709 
4 0.203573 
4 -0.0104006 
4 0.0731721 
4 0.395853 
4 0.451095 
4 0.340611 
4 0.278258 
4 -0.0939733 
4 0.797746 
4 0.138372 
4 0.170973 
4 0.595493 
4 0.523294 
4 0.69662 
4 1 
4 -0.355547 
4 -0.412979 
4 -0.285496 
4 -0.570758 
4 -1 
4 -0.753329 
4 -0.185077 
4 0.0313858 
4 0.423474 
4 -0.052187 
4 0.309434 
4 0.240915 
4 0.187273 
4 0.105772 
4 0.559394 
4 0.747183 
4 0.646056 
4 0.898873 
4 -0.384263 
4 -0.25047 
4 -0.124341 
4 -0.320522 
4 -0.441694 
4 -0.520584 
4 -0.917776 
4 -0.620932 
4 0.487195 
4 0.154672 
4 0.368232 
ZONE T="boundary3"
-3.35911 -1 
-2.08797 -1 
-1.86086 -1 
3.33184 -1 
3.52945 -1 
-0.205215 -1 
0.299139 -1 
0.240815 -1 
1.09205 -1 
1.21102 -1 
-0.964478 -1 
-0.397621 -1 
-1.3879 -1 
-0.752684 -1 
1.75922 -1 
0.959846 -1 
1.94863 -1 
2.13803 -1 
-1.63374 -1 
2.58642 -1 
2.36223 -1 
-3.83978 -1 
-3.67955 -1 
3.76473 -1 
-3.14373 -1 
-2.92835 -1 
-2.7191 -1 
-2.50985 -1 
3.13423 -1 
-4 -1 
-0.0102342 -1 
0.115287 -1 
0.0525266 -1 
-0.140169 -1 
-0.270261 -1 
0.178051 -1 
0.357463 -1 
0.576891 -1 
0.467177 -1 
0.702266 -1 
-0.647977 -1 
-0.522799 -1 
-0.0752014 -1 
-0.333941 -1 
-1.18876 -1 
-1.07156 -1 
0.827641 -1 
-0.857392 -1 
4 -1 
-1.30595 -1 
-1.46985 -1 
1.43474 -1 
1.53949 -1 
1.32999 -1 
2.86033 -1 
2.72338 -1 
-1.97442 -1 
3.43065 -1 
0.269977 -1 
1.15154 -1 
1.02595 -1 
2.04333 -1 
2.25013 -1 
-3.75966 -1 
-3.03604 -1 
-2.61448 -1 
-3.25142 -1 
-2.29891 -1 
-3.91989 -1 
0.0839071 -1 
-0.237738 -1 
0.209433 -1 
0.41232 -1 
0.639579 -1 
-0.585388 -1 
-0.302101 -1 
-1.13016 -1 
0.0211462 -1 
-0.46021 -1 
-0.700331 -1 
0.522034 -1 
0.764953 -1 
-0.910935 -1 
-0.805038 -1 
-1.24736 -1 
-1.5518 -1 
-3.51933 -1 
1.48712 -1 
1.2705 -1 
1.64936 -1 
2.79185 -1 
2.99728 -1 
-2.82373 -1 
3.88236 -1 
-1.7473 -1 
3.23304 -1 
1.85392 -1 
3.64709 -1 
2.6549 -1 
2.47432 -1 
0.328301 -1 
-0.172692 -1 
-0.107685 -1 
0.146669 -1 
-0.0427178 -1 
-0.365781 -1 
-1.01802 -1 
0.893743 -1 
-1.42888 -1 
1.38236 -1 
-1.34693 -1 
ZONE T="boundary4"
-0.170142 0.406683 
-0.145592 0.414651 
-0.592964 0.0903564 
-0.582299 0.112043 
-0.309868 0.349745 
-0.331859 0.338702 
-0.241498 0.380203 
0.645152 0.0433439 
0.644513 0.0292148 
-0.622521 -0.0234077 
-0.619817 -0.000254904 
0.643146 0.0151279 
-0.471792 0.245704 
-0.454033 0.260549 
-0.435743 0.274689 
-0.487554 0.231539 
0.59139 0.24376 
-0.516591 0.202597 
-0.502829 0.216826 
-0.615518 0.0227814 
-0.609606 0.0456294 
0.638065 0.115264 
0.634773 0.129686 
-0.602075 0.0682023 
-0.570184 0.133103 
0.640775 0.100823 
-0.556698 0.153503 
-0.543642 0.17105 
0.64286 0.0864544 
0.644311 0.0719998 
-0.529815 0.187857 
-0.415893 0.288852 
-0.0955774 0.429123 
-0.395562 0.302257 
0.548415 0.310469 
0.537849 0.322855 
-0.353582 0.327087 
-0.374748 0.314999 
-0.287405 0.36036 
-0.264719 0.370461 
-0.218078 0.389453 
-0.194206 0.398313 
-0.120854 0.422104 
-0.0701172 0.435581 
-0.0440712 0.441547 
0.0639044 0.459134 
-0.0178521 0.44689 
0.526872 0.334577 
0.64508 0.0576394 
0.558384 0.297609 
0.369784 0.431463 
0.401778 0.418966 
0.304994 0.449597 
0.567592 0.284527 
0.515373 0.345785 
0.120834 0.463491 
0.149876 0.464299 
0.0918702 0.461721 
0.180141 0.464055 
0.241357 0.459886 
0.576193 0.271065 
0.584045 0.257556 
0.630936 0.144091 
0.61069 0.20174 
0.598234 0.229849 
0.621731 0.172928 
0.462318 0.386855 
0.00902854 0.451664 
0.0360653 0.455733 
0.210402 0.462637 
0.272924 0.455611 
0.337471 0.441595 
0.432562 0.404207 
0.489652 0.367603 
-0.157889 0.410731 
-0.587811 0.101287 
0.644922 0.0362744 
-0.621366 -0.0118096 
-0.462982 0.253212 
-0.444954 0.267707 
-0.509773 0.209773 
-0.612759 0.0342551 
0.636487 0.12249 
-0.597707 0.0793555 
-0.576409 0.122669 
0.639493 0.108057 
-0.550281 0.162359 
-0.563596 0.143405 
0.643668 0.0792348 
-0.536827 0.179535 
-0.523275 0.195292 
-0.479732 0.238689 
0.543204 0.316724 
-0.342758 0.332968 
-0.276089 0.365473 
-0.253135 0.375394 
-0.320897 0.344292 
-0.182196 0.40256 
-0.108236 0.425683 
-0.385205 0.308712 
-0.0571133 0.438641 
-0.0309795 0.444299 
-0.364208 0.32112 
-0.206166 0.393944 
-0.229812 0.384889 
-0.617865 0.0112987 
-0.0828669 0.432424 
-0.425885 0.281866 
-0.298667 0.355118 
0.532428 0.328779 
-0.133244 0.418443 
0.641894 0.0936492 
0.643922 0.0221615 
0.645204 0.0504914 
0.553475 0.304097 
0.385894 0.425502 
0.563062 0.291121 
0.521186 0.340246 
0.135351 0.464019 
0.165008 0.464319 
0.0778763 0.460532 
-0.405785 0.295645 
-0.495256 0.224251 
0.571966 0.277843 
0.587777 0.250691 
0.632917 0.136905 
0.60464 0.215874 
0.644781 0.0648235 
0.594863 0.23683 
0.106344 0.462723 
0.0225318 0.453789 
0.195277 0.463497 
0.225893 0.461431 
0.0499711 0.457533 
-0.00442882 0.449364 
0.257166 0.457939 
0.35371 0.436792 
0.288999 0.452818 
0.417312 0.411885 
0.447622 0.395844 
0.476194 0.377527 
0.321291 0.445837 
0.502764 0.356992 
-0.606034 0.0569795 
0.580187 0.264348 
0.616401 0.187407 
0.626555 0.158579 
ZONE T="boundary5"
-0.623258 -0.0697966 
-0.621362 -0.0929257 
-0.622521 -0.0234077 
0.643146 0.0151279 
-0.580422 -0.229629 
-0.590576 -0.207157 
-0.528873 -0.31412 
-0.618 -0.115997 
-0.613211 -0.138949 
-0.607016 -0.161816 
-0.515382 -0.331132 
-0.406915 -0.43012 
-0.424836 -0.417255 
-0.21642 -0.511632 
-0.244284 -0.505096 
-0.297689 -0.487777 
-0.322161 -0.477617 
-0.271183 -0.49718 
-0.346124 -0.466216 
-0.103858 -0.521443 
-0.131809 -0.521465 
-0.160005 -0.519842 
-0.188196 -0.516571 
-0.0219953 -0.511842 
-0.0762526 -0.519812 
-0.472346 -0.377145 
-0.48704 -0.362649 
-0.501528 -0.34718 
-0.54311 -0.294368 
-0.556295 -0.274009 
-0.38849 -0.442231 
-0.367572 -0.454714 
-0.457108 -0.391056 
-0.441223 -0.40447 
-0.623657 -0.0465986 
0.641049 0.00121897 
-0.599453 -0.184561 
-0.568926 -0.25211 
0.00452594 -0.505582 
0.0306191 -0.497862 
0.0562625 -0.488739 
0.0814504 -0.478283 
0.106316 -0.466512 
0.178914 -0.42449 
0.130732 -0.453593 
0.154953 -0.439521 
0.202989 -0.408452 
0.226872 -0.391833 
0.251221 -0.374417 
0.351219 -0.302626 
0.32544 -0.320848 
0.300486 -0.338742 
0.275531 -0.35681 
0.505235 -0.194704 
0.529226 -0.175736 
0.48053 -0.212786 
0.429025 -0.248685 
0.403081 -0.266602 
0.540384 -0.166184 
0.571893 -0.135293 
0.551246 -0.156286 
0.606467 -0.089451 
0.619795 -0.0649025 
0.590383 -0.113028 
0.63823 -0.012464 
0.630428 -0.0391797 
-0.048919 -0.516597 
0.454924 -0.230761 
0.376972 -0.284666 
-0.622494 -0.0813775 
-0.585635 -0.218456 
-0.61986 -0.104488 
-0.615777 -0.12751 
-0.610278 -0.150428 
-0.415941 -0.42378 
-0.230396 -0.508562 
-0.309988 -0.482853 
-0.284498 -0.492659 
-0.145918 -0.520859 
-0.174123 -0.51841 
-0.479763 -0.369968 
-0.549831 -0.284272 
-0.508537 -0.339227 
-0.356913 -0.460589 
-0.522218 -0.322698 
-0.433091 -0.410942 
-0.397764 -0.43627 
-0.464794 -0.384174 
-0.378102 -0.448592 
-0.623647 -0.0582022 
-0.574811 -0.240941 
-0.334213 -0.472069 
-0.562753 -0.263143 
-0.623282 -0.034995 
-0.59516 -0.195917 
-0.00869442 -0.508901 
0.0434952 -0.493473 
0.0939449 -0.472547 
0.118586 -0.460185 
0.166986 -0.432101 
0.190996 -0.416546 
0.0689162 -0.483672 
0.214963 -0.400193 
0.239067 -0.383154 
0.338321 -0.311709 
0.312954 -0.329773 
0.288005 -0.347765 
0.517339 -0.18536 
0.492947 -0.20383 
-0.44923 -0.39784 
0.41606 -0.257639 
0.534839 -0.171001 
0.56177 -0.145995 
0.613446 -0.0773541 
0.581383 -0.124374 
0.64219 0.00815849 
0.639731 -0.00564246 
0.625454 -0.0521885 
-0.536113 -0.304332 
-0.494361 -0.354988 
-0.603391 -0.173241 
-0.0354263 -0.514414 
-0.202342 -0.514304 
-0.0625643 -0.518403 
-0.0900443 -0.520828 
-0.117834 -0.521658 
0.0176203 -0.501903 
0.142901 -0.446673 
0.467758 -0.221809 
0.441986 -0.239727 
-0.257786 -0.501323 
0.263384 -0.36562 
0.364091 -0.293623 
0.390029 -0.275622 
0.634689 -0.0259318 
0.545855 -0.161281 
0.598712 -0.101443 
