ZONE T="boundary0"
-4 -0.282776 
-4 0.33757 
-4 -0.197787 
-4 -0.236214 
-4 0.0160919 
-4 -0.0642643 
-4 0.399851 
-4 0.462133 
-4 1 
-4 -0.159361 
-4 -0.329338 
-4 -0.576328 
-4 -1 
-4 0.161399 
-4 -0.67254 
-4 -0.83627 
-4 0.654819 
-4 0.82741 
-4 0.558476 
-4 -0.404727 
-4 -0.480116 
-4 0.28196 
-4 0.226349 
-4 0.0964481 
-4 -0.217 
-4 -0.0240862 
-4 0.430992 
-4 -0.111812 
-4 0.741114 
-4 0.510304 
-4 -0.306057 
-4 -0.367032 
-4 -0.259495 
-4 -0.178574 
-4 -0.442421 
-4 -0.528222 
-4 0.309765 
-4 0.254154 
-4 0.128923 
-4 0.193874 
-4 -0.624434 
-4 -0.754405 
-4 -0.918135 
-4 0.606648 
-4 0.05627 
-4 0.913705 
-4 0.368711 
ZONE T="boundary1"
-3.60735 1 
-4 1 
1.0406 1 
0.86781 1 
1.26519 1 
0.351154 1 
-0.699953 1 
0.223154 1 
0.106706 1 
0.16493 1 
-0.906376 1 
0.0343235 1 
-0.0380595 1 
-1.00054 1 
-1.0947 1 
1.41932 1 
-1.41806 1 
0.437989 1 
-3.41938 1 
1.57344 1 
0.647351 1 
1.11547 1 
3.3174 1 
-3.23141 1 
3.6587 1 
-2.99453 1 
-2.52418 1 
2.92898 1 
-2.75765 1 
2.77632 1 
1.89526 1 
2.471 1 
2.31834 1 
-0.354828 1 
-0.401529 1 
-0.803165 1 
-0.24398 1 
-0.308128 1 
-0.448229 1 
-0.494929 1 
-0.597441 1 
-0.179832 1 
-0.108946 1 
3.82935 1 
0.769877 1 
0.524825 1 
0.965743 1 
-1.17554 1 
-1.25638 1 
-1.71634 1 
4 1 
-1.5672 1 
-2.29071 1 
-1.98001 1 
2.1068 1 
2.62366 1 
3.12319 1 
-3.80367 1 
0.287154 1 
0.135818 1 
-0.00186798 1 
-1.04762 1 
0.394572 1 
3.48805 1 
-3.11297 1 
-2.64092 1 
-0.378178 1 
-0.751559 1 
-0.276054 1 
-0.471579 1 
-0.546185 1 
-0.854771 1 
-0.144389 1 
-0.648697 1 
-0.953457 1 
3.74403 1 
0.708614 1 
0.818843 1 
0.586088 1 
1.00317 1 
-1.13512 1 
-1.21596 1 
-1.33722 1 
1.34225 1 
1.49638 1 
-3.51336 1 
0.481407 1 
1.19033 1 
3.91468 1 
-3.3254 1 
-2.13536 1 
-1.84818 1 
1.73435 1 
2.21257 1 
2.69999 1 
2.85265 1 
-2.40744 1 
2.00103 1 
2.39467 1 
3.02609 1 
3.2203 1 
2.54733 1 
-0.0735025 1 
0.070515 1 
0.194042 1 
-0.331478 1 
-0.424879 1 
-0.211906 1 
-2.87609 1 
0.916777 1 
-1.49263 1 
1.07803 1 
-1.64177 1 
ZONE T="boundary2"
4 -0.0127677 
4 -0.343514 
4 -0.4721 
4 -1 
4 -0.73605 
4 0.509973 
4 0.579977 
4 0.3361 
4 0.134928 
4 0.0646208 
4 0.270667 
4 0.205234 
4 0.789988 
4 0.388034 
4 -0.0901562 
4 -0.273553 
4 -0.238573 
4 -0.175233 
4 -0.146874 
4 -0.203592 
4 -0.407807 
4 -0.604075 
4 -0.308533 
4 1 
4 0.439969 
4 -0.868025 
4 0.544975 
4 0.0997742 
4 0.170081 
4 0.0259266 
4 0.684983 
4 -0.0514619 
4 -0.256063 
4 -0.161054 
4 -0.37566 
4 -0.670063 
4 -0.326023 
4 -0.538088 
4 0.894994 
4 0.237951 
4 0.303383 
4 0.362067 
4 0.414002 
4 0.474971 
4 -0.221082 
4 -0.291043 
4 -0.439954 
4 -0.118515 
4 -0.189413 
ZONE T="boundary3"
-3.53027 -1 
-3.68685 -1 
-0.526844 -1 
0.236382 -1 
0.0914883 -1 
0.294186 -1 
3.31363 -1 
0.531441 -1 
-2.99136 -1 
-3.18253 -1 
-4 -1 
-1.15078 -1 
-1.03739 -1 
3.03056 -1 
-0.700526 -1 
1.56664 -1 
-3.37369 -1 
1.97632 -1 
2.12061 -1 
-1.36945 -1 
-1.26011 -1 
4 -1 
3.48522 -1 
3.65681 -1 
-2.77271 -1 
-2.55405 -1 
-1.79372 -1 
-2.17389 -1 
-1.98381 -1 
2.5689 -1 
2.79973 -1 
0.161701 -1 
-0.0498906 -1 
0.0212757 -1 
0.35199 -1 
0.441716 -1 
0.666261 -1 
-0.428204 -1 
-0.329564 -1 
0.80108 -1 
-0.121057 -1 
-0.22531 -1 
0.954525 -1 
-0.613685 -1 
-0.173184 -1 
0.852228 -1 
0.73367 -1 
-0.81226 -1 
-0.923995 -1 
1.18649 -1 
1.27626 -1 
1.36603 -1 
1.00567 -1 
1.09608 -1 
1.83203 -1 
1.69934 -1 
2.34476 -1 
-1.47552 -1 
-1.58159 -1 
-1.88876 -1 
-1.68765 -1 
0.903377 -1 
3.82841 -1 
-3.60856 -1 
-3.08694 -1 
-3.84342 -1 
-1.09408 -1 
3.17209 -1 
-3.45198 -1 
2.04847 -1 
-1.31478 -1 
3.57102 -1 
-2.88203 -1 
-2.36397 -1 
-2.07885 -1 
2.68432 -1 
0.126595 -1 
0.199041 -1 
-0.0143075 -1 
0.056382 -1 
0.323088 -1 
0.265284 -1 
0.396853 -1 
0.486578 -1 
0.598851 -1 
-0.378884 -1 
-0.477524 -1 
-0.0854738 -1 
-0.570265 -1 
-0.277437 -1 
-0.14712 -1 
0.767375 -1 
-0.868128 -1 
1.32115 -1 
1.05088 -1 
1.46634 -1 
-3.27811 -1 
-2.66338 -1 
1.90418 -1 
1.63299 -1 
1.76568 -1 
2.91515 -1 
2.45683 -1 
2.23268 -1 
-1.42248 -1 
-1.52855 -1 
-1.84124 -1 
-1.63462 -1 
-0.199247 -1 
0.928951 -1 
0.980099 -1 
-0.756393 -1 
0.877803 -1 
0.699965 -1 
0.826654 -1 
3.74261 -1 
-0.98069 -1 
-0.657106 -1 
-1.20544 -1 
3.39942 -1 
3.9142 -1 
-1.74069 -1 
1.14128 -1 
1.23137 -1 
-1.93629 -1 
ZONE T="boundary4"
0.624995 0.0889201 
-0.619757 0.0489874 
-0.15922 0.445438 
-0.135759 0.43639 
-0.617446 0.0273398 
-0.619965 0.115289 
-0.621048 0.093026 
-0.548967 0.324496 
-0.353139 0.465073 
-0.332841 0.468737 
-0.269411 0.470814 
-0.248001 0.468539 
0.617998 0.106402 
-0.537061 0.341325 
0.630679 0.0711591 
-0.112433 0.426606 
-0.392673 0.453344 
-0.411514 0.445447 
-0.62097 0.0709028 
-0.42993 0.436151 
-0.617708 0.137596 
-0.609699 0.18196 
-0.614276 0.159865 
0.635151 0.0528322 
-0.604014 0.203822 
-0.591958 0.240265 
-0.598346 0.222189 
-0.577192 0.274942 
-0.584899 0.257893 
-0.56884 0.291394 
-0.559275 0.308234 
0.641014 -0.00288712 
-0.495944 0.387661 
-0.480532 0.401408 
-0.510532 0.372993 
-0.464439 0.414065 
-0.447482 0.425725 
-0.0874461 0.41557 
0.590441 0.154492 
0.600634 0.139239 
-0.373026 0.45996 
-0.311882 0.470948 
-0.29095 0.471632 
-0.225997 0.46476 
-0.204165 0.45966 
-0.181643 0.453109 
0.0208755 0.369068 
-0.00776911 0.380442 
0.640261 0.0157743 
-0.524358 0.357383 
0.425575 0.274892 
0.446839 0.266308 
0.374077 0.291002 
0.400564 0.283446 
0.347347 0.297376 
0.556699 0.193618 
0.543863 0.205482 
0.530496 0.216592 
0.519796 0.224709 
0.508841 0.232395 
0.486471 0.246366 
0.497779 0.239577 
0.0790953 0.349365 
0.108624 0.341207 
0.0497245 0.358702 
-0.0351725 0.392144 
0.229041 0.317713 
0.198686 0.322605 
0.25927 0.313045 
0.289442 0.308255 
0.168339 0.328014 
0.565668 0.184496 
0.574301 0.174941 
0.609877 0.123143 
0.640648 -0.0217349 
0.63832 0.0344077 
-0.0624499 0.404302 
0.318463 0.303192 
0.138458 0.334118 
0.467769 0.256477 
-0.14745 0.441015 
-0.620652 0.104165 
-0.343024 0.467091 
-0.258688 0.469852 
0.627993 0.0800896 
-0.124067 0.431567 
-0.402163 0.449562 
-0.621153 0.0819639 
-0.420803 0.44096 
-0.543125 0.332989 
-0.612128 0.170942 
-0.601274 0.213034 
-0.581141 0.266461 
0.621653 0.0977236 
-0.564159 0.299872 
-0.57311 0.283216 
-0.588522 0.249116 
-0.55422 0.316427 
-0.606992 0.192926 
-0.488343 0.394652 
-0.503346 0.380434 
-0.472585 0.407863 
-0.456056 0.420034 
-0.0999207 0.42113 
0.595665 0.14695 
-0.322382 0.470035 
-0.38291 0.456832 
-0.215045 0.462363 
-0.170391 0.449392 
-0.236969 0.466821 
0.00651002 0.374647 
0.640781 0.0064494 
-0.517556 0.365286 
-0.595243 0.231259 
-0.438794 0.431086 
-0.620505 0.0599373 
-0.530818 0.34944 
0.436264 0.270741 
0.387366 0.287384 
-0.618739 0.0381489 
0.53725 0.211122 
0.514354 0.228602 
0.525185 0.220701 
0.413128 0.27934 
-0.301422 0.471476 
0.503341 0.236035 
0.0938212 0.345147 
0.035254 0.363756 
-0.0215011 0.386222 
0.213856 0.320114 
0.274362 0.310687 
0.183498 0.325229 
-0.616136 0.148753 
0.561231 0.189103 
0.570036 0.179765 
0.633076 0.0620348 
0.605395 0.131271 
0.614085 0.114844 
0.639442 0.025107 
0.636891 0.0436469 
-0.192862 0.456527 
-0.618982 0.126458 
-0.0749458 0.409941 
-0.0488273 0.398188 
0.303965 0.305798 
0.332928 0.300397 
0.0643651 0.353892 
0.244154 0.315374 
0.360742 0.29432 
0.12351 0.337534 
0.153376 0.330959 
0.640968 -0.0123137 
-0.280173 0.471411 
0.477189 0.25155 
0.457375 0.261543 
-0.363129 0.462698 
0.582604 0.1649 
0.492155 0.24302 
0.550361 0.199636 
ZONE T="boundary5"
0.614335 -0.15317 
0.625031 -0.115693 
-0.582577 -0.0956483 
-0.573559 -0.114971 
-0.541897 -0.170465 
-0.406631 -0.321759 
-0.420414 -0.310115 
-0.507315 -0.218574 
-0.609679 -0.0150236 
-0.614073 0.0059921 
-0.617446 0.0273398 
-0.452851 -0.279994 
-0.471062 -0.2611 
-0.325499 -0.379769 
-0.343613 -0.368167 
-0.590723 -0.0759983 
-0.563714 -0.133936 
-0.604296 -0.0357086 
-0.59797 -0.0560251 
-0.553156 -0.15241 
-0.20193 -0.44308 
0.619903 -0.134384 
-0.224507 -0.433339 
-0.287329 -0.402093 
-0.307081 -0.390884 
-0.246035 -0.423343 
-0.267277 -0.412766 
-0.0808406 -0.483635 
-0.0544875 -0.49006 
-0.131195 -0.469043 
-0.179087 -0.452198 
-0.155261 -0.460952 
-0.106124 -0.476695 
-0.483359 -0.247427 
-0.433882 -0.298106 
-0.495292 -0.233431 
-0.360324 -0.356828 
-0.376732 -0.345053 
-0.391833 -0.333602 
-0.530682 -0.187115 
0.34541 -0.480812 
0.310945 -0.491499 
0.277179 -0.499524 
0.391791 -0.461639 
0.416528 -0.448667 
0.512332 -0.370319 
0.32822 -0.486482 
0.553953 -0.310246 
0.538635 -0.335501 
0.502579 -0.381206 
0.45607 -0.42282 
0.469276 -0.412458 
0.442537 -0.432472 
-0.518942 -0.203397 
0.116444 -0.512291 
0.085856 -0.510802 
0.0566708 -0.508351 
0.0275773 -0.504928 
-0.0279542 -0.495711 
-0.000259233 -0.500747 
0.178793 -0.511713 
0.147052 -0.512632 
0.210452 -0.509418 
0.243323 -0.505457 
0.362366 -0.474499 
0.492503 -0.391547 
0.639232 -0.0405787 
0.482023 -0.401447 
0.521637 -0.359006 
0.636863 -0.059363 
0.633627 -0.0781897 
0.629663 -0.0968854 
0.566122 -0.286441 
0.577026 -0.261421 
0.608475 -0.171879 
0.598242 -0.202953 
0.587493 -0.233846 
0.640648 -0.0217349 
-0.578172 -0.105358 
-0.413561 -0.315982 
-0.612004 -0.00454265 
-0.615893 0.0166449 
-0.462055 -0.270642 
-0.334595 -0.374029 
-0.568735 -0.124505 
-0.607111 -0.0253984 
-0.59446 -0.066053 
-0.558526 -0.143225 
0.622521 -0.125053 
-0.213252 -0.438287 
-0.297243 -0.396556 
-0.256693 -0.418128 
-0.0676875 -0.486944 
-0.143256 -0.465081 
-0.167205 -0.456658 
-0.0935066 -0.480255 
-0.477258 -0.254306 
-0.48937 -0.240467 
-0.368567 -0.350995 
-0.586759 -0.0858685 
-0.427189 -0.304156 
-0.399272 -0.32773 
-0.536359 -0.178836 
0.617161 -0.143789 
0.294125 -0.495777 
0.40427 -0.455364 
-0.501352 -0.226042 
0.319604 -0.489066 
0.546545 -0.323025 
0.462733 -0.417716 
0.449358 -0.427722 
-0.513181 -0.211025 
-0.54761 -0.16149 
0.101143 -0.511687 
0.0421098 -0.506759 
0.0136428 -0.502945 
-0.0412416 -0.492983 
0.162927 -0.512339 
0.260293 -0.502732 
0.336841 -0.483727 
0.353918 -0.477738 
0.487314 -0.396551 
-0.524875 -0.195301 
0.507513 -0.375814 
0.497595 -0.386429 
0.475715 -0.407028 
0.517044 -0.364711 
0.635344 -0.0687934 
-0.19054 -0.447717 
0.530377 -0.347428 
0.571751 -0.274008 
0.627416 -0.106306 
0.560234 -0.298444 
-0.601252 -0.0459038 
0.611435 -0.162534 
0.603421 -0.187436 
0.631728 -0.0875552 
-0.38432 -0.339376 
-0.352005 -0.362552 
-0.44346 -0.289148 
-0.316327 -0.385387 
0.582391 -0.247684 
0.377196 -0.468338 
0.429694 -0.440828 
0.640065 -0.0311663 
0.638159 -0.0499849 
-0.277339 -0.407497 
-0.235305 -0.428414 
-0.118687 -0.472958 
0.131746 -0.512608 
-0.014126 -0.498335 
0.071253 -0.5097 
0.226912 -0.507645 
0.194635 -0.510743 
0.592943 -0.218426 
