ZONE T="boundary0"
-4 -0.285139 
-4 -0.222771 
-4 0.149021 
-4 0.213753 
-4 -0.0169667 
-4 -0.0886844 
-4 0.567714 
-4 -0.836849 
-4 0.832012 
-4 0.664024 
-4 1 
-4 -0.160402 
-4 0.278485 
-4 0.374945 
-4 -0.391706 
-4 -0.338422 
-4 0.471404 
-4 -0.585985 
-4 -0.673699 
-4 -1 
-4 -0.498272 
-4 -0.253955 
-4 0.181387 
-4 0.748018 
-4 -0.191586 
-4 0.0660273 
-4 0.326715 
-4 0.916006 
-4 0.423175 
-4 -0.629842 
-4 -0.918425 
-4 -0.755274 
-4 -0.0528256 
-4 -0.444989 
-4 -0.365064 
-4 -0.311781 
-4 -0.542129 
-4 0.246119 
-4 0.615869 
-4 0.519559 
-4 -0.124543 
ZONE T="boundary1"
4 1 
3.70303 1 
-0.0331685 1 
-0.0760594 1 
0.00972246 1 
1.7597 1 
0.885804 1 
0.769104 1 
-0.330792 1 
-0.286142 1 
-0.426935 1 
-0.523078 1 
-0.629961 1 
-1.5944 1 
-0.953692 1 
-1.05529 1 
0.56784 1 
0.464776 1 
-1.2562 1 
3.55455 1 
3.40607 1 
-2.12088 1 
-2.32472 1 
1.40392 1 
2.5079 1 
2.09024 1 
-3.37269 1 
-3.68634 1 
-3.52952 1 
2.29907 1 
-2.57868 1 
-4 1 
2.82421 1 
0.0955043 1 
-0.158775 1 
-0.241491 1 
0.361712 1 
0.239052 1 
0.167278 1 
-0.736845 1 
0.668472 1 
-0.845269 1 
-1.15688 1 
-1.35552 1 
-1.47496 1 
-1.75572 1 
-1.91704 1 
0.413244 1 
1.08964 1 
1.0025 1 
1.29035 1 
1.17678 1 
1.58181 1 
1.49286 1 
-2.96765 1 
3.14052 1 
-3.10266 1 
-2.83264 1 
3.85152 1 
0.827454 1 
-0.308467 1 
-0.475006 1 
-1.00449 1 
0.516308 1 
-2.2228 1 
-3.60793 1 
2.40349 1 
2.19465 1 
-3.84317 1 
-0.378863 1 
-0.200133 1 
0.300382 1 
-0.0546139 1 
0.718788 1 
0.618156 1 
-0.683403 1 
-0.791057 1 
-1.10609 1 
-1.30586 1 
-1.41524 1 
-1.20654 1 
-0.576519 1 
-0.89948 1 
-1.67506 1 
-1.53468 1 
-1.83638 1 
0.387478 1 
1.04607 1 
1.13321 1 
1.23356 1 
1.34713 1 
1.67076 1 
1.44839 1 
2.98237 1 
1.53734 1 
1.92497 1 
3.27329 1 
-2.70566 1 
3.48031 1 
3.62879 1 
-3.03516 1 
-2.4517 1 
2.66606 1 
-3.4511 1 
-3.23768 1 
-2.90014 1 
-0.263816 1 
-0.011723 1 
0.43901 1 
-0.117417 1 
0.131391 1 
0.0526134 1 
0.203165 1 
0.944155 1 
-2.01896 1 
ZONE T="boundary2"
4 -0.131874 
4 -0.156778 
4 0.109502 
4 0.168397 
4 0.22039 
4 0.0506073 
4 0.283595 
4 0.334012 
4 0.384429 
4 1 
4 0.440872 
4 0.497315 
4 0.748657 
4 -0.503312 
4 -0.611963 
4 -0.292722 
4 -0.262106 
4 -0.720613 
4 -0.860307 
4 -1 
4 -0.181682 
4 -0.206586 
4 -0.323338 
4 -0.231491 
4 -0.428633 
4 -0.353953 
4 -0.0862535 
4 -0.0406332 
4 -0.144326 
4 0.138949 
4 0.194393 
4 0.251993 
4 0.35922 
4 0.622986 
4 -0.557637 
4 -0.277414 
4 -0.666288 
4 -0.79046 
4 0.874329 
4 0.308803 
4 0.469093 
4 0.41265 
4 0.0800547 
4 -0.194134 
4 -0.30803 
4 -0.465973 
4 -0.391293 
4 -0.930153 
4 -0.0634433 
4 -0.246799 
4 -0.338646 
4 -0.16923 
4 -0.219039 
4 0.00498705 
4 -0.109064 
ZONE T="boundary3"
-0.143948 -1 
0.00176205 -1 
-0.269514 -1 
-0.323122 -1 
-0.37673 -1 
-1.28508 -1 
0.489414 -1 
-0.74692 -1 
-0.854089 -1 
-1.39434 -1 
-1.50361 -1 
1.32483 -1 
3.77452 -1 
4 -1 
1.54987 -1 
1.82532 -1 
-3.05789 -1 
-2.85221 -1 
2.52378 -1 
2.32828 -1 
3.09808 -1 
3.32356 -1 
-1.9653 -1 
-1.77482 -1 
-3.49685 -1 
-3.27737 -1 
3.54904 -1 
-2.64654 -1 
0.794784 -1 
0.688165 -1 
0.170892 -1 
0.128609 -1 
0.086327 -1 
-0.0710928 -1 
-0.508241 -1 
0.29462 -1 
0.232756 -1 
-0.963927 -1 
-0.639751 -1 
0.397284 -1 
0.581545 -1 
-1.07377 -1 
-1.17942 -1 
2.90868 -1 
1.02801 -1 
0.911397 -1 
1.22086 -1 
1.42879 -1 
1.67096 -1 
-2.40115 -1 
-2.15577 -1 
-1.63922 -1 
2.71927 -1 
-4 -1 
1.97967 -1 
2.15398 -1 
-3.74843 -1 
-0.296318 -1 
-0.800504 -1 
-1.44898 -1 
3.88726 -1 
-2.95505 -1 
2.42603 -1 
3.21082 -1 
-1.87006 -1 
-3.38711 -1 
3.4363 -1 
-2.74938 -1 
0.149751 -1 
0.0440445 -1 
0.107468 -1 
-0.0346654 -1 
-0.206731 -1 
-0.10752 -1 
-0.442486 -1 
0.263688 -1 
0.201824 -1 
-0.909008 -1 
-0.693335 -1 
0.345952 -1 
0.443349 -1 
-0.349926 -1 
-0.573996 -1 
-1.01885 -1 
-1.23225 -1 
-1.12659 -1 
3.66178 -1 
0.969704 -1 
1.12444 -1 
1.37681 -1 
1.27285 -1 
1.61042 -1 
1.48933 -1 
-2.27846 -1 
-2.06053 -1 
-1.57141 -1 
2.81397 -1 
3.00338 -1 
-1.33971 -1 
-2.52385 -1 
-3.16763 -1 
2.06683 -1 
2.62152 -1 
-3.87421 -1 
-3.62264 -1 
1.90249 -1 
1.74814 -1 
0.535479 -1 
0.634855 -1 
0.853091 -1 
0.741475 -1 
2.24113 -1 
-1.70702 -1 
ZONE T="boundary4"
-0.074803 0.533635 
-0.0463241 0.535505 
0.599207 0.0901893 
0.643801 -0.0339426 
-0.493882 0.321702 
-0.475501 0.3411 
-0.619325 0.108032 
-0.634355 0.0341001 
-0.631058 0.0586113 
-0.610972 0.13275 
-0.576842 0.205968 
-0.551249 0.247967 
-0.564434 0.227205 
-0.589625 0.181798 
-0.53852 0.266483 
0.545894 0.157554 
0.525135 0.17983 
-0.435225 0.378616 
-0.456323 0.359744 
-0.390701 0.413635 
0.301512 0.417239 
0.325227 0.396163 
-0.241136 0.494632 
-0.214266 0.504265 
-0.509865 0.303415 
-0.525101 0.284524 
-0.343335 0.444814 
-0.318675 0.458882 
-0.267538 0.483827 
-0.293385 0.471904 
-0.367353 0.429722 
-0.159296 0.519882 
-0.186948 0.512699 
-0.0179048 0.535955 
-0.103133 0.530389 
0.0105456 0.53495 
0.0667702 0.528454 
0.0387743 0.532461 
0.27737 0.43661 
-0.635913 0.0098073 
-0.601036 0.15738 
0.0945054 0.522886 
0.121988 0.515694 
0.633633 0.0173997 
0.640054 -0.00810968 
-0.131348 0.525789 
0.416318 0.300066 
0.394049 0.325127 
0.348461 0.373646 
0.504081 0.202031 
0.48208 0.225638 
0.438348 0.274902 
0.149043 0.506866 
0.252729 0.45422 
0.175659 0.496353 
0.201878 0.484075 
0.22753 0.470063 
-0.413328 0.396597 
0.629419 0.0300033 
0.624598 0.0423556 
0.613061 0.0666462 
0.642256 -0.0209556 
0.564999 0.135858 
0.583047 0.113304 
0.371393 0.349842 
0.460341 0.249819 
-0.626037 0.0832889 
-0.0605735 0.534745 
-0.484792 0.331496 
-0.632916 0.0463842 
-0.615332 0.120453 
-0.557937 0.237646 
-0.570739 0.216645 
-0.583376 0.193958 
-0.544969 0.257283 
0.535569 0.168738 
-0.445874 0.369292 
0.31349 0.406844 
-0.227754 0.499598 
-0.517578 0.294046 
-0.33108 0.451979 
-0.254396 0.489375 
-0.306101 0.465529 
-0.355424 0.437395 
-0.379112 0.421802 
-0.173162 0.516448 
-0.0321158 0.535909 
-0.00367152 0.535637 
0.0528005 0.53065 
-0.0889858 0.532182 
-0.501963 0.312636 
0.289566 0.427089 
-0.466007 0.350519 
-0.595488 0.169663 
-0.531897 0.275567 
-0.606176 0.145135 
0.108299 0.519492 
0.0246776 0.533894 
0.637169 0.00472989 
-0.117266 0.528255 
0.405219 0.312626 
0.336951 0.38502 
0.493039 0.213786 
0.427347 0.287492 
0.51461 0.190924 
0.135581 0.511484 
0.265172 0.445596 
0.214809 0.477269 
0.188861 0.490419 
-0.402105 0.405235 
0.631605 0.0237286 
0.627084 0.0362094 
0.619111 0.0546373 
0.643112 -0.0274385 
0.641237 -0.0145178 
-0.200654 0.508636 
0.555549 0.146794 
0.0806775 0.525867 
0.591335 0.101894 
-0.280526 0.478006 
0.240245 0.462335 
0.574182 0.124709 
0.162429 0.501815 
-0.424372 0.387722 
-0.145354 0.522997 
0.382782 0.337542 
0.360014 0.361831 
0.449329 0.26234 
-0.63535 0.0219678 
-0.62875 0.0709915 
-0.622875 0.0957128 
0.606379 0.0785654 
0.471162 0.237674 
ZONE T="boundary5"
0.235406 -0.420011 
0.474118 -0.350536 
0.449911 -0.364236 
0.124412 -0.420875 
0.207664 -0.421523 
0.179893 -0.42212 
-0.5381 -0.224411 
-0.519512 -0.24109 
-0.624578 -0.0838364 
-0.630057 -0.0610716 
0.263119 -0.417498 
0.644899 -0.059931 
-0.585155 -0.168814 
-0.597601 -0.14862 
0.644478 -0.0729016 
-0.617343 -0.106044 
0.643801 -0.0339426 
-0.0419688 -0.402293 
-0.240334 -0.361767 
-0.211651 -0.368628 
-0.182927 -0.375129 
-0.1545 -0.381237 
-0.265497 -0.355394 
-0.0140686 -0.406634 
-0.069802 -0.397582 
0.0413754 -0.41395 
-0.126039 -0.387043 
-0.467224 -0.278282 
-0.478396 -0.27135 
-0.455848 -0.284873 
-0.633769 -0.0378452 
-0.63572 -0.0141906 
-0.499614 -0.256752 
-0.290593 -0.348639 
-0.313576 -0.342031 
-0.336447 -0.334967 
-0.571031 -0.188223 
-0.0979457 -0.392469 
0.518643 -0.318387 
0.497132 -0.33521 
-0.555311 -0.206773 
-0.608345 -0.127665 
0.290756 -0.413894 
-0.381032 -0.319377 
-0.358841 -0.327478 
-0.394101 -0.314232 
0.37253 -0.395573 
0.345564 -0.403025 
0.0967408 -0.41918 
-0.635913 0.0098073 
0.0136079 -0.41052 
0.069012 -0.416847 
0.152165 -0.42188 
0.318268 -0.409101 
0.399056 -0.386653 
0.538861 -0.299796 
0.548348 -0.289921 
0.589338 -0.235237 
0.557407 -0.279666 
0.574201 -0.258099 
0.633342 -0.137124 
0.62506 -0.162293 
0.614854 -0.187099 
0.64343 -0.0858635 
0.639522 -0.11164 
0.424769 -0.376282 
-0.432062 -0.297329 
0.636699 -0.124445 
-0.407061 -0.308815 
0.602896 -0.211473 
0.462135 -0.357599 
0.193779 -0.421931 
-0.528942 -0.232901 
-0.627541 -0.072507 
0.249273 -0.418885 
-0.591575 -0.158837 
-0.621181 -0.0950109 
-0.197298 -0.371919 
-0.168721 -0.37822 
-0.252926 -0.358623 
-0.0280271 -0.404512 
-0.0558932 -0.399981 
-0.140277 -0.384177 
-0.472836 -0.27486 
-0.634967 -0.0260359 
-0.509689 -0.249081 
-0.325029 -0.33856 
-0.578277 -0.178651 
-0.112 -0.389794 
0.508051 -0.327008 
-0.563339 -0.197639 
-0.302099 -0.345386 
-0.489121 -0.26422 
0.276955 -0.415837 
-0.613059 -0.116943 
-0.369966 -0.32351 
0.359095 -0.399477 
0.11057 -0.42011 
0.0274828 -0.412296 
0.0551854 -0.415466 
-0.636036 -0.00219304 
0.22154 -0.420887 
0.166026 -0.4221 
0.138283 -0.421469 
0.304538 -0.411651 
0.385856 -0.391302 
0.331952 -0.406229 
0.543656 -0.294908 
0.485768 -0.343088 
0.552931 -0.284841 
0.644768 -0.0664183 
0.566023 -0.269053 
-0.278058 -0.352067 
0.62017 -0.174783 
-0.546857 -0.215738 
0.641769 -0.0987945 
0.644031 -0.0793883 
0.437439 -0.370466 
-0.347667 -0.331293 
0.411991 -0.381664 
0.528942 -0.309298 
0.644677 -0.0469206 
-0.000238911 -0.408631 
-0.226003 -0.365245 
-0.0838816 -0.395066 
0.0828686 -0.418088 
-0.60318 -0.138248 
0.635086 -0.1308 
-0.400596 -0.311559 
-0.38758 -0.316837 
-0.632136 -0.0494937 
-0.461561 -0.281619 
-0.44404 -0.291265 
0.581973 -0.246803 
0.629441 -0.149787 
0.596303 -0.223462 
0.609067 -0.199381 
-0.419631 -0.303224 
0.638179 -0.118059 
