ZONE T="boundary0"
-4 -0.332942 
-4 -0.36872 
-4 -0.404497 
-4 0.325135 
-4 0.3764 
-4 0.570749 
-4 -0.223544 
-4 -0.278243 
-4 0.856916 
-4 0.124374 
-4 0.170764 
-4 0.00920364 
-4 0.217155 
-4 0.271145 
-4 0.713833 
-4 0.499207 
-4 0.427665 
-4 -0.673699 
-4 -0.574875 
-4 -0.164755 
-4 1 
-4 -0.0483814 
-4 -0.105967 
-4 -0.476052 
-4 -0.836849 
-4 -1 
-4 -0.386609 
-4 0.350768 
-4 -0.250894 
-4 0.147569 
-4 0.0667887 
-4 0.19396 
-4 0.29814 
-4 0.24415 
-4 0.642291 
-4 0.463436 
-4 -0.624287 
-4 0.402033 
-4 0.785374 
-4 0.928458 
-4 -0.305593 
-4 -0.135361 
-4 -0.19415 
-4 -0.350831 
-4 -0.440275 
-4 -0.0195889 
-4 -0.525464 
-4 -0.077174 
-4 -0.755274 
-4 0.534978 
-4 -0.918425 
ZONE T="boundary1"
1.41834 1 
1.53953 1 
4 1 
0.285316 1 
0.228324 1 
0.541623 1 
-0.299388 1 
-0.40474 1 
-0.651502 1 
3.60331 1 
-0.510092 1 
-1.07209 1 
-1.18845 1 
1.95211 1 
-0.955722 1 
-3.88622 1 
1.17678 1 
-2.03971 1 
2.66597 1 
2.21898 1 
2.44248 1 
-3.17378 1 
-2.98192 1 
-0.0392148 1 
0.0286195 1 
0.0964539 1 
0.162389 1 
-0.0815846 1 
-0.123954 1 
-0.211671 1 
0.342308 1 
-0.792912 1 
0.441966 1 
-0.874317 1 
0.783105 1 
0.662364 1 
-3.77244 1 
-3.54487 1 
-4 1 
1.0564 1 
0.919754 1 
-1.41573 1 
-1.52227 1 
-1.73154 1 
-1.30209 1 
-1.62882 1 
3.20662 1 
2.93629 1 
1.29715 1 
-2.79005 1 
1.68523 1 
3.40496 1 
-2.4316 1 
-1.83426 1 
-2.61083 1 
-2.23565 1 
0.25682 1 
-0.352064 1 
3.80165 1 
-0.457416 1 
-1.13027 1 
-1.0139 1 
2.33073 1 
-3.07785 1 
-0.00529764 1 
0.129422 1 
0.195357 1 
-0.102769 1 
-0.255529 1 
0.0625367 1 
-0.722207 1 
-0.580797 1 
-0.91502 1 
-0.833615 1 
0.722734 1 
-3.82933 1 
-3.65865 1 
-3.94311 1 
0.988079 1 
-1.469 1 
-1.35891 1 
3.07146 1 
1.35775 1 
1.47893 1 
-2.88599 1 
2.80113 1 
1.81867 1 
1.11659 1 
3.50414 1 
3.30579 1 
-1.93698 1 
-2.70044 1 
-3.35933 1 
2.08554 1 
-2.52122 1 
0.313812 1 
-0.167813 1 
-0.0603997 1 
0.601993 1 
0.491794 1 
0.392137 1 
0.85143 1 
-1.7829 1 
-1.57554 1 
-1.68018 1 
1.23697 1 
-1.24527 1 
-2.13768 1 
-2.33363 1 
2.55422 1 
1.61238 1 
ZONE T="boundary2"
4 -1 
4 -0.703275 
4 -0.415694 
4 -0.231622 
4 0.135987 
4 0.235077 
4 1 
4 0.744644 
4 0.29942 
4 0.363762 
4 0.426525 
4 0.489287 
4 -0.478585 
4 0.0840807 
4 -0.109915 
4 -0.170769 
4 -0.292213 
4 0.0321745 
4 -0.352803 
4 -0.59093 
4 -0.851638 
4 0.185532 
4 0.872322 
4 0.331591 
4 0.457906 
4 0.110034 
4 0.267248 
4 0.616965 
4 -0.140342 
4 -0.261917 
4 -0.201195 
4 -0.0388703 
4 -0.322508 
4 -0.44714 
4 -0.647103 
4 0.0581276 
4 0.395144 
4 -0.384249 
4 -0.534758 
ZONE T="boundary3"
-3.71453 -1 
-1.75514 -1 
4 -1 
0.334142 -1 
0.456612 -1 
-0.902168 -1 
-0.784456 -1 
-1.51272 -1 
1.61576 -1 
-0.516449 -1 
-1.08081 -1 
-0.119909 -1 
-0.29754 -1 
-0.425866 -1 
1.78529 -1 
3.52506 -1 
1.12837 -1 
1.24299 -1 
-0.991488 -1 
-3.42905 -1 
-3.05059 -1 
-2.57081 -1 
2.41221 -1 
-2.33863 -1 
-2.8107 -1 
3.18813 -1 
3.3566 -1 
2.63171 -1 
2.85121 -1 
3.01967 -1 
-0.607033 -1 
-0.695744 -1 
0.789061 -1 
0.130296 -1 
0.188818 -1 
-0.178656 -1 
-0.238098 -1 
-0.061162 -1 
0.0717749 -1 
0.26148 -1 
0.00530646 -1 
0.579083 -1 
0.684072 -1 
1.01375 -1 
-1.19624 -1 
1.35776 -1 
1.47253 -1 
-1.31167 -1 
-2.10646 -1 
1.95482 -1 
2.18352 -1 
-2.22255 -1 
0.901408 -1 
-1.9308 -1 
-4 -1 
0.395377 -1 
-0.843312 -1 
-0.361703 -1 
1.70053 -1 
3.76253 -1 
1.18568 -1 
-0.946828 -1 
-3.23982 -1 
-3.57179 -1 
-2.69075 -1 
3.27237 -1 
2.74146 -1 
3.1039 -1 
-0.651389 -1 
0.159557 -1 
-0.208377 -1 
-0.0905354 -1 
-0.149282 -1 
0.297811 -1 
0.225149 -1 
-0.471157 -1 
0.101036 -1 
-0.561741 -1 
0.517848 -1 
0.736566 -1 
0.631577 -1 
-1.13852 -1 
1.07106 -1 
1.41515 -1 
-1.63393 -1 
-1.4122 -1 
1.87006 -1 
-2.16451 -1 
-2.45472 -1 
-2.93064 -1 
2.29787 -1 
2.52196 -1 
2.93544 -1 
2.06917 -1 
-2.01863 -1 
-2.28059 -1 
-0.7401 -1 
-0.0279278 -1 
-0.267819 -1 
0.0385408 -1 
-3.85726 -1 
-1.03615 -1 
1.30037 -1 
-1.25396 -1 
0.845234 -1 
1.54415 -1 
0.957581 -1 
-1.84297 -1 
3.44083 -1 
ZONE T="boundary4"
-0.159839 0.478101 
-0.132843 0.487351 
-0.105522 0.495656 
-0.636347 0.0328377 
-0.628305 0.0574457 
-0.647325 -0.0165669 
-0.642696 0.0081509 
-0.618612 0.0818918 
-0.607327 0.106097 
-0.594518 0.13001 
-0.413473 0.335989 
-0.396537 0.3491 
0.606145 0.112003 
0.617529 0.0861518 
-0.21275 0.456922 
-0.186478 0.467948 
-0.564765 0.176639 
-0.5803 0.153526 
-0.358841 0.376064 
-0.336533 0.390718 
-0.550961 0.195499 
0.00677675 0.518697 
0.0354408 0.521688 
-0.264112 0.43239 
-0.238631 0.44506 
-0.536548 0.2139 
-0.313812 0.404732 
-0.495938 0.260509 
-0.479334 0.277589 
-0.446322 0.308507 
-0.430079 0.322459 
-0.462178 0.294121 
-0.377861 0.362822 
0.297004 0.485021 
0.325092 0.472076 
-0.0778586 0.502989 
-0.0499327 0.509296 
-0.0216689 0.514554 
-0.516668 0.237591 
0.634747 0.0344919 
0.352513 0.456954 
0.379068 0.439585 
0.268378 0.495904 
-0.289179 0.418939 
0.52297 0.270316 
0.507195 0.297527 
0.428366 0.398471 
0.450661 0.375101 
0.490055 0.324221 
0.0644047 0.523479 
0.0934114 0.523997 
0.122535 0.523182 
0.239481 0.5048 
0.181088 0.517212 
0.210305 0.511874 
0.151822 0.520948 
0.537584 0.243239 
0.627137 0.0603967 
0.593454 0.13783 
0.580086 0.163398 
0.566024 0.189667 
0.64011 0.00844741 
0.551954 0.216042 
0.643043 -0.0175915 
0.404395 0.420079 
0.471218 0.350242 
-0.11922 0.491625 
-0.63252 0.0452044 
-0.64522 -0.00416955 
-0.613143 0.0940745 
-0.601084 0.118139 
-0.405045 0.342596 
0.612 0.0991484 
-0.199659 0.462542 
-0.639724 0.0205456 
-0.623642 0.0697412 
-0.572665 0.165171 
-0.34774 0.383471 
-0.557944 0.186128 
0.0210937 0.52034 
-0.251421 0.438824 
-0.543825 0.204755 
-0.487706 0.269117 
-0.438246 0.315537 
-0.4543 0.301369 
-0.470823 0.285925 
-0.368392 0.369503 
-0.421819 0.329276 
-0.225738 0.451094 
0.311162 0.478796 
-0.173202 0.473136 
-0.0917241 0.499449 
-0.146382 0.482843 
-0.0358261 0.512062 
-0.526717 0.225837 
-0.387243 0.356021 
-0.506414 0.24915 
-0.587556 0.141857 
0.365956 0.448524 
0.338942 0.464768 
-0.30155 0.411929 
0.515216 0.284 
0.439727 0.386993 
-0.0639251 0.506273 
0.0499137 0.52274 
-0.276697 0.425761 
0.107979 0.52376 
-0.00746646 0.516767 
0.282782 0.490701 
0.195734 0.514745 
0.137193 0.522246 
0.254 0.500578 
0.631193 0.0475178 
0.599908 0.124969 
0.573066 0.176537 
-0.325223 0.397806 
0.586824 0.150641 
0.637713 0.0215283 
0.544767 0.229638 
0.641883 -0.00453714 
0.416587 0.409506 
0.16648 0.519271 
0.0789058 0.523901 
0.224946 0.508552 
0.622542 0.0733518 
0.558974 0.202845 
0.46115 0.362848 
0.498794 0.310984 
0.480832 0.337375 
0.530345 0.256814 
0.391919 0.430078 
ZONE T="boundary5"
0.245204 -0.365517 
0.217421 -0.36804 
-0.184623 -0.384431 
-0.155206 -0.383171 
-0.601009 -0.240744 
-0.593928 -0.251178 
0.327524 -0.353341 
-0.651332 -0.0658603 
-0.650994 -0.0535714 
-0.647325 -0.0165669 
-0.637634 -0.162197 
-0.629529 -0.185402 
-0.607665 -0.230016 
-0.650662 -0.0903124 
0.636655 -0.094314 
0.629554 -0.118933 
-0.541441 -0.307397 
-0.560799 -0.29007 
-0.619536 -0.208039 
-0.497475 -0.337177 
-0.274155 -0.3861 
-0.304051 -0.385243 
-0.333867 -0.383261 
0.620107 -0.142905 
-0.420355 -0.368288 
-0.392289 -0.374965 
-0.0966778 -0.380479 
-0.214405 -0.385469 
-0.244177 -0.386095 
-0.125812 -0.381816 
-0.650212 -0.0412521 
-0.531049 -0.315502 
0.62511 -0.131024 
-0.5203 -0.323137 
-0.473115 -0.349409 
-0.447322 -0.359795 
0.272929 -0.362299 
-0.643844 -0.138552 
0.380751 -0.340178 
0.354453 -0.347319 
0.523528 -0.267212 
0.431893 -0.321883 
0.406739 -0.331689 
0.0761747 -0.374547 
0.104657 -0.373705 
-0.363382 -0.379904 
-0.067594 -0.379218 
-0.0386449 -0.378076 
-0.00975799 -0.377061 
0.0189708 -0.376163 
0.047646 -0.375342 
0.189364 -0.370013 
0.132982 -0.372735 
0.161282 -0.371536 
0.300285 -0.358297 
0.479987 -0.297654 
0.502258 -0.283314 
0.456411 -0.310543 
0.641314 -0.0691204 
0.639296 -0.0817802 
0.579137 -0.21007 
0.561967 -0.23047 
0.601799 -0.177507 
0.594708 -0.188582 
0.608437 -0.166154 
0.643453 -0.0435108 
0.643043 -0.0175915 
0.54343 -0.249559 
-0.648175 -0.114576 
-0.578317 -0.271268 
-0.43392 -0.364293 
0.468311 -0.304304 
0.231319 -0.366857 
-0.169913 -0.383821 
-0.597523 -0.245998 
-0.651219 -0.0597145 
-0.633812 -0.173881 
0.633402 -0.106708 
-0.551317 -0.298952 
-0.613819 -0.219146 
-0.289107 -0.385795 
-0.318971 -0.384409 
-0.406381 -0.371865 
-0.22929 -0.385845 
-0.199513 -0.384989 
-0.140508 -0.382499 
-0.650658 -0.0474085 
-0.53629 -0.311508 
-0.604391 -0.235414 
-0.509042 -0.330406 
-0.485425 -0.34355 
-0.648984 -0.0288851 
-0.525717 -0.319379 
0.259077 -0.364003 
-0.624758 -0.196821 
0.367644 -0.343905 
0.419387 -0.32697 
0.0904163 -0.374137 
-0.111244 -0.381142 
-0.0531191 -0.378631 
0.00460684 -0.3766 
0.0333087 -0.375746 
0.203397 -0.36909 
0.118821 -0.373242 
0.147134 -0.372171 
0.313927 -0.355947 
0.34102 -0.350474 
0.393801 -0.336107 
0.444243 -0.31641 
0.640384 -0.0754627 
-0.0242011 -0.377553 
0.570732 -0.220423 
0.59831 -0.183078 
0.614525 -0.154656 
0.627403 -0.125004 
0.622676 -0.136993 
0.638053 -0.0880633 
0.061911 -0.374946 
-0.259167 -0.38619 
-0.0821355 -0.379836 
0.286622 -0.360408 
0.642703 -0.0563416 
0.175325 -0.370823 
-0.377875 -0.377652 
-0.348648 -0.381773 
-0.649648 -0.102469 
-0.651223 -0.0780933 
-0.569771 -0.280867 
-0.586343 -0.261394 
-0.640972 -0.150436 
-0.646241 -0.126607 
0.643566 -0.0305456 
0.587124 -0.199472 
-0.440643 -0.362108 
-0.460325 -0.354861 
0.533649 -0.258577 
0.513049 -0.27547 
0.491254 -0.29069 
0.462388 -0.307474 
0.474177 -0.301032 
0.55287 -0.240183 
-0.427156 -0.366353 
0.605176 -0.171866 
