ZONE T="boundary0"
-4 -0.595155 
-4 0.42651 
-4 0.217008 
-4 0.266827 
-4 0.320113 
-4 0.373311 
-4 0.629697 
-4 0.814848 
-4 -0.12928 
-4 -0.0020921 
-4 0.0651988 
-4 0.528103 
-4 -0.797578 
-4 0.477306 
-4 0.13249 
-4 0.174749 
-4 1 
-4 -0.193665 
-4 -0.340788 
-4 -0.423524 
-4 -0.258051 
-4 -0.299419 
-4 -0.50934 
-4 -1 
-4 -0.225858 
-4 -0.161472 
-4 0.29347 
-4 0.346712 
-4 0.722273 
-4 0.39991 
-4 -0.0656858 
-4 0.5789 
-4 0.241918 
-4 0.451908 
-4 0.502705 
-4 0.153619 
-4 0.0315534 
-4 0.0988443 
-4 0.907424 
-4 -0.382156 
-4 -0.278735 
-4 -0.552247 
-4 -0.466432 
-4 -0.898789 
-4 -0.696366 
-4 0.195879 
-4 -0.209762 
-4 -0.177569 
-4 -0.241955 
-4 -0.145376 
-4 -0.320104 
ZONE T="boundary1"
-3.78106 1 
-3.56213 1 
1.25854 1 
0.759546 1 
0.653115 1 
0.301963 1 
-0.385143 1 
-0.469159 1 
-1.69674 1 
2.65356 1 
2.45709 1 
3.78069 1 
-2.06144 1 
-2.33783 1 
-1.87909 1 
1.5723 1 
1.45941 1 
-2.53053 1 
-2.72322 1 
-3.21406 1 
-2.96864 1 
3.2057 1 
3.38354 1 
0.424323 1 
0.201489 1 
-0.753428 1 
-0.553175 1 
-0.204697 1 
-0.265944 1 
-0.325543 1 
-0.653301 1 
-4 1 
0.101015 1 
0.0386908 1 
-0.0835414 1 
-0.143449 1 
-0.0236333 1 
-0.98189 1 
-1.09039 1 
0.151252 1 
-1.19889 1 
-0.867659 1 
-3.38809 1 
4 1 
3.56137 1 
0.967174 1 
0.86336 1 
1.69654 1 
1.34652 1 
1.97986 1 
1.17055 1 
-1.33411 1 
-1.40171 1 
1.06886 1 
1.82079 1 
2.13894 1 
2.85003 1 
3.02786 1 
0.251726 1 
0.546684 1 
2.29802 1 
-1.46932 1 
-1.58303 1 
-3.6716 1 
0.706331 1 
-0.427151 1 
2.55533 1 
-2.19964 1 
-1.97027 1 
1.51585 1 
-2.62688 1 
-2.84593 1 
3.29462 1 
0.363143 1 
-0.23532 1 
-0.355343 1 
-0.295743 1 
-0.603238 1 
-0.174073 1 
-0.0535874 1 
0.00752887 1 
-1.03614 1 
0.176371 1 
-0.703364 1 
-1.14464 1 
-0.810543 1 
-3.47511 1 
-3.89053 1 
3.67103 1 
3.89034 1 
0.915267 1 
1.63442 1 
1.40296 1 
1.21454 1 
-1.2665 1 
1.11971 1 
1.01802 1 
-3.09135 1 
1.90033 1 
1.75867 1 
2.0594 1 
2.75179 1 
2.93895 1 
-2.43418 1 
-1.78792 1 
3.47245 1 
-0.511167 1 
0.226607 1 
0.126134 1 
0.069853 1 
-0.113495 1 
0.276844 1 
-0.924774 1 
0.599899 1 
-3.30108 1 
1.30253 1 
0.811453 1 
2.37755 1 
2.21848 1 
0.485504 1 
-1.43552 1 
-1.52618 1 
-1.36791 1 
-1.63989 1 
3.11678 1 
ZONE T="boundary2"
4 -1 
4 -0.348303 
4 -0.683127 
4 -0.000494459 
4 0.119091 
4 0.561728 
4 0.671296 
4 0.217681 
4 0.250544 
4 -0.26043 
4 -0.282399 
4 -0.588545 
4 -0.493964 
4 -0.122832 
4 -0.304367 
4 -0.421133 
4 0.184818 
4 0.480927 
4 0.400126 
4 0.780864 
4 1 
4 -0.226031 
4 -0.191631 
4 -0.157232 
4 0.325335 
4 0.28794 
4 0.151954 
4 0.36273 
4 -0.841563 
4 0.059298 
4 0.616512 
4 0.234113 
4 -0.271414 
4 -0.541254 
4 0.201249 
4 0.521327 
4 0.72608 
4 0.890432 
4 -0.326335 
4 -0.208831 
4 -0.293383 
4 -0.243231 
4 -0.140032 
4 -0.174431 
4 -0.0616633 
4 -0.384718 
4 -0.457548 
4 -0.635836 
4 0.306637 
4 0.168386 
4 0.269242 
4 0.344033 
4 0.381428 
4 0.440526 
4 0.135522 
ZONE T="boundary3"
-2.00948 -1 
3.74262 -1 
4 -1 
-0.0117178 -1 
-0.716004 -1 
-0.834077 -1 
-1.30776 -1 
-1.18848 -1 
-0.489197 -1 
-0.6026 -1 
0.0535397 -1 
0.118126 -1 
-2.98157 -1 
-3.4402 -1 
-3.7201 -1 
-1.42703 -1 
-1.56548 -1 
2.02915 -1 
2.21511 -1 
3.17117 -1 
-1.8567 -1 
-3.13445 -1 
-2.82869 -1 
2.6966 -1 
2.8571 -1 
2.5361 -1 
-2.64076 -1 
3.48524 -1 
3.3282 -1 
0.407808 -1 
0.499743 -1 
-0.0769749 -1 
0.182712 -1 
0.249292 -1 
-0.210896 -1 
-0.253583 -1 
-0.392734 -1 
-0.296271 -1 
-0.143935 -1 
0.315873 -1 
0.618263 -1 
0.736783 -1 
0.677523 -1 
0.810158 -1 
0.883532 -1 
-0.952151 -1 
1.24855 -1 
1.36613 -1 
-1.07032 -1 
1.00725 -1 
1.58626 -1 
1.4762 -1 
1.71472 -1 
1.84318 -1 
-4 -1 
-2.23115 -1 
-1.70392 -1 
-2.45283 -1 
1.13096 -1 
3.87131 -1 
-0.77504 -1 
-1.24812 -1 
-0.545898 -1 
0.0858326 -1 
-3.58015 -1 
-1.49626 -1 
2.12213 -1 
-2.90513 -1 
2.77685 -1 
2.37561 -1 
-2.73473 -1 
3.40672 -1 
0.453775 -1 
0.020911 -1 
-0.0443463 -1 
0.216002 -1 
0.150419 -1 
-0.23224 -1 
-0.440965 -1 
-0.344502 -1 
-0.110455 -1 
-0.274927 -1 
0.282583 -1 
0.36184 -1 
0.559003 -1 
0.707153 -1 
0.647893 -1 
0.77347 -1 
-0.659302 -1 
-0.893114 -1 
1.30734 -1 
-1.1294 -1 
-1.01123 -1 
-1.3674 -1 
0.945389 -1 
1.53123 -1 
1.42117 -1 
1.65049 -1 
1.77895 -1 
3.61393 -1 
-2.12032 -1 
1.93617 -1 
-1.6347 -1 
-1.78031 -1 
-3.86005 -1 
3.01413 -1 
3.24969 -1 
2.61635 -1 
-2.5468 -1 
-3.05801 -1 
-3.28733 -1 
-2.34199 -1 
-1.93309 -1 
-0.177416 -1 
0.846845 -1 
1.18975 -1 
1.0691 -1 
ZONE T="boundary4"
-0.0422771 0.370519 
-0.069939 0.369619 
-0.644987 0.0607501 
-0.643702 0.0852862 
-0.642773 0.0120648 
0.638981 0.0707558 
-0.179049 0.368962 
-0.152345 0.368726 
-0.495079 0.326625 
-0.478716 0.334941 
0.639664 0.0142767 
-0.308632 0.369509 
-0.283336 0.370008 
-0.46127 0.34246 
-0.381141 0.363379 
-0.402974 0.359521 
-0.629374 0.158165 
-0.635956 0.134149 
-0.644649 0.036314 
0.61602 0.153251 
-0.620959 0.18163 
-0.611597 0.202613 
-0.556078 0.281059 
-0.573892 0.261458 
0.579103 0.216859 
0.587568 0.204666 
0.529184 0.272998 
0.595579 0.192103 
-0.097754 0.369011 
-0.205841 0.369347 
-0.231893 0.369748 
-0.541553 0.294502 
-0.526586 0.30645 
-0.640715 0.109805 
-0.510915 0.31724 
-0.424452 0.3545 
-0.443404 0.348897 
0.630742 0.112459 
0.626515 0.126256 
0.634211 0.0986786 
0.540426 0.262332 
0.602942 0.179453 
-0.257969 0.370027 
0.640263 0.0566184 
-0.357431 0.366367 
-0.0140922 0.371694 
0.0139728 0.373048 
-0.333427 0.368344 
-0.588084 0.242683 
0.640593 0.0283702 
-0.124979 0.368723 
0.436464 0.333003 
0.465167 0.318587 
0.250926 0.376507 
0.406992 0.345011 
0.551008 0.25133 
0.561118 0.239863 
0.638032 0.000250321 
0.517449 0.283127 
0.492287 0.301927 
0.100304 0.377321 
0.129502 0.378378 
0.0425773 0.374523 
0.189422 0.379043 
0.22015 0.37827 
0.621613 0.139821 
0.609807 0.166425 
0.63697 0.0847225 
-0.600525 0.223205 
0.159427 0.379015 
0.0711188 0.375978 
0.282079 0.37353 
0.345028 0.362995 
0.313494 0.369105 
0.376157 0.355058 
0.570326 0.228532 
-0.0561021 0.370034 
-0.644552 0.0730319 
-0.165693 0.368819 
-0.486967 0.330912 
-0.295986 0.369831 
-0.392087 0.36159 
-0.632892 0.146222 
-0.616468 0.192208 
-0.565226 0.271477 
0.583394 0.210803 
-0.0838414 0.369276 
-0.218864 0.369553 
-0.503077 0.322062 
-0.433972 0.351833 
0.628715 0.119383 
0.632564 0.10559 
-0.452388 0.34581 
-0.470055 0.338837 
-0.645016 0.048532 
0.534868 0.267731 
0.599325 0.185816 
-0.642424 0.0975744 
-0.244928 0.369914 
0.639715 0.0636949 
-0.192441 0.369143 
-5.6304e-05 0.372353 
-0.518847 0.311981 
-0.369309 0.365013 
-0.643899 0.0241775 
-0.321036 0.369023 
0.640797 0.0424963 
-0.138657 0.36869 
0.450963 0.326091 
0.556123 0.24565 
0.638935 0.00725518 
0.523376 0.278131 
0.545779 0.25689 
-0.413754 0.357165 
0.478911 0.310557 
0.114899 0.377894 
0.0282767 0.373781 
0.204784 0.378768 
-0.534177 0.300609 
-0.638558 0.122023 
0.624147 0.133068 
0.618896 0.146569 
0.638067 0.0777517 
0.612988 0.159873 
0.606445 0.172976 
0.635682 0.0917178 
-0.606253 0.213013 
0.591636 0.198424 
-0.0281808 0.371078 
0.14446 0.378763 
0.174421 0.379115 
0.0857087 0.376676 
0.235541 0.377523 
0.266513 0.37518 
-0.11136 0.368829 
0.0568477 0.37526 
0.329299 0.366268 
0.36065 0.359267 
0.391658 0.350302 
0.297809 0.371507 
0.421839 0.339283 
0.505087 0.292819 
-0.548941 0.287915 
-0.625394 0.169981 
-0.581181 0.252216 
-0.594489 0.233061 
-0.270652 0.370065 
-0.345442 0.367473 
0.640218 0.0213152 
0.574768 0.222738 
0.565777 0.23424 
ZONE T="boundary5"
-0.507774 -0.272496 
-0.642773 0.0120648 
-0.639438 -0.0119493 
-0.634715 -0.0356885 
-0.592033 -0.149922 
-0.602992 -0.127654 
-0.628667 -0.0591205 
-0.621335 -0.0822696 
-0.579918 -0.171915 
-0.211153 -0.469884 
-0.321831 -0.41983 
-0.239435 -0.458994 
-0.267285 -0.447053 
-0.294828 -0.433973 
-0.344889 -0.406633 
-0.00990622 -0.515927 
-0.096765 -0.502456 
-0.15419 -0.488304 
-0.125596 -0.495886 
-0.182836 -0.479608 
0.561252 -0.189988 
0.546383 -0.217529 
-0.462389 -0.319198 
-0.0679349 -0.507972 
-0.47995 -0.302288 
-0.494118 -0.287622 
-0.522754 -0.254644 
-0.56669 -0.193626 
-0.552287 -0.215226 
-0.367458 -0.392631 
-0.386089 -0.380192 
-0.404319 -0.367183 
-0.444191 -0.335436 
-0.424553 -0.351678 
-0.537069 -0.236264 
0.508711 -0.285591 
0.615048 -0.0821773 
0.624984 -0.0550645 
0.0484017 -0.519651 
0.0192118 -0.518331 
0.0775768 -0.519848 
-0.0389506 -0.51247 
0.574053 -0.166314 
0.222151 -0.501959 
0.135887 -0.516666 
0.106805 -0.518871 
0.19369 -0.508277 
0.16495 -0.513149 
0.25026 -0.49411 
0.277872 -0.48466 
0.331186 -0.460675 
0.304901 -0.47353 
0.380826 -0.429793 
0.356614 -0.446047 
0.404088 -0.411678 
0.425947 -0.392032 
0.446624 -0.37069 
0.46597 -0.347877 
0.483849 -0.323967 
-0.61277 -0.105101 
0.500702 -0.298636 
0.520332 -0.265526 
0.53152 -0.24518 
0.603305 -0.109019 
0.595147 -0.125889 
0.586619 -0.142617 
0.638032 0.000250321 
0.632745 -0.0276034 
-0.641285 3.51179e-05 
-0.597645 -0.138851 
-0.637247 -0.0238505 
-0.631853 -0.0474443 
-0.625156 -0.070742 
-0.586099 -0.160985 
-0.253416 -0.453155 
-0.139926 -0.492221 
-0.168552 -0.484085 
0.553808 -0.203747 
-0.487096 -0.295013 
-0.515349 -0.263641 
-0.573419 -0.18284 
-0.356236 -0.399733 
-0.395255 -0.373759 
-0.453366 -0.327401 
-0.414507 -0.359523 
-0.544776 -0.225815 
-0.376821 -0.386483 
-0.471252 -0.310827 
0.62025 -0.0687061 
0.00464349 -0.517262 
0.0629905 -0.519893 
-0.0244424 -0.514329 
0.12136 -0.517926 
0.150441 -0.515075 
0.264137 -0.489589 
0.318149 -0.467319 
0.368859 -0.438133 
0.567663 -0.178152 
0.415186 -0.402049 
0.456477 -0.359443 
0.47508 -0.336056 
-0.608021 -0.116436 
0.504743 -0.292137 
0.492437 -0.311414 
0.392615 -0.420944 
0.51459 -0.2756 
-0.559596 -0.204497 
-0.434449 -0.343649 
0.525967 -0.255375 
0.59092 -0.13427 
0.599278 -0.117478 
-0.6172 -0.0937388 
-0.501011 -0.280117 
0.580378 -0.154483 
-0.197038 -0.474874 
-0.225344 -0.46457 
-0.0534613 -0.510349 
-0.082373 -0.50534 
0.0921981 -0.51951 
0.236261 -0.49823 
0.207964 -0.505303 
-0.333418 -0.413333 
0.629147 -0.0414135 
-0.28112 -0.440646 
-0.111208 -0.499298 
0.0338025 -0.519129 
0.291474 -0.479307 
0.179352 -0.510889 
0.344024 -0.45358 
0.538961 -0.231356 
-0.3084 -0.427035 
0.635712 -0.0137391 
0.436464 -0.381541 
-0.529991 -0.245516 
0.609356 -0.0956729 
