ZONE T="boundary0"
-4 -0.674414 
-4 -0.280865 
-4 0.325127 
-4 0.421125 
-4 0.505484 
-4 -0.00762499 
-4 0.266135 
-4 0.110391 
-4 -0.333416 
-4 -0.584786 
-4 -0.495158 
-4 -0.146866 
-4 -0.18759 
-4 -0.837207 
-4 1 
-4 -0.228314 
-4 -0.414287 
-4 0.207143 
-4 0.373126 
-4 0.794922 
-4 0.158767 
-4 -0.0772456 
-4 0.589843 
-4 -1 
-4 0.463305 
-4 -0.539972 
-4 -0.167228 
-4 -0.207952 
-4 -0.30714 
-4 -0.373851 
-4 -0.25459 
-4 -0.454722 
-4 0.236639 
-4 0.397125 
-4 0.295631 
-4 0.0513828 
-4 -0.0424353 
-4 -0.6296 
-4 0.547664 
-4 -0.918604 
-4 -0.755811 
-4 0.692383 
-4 0.897461 
-4 0.182955 
-4 0.349126 
-4 0.134579 
-4 -0.112056 
ZONE T="boundary1"
1.51287 1 
1.31688 1 
1.41487 1 
1.95015 1 
1.76435 1 
-0.260896 1 
-0.333429 1 
0.155831 1 
-0.149615 1 
0.534585 1 
0.372947 1 
1.21709 1 
1.1173 1 
-0.405961 1 
3.5831 1 
-1.48516 1 
-1.56286 1 
-1.40746 1 
-1.30114 1 
0.209932 1 
3.37465 1 
-1.94228 1 
-3.10109 1 
-2.83338 1 
-3.62253 1 
-4 1 
-3.81126 1 
2.57177 1 
2.35386 1 
2.86898 1 
3.16619 1 
2.13595 1 
-2.36599 1 
-3.36181 1 
0.101729 1 
0.81767 1 
0.627427 1 
0.29144 1 
-0.0233777 1 
0.0391758 1 
-0.0864963 1 
-0.883037 1 
3.79155 1 
4 1 
1.01618 1 
0.91507 1 
-0.494051 1 
-0.657364 1 
-0.732588 1 
0.72027 1 
-1.03893 1 
-1.19482 1 
-1.71825 1 
-1.64055 1 
-2.16631 1 
-2.69953 1 
-2.56568 1 
-0.58214 1 
1.36588 1 
1.85725 1 
-0.297162 1 
1.26698 1 
-0.369695 1 
-1.52401 1 
-1.3543 1 
-2.96724 1 
-3.90563 1 
2.46281 1 
2.72037 1 
3.01759 1 
-3.49217 1 
0.12878 1 
0.250686 1 
0.332194 1 
0.182881 1 
0.00789907 1 
-0.054937 1 
-0.118056 1 
0.581006 1 
0.453766 1 
3.89577 1 
3.68732 1 
3.47887 1 
0.86637 1 
-0.205255 1 
-0.694976 1 
3.27042 1 
1.16719 1 
1.06674 1 
0.76897 1 
1.63861 1 
-1.24798 1 
-1.60171 1 
-1.11687 1 
-1.83027 1 
-2.05429 1 
2.2449 1 
-1.6794 1 
-3.23145 1 
-2.46583 1 
2.04305 1 
-3.7169 1 
-2.26615 1 
-0.538095 1 
-0.450006 1 
0.0704525 1 
-0.619752 1 
0.673848 1 
0.965627 1 
-0.960982 1 
-0.807813 1 
1.46387 1 
-2.76646 1 
-1.44631 1 
-2.6326 1 
ZONE T="boundary2"
4 -0.336385 
4 -0.294517 
4 -0.568162 
4 0.154118 
4 0.248587 
4 0.201352 
4 0.30442 
4 0.360253 
4 0.43592 
4 -0.0177848 
4 0.0501761 
4 0.534805 
4 -0.251214 
4 -0.146828 
4 -0.0857458 
4 -0.229562 
4 -0.207911 
4 -0.177369 
4 0.633691 
4 -0.378252 
4 -0.784081 
4 -0.473207 
4 0.816845 
4 1 
4 -1 
4 -0.315451 
4 0.224969 
4 0.398086 
4 0.276503 
4 0.332336 
4 0.485363 
4 0.102147 
4 0.0161956 
4 -0.272866 
4 -0.116287 
4 -0.218736 
4 -0.0517653 
4 0.177735 
4 0.584248 
4 -0.357319 
4 -0.676121 
4 -0.520684 
4 0.725268 
4 -0.89204 
4 0.908423 
4 -0.162099 
4 -0.19264 
4 -0.240388 
4 -0.42573 
ZONE T="boundary3"
0.258837 -1 
-1.82957 -1 
-1.99726 -1 
-0.737257 -1 
-0.632757 -1 
-1.43027 -1 
3.41895 -1 
2.80364 -1 
-1.07595 -1 
-0.990383 -1 
-3.56349 -1 
-3.78174 -1 
-0.904817 -1 
1.29225 -1 
1.36954 -1 
2.04548 -1 
-2.16495 -1 
-3.16067 -1 
-0.439571 -1 
0.521374 -1 
0.617087 -1 
-0.350885 -1 
-0.205211 -1 
-0.142045 -1 
-0.0788799 -1 
0.00173634 -1 
0.0823526 -1 
0.20323 -1 
-0.278048 -1 
0.810238 -1 
0.713663 -1 
-0.528256 -1 
-1.19674 -1 
-1.31753 -1 
0.314445 -1 
0.42566 -1 
4 -1 
0.913549 -1 
1.01686 -1 
1.21497 -1 
1.11592 -1 
1.44682 -1 
1.5241 -1 
-2.68089 -1 
-4 -1 
1.84594 -1 
2.24502 -1 
-1.543 -1 
2.94419 -1 
3.22527 -1 
3.61263 -1 
3.80632 -1 
2.45406 -1 
-2.42292 -1 
-2.55191 -1 
2.6631 -1 
-2.92078 -1 
-1.91341 -1 
-0.685007 -1 
-1.03317 -1 
-3.67262 -1 
-0.9476 -1 
1.3309 -1 
-3.36208 -1 
0.569231 -1 
-0.395228 -1 
-0.110463 -1 
-0.0385719 -1 
0.0420445 -1 
0.142791 -1 
-0.314466 -1 
0.761951 -1 
-0.821037 -1 
-1.13634 -1 
-1.25714 -1 
0.370053 -1 
0.665375 -1 
0.965205 -1 
1.16544 -1 
1.06639 -1 
1.48546 -1 
-1.3739 -1 
1.68502 -1 
-1.68629 -1 
-2.0811 -1 
1.94571 -1 
2.14525 -1 
-3.89087 -1 
3.08473 -1 
3.70948 -1 
-2.48741 -1 
3.32211 -1 
-2.6164 -1 
3.51579 -1 
3.90316 -1 
-2.29393 -1 
2.55858 -1 
2.34954 -1 
-2.80084 -1 
-3.04073 -1 
-0.173628 -1 
-0.241629 -1 
0.286641 -1 
-0.483914 -1 
-0.580507 -1 
0.231034 -1 
0.473517 -1 
1.25361 -1 
1.40818 -1 
2.87391 -1 
0.861894 -1 
-1.48664 -1 
2.73337 -1 
ZONE T="boundary4"
0.569113 0.238106 
-0.288318 0.412678 
-0.266028 0.423944 
-0.310247 0.400733 
-0.450335 0.298392 
-0.464303 0.284781 
-0.24288 0.434767 
0.529729 0.31331 
0.538761 0.298461 
-0.624973 -0.0220781 
-0.621461 0.00144374 
0.642178 0.00913939 
-0.351296 0.375843 
-0.36993 0.363338 
0.635946 0.054387 
0.555028 0.268168 
0.642811 -0.00581735 
0.640803 0.0241794 
-0.616596 0.0249617 
-0.610384 0.0483957 
-0.602833 0.0716956 
0.475212 0.381698 
0.487374 0.36895 
-0.593978 0.0947633 
-0.583857 0.117533 
-0.56113 0.160116 
-0.53536 0.199799 
-0.548639 0.180213 
0.498969 0.355627 
-0.572543 0.139908 
-0.524242 0.215085 
-0.219409 0.444881 
-0.330964 0.388605 
-0.195171 0.454465 
-0.17065 0.463315 
-0.512711 0.230057 
-0.420814 0.324612 
-0.404686 0.337685 
-0.435773 0.311725 
-0.388176 0.350273 
-0.145356 0.471589 
-0.119821 0.479098 
-0.47783 0.270735 
-0.0119146 0.501989 
-0.0394987 0.49746 
-0.0934748 0.485985 
0.0166727 0.50574 
-0.495677 0.250754 
0.462391 0.393951 
0.520138 0.327756 
0.435341 0.416445 
0.449045 0.405572 
0.42118 0.426681 
0.327666 0.475084 
0.391093 0.445529 
0.509841 0.341941 
0.607752 0.145874 
0.0453586 0.508535 
0.105041 0.511173 
0.135956 0.510777 
0.166788 0.509105 
0.0751849 0.5104 
0.295054 0.48606 
0.628562 0.0846464 
0.619073 0.114937 
0.638708 0.0392974 
0.582506 0.20738 
-0.0669303 0.492064 
0.197957 0.50603 
0.262383 0.494725 
0.229944 0.501304 
0.595483 0.176505 
0.359909 0.461575 
-0.277216 0.418396 
-0.299329 0.406791 
-0.457373 0.291641 
-0.254496 0.429444 
0.534316 0.305929 
-0.623382 -0.0102931 
-0.36066 0.36966 
0.562222 0.253209 
0.642588 0.00166508 
-0.619191 0.0132361 
-0.61365 0.0367209 
-0.606765 0.0600961 
0.481366 0.375394 
-0.589063 0.106212 
-0.542093 0.190069 
0.493247 0.362355 
-0.554988 0.170229 
-0.578337 0.128789 
-0.529855 0.207481 
-0.231183 0.439913 
-0.598557 0.0832873 
-0.182944 0.458982 
-0.518526 0.222609 
-0.412799 0.331209 
-0.428341 0.318224 
-0.443105 0.305115 
-0.34118 0.382303 
-0.396477 0.344039 
-0.207326 0.449765 
-0.132617 0.47544 
-0.0257245 0.499833 
0.00236383 0.503982 
-0.566945 0.150073 
-0.504294 0.240487 
-0.158034 0.467548 
0.547146 0.283452 
0.525007 0.320582 
0.442254 0.411086 
0.428317 0.421642 
0.468873 0.387899 
0.515065 0.334904 
0.50448 0.348844 
0.455785 0.399839 
-0.471123 0.277812 
0.120501 0.511131 
0.151382 0.510105 
0.0602638 0.509601 
0.311454 0.480852 
0.624029 0.0998569 
0.639841 0.0317501 
0.637406 0.0468565 
0.632529 0.0695829 
0.575871 0.222769 
0.64158 0.0166677 
0.613563 0.130459 
-0.379103 0.356875 
-0.48686 0.260839 
-0.320652 0.394748 
-0.0802257 0.489126 
-0.0532355 0.49487 
0.0901096 0.510925 
-0.106674 0.482642 
0.0310042 0.507258 
0.182391 0.507746 
0.24621 0.498242 
0.278786 0.490646 
0.589044 0.191962 
0.213981 0.50387 
0.343915 0.468634 
0.601703 0.161223 
0.375664 0.45387 
0.406342 0.436434 
ZONE T="boundary5"
-0.627463 -0.0924128 
-0.552728 -0.308051 
-0.54045 -0.323849 
-0.617934 -0.16181 
-0.622447 -0.138818 
-0.625621 -0.115687 
-0.624973 -0.0220781 
0.640081 -0.0500872 
0.551489 -0.215938 
0.531785 -0.233679 
-0.612081 -0.184628 
0.637607 -0.0644989 
0.619963 -0.119986 
0.642681 -0.0207052 
-0.564148 -0.291468 
0.368938 -0.315322 
0.339764 -0.322593 
-0.60489 -0.207236 
-0.301292 -0.439329 
-0.327613 -0.437753 
-0.353933 -0.434135 
-0.379865 -0.428376 
0.521637 -0.241894 
-0.402109 -0.42153 
0.634346 -0.0787339 
-0.248677 -0.437138 
-0.22262 -0.433807 
0.625493 -0.106548 
-0.196489 -0.429256 
0.39767 -0.306672 
0.570665 -0.19589 
-0.495791 -0.368594 
-0.512662 -0.353666 
-0.460178 -0.393993 
-0.478019 -0.382212 
0.449892 -0.285942 
0.588353 -0.17403 
0.425949 -0.296365 
0.411881 -0.301739 
-0.52697 -0.339225 
-0.170468 -0.423749 
-0.0649615 -0.396426 
-0.118169 -0.41072 
-0.144456 -0.417514 
-0.0380296 -0.389348 
0.642811 -0.00581735 
-0.441673 -0.404441 
0.191751 -0.346574 
0.280832 -0.333904 
0.600778 -0.155862 
-0.575897 -0.271989 
-0.586472 -0.251704 
-0.274843 -0.439053 
-0.596383 -0.229565 
0.017462 -0.375931 
-0.010302 -0.382407 
0.0460046 -0.369838 
0.132686 -0.354774 
-0.62797 -0.0690511 
-0.627142 -0.0455952 
0.162243 -0.350555 
0.31038 -0.3287 
0.473229 -0.273971 
0.492508 -0.262488 
0.511227 -0.24974 
0.611919 -0.136586 
0.579719 -0.185188 
0.630308 -0.0927508 
0.641774 -0.0354601 
-0.422135 -0.413717 
-0.0918704 -0.403669 
0.103637 -0.359302 
0.074521 -0.36434 
0.251191 -0.338456 
0.221505 -0.342599 
-0.546703 -0.316039 
-0.620356 -0.150347 
-0.6242 -0.127276 
0.541793 -0.224984 
0.638943 -0.0573101 
-0.61517 -0.173262 
0.35439 -0.319117 
-0.608644 -0.195983 
-0.31447 -0.438783 
-0.366962 -0.431527 
-0.391054 -0.425163 
-0.23563 -0.435635 
0.383359 -0.311186 
-0.504357 -0.361278 
-0.469201 -0.388257 
0.418936 -0.299108 
-0.519926 -0.346556 
-0.533826 -0.331639 
-0.183459 -0.426605 
-0.131302 -0.41416 
-0.0515021 -0.392856 
-0.451017 -0.399378 
-0.209533 -0.431665 
-0.570176 -0.281823 
-0.581338 -0.261928 
-0.261749 -0.438287 
0.0035683 -0.379107 
-0.0241759 -0.385827 
0.0317219 -0.372813 
-0.627723 -0.0573179 
0.176996 -0.348547 
0.14746 -0.352625 
-0.558556 -0.299842 
0.325097 -0.325775 
0.404793 -0.304258 
0.461659 -0.28015 
0.482954 -0.268375 
0.501966 -0.256257 
0.526746 -0.237831 
0.516466 -0.245863 
0.575249 -0.190587 
0.584098 -0.179657 
0.594732 -0.16506 
0.616081 -0.128353 
0.627995 -0.0996826 
0.622819 -0.113304 
0.642843 -0.0132621 
0.561274 -0.206104 
0.636075 -0.0716389 
-0.288068 -0.439412 
0.632424 -0.0857702 
0.606537 -0.146333 
0.641027 -0.0427853 
0.642326 -0.0280887 
-0.626224 -0.0338218 
-0.412192 -0.417801 
-0.626709 -0.104064 
-0.487026 -0.375561 
0.295622 -0.331399 
0.437998 -0.291334 
-0.627883 -0.0807363 
-0.0784177 -0.400039 
-0.105016 -0.407211 
0.118155 -0.356983 
0.0890692 -0.361754 
0.236353 -0.340564 
0.206629 -0.344594 
0.266021 -0.336246 
0.060252 -0.367018 
-0.157446 -0.420704 
-0.431987 -0.409253 
-0.591589 -0.240708 
-0.600791 -0.218461 
-0.340812 -0.436206 
