ZONE T="boundary0"
-4 -0.33078 
-4 0.113414 
-4 0.015474 
-4 0.324327 
-4 0.254891 
-4 -0.37505 
-4 -0.576617 
-4 0.393763 
-4 -0.788309 
-4 0.663922 
-4 0.551896 
-4 -0.28651 
-4 -0.24434 
-4 -0.475834 
-4 -0.0933482 
-4 -0.202171 
-4 -0.147759 
-4 0.184152 
-4 0.887974 
-4 0.775948 
-4 -1 
-4 1 
-4 0.0644439 
-4 0.289609 
-4 -0.682463 
-4 -0.265425 
-4 -0.352915 
-4 -0.425442 
-4 -0.526225 
-4 -0.223255 
-4 -0.174965 
-4 -0.0389371 
-4 0.148783 
-4 0.472829 
-4 0.831961 
-4 -0.894154 
-4 -0.120554 
-4 -0.308645 
-4 0.219521 
-4 0.359045 
-4 0.943987 
-4 0.607909 
-4 0.719935 
ZONE T="boundary1"
-3.25389 1 
-3.55029 1 
1.11535 1 
1.23687 1 
0.749424 1 
0.703868 1 
0.126568 1 
0.186693 1 
0.322664 1 
0.913362 1 
0.066443 1 
0.504733 1 
1.44905 1 
1.35839 1 
-3.77515 1 
1.72101 1 
1.5397 1 
-1.98189 1 
-2.14283 1 
1.91832 1 
3.07398 1 
-2.33989 1 
3.30548 1 
-2.53695 1 
2.50391 1 
-2.95749 1 
0.413698 1 
-0.0586091 1 
0.00391692 1 
0.6043 1 
0.368181 1 
0.254678 1 
0.794981 1 
0.854172 1 
1.06485 1 
1.01436 1 
-0.209136 1 
-0.312168 1 
-0.415201 1 
-0.521311 1 
-0.627421 1 
-1.06658 1 
-0.940336 1 
-0.720755 1 
-0.814089 1 
-1.22236 1 
-1.14447 1 
-1.29844 1 
4 1 
3.76849 1 
3.53699 1 
-1.37451 1 
2.85366 1 
2.63334 1 
2.11562 1 
-1.82096 1 
-1.67381 1 
-1.52667 1 
-0.133872 1 
-4 1 
2.37448 1 
-3.40209 1 
1.17611 1 
0.726646 1 
0.15663 1 
1.40372 1 
1.63035 1 
-2.06236 1 
-2.74722 1 
-0.0273461 1 
0.0965054 1 
0.554517 1 
0.345422 1 
0.459216 1 
0.288671 1 
0.654084 1 
0.772203 1 
0.883767 1 
0.824577 1 
1.0901 1 
0.963859 1 
1.29763 1 
-0.260652 1 
-0.363685 1 
-0.574366 1 
-0.468256 1 
-1.00346 1 
-0.767422 1 
-0.674088 1 
-1.18342 1 
3.88425 1 
3.65274 1 
2.96382 1 
-3.10569 1 
2.7435 1 
2.01697 1 
1.81966 1 
-2.43842 1 
-2.24136 1 
-1.90143 1 
-1.74739 1 
-1.60024 1 
0.220685 1 
0.03518 1 
-0.171504 1 
0.39094 1 
1.0396 1 
-0.0962407 1 
3.18973 1 
2.56862 1 
2.43919 1 
-0.877213 1 
1.49437 1 
3.42124 1 
-3.66272 1 
-3.88757 1 
-1.10553 1 
-1.33648 1 
-1.45059 1 
-1.2604 1 
2.24505 1 
ZONE T="boundary2"
4 -0.543337 
4 -0.66251 
4 -0.36342 
4 -0.302675 
4 -0.224205 
4 0.206112 
4 0.254848 
4 0.303584 
4 0.357579 
4 0.0387601 
4 0.411573 
4 0.802084 
4 -0.831255 
4 -0.26344 
4 -0.161908 
4 -0.0996106 
4 -0.424164 
4 -0.0304252 
4 0.507871 
4 0.604168 
4 0.122436 
4 1 
4 -1 
4 -0.602923 
4 -0.333047 
4 0.23048 
4 -0.243822 
4 -0.130759 
4 -0.483751 
4 -0.283058 
4 0.00416743 
4 0.384576 
4 0.459722 
4 0.330581 
4 0.55602 
4 0.080598 
4 -0.0650179 
4 0.703126 
4 0.901042 
4 -0.915627 
4 -0.393792 
4 0.279216 
4 -0.193056 
4 0.164274 
4 -0.746882 
ZONE T="boundary3"
-3.42885 -1 
-3.71442 -1 
-1.33063 -1 
-0.25746 -1 
0.00297824 -1 
-0.0615304 -1 
-0.954966 -1 
-1.06587 -1 
0.32638 -1 
0.908762 -1 
1.23093 -1 
-0.844059 -1 
1.74548 -1 
1.95992 -1 
2.43062 -1 
2.19527 -1 
3.7943 -1 
2.82926 -1 
1.53105 -1 
-3.01003 -1 
-2.73081 -1 
-2.45159 -1 
-1.69681 -1 
-2.09147 -1 
-1.89414 -1 
-0.126039 -1 
0.129068 -1 
0.0660231 -1 
0.394792 -1 
0.533623 -1 
0.464207 -1 
0.257968 -1 
0.193518 -1 
0.603252 -1 
-0.517659 -1 
-0.336201 -1 
-0.732217 -1 
-0.414942 -1 
0.67288 -1 
-0.191749 -1 
0.741207 -1 
0.809534 -1 
1.00799 -1 
1.11946 -1 
-1.15982 -1 
-0.620375 -1 
-0.676296 -1 
-0.788138 -1 
1.38099 -1 
-1.25376 -1 
-1.55215 -1 
-1.40749 -1 
4 -1 
3.5886 -1 
3.03997 -1 
3.25068 -1 
-4 -1 
3.41964 -1 
-2.27153 -1 
-3.57164 -1 
-0.0292761 -1 
-1.01042 -1 
1.8527 -1 
2.31295 -1 
2.62994 -1 
-3.21944 -1 
-2.5912 -1 
-2.87042 -1 
-1.99281 -1 
-0.0937848 -1 
0.0975455 -1 
0.360586 -1 
0.498915 -1 
0.292174 -1 
0.225743 -1 
0.161293 -1 
0.0345007 -1 
-0.29683 -1 
-0.4663 -1 
0.638066 -1 
0.4295 -1 
-0.158894 -1 
-0.224605 -1 
-0.375571 -1 
0.77537 -1 
0.958376 -1 
1.06373 -1 
-0.899512 -1 
-0.648336 -1 
-0.760177 -1 
1.30596 -1 
1.1752 -1 
1.45602 -1 
-1.29219 -1 
-1.20679 -1 
-1.62448 -1 
-1.36906 -1 
-1.11285 -1 
-1.47982 -1 
2.93461 -1 
3.14532 -1 
-3.85721 -1 
1.63827 -1 
3.33516 -1 
2.07759 -1 
-1.79548 -1 
-2.1815 -1 
-2.36156 -1 
-0.569017 -1 
0.568437 -1 
0.707043 -1 
0.859148 -1 
-0.704257 -1 
-0.816098 -1 
3.69145 -1 
3.50412 -1 
3.89715 -1 
ZONE T="boundary4"
0.17727 0.511264 
0.203845 0.513253 
-0.443609 0.187833 
-0.121177 0.429493 
-0.54958 -0.0290611 
-0.328539 0.302437 
-0.343181 0.290292 
-0.359287 0.276207 
0.320038 0.509888 
0.339776 0.50705 
-0.5459 -0.0111462 
-0.254946 0.355882 
0.546752 0.145418 
-0.225821 0.374199 
-0.284138 0.336025 
-0.552442 -0.0470881 
-0.509228 0.0888598 
-0.523459 0.0582598 
-0.530154 0.0413619 
0.535988 0.130914 
-0.541418 0.00659422 
-0.536156 0.0241215 
-0.0998203 0.438952 
-0.0782078 0.447933 
-0.426833 0.207619 
-0.409437 0.226824 
0.35551 0.504224 
0.371153 0.500882 
-0.392457 0.244506 
-0.374989 0.261667 
-0.47754 0.142388 
-0.493829 0.116733 
-0.313615 0.314235 
-0.159937 0.4108 
-0.140671 0.420342 
-0.29899 0.325282 
-0.210318 0.38339 
0.299204 0.512095 
-0.19464 0.392313 
-0.177388 0.401717 
0.510935 0.103484 
-0.269637 0.346088 
0.55643 0.160482 
0.524024 0.116882 
-0.0550187 0.456922 
-0.460638 0.166111 
0.0178344 0.480912 
0.0434881 0.487852 
0.0694017 0.49407 
0.149933 0.508263 
-0.0315562 0.465346 
0.589993 0.25519 
0.465529 0.067869 
0.481709 0.0789938 
0.577277 0.350318 
0.544389 0.403813 
0.562971 0.378167 
0.457134 0.470633 
0.474714 0.461192 
0.387147 0.496869 
0.402989 0.49225 
0.582827 0.335234 
0.522995 0.426069 
0.4487 0.0577022 
0.43905 0.478984 
0.554148 0.391337 
0.48731 0.45349 
0.496762 0.0907968 
0.534034 0.415311 
0.254426 0.514352 
0.230548 0.514288 
0.278349 0.513549 
0.421161 0.48608 
0.583426 0.223154 
0.570661 0.364548 
0.564763 0.17556 
0.587295 0.239064 
0.589907 0.304013 
0.59136 0.288106 
0.587075 0.31967 
0.591397 0.271645 
0.49953 0.445138 
-0.00699774 0.473451 
0.0959782 0.499619 
0.122788 0.504358 
0.430887 0.0482108 
0.412657 0.0395785 
0.572055 0.191066 
0.511532 0.435945 
0.190546 0.512374 
-0.351284 0.283306 
0.329919 0.508562 
-0.547841 -0.0200833 
-0.516626 0.0736916 
-0.543758 -0.00225119 
-0.538884 0.0153866 
-0.533248 0.0327738 
-0.089042 0.443504 
-0.418208 0.217289 
0.363344 0.502619 
-0.435307 0.1978 
-0.383788 0.253153 
-0.485867 0.129677 
-0.401008 0.235725 
-0.36719 0.268993 
-0.321111 0.308379 
-0.15033 0.415621 
-0.291591 0.330691 
-0.335896 0.296409 
0.30963 0.511088 
-0.21809 0.378829 
-0.186037 0.397056 
-0.168685 0.406299 
-0.240465 0.365166 
-0.276911 0.341091 
0.517596 0.110076 
-0.0666436 0.452499 
-0.452237 0.177062 
0.0306336 0.484472 
0.0564192 0.491055 
0.163585 0.50988 
-0.130949 0.424968 
-0.202499 0.387886 
-0.306332 0.319797 
0.473706 0.0733085 
-0.551113 -0.0380588 
0.465996 0.466051 
0.395089 0.494638 
0.580211 0.342838 
-0.110528 0.434283 
0.448151 0.47494 
0.481058 0.457419 
0.489332 0.0847772 
0.539306 0.40965 
0.528598 0.420779 
0.457186 0.0626674 
-0.262314 0.351019 
0.242484 0.514424 
0.217188 0.513894 
0.266389 0.514062 
-0.526894 0.0498458 
0.288781 0.512913 
0.412111 0.489276 
0.549379 0.397664 
0.558682 0.384837 
0.530128 0.1238 
0.541495 0.138079 
0.566946 0.371434 
0.560722 0.167958 
0.5855 0.231083 
0.55172 0.152873 
0.588661 0.311875 
0.590808 0.296078 
0.59087 0.263405 
0.493473 0.449394 
0.591562 0.279879 
0.574111 0.357502 
0.58512 0.327501 
-0.501755 0.102922 
-0.0193067 0.469479 
0.00539028 0.477265 
-0.0433165 0.461207 
-0.469236 0.154355 
0.109361 0.502093 
0.136341 0.506421 
0.0826655 0.496945 
0.503957 0.0970252 
0.421818 0.0437957 
0.43015 0.482649 
0.578283 0.206934 
0.568538 0.183258 
0.588797 0.247097 
0.505597 0.440625 
0.517333 0.431095 
0.379167 0.49895 
0.347654 0.5057 
0.439852 0.0528411 
ZONE T="boundary5"
-0.536971 -0.22832 
-0.468106 -0.373228 
-0.481635 -0.352217 
-0.498243 -0.32318 
-0.522914 -0.269568 
-0.554441 -0.138207 
-0.555673 -0.119909 
-0.556094 -0.101636 
-0.546033 -0.192918 
-0.549595 -0.174766 
-0.530383 -0.249095 
-0.552413 -0.156478 
-0.149666 -0.619154 
-0.175585 -0.608458 
-0.0929511 -0.63917 
-0.0620597 -0.64828 
-0.201075 -0.596892 
0.0724537 -0.674487 
0.108431 -0.677718 
0.144933 -0.679148 
-0.554483 -0.065229 
-0.552442 -0.0470881 
0.0367423 -0.669646 
-0.0308078 -0.656297 
0.00281246 -0.663617 
-0.403754 -0.452754 
-0.419873 -0.435286 
-0.386971 -0.469605 
-0.452907 -0.394672 
-0.436658 -0.415552 
-0.247253 -0.573 
-0.224386 -0.585332 
-0.306655 -0.535696 
-0.32456 -0.522729 
-0.288322 -0.548094 
-0.268009 -0.560882 
-0.35645 -0.497273 
-0.555699 -0.0834151 
0.417194 -0.430829 
0.405114 -0.409172 
0.319808 -0.647747 
0.306571 -0.653434 
0.357746 -0.625976 
0.345486 -0.634057 
0.332708 -0.641356 
0.253263 -0.0267481 
0.293603 -0.00665853 
0.369342 -0.617147 
0.171895 -0.181458 
0.181371 -0.209756 
0.194596 -0.232537 
0.173683 -0.121854 
0.425292 -0.452169 
0.429918 -0.473102 
0.215102 -0.0550685 
0.211306 -0.252772 
0.184829 -0.0941185 
0.198428 -0.0733397 
0.270455 -0.299695 
0.292823 -0.313899 
0.390763 -0.596679 
0.380172 -0.607599 
0.422871 -0.543287 
0.416295 -0.558899 
0.248589 -0.284731 
0.33326 0.00882929 
0.400348 -0.584961 
0.408925 -0.572323 
0.431289 -0.500887 
0.427713 -0.526777 
0.38887 -0.387856 
0.1692 -0.151602 
0.309792 -0.324556 
0.326605 -0.335472 
0.350372 -0.352384 
-0.121508 -0.629646 
0.248385 -0.670406 
0.215283 -0.675635 
-0.512968 -0.293217 
0.180401 -0.678519 
0.373078 0.0234389 
0.35317 0.0160823 
0.412657 0.0395785 
0.371084 -0.369691 
0.278937 -0.662934 
0.292872 -0.65851 
-0.474986 -0.362797 
-0.555157 -0.129065 
-0.555985 -0.110775 
-0.547904 -0.18386 
-0.533785 -0.238742 
-0.553525 -0.147354 
-0.162673 -0.613915 
-0.0775487 -0.643863 
-0.188383 -0.602786 
0.0904223 -0.676315 
0.126672 -0.678678 
-0.553565 -0.0561474 
-0.0140349 -0.660117 
-0.526761 -0.259373 
-0.411898 -0.444097 
-0.395443 -0.461258 
-0.428371 -0.425508 
-0.212781 -0.591209 
-0.315661 -0.529284 
-0.297539 -0.541968 
-0.278221 -0.554573 
-0.235874 -0.579264 
-0.555194 -0.0743156 
0.411559 -0.4198 
-0.490161 -0.337826 
0.313231 -0.650675 
0.351683 -0.630118 
0.339154 -0.637805 
0.273103 -0.0160499 
0.363621 -0.621663 
0.175832 -0.195876 
0.187487 -0.221466 
0.427986 -0.462569 
0.202556 -0.242939 
0.191207 -0.0834082 
0.206396 -0.0639203 
0.281604 -0.306848 
-0.551099 -0.165638 
0.38558 -0.602248 
0.419797 -0.551189 
0.259427 -0.292349 
0.395682 -0.590925 
0.40478 -0.578743 
0.41277 -0.565703 
0.430082 -0.513935 
0.425529 -0.535109 
0.421639 -0.44137 
-0.555999 -0.0925237 
0.374845 -0.612473 
-0.257682 -0.567026 
0.229225 -0.269599 
0.397373 -0.398251 
0.178476 -0.10767 
0.170552 -0.136591 
0.31823 -0.329964 
0.338627 -0.343738 
-0.444899 -0.405202 
-0.460628 -0.384036 
-0.135636 -0.624524 
0.23189 -0.673346 
0.169655 -0.166612 
0.0545702 -0.67226 
-0.505847 -0.308318 
-0.0464717 -0.652427 
0.0197459 -0.666798 
-0.518095 -0.281458 
0.19787 -0.677381 
0.36313 0.0197303 
0.313319 0.00133763 
0.431273 -0.486989 
0.326302 -0.644642 
0.360927 -0.360809 
0.285933 -0.660801 
0.380232 -0.378538 
-0.107273 -0.63453 
0.263748 -0.667003 
0.301315 -0.319213 
0.162673 -0.679101 
0.392974 0.0312026 
-0.371934 -0.483682 
-0.541823 -0.210703 
0.23339 -0.0398335 
-0.340703 -0.510244 
0.299753 -0.656056 
0.34321 0.0124609 
