ZONE T="boundary0"
-4 -0.331031 
-4 -0.393299 
-4 -0.154393 
-4 0.389999 
-4 0.701585 
-4 0.496056 
-4 0.598821 
-4 0.324627 
-4 0.259255 
-4 -0.268764 
-4 -0.00509876 
-4 -0.859245 
-4 -0.534458 
-4 -0.718489 
-4 -0.463878 
-4 -0.211579 
-4 -0.0797459 
-4 0.0727921 
-4 0.150683 
-4 0.443028 
-4 0.204969 
-4 -1 
-4 0.850793 
-4 1 
-4 -0.362165 
-4 0.547438 
-4 -0.299898 
-4 -0.626473 
-4 -0.499168 
-4 -0.428588 
-4 -0.182986 
-4 -0.240171 
-4 -0.117069 
-4 0.111738 
-4 0.291941 
-4 0.357313 
-4 0.650203 
-4 -0.929622 
-4 0.776189 
-4 0.925396 
-4 -0.788867 
-4 0.177826 
-4 0.232112 
-4 0.416513 
-4 -0.0424223 
-4 0.0338467 
-4 0.469542 
ZONE T="boundary1"
0.283214 1 
-3.60397 1 
-3.30625 1 
0.585655 1 
0.937919 1 
0.764033 1 
-1.15695 1 
-0.711333 1 
-0.512177 1 
-0.810142 1 
1.32304 1 
-1.64643 1 
-1.79762 1 
-1.26356 1 
3.24198 1 
2.96792 1 
3.51605 1 
2.76523 1 
2.56254 1 
2.29037 1 
-2.37782 1 
-2.58805 1 
-3.00853 1 
-3.15739 1 
-1.9826 1 
-2.16758 1 
2.01819 1 
1.8051 1 
0.216689 1 
0.150164 1 
-0.121704 1 
-0.257398 1 
-0.302629 1 
0.352262 1 
0.674844 1 
0.42131 1 
0.503482 1 
-0.212167 1 
-0.0530235 1 
-0.612523 1 
-0.411832 1 
-0.35723 1 
0.0829104 1 
0.0156569 1 
4 1 
-1.05035 1 
-1.49523 1 
1.11996 1 
-0.930244 1 
1.592 1 
1.45752 1 
-1.3794 1 
-4 1 
-3.80198 1 
-2.79829 1 
3.75802 1 
1.02894 1 
-3.45511 1 
0.850976 1 
-1.72203 1 
3.10495 1 
-2.48294 1 
-2.07509 1 
1.91165 1 
-0.280014 1 
0.317738 1 
0.719439 1 
0.630249 1 
0.544569 1 
0.462396 1 
0.386786 1 
-0.234782 1 
-0.0873637 1 
-0.56235 1 
-0.462004 1 
0.183426 1 
0.249951 1 
0.0492837 1 
0.116537 1 
-0.166935 1 
-0.760738 1 
-0.661928 1 
-1.21026 1 
-1.10365 1 
-1.57083 1 
1.69855 1 
1.39028 1 
-1.32148 1 
-3.90099 1 
1.2215 1 
3.37901 1 
2.15428 1 
2.66389 1 
-2.90341 1 
-2.69317 1 
-3.70298 1 
-3.23182 1 
-3.08296 1 
2.86658 1 
-1.89011 1 
-2.2727 1 
3.87901 1 
-0.32993 1 
-0.384531 1 
-0.0186833 1 
-0.990295 1 
3.63703 1 
-0.870193 1 
1.52476 1 
-1.43731 1 
1.07445 1 
0.983429 1 
2.42646 1 
ZONE T="boundary2"
4 0.164121 
4 0.246565 
4 0.45703 
4 0.388411 
4 0.319793 
4 -0.561003 
4 -0.663375 
4 -1 
4 0.728515 
4 -0.0487671 
4 0.0576771 
4 -0.458632 
4 -0.385561 
4 -0.31249 
4 -0.194324 
4 -0.253407 
4 -0.831687 
4 1 
4 0.592772 
4 -0.121546 
4 0.205343 
4 0.422721 
4 -0.612189 
4 0.283179 
4 0.00445499 
4 0.110899 
4 -0.422097 
4 -0.349026 
4 -0.223866 
4 -0.509818 
4 -0.915844 
4 -0.747531 
4 0.864257 
4 0.354102 
4 0.524901 
4 0.660644 
4 -0.282949 
4 -0.157935 
4 -0.0851565 
ZONE T="boundary3"
-1.63367 -1 
-1.86419 -1 
3.55319 -1 
3.70213 -1 
-0.810742 -1 
-0.60072 -1 
0.262898 -1 
0.188051 -1 
3.40425 -1 
-0.186589 -1 
1.17054 -1 
0.854589 -1 
-3.78115 -1 
0.402181 -1 
-2.05257 -1 
4 -1 
-3.22913 -1 
-2.89374 -1 
-2.45517 -1 
-2.6694 -1 
2.13763 -1 
1.7225 -1 
2.6995 -1 
2.60585 -1 
0.645766 -1 
0.750068 -1 
-0.147808 -1 
-0.109026 -1 
0.95911 -1 
-0.257119 -1 
-0.51595 -1 
-0.705731 -1 
-0.327648 -1 
-0.379414 -1 
-0.43118 -1 
-0.0702443 -1 
-0.0314625 -1 
0.33254 -1 
0.541465 -1 
-0.945835 -1 
1.06482 -1 
-4 -1 
-3.5623 -1 
1.28745 -1 
1.40436 -1 
1.56343 -1 
-1.07143 -1 
2.88678 -1 
3.14552 -1 
-1.31386 -1 
-1.4307 -1 
3.27488 -1 
2.32492 -1 
-1.19702 -1 
1.93006 -1 
-2.24094 -1 
2.51221 -1 
-3.11808 -1 
0.0408713 -1 
0.113205 -1 
-3.45125 -1 
-3.34019 -1 
-1.74893 -1 
3.62766 -1 
0.225475 -1 
-1.95838 -1 
3.85106 -1 
-2.56229 -1 
2.65267 -1 
0.697917 -1 
-0.128417 -1 
0.906849 -1 
-0.558335 -1 
-0.758237 -1 
-0.353531 -1 
-0.473565 -1 
-0.221854 -1 
-0.405297 -1 
-0.0896351 -1 
-0.292383 -1 
-0.0508534 -1 
0.367361 -1 
-0.878289 -1 
0.802328 -1 
1.11768 -1 
0.471823 -1 
-3.89058 -1 
-3.67173 -1 
1.3459 -1 
1.01197 -1 
1.64296 -1 
1.48389 -1 
3.47872 -1 
-1.00863 -1 
3.01615 -1 
-1.37228 -1 
3.33957 -1 
-1.53219 -1 
1.82628 -1 
-2.34805 -1 
-2.14675 -1 
2.03385 -1 
2.41856 -1 
2.23128 -1 
-3.00591 -1 
-0.167199 -1 
0.593616 -1 
0.0770382 -1 
0.0047044 -1 
0.150628 -1 
-0.653226 -1 
0.297719 -1 
-3.39572 -1 
-3.28466 -1 
-3.50677 -1 
-3.17361 -1 
2.55903 -1 
2.79314 -1 
1.22899 -1 
-1.25544 -1 
-2.78157 -1 
-1.13422 -1 
3.2102 -1 
ZONE T="boundary4"
0.542522 0.223485 
-0.547182 0.209709 
-0.275901 0.451303 
-0.254313 0.461921 
0.435736 0.425857 
0.446422 0.414474 
0.516173 0.298428 
0.502605 0.329316 
-0.435504 0.34181 
-0.449483 0.328776 
0.522945 0.280769 
-0.629503 0.00832782 
-0.632765 -0.0134207 
0.614965 0.0144396 
0.61078 0.0328764 
-0.619691 0.0519523 
-0.613171 0.0737036 
-0.605618 0.0952995 
-0.588038 0.136797 
-0.597066 0.116684 
-0.5684 0.174688 
-0.578224 0.156563 
0.465257 0.391444 
-0.557978 0.192493 
0.578867 0.126123 
0.586269 0.107137 
0.593249 0.0885516 
-0.512175 0.259172 
-0.524267 0.24306 
-0.500355 0.27398 
-0.48808 0.288434 
-0.421159 0.354452 
-0.405532 0.367455 
-0.389531 0.380009 
-0.316596 0.428957 
-0.335703 0.417319 
-0.372178 0.392823 
-0.232405 0.471886 
-0.209364 0.481536 
-0.186034 0.490485 
-0.136607 0.506884 
-0.354446 0.405124 
-0.462851 0.315584 
-0.535898 0.226617 
0.571372 0.145138 
0.480938 0.368598 
0.620253 -0.0223034 
0.618145 -0.0039478 
0.354784 0.486486 
0.307423 0.508323 
0.331645 0.498094 
0.401757 0.455944 
0.377663 0.472928 
0.495144 0.344056 
0.424553 0.436694 
0.563811 0.164559 
-0.02761 0.531856 
0.00242461 0.536189 
0.0645399 0.541686 
0.0325607 0.539446 
0.16222 0.54022 
-0.055831 0.526796 
0.194859 0.5366 
0.254886 0.524973 
0.281395 0.517434 
0.556436 0.184104 
0.535922 0.243199 
0.549345 0.203729 
0.605656 0.0514629 
0.599811 0.0698689 
0.529291 0.262873 
-0.625139 0.0301495 
-0.296421 0.440433 
-0.161447 0.499064 
-0.110354 0.514261 
-0.0838871 0.520806 
0.225063 0.531619 
0.0965266 0.542634 
0.129288 0.542198 
-0.265148 0.456694 
0.441145 0.42023 
0.509647 0.313997 
-0.44254 0.335342 
0.519623 0.289626 
-0.631268 -0.00252892 
0.612986 0.0236827 
-0.616556 0.0628635 
-0.609515 0.084542 
-0.592652 0.126784 
-0.573389 0.165666 
-0.583225 0.146726 
0.456091 0.403174 
-0.56326 0.183631 
0.582588 0.116635 
0.589799 0.097857 
-0.518281 0.25116 
-0.494274 0.281254 
-0.506321 0.26662 
-0.397576 0.373789 
-0.413393 0.36101 
-0.326193 0.423208 
-0.380902 0.38648 
-0.428376 0.348181 
-0.243396 0.466985 
-0.220921 0.476799 
-0.197733 0.486098 
-0.363357 0.399038 
-0.552643 0.20114 
-0.475665 0.302191 
-0.541598 0.218201 
0.575119 0.135628 
0.473319 0.380181 
0.619335 -0.0131102 
0.319617 0.503401 
0.343312 0.492484 
0.389889 0.464693 
0.498945 0.336725 
0.430207 0.431342 
0.567574 0.154839 
-0.530138 0.234878 
-0.0126104 0.534156 
0.0485418 0.540723 
-0.601458 0.106036 
-0.456214 0.322227 
0.178567 0.538624 
0.294482 0.51308 
0.560093 0.174317 
0.552854 0.193902 
0.608317 0.0421956 
0.61668 0.00526703 
0.602813 0.0606893 
0.596592 0.0792297 
0.53921 0.233339 
0.545902 0.213595 
-0.34512 0.411292 
0.526164 0.271841 
-0.627452 0.0192626 
0.53263 0.253044 
-0.306552 0.434771 
0.366347 0.479916 
-0.286202 0.445944 
-0.173774 0.494869 
-0.149057 0.503069 
-0.622543 0.0410807 
-0.12351 0.510676 
-0.0417403 0.529443 
-0.0971457 0.517638 
0.0174799 0.537953 
0.209998 0.534311 
0.240026 0.528512 
-0.0698829 0.523917 
0.112913 0.5426 
0.268197 0.521392 
0.413367 0.446576 
0.14577 0.541409 
0.0805313 0.542325 
0.488265 0.356465 
ZONE T="boundary5"
-0.563377 -0.281206 
-0.60313 -0.21898 
-0.632347 -0.120127 
-0.634697 -0.0991822 
-0.635901 -0.0779943 
-0.574472 -0.267225 
-0.584719 -0.25232 
-0.594389 -0.236051 
-0.351126 -0.370111 
-0.368586 -0.369665 
0.478856 -0.298989 
0.46543 -0.30728 
-0.628827 -0.140823 
-0.481975 -0.343486 
-0.618193 -0.181254 
-0.385952 -0.368485 
-0.402582 -0.366569 
0.55645 -0.227035 
0.57181 -0.205538 
-0.466641 -0.350092 
-0.451015 -0.355647 
0.585706 -0.182468 
0.598193 -0.15699 
-0.497013 -0.335761 
-0.332648 -0.369896 
-0.294015 -0.367702 
-0.31401 -0.369087 
0.621035 -0.0588691 
-0.273942 -0.365923 
-0.252193 -0.363724 
0.547177 -0.238511 
-0.551538 -0.294142 
-0.538982 -0.306046 
0.603574 -0.1437 
-0.52559 -0.317035 
-0.511606 -0.326924 
-0.230413 -0.361405 
0.619638 -0.0770371 
-0.183393 -0.356676 
-0.158308 -0.35461 
-0.133325 -0.353016 
-0.206891 -0.358942 
-0.106968 -0.351903 
-0.611198 -0.200478 
-0.632765 -0.0134207 
0.426791 -0.326751 
-0.624118 -0.161213 
-0.419091 -0.363806 
0.61325 -0.112702 
0.60832 -0.130058 
-0.635973 -0.0566311 
0.231548 -0.364371 
0.209823 -0.364604 
0.399581 -0.337271 
-0.634926 -0.0350996 
0.0873663 -0.359041 
0.117284 -0.361078 
0.0585964 -0.356997 
-0.0807862 -0.351403 
0.253339 -0.363572 
0.276771 -0.361994 
-0.0534 -0.351509 
0.147241 -0.362823 
0.178458 -0.364102 
0.00186516 -0.353427 
-0.0262097 -0.352198 
0.300235 -0.35957 
0.32451 -0.35606 
0.621231 -0.0406382 
0.446313 -0.317655 
0.50466 -0.280257 
0.491891 -0.290029 
-0.435143 -0.360202 
0.537446 -0.249535 
0.57898 -0.194163 
0.617055 -0.0948991 
0.620253 -0.0223034 
0.374232 -0.345134 
0.348771 -0.351408 
0.0297449 -0.355049 
0.516986 -0.269749 
-0.633668 -0.109674 
-0.635443 -0.0885996 
-0.57972 -0.25986 
-0.569046 -0.274313 
-0.589686 -0.244265 
-0.359863 -0.369974 
0.472193 -0.303215 
-0.630736 -0.130504 
-0.37728 -0.369173 
-0.394283 -0.367628 
0.564333 -0.216433 
-0.458876 -0.352993 
0.592243 -0.169872 
-0.489563 -0.339752 
-0.341891 -0.370085 
-0.304011 -0.368452 
-0.263065 -0.364848 
-0.474366 -0.346915 
-0.545366 -0.300205 
-0.518688 -0.322103 
-0.241301 -0.362569 
0.620488 -0.0679642 
-0.170848 -0.35559 
-0.145814 -0.35375 
-0.19514 -0.357776 
-0.120142 -0.352384 
-0.607308 -0.209794 
-0.50439 -0.33147 
-0.621309 -0.171281 
-0.41086 -0.365297 
0.610927 -0.12142 
-0.636078 -0.0673161 
0.220683 -0.364553 
0.413282 -0.332266 
-0.635588 -0.0458615 
0.102321 -0.360083 
0.0729802 -0.358017 
0.265058 -0.362882 
-0.0670848 -0.351378 
0.16284 -0.363545 
-0.0121658 -0.352754 
-0.0938723 -0.351578 
0.194132 -0.364465 
-0.283976 -0.366852 
0.132256 -0.362 
0.242442 -0.364047 
-0.0397999 -0.351785 
0.28851 -0.360893 
0.312388 -0.357948 
0.455953 -0.312619 
0.436619 -0.322348 
0.48543 -0.29459 
0.621281 -0.049755 
0.49834 -0.285226 
-0.443118 -0.358043 
0.542373 -0.244077 
0.582403 -0.18835 
0.551874 -0.232823 
-0.427146 -0.362117 
0.575452 -0.199886 
0.606034 -0.136909 
0.600965 -0.150377 
0.615302 -0.103832 
0.618496 -0.0859888 
-0.532386 -0.31166 
0.620885 -0.031463 
-0.218651 -0.360158 
-0.59889 -0.227584 
-0.633982 -0.0242493 
-0.626624 -0.151056 
-0.614843 -0.190922 
0.361542 -0.34845 
0.386965 -0.3414 
0.336665 -0.353881 
0.0158096 -0.354197 
0.0441719 -0.355999 
-0.557571 -0.287779 
-0.32333 -0.369558 
0.527451 -0.259878 
0.510893 -0.275085 
