ZONE T="boundary0"
-4 -1 
-4 -0.841231 
-4 -0.327302 
-4 -0.367043 
-4 -0.19605 
-4 0.262845 
-4 0.306168 
-4 0.219521 
-4 -0.0416578 
-4 0.113414 
-4 0.658458 
-4 -0.421439 
-4 -0.475834 
-4 -0.28756 
-4 -0.118854 
-4 -0.241805 
-4 0.035878 
-4 0.166468 
-4 -0.682463 
-4 0.468713 
-4 0.38744 
-4 0.563586 
-4 0.829229 
-4 1 
-4 -0.920616 
-4 -0.347173 
-4 0.284506 
-4 -0.448636 
-4 0.241183 
-4 -0.307431 
-4 -0.157452 
-4 -0.218927 
-4 0.0746458 
-4 0.139941 
-4 -0.0028899 
-4 -0.579148 
-4 -0.761847 
-4 0.192995 
-4 -0.264683 
-4 -0.0802558 
-4 0.428077 
-4 0.346804 
-4 0.516149 
-4 -0.394241 
-4 0.611022 
-4 0.743844 
-4 0.914615 
ZONE T="boundary1"
1.92819 1 
1.66485 1 
0.935964 1 
3.48226 1 
3.74113 1 
1.01212 1 
1.05126 1 
0.461349 1 
1.4091 1 
1.31895 1 
0.00013235 1 
0.0652424 1 
0.65973 1 
0.725779 1 
-0.62989 1 
1.09041 1 
-1.16771 1 
-1.26319 1 
-0.50168 1 
1.1596 1 
-1.53725 1 
-0.960206 1 
-2.7341 1 
2.46243 1 
1.53698 1 
-3.01205 1 
-3.51708 1 
-3.26456 1 
2.64853 1 
-1.83856 1 
-2.02438 1 
-2.45616 1 
-2.59513 1 
-3.87927 1 
-3.75854 1 
0.262406 1 
0.190623 1 
0.593681 1 
0.397769 1 
0.334188 1 
0.127933 1 
0.527515 1 
-0.143999 1 
-0.22302 1 
-0.298246 1 
-0.373471 1 
-0.0649777 1 
0.859807 1 
0.792793 1 
-0.739042 1 
1.22879 1 
-0.848194 1 
-1.07222 1 
-1.34248 1 
-1.42176 1 
-1.65274 1 
3.28122 1 
3.08017 1 
2.86435 1 
2.27633 1 
-2.24027 1 
2.10226 1 
4 1 
-4 1 
1.79652 1 
3.61169 1 
1.03169 1 
1.36403 1 
0.0326874 1 
0.692755 1 
-0.565785 1 
1.125 1 
1.60091 1 
-2.87308 1 
-1.93147 1 
-2.52565 1 
-3.8189 1 
0.226514 1 
0.626705 1 
0.365978 1 
0.159278 1 
0.560598 1 
0.429559 1 
-0.18351 1 
-0.335858 1 
-0.0324227 1 
1.07083 1 
0.759286 1 
-0.684466 1 
1.27387 1 
-0.437576 1 
1.47304 1 
-1.01621 1 
-0.9042 1 
-1.21545 1 
-1.38212 1 
-1.11996 1 
-1.59499 1 
-1.30283 1 
-0.793618 1 
3.38174 1 
3.18069 1 
-1.74565 1 
-1.47951 1 
2.97226 1 
2.36938 1 
2.75644 1 
-3.63781 1 
-2.13232 1 
-2.34822 1 
-3.1383 1 
-3.39082 1 
2.1893 1 
2.01522 1 
2.55548 1 
0.298297 1 
0.0965876 1 
0.494432 1 
-0.260633 1 
-0.104488 1 
1.1942 1 
0.8263 1 
0.974042 1 
0.897885 1 
3.87056 1 
-2.66462 1 
-3.93963 1 
ZONE T="boundary2"
4 -0.368508 
4 -0.31343 
4 -0.286369 
4 -0.259308 
4 -1 
4 -0.831255 
4 0.306213 
4 -0.66251 
4 -0.543048 
4 -0.20312 
4 0.0460054 
4 -0.0504636 
4 -0.231214 
4 -0.423585 
4 -0.0986981 
4 0.369469 
4 0.432725 
4 0.247428 
4 0.574544 
4 0.117324 
4 0.188642 
4 -0.146933 
4 0.716362 
4 0.858181 
4 1 
4 -0.340969 
4 -0.272839 
4 -0.915627 
4 -0.746882 
4 -0.602779 
4 -0.00222913 
4 -0.396046 
4 0.401097 
4 0.503634 
4 0.218035 
4 0.152983 
4 0.0816645 
4 -0.217167 
4 -0.299899 
4 -0.245261 
4 -0.175026 
4 -0.0745809 
4 -0.483316 
4 0.337841 
4 0.27682 
4 0.645453 
4 0.787272 
4 0.929091 
4 -0.122815 
ZONE T="boundary3"
-3.57164 -1 
-4 -1 
4 -1 
-0.125522 -1 
-0.156656 -1 
-1.24731 -1 
-1.1526 -1 
-0.827659 -1 
0.0982212 -1 
0.0661743 -1 
0.717298 -1 
-0.592074 -1 
1.55408 -1 
1.76756 -1 
-0.440828 -1 
-0.36959 -1 
-0.187791 -1 
-0.516451 -1 
-0.696188 -1 
-0.761923 -1 
-1.05789 -1 
1.27182 -1 
-1.46279 -1 
-3.02242 -1 
0.831616 -1 
1.41295 -1 
-2.292 -1 
-1.87997 -1 
-2.65721 -1 
-2.01732 -1 
-3.29703 -1 
3.42235 -1 
2.71015 -1 
2.24665 -1 
2.90804 -1 
3.1652 -1 
0.464511 -1 
0.533745 -1 
0.327621 -1 
-0.0145628 -1 
-0.0632529 -1 
0.19486 -1 
0.26124 -1 
0.14654 -1 
0.0341274 -1 
-0.298351 -1 
0.396066 -1 
-0.243071 -1 
-1.00033 -1 
-0.885217 -1 
-0.942774 -1 
0.943208 -1 
-1.35505 -1 
0.602979 -1 
1.0548 -1 
-3.78582 -1 
-1.74263 -1 
3.71118 -1 
3.85559 -1 
2.51226 -1 
1.98104 -1 
3.29377 -1 
-0.141089 -1 
-1.19995 -1 
0.0821977 -1 
1.66082 -1 
-0.405209 -1 
-0.47864 -1 
-0.729056 -1 
-1.10524 -1 
1.48351 -1 
-2.47461 -1 
-2.15466 -1 
-3.43433 -1 
3.03662 -1 
-2.83981 -1 
0.499128 -1 
0.22805 -1 
0.1707 -1 
0.0501508 -1 
0.0097823 -1 
-0.0943874 -1 
-0.333971 -1 
-0.172224 -1 
0.430289 -1 
0.294431 -1 
0.361844 -1 
-0.0389078 -1 
-0.270711 -1 
-0.554262 -1 
-0.644131 -1 
-1.02911 -1 
-0.794791 -1 
-0.913995 -1 
-0.971553 -1 
0.774457 -1 
0.887412 -1 
-1.30118 -1 
0.568362 -1 
0.660139 -1 
0.999004 -1 
-3.89291 -1 
-1.60271 -1 
3.56676 -1 
3.92779 -1 
3.78338 -1 
-1.40892 -1 
-3.15972 -1 
2.61121 -1 
2.8091 -1 
-1.8113 -1 
1.8743 -1 
2.11384 -1 
2.37946 -1 
3.35806 -1 
-3.67873 -1 
1.16331 -1 
1.34238 -1 
-0.215431 -1 
0.122381 -1 
-0.856438 -1 
3.22949 -1 
-1.94864 -1 
ZONE T="boundary4"
0.169369 -0.00928111 
0.210486 -0.00966843 
-0.566873 -0.00510328 
0.630663 0.474195 
0.324052 0.592527 
0.349579 0.590282 
0.692837 0.353219 
0.694862 0.327769 
0.680022 0.399766 
0.455657 0.570774 
0.479081 0.563742 
0.599599 0.501995 
0.583171 0.513928 
0.658366 0.440107 
0.644983 0.458086 
0.615391 0.488865 
-0.198821 0.478516 
-0.157584 0.500215 
-0.475968 0.215126 
-0.49122 0.189779 
-0.573409 -0.0436714 
-0.546267 0.070205 
-0.533576 0.103922 
-0.384332 0.334465 
-0.414522 0.300549 
-0.519933 0.134975 
-0.505527 0.163879 
-0.461099 0.238103 
-0.44551 0.260588 
-0.43038 0.280846 
-0.334016 0.382886 
-0.312459 0.401135 
0.502384 0.555498 
0.670198 0.420562 
0.178705 0.591165 
0.209765 0.593328 
0.526194 0.545588 
-0.290251 0.418602 
-0.267073 0.435516 
0.538001 0.540036 
0.549623 0.534107 
-0.24329 0.451592 
-0.221277 0.465406 
-0.13456 0.511095 
-0.111208 0.521288 
0.0244149 0.56586 
0.0538685 0.572621 
-0.0325597 0.549967 
0.0845492 0.578666 
0.68768 0.377443 
-0.00479704 0.55819 
0.252635 -0.00814476 
0.294254 -0.00439768 
-0.0857807 0.531479 
-0.0600354 0.540886 
0.571347 0.109288 
0.545517 0.0892621 
0.56658 0.52453 
0.375826 0.0107716 
0.335845 0.00192056 
0.269684 0.594694 
0.240896 0.594509 
0.298479 0.593971 
0.146996 0.587956 
0.435426 0.57595 
0.693407 0.301983 
0.688289 0.275892 
0.115421 0.583755 
0.516538 0.0699556 
-0.355341 0.363441 
0.667101 0.223707 
0.485149 0.0522312 
-0.557766 0.0329894 
0.451044 0.0362047 
0.414495 0.0222849 
0.652563 0.199303 
0.635893 0.175902 
0.616464 0.152626 
0.594993 0.130454 
0.679299 0.249408 
0.395481 0.584031 
0.189926 -0.00968557 
0.336825 0.591507 
0.694276 0.340528 
0.46741 0.567393 
0.591479 0.508091 
0.65188 0.44925 
0.623165 0.481674 
-0.178355 0.489655 
-0.483705 0.202519 
-0.570466 -0.0243324 
-0.540161 0.0871537 
-0.399693 0.317743 
-0.498499 0.176898 
-0.512895 0.149509 
-0.468621 0.226671 
-0.438035 0.270785 
-0.4534 0.249412 
-0.42254 0.290769 
-0.32332 0.392108 
0.194226 0.592368 
0.514361 0.550715 
-0.301433 0.409968 
-0.278738 0.427164 
0.637988 0.466288 
0.543836 0.53712 
-0.232339 0.458587 
-0.210101 0.47205 
-0.122921 0.516278 
-0.146113 0.505741 
0.607607 0.495565 
0.0391156 0.569354 
0.0691852 0.575764 
0.690641 0.365412 
0.00977875 0.56214 
0.273471 -0.00656857 
-0.072944 0.536281 
-0.0187101 0.554186 
0.490785 0.559768 
0.558609 0.0990476 
0.574951 0.519347 
0.558164 0.529429 
0.355913 0.00599956 
0.255289 0.594712 
0.225326 0.594043 
0.162838 0.589686 
0.311271 0.593346 
-0.0985339 0.526483 
0.445565 0.573454 
0.691294 0.28885 
-0.0463334 0.545535 
0.131192 0.58598 
0.531204 0.0793436 
-0.370033 0.34915 
-0.526953 0.119536 
0.0999657 0.58133 
0.501008 0.0608029 
-0.552314 0.051689 
0.468247 0.0438966 
-0.562634 0.0140184 
0.432901 0.0289008 
0.395267 0.0161726 
0.694576 0.314851 
0.660095 0.211348 
0.644456 0.18744 
0.626398 0.16408 
0.605928 0.141346 
0.583357 0.119662 
0.675386 0.410295 
0.684172 0.388715 
0.664526 0.430482 
0.53212 0.542858 
0.684218 0.262506 
0.673533 0.236399 
-0.255254 0.44366 
0.284085 0.594449 
0.37258 0.587525 
0.315101 -0.00157515 
-0.344769 0.373263 
0.415518 0.580311 
0.23157 -0.0091704 
ZONE T="boundary5"
0.169369 -0.00928111 
-0.414017 -0.543101 
-0.383849 -0.574027 
-0.471527 -0.469531 
-0.486168 -0.4466 
-0.5671 -0.237915 
-0.562385 -0.260455 
-0.577201 -0.160574 
-0.57857 -0.121463 
-0.577312 -0.0824988 
-0.34859 -0.605228 
-0.512902 -0.398123 
-0.524096 -0.374387 
-0.537561 -0.341897 
-0.500099 -0.422571 
0.13857 -0.382028 
0.16083 -0.390648 
-0.55683 -0.282776 
-0.174505 -0.705531 
-0.205052 -0.693029 
-0.283942 -0.651482 
-0.306504 -0.636759 
-0.258713 -0.666353 
-0.32836 -0.62109 
-0.000359734 -0.745648 
0.0382977 -0.747656 
-0.10925 -0.726494 
-0.0375772 -0.741282 
-0.0747341 -0.734658 
0.115784 -0.374553 
-0.311564 -0.198734 
-0.287334 -0.24247 
-0.573273 -0.199696 
0.022377 -0.35345 
-0.144391 -0.32423 
-0.0616147 -0.340431 
-0.101184 -0.333723 
-0.0217709 -0.346455 
0.0664896 -0.361914 
-0.232751 -0.680054 
-0.573409 -0.0436714 
0.183181 -0.400932 
-0.211901 -0.0118016 
-0.136521 0.00598656 
-0.0996732 0.00827072 
-0.0349385 0.0064671 
0.0500016 -0.000960524 
0.204297 -0.412545 
-0.174769 -0.000314815 
0.148255 -0.735984 
0.113677 -0.742946 
0.131168 -0.739873 
0.164498 -0.731367 
0.20831 -0.713306 
0.220508 -0.706402 
0.295712 -0.51595 
0.289252 -0.500659 
0.23203 -0.698885 
0.194601 -0.719978 
0.24209 -0.691371 
0.251495 -0.68337 
0.268056 -0.666207 
0.260118 -0.675007 
0.180221 -0.725923 
0.108858 -0.00605525 
0.0793578 -0.00365592 
0.222103 -0.424186 
0.263412 -0.461488 
0.251546 -0.448771 
0.238464 -0.436845 
0.3029 -0.54311 
0.272742 -0.47326 
0.29996 -0.529504 
0.275468 -0.656743 
0.303416 -0.589176 
0.282122 -0.646849 
0.293011 -0.62594 
0.287975 -0.636575 
0.30093 -0.602046 
0.297448 -0.614239 
0.280892 -0.485396 
0.30477 -0.575643 
0.304766 -0.559926 
-0.0623662 0.00791265 
0.139036 -0.00800299 
0.00745232 0.0030543 
-0.143318 -0.716484 
-0.549192 -0.308724 
-0.248048 -0.0304729 
-0.256238 -0.273028 
-0.21999 -0.296182 
-0.183084 -0.312324 
-0.279694 -0.056982 
0.000321737 -0.349842 
-0.307428 -0.0988608 
-0.318982 -0.14851 
0.0950626 -0.745315 
0.0763593 -0.746851 
0.0573378 -0.747622 
-0.442114 -0.509962 
-0.399204 -0.558828 
-0.47897 -0.458144 
-0.564844 -0.249206 
-0.578211 -0.14103 
-0.578271 -0.10197 
-0.366519 -0.589966 
-0.51862 -0.386312 
-0.531052 -0.358235 
-0.506631 -0.410415 
0.149761 -0.386181 
-0.559716 -0.271642 
-0.189859 -0.699475 
-0.295304 -0.644244 
-0.317518 -0.629045 
0.0189524 -0.746986 
-0.0562039 -0.738241 
-0.0920467 -0.730808 
-0.338558 -0.613265 
-0.30131 -0.221633 
-0.570459 -0.218849 
-0.0814251 -0.337229 
-0.0416969 -0.34347 
0.0912633 -0.367745 
-0.118121 0.00751668 
0.19385 -0.406538 
-0.155739 0.00340714 
0.122441 -0.741515 
0.156408 -0.733786 
0.292676 -0.508222 
0.22633 -0.702736 
0.214462 -0.709948 
0.246857 -0.687447 
0.264161 -0.670674 
0.237118 -0.695207 
0.172399 -0.72876 
0.127223 -0.378151 
0.094104 -0.00490582 
0.213311 -0.418196 
0.257612 -0.455005 
0.139737 -0.738039 
0.230415 -0.430346 
0.245122 -0.44268 
0.268191 -0.467284 
0.278885 -0.651857 
0.290595 -0.631306 
0.285145 -0.641767 
0.299319 -0.60818 
0.276939 -0.479246 
0.295351 -0.620136 
0.297989 -0.522679 
0.201507 -0.716749 
0.304978 -0.567784 
0.30425 -0.582425 
0.302317 -0.595639 
-0.0810171 0.00836764 
0.304072 -0.551492 
0.285265 -0.492922 
0.187455 -0.723057 
0.301585 -0.536274 
0.172092 -0.395602 
0.255875 -0.67926 
-0.0486471 0.00728935 
0.271847 -0.661541 
-0.21898 -0.686708 
-0.245812 -0.673355 
-0.493263 -0.434661 
0.123942 -0.00710342 
-0.271415 -0.659066 
0.0646773 -0.0023341 
0.0287289 0.00106711 
-0.126351 -0.721717 
-0.543611 -0.325393 
-0.15898 -0.711204 
-0.122868 -0.329341 
-0.0137327 0.00488956 
-0.553158 -0.295793 
-0.193557 -0.00534139 
-0.230442 -0.0202333 
-0.272691 -0.258671 
-0.238641 -0.285431 
-0.0190018 -0.743749 
-0.264671 -0.0427723 
-0.201803 -0.30486 
-0.163881 -0.318743 
0.0113553 -0.35161 
-0.57569 -0.0630518 
-0.295333 -0.0767475 
-0.315527 -0.123144 
-0.317633 -0.173971 
0.0857217 -0.746183 
0.0668516 -0.747332 
0.10438 -0.74424 
-0.575546 -0.180166 
0.154199 -0.0087365 
-0.428354 -0.526776 
0.0444802 -0.357436 
-0.0107217 -0.34813 
-0.45722 -0.490037 
0.0478198 -0.747728 
