ZONE T="boundary0"
-4 -1 
-4 -0.316356 
-4 -0.402169 
-4 0.166569 
-4 0.208574 
-4 0.436127 
-4 0.349097 
-4 0.642368 
-4 0.523157 
-4 -0.246183 
-4 -0.281269 
-4 -0.542751 
-4 -0.630005 
-4 -0.717258 
-4 1 
-4 0.761579 
-4 -0.858629 
-4 0.0992566 
-4 0.299838 
-4 0.250579 
-4 -0.175378 
-4 -0.0363151 
-4 -0.104574 
-4 0.0319439 
-4 0.187572 
-4 0.392612 
-4 0.582762 
-4 -0.263726 
-4 -0.47246 
-4 -0.586378 
-4 0.880789 
-4 -0.929314 
-4 -0.298812 
-4 -0.359263 
-4 0.229577 
-4 0.275209 
-4 0.324468 
-4 0.701973 
-4 0.479642 
-4 -0.673631 
-4 -0.787943 
-4 -0.21078 
-4 -0.139976 
-4 0.132913 
-4 0.0656002 
-4 -0.0704446 
-4 -0.00218564 
ZONE T="boundary1"
1.8857 1 
1.70444 1 
3.50955 1 
0.654614 1 
-0.318211 1 
0.798832 1 
-0.116523 1 
1.3144 1 
1.19631 1 
0.0154279 1 
-0.0505475 1 
-4 1 
-1.31086 1 
-1.40945 1 
-1.21227 1 
2.06696 1 
3.34606 1 
2.77622 1 
-2.19102 1 
-2.39879 1 
-3.75586 1 
-3.51171 1 
4 1 
3.67303 1 
3.06114 1 
3.2036 1 
-3.12377 1 
0.196346 1 
0.552063 1 
0.449513 1 
0.32293 1 
-0.810736 1 
-0.246965 1 
-0.181744 1 
-0.389458 1 
0.105887 1 
-0.762415 1 
-0.627738 1 
-0.714093 1 
-0.58456 1 
0.0606575 1 
0.386221 1 
-0.860769 1 
-1.11157 1 
0.726723 1 
0.980695 1 
1.0885 1 
1.43249 1 
1.56847 1 
-1.55079 1 
-2.59768 1 
-2.79657 1 
-2.96017 1 
2.40715 1 
2.59168 1 
-1.83769 1 
-1.98325 1 
-0.541382 1 
-0.46542 1 
0.259638 1 
-0.910801 1 
-1.01087 1 
-0.960834 1 
-1.69212 1 
1.79507 1 
1.25535 1 
-0.0175598 1 
-1.36016 1 
3.42781 1 
-2.29491 1 
-3.63378 1 
3.83652 1 
2.91868 1 
0.500788 1 
-0.214354 1 
-0.353834 1 
-0.670916 1 
-0.738254 1 
0.354575 1 
-1.16192 1 
0.690668 1 
0.603339 1 
0.889763 1 
1.1424 1 
1.0346 1 
1.37345 1 
0.762777 1 
1.63645 1 
1.50048 1 
1.97633 1 
-1.26156 1 
-3.31774 1 
3.59129 1 
-2.49824 1 
-2.69713 1 
-2.87837 1 
2.68395 1 
3.27483 1 
3.13237 1 
-2.08714 1 
-1.91047 1 
-3.87793 1 
-3.04197 1 
2.23706 1 
-0.149133 1 
-0.0835352 1 
-0.282588 1 
-0.503401 1 
0.0380427 1 
0.227992 1 
0.0832723 1 
-0.427439 1 
-0.885785 1 
-0.786575 1 
-0.835753 1 
0.151117 1 
-0.98585 1 
-0.935818 1 
-1.06122 1 
-0.606149 1 
-0.562971 1 
-1.48012 1 
2.49942 1 
0.291284 1 
0.417867 1 
-1.62145 1 
-1.7649 1 
ZONE T="boundary2"
4 -0.460148 
4 -0.326282 
4 -0.231856 
4 0.227345 
4 0.283391 
4 0.791131 
4 0.582261 
4 0.336868 
4 -0.0441645 
4 0.0343034 
4 0.171299 
4 -0.639879 
4 1 
4 -1 
4 -0.177244 
4 -0.122632 
4 -0.279069 
4 -0.550013 
4 0.390345 
4 0.486303 
4 0.102801 
4 -0.393215 
4 0.255368 
4 0.686696 
4 0.199322 
4 -0.819939 
4 -0.149938 
4 -0.50508 
4 0.363607 
4 0.534282 
4 0.31013 
4 0.438324 
4 0.13705 
4 -0.00493055 
4 -0.0833985 
4 0.895565 
4 -0.255462 
4 -0.302675 
4 -0.20455 
4 0.0685524 
4 -0.594946 
ZONE T="boundary3"
-3.66499 -1 
-4 -1 
-1.51123 -1 
3.73355 -1 
0.0654911 -1 
-0.518496 -1 
-0.417476 -1 
-0.335363 -1 
-0.25325 -1 
0.0032299 -1 
0.461617 -1 
0.536686 -1 
-1.17701 -1 
-1.06966 -1 
0.71245 -1 
1.77019 -1 
3.26089 -1 
3.46709 -1 
-1.77897 -1 
-2.72042 -1 
-2.30736 -1 
-3.3451 -1 
2.60174 -1 
3.0547 -1 
4 -1 
0.386548 -1 
-0.0589535 -1 
-0.187193 -1 
-0.121137 -1 
-0.619516 -1 
-0.730291 -1 
-0.841067 -1 
0.127752 -1 
0.320804 -1 
0.255061 -1 
0.191406 -1 
0.868255 -1 
0.989686 -1 
1.16236 -1 
1.07602 -1 
-0.955363 -1 
1.26842 -1 
1.37449 -1 
-1.28436 -1 
1.93703 -1 
-1.3978 -1 
-2.04317 -1 
-3.50504 -1 
-3.0252 -1 
-3.18515 -1 
2.27191 -1 
2.10447 -1 
2.82822 -1 
1.48891 -1 
1.60334 -1 
-3.8325 -1 
-0.467986 -1 
-0.294307 -1 
0.499151 -1 
-1.12333 -1 
3.36399 -1 
-2.51389 -1 
3.1578 -1 
3.60032 -1 
3.86677 -1 
0.624568 -1 
-0.0278618 -1 
-0.220222 -1 
-0.674904 -1 
-0.785679 -1 
0.0966217 -1 
0.0343605 -1 
-0.0900452 -1 
-0.376419 -1 
0.287933 -1 
0.223234 -1 
0.424083 -1 
0.353676 -1 
0.790353 -1 
-0.569006 -1 
0.92897 -1 
1.11919 -1 
-1.01251 -1 
1.32145 -1 
1.21539 -1 
-1.23069 -1 
1.85361 -1 
-1.45451 -1 
-1.6451 -1 
-1.91107 -1 
-3.42507 -1 
-3.10517 -1 
-3.26512 -1 
2.02075 -1 
-2.17526 -1 
2.18819 -1 
-2.87281 -1 
-0.898215 -1 
2.43683 -1 
2.94146 -1 
-0.154165 -1 
0.159579 -1 
1.03285 -1 
1.54613 -1 
-3.58502 -1 
1.68676 -1 
-1.34108 -1 
2.71498 -1 
1.4317 -1 
ZONE T="boundary4"
-0.622501 0.022984 
-0.627267 0.065101 
-0.625319 0.0439241 
-0.628423 0.107896 
-0.628311 0.0864354 
0.541647 0.196225 
0.555729 0.175374 
-0.236881 0.365819 
-0.216423 0.35632 
-0.306862 0.397201 
-0.625776 0.150749 
-0.6198 0.190325 
-0.623153 0.171007 
-0.627582 0.129356 
-0.56911 0.321141 
-0.0363325 0.309038 
-0.463627 0.40708 
-0.615764 0.208894 
-0.370668 0.414958 
-0.492144 0.394313 
-0.605643 0.244523 
-0.610983 0.227167 
-0.59958 0.261458 
-0.592929 0.277491 
-0.290271 0.390416 
-0.273711 0.383081 
-0.585525 0.292988 
-0.577664 0.307377 
-0.560298 0.333652 
-0.550759 0.345618 
0.428772 0.290027 
0.407282 0.299383 
0.449945 0.27883 
-0.529659 0.367421 
0.595793 0.0614186 
-0.323207 0.40315 
-0.339013 0.408062 
-0.505595 0.386147 
-0.517854 0.377323 
-0.478346 0.401213 
-0.402166 0.417366 
-0.355053 0.412079 
-0.448784 0.411567 
-0.195745 0.34722 
-0.255333 0.374539 
-0.433332 0.414823 
-0.417961 0.416724 
-0.386601 0.416768 
-0.540571 0.356869 
0.598024 0.0376871 
-0.0941454 0.315827 
-0.0653685 0.311506 
0.57778 0.131482 
-0.173511 0.338283 
-0.148231 0.329446 
0.229001 0.326046 
0.261778 0.326163 
0.0470306 0.31037 
0.0198128 0.308811 
-0.00782227 0.308255 
0.0741306 0.312652 
0.526174 0.215511 
0.517695 0.224875 
0.490496 0.250477 
0.508848 0.233893 
0.295136 0.324416 
0.321139 0.321508 
0.102405 0.315507 
0.130677 0.318528 
0.15426 0.320949 
0.177957 0.323105 
0.203398 0.324923 
0.377274 0.3096 
0.347411 0.31698 
0.585718 0.108724 
0.591739 0.0851967 
0.598666 0.0139548 
0.597966 -0.00976544 
0.56764 0.154036 
-0.122646 0.32209 
0.480692 0.258296 
0.470563 0.265689 
-0.626405 0.0545022 
-0.628485 0.0971652 
0.548908 0.185948 
-0.624019 0.0334395 
-0.226668 0.361035 
-0.621579 0.180684 
-0.628123 0.118631 
-0.624576 0.160892 
-0.617879 0.19963 
-0.608407 0.235874 
-0.596356 0.269517 
-0.28197 0.386797 
-0.589332 0.28529 
-0.602712 0.253026 
-0.581693 0.300236 
-0.555622 0.339705 
0.418112 0.294901 
0.439469 0.284637 
-0.573486 0.31432 
-0.331078 0.405707 
-0.498952 0.390367 
-0.511807 0.38185 
-0.471049 0.404305 
-0.298538 0.393879 
-0.485316 0.397905 
-0.61347 0.218056 
-0.206114 0.351703 
-0.264508 0.37884 
-0.456253 0.409481 
-0.441093 0.413362 
-0.41007 0.417206 
-0.425666 0.415933 
-0.394378 0.417215 
-0.535209 0.362235 
-0.315002 0.400265 
-0.362837 0.413646 
-0.378618 0.416008 
0.59712 0.0495727 
-0.0797931 0.313428 
-0.523847 0.37248 
-0.626801 0.140062 
-0.627904 0.0757626 
-0.347003 0.410191 
-0.16093 0.333698 
0.245389 0.326309 
0.0334261 0.309482 
0.00599841 0.308387 
0.521981 0.220237 
0.499839 0.24237 
0.308158 0.323143 
0.088272 0.314039 
0.116541 0.317016 
0.166105 0.322072 
0.190672 0.32409 
0.362417 0.31359 
0.334311 0.319451 
0.216194 0.325585 
0.27847 0.325547 
0.588976 0.0970233 
0.142466 0.319762 
0.598468 0.00209028 
-0.0220818 0.308458 
0.561911 0.164832 
0.598529 0.0258258 
-0.108451 0.318717 
-0.135492 0.325579 
0.0605855 0.311438 
-0.0508699 0.310049 
0.392395 0.304835 
-0.246107 0.370179 
-0.564792 0.327462 
-0.545754 0.351328 
0.572958 0.142871 
0.485634 0.254439 
0.581993 0.120188 
0.460391 0.272474 
0.534103 0.206023 
0.513317 0.229428 
0.594001 0.0733477 
0.475668 0.262046 
-0.18467 0.342644 
ZONE T="boundary5"
-0.540961 -0.190972 
-0.580851 -0.116039 
-0.572082 -0.134741 
-0.134773 -0.506727 
-0.158545 -0.498178 
-0.528085 -0.2111 
-0.618842 0.00227756 
-0.622501 0.022984 
0.52283 -0.414066 
-0.614376 -0.0181497 
-0.609144 -0.03825 
-0.588961 -0.097054 
-0.265274 -0.449556 
-0.245559 -0.45992 
-0.283442 -0.439384 
-0.317864 -0.418342 
-0.301334 -0.428748 
-0.369405 -0.381927 
-0.390207 -0.365298 
-0.109384 -0.51504 
-0.182058 -0.488959 
-0.203949 -0.479657 
-0.225565 -0.469752 
0.533084 -0.398141 
0.000323604 -0.542089 
-0.553159 -0.170434 
-0.562905 -0.152732 
-0.410387 -0.347933 
-0.35195 -0.39498 
-0.467795 -0.290306 
-0.490648 -0.26294 
-0.512255 -0.234123 
0.461781 -0.476852 
0.434132 -0.495415 
0.561576 -0.330263 
0.447549 -0.486932 
0.125112 -0.556684 
0.0925594 -0.554516 
0.0297898 -0.547058 
0.542321 -0.38118 
0.0611196 -0.551313 
0.157696 -0.557642 
0.189613 -0.557337 
0.420299 -0.503266 
0.406286 -0.510405 
0.281435 -0.548604 
0.252188 -0.552781 
0.30893 -0.543293 
-0.603135 -0.0581534 
-0.0289801 -0.536207 
0.364365 -0.527704 
0.336285 -0.536496 
-0.0837604 -0.522614 
-0.0564721 -0.529817 
0.39198 -0.516944 
0.475396 -0.465984 
0.550378 -0.363377 
0.581528 -0.152634 
0.58743 -0.104749 
0.556471 -0.347039 
-0.334124 -0.407532 
0.56581 -0.312729 
0.571381 -0.27847 
0.569125 -0.294787 
0.590621 -0.0809741 
0.494225 -0.448499 
-0.596409 -0.0777264 
0.576673 -0.209129 
0.584324 -0.128667 
0.593645 -0.0572083 
0.596193 -0.0334977 
0.597966 -0.00976544 
0.5788 -0.180872 
0.221404 -0.555718 
-0.430547 -0.329217 
-0.449947 -0.309729 
0.57445 -0.243915 
0.511505 -0.429137 
0.37827 -0.522573 
-0.576547 -0.125427 
-0.146689 -0.502536 
-0.534603 -0.201087 
-0.620777 0.0126122 
-0.616711 -0.00795834 
-0.611858 -0.0282253 
-0.274391 -0.444528 
-0.309631 -0.423596 
-0.292422 -0.434124 
-0.37988 -0.373706 
-0.122109 -0.510976 
-0.255452 -0.454805 
-0.214792 -0.47478 
-0.547148 -0.180756 
-0.5581 -0.161621 
-0.567566 -0.143774 
-0.400376 -0.356708 
-0.479409 -0.276779 
0.454736 -0.481992 
-0.235595 -0.464903 
-0.58499 -0.106582 
0.108826 -0.555747 
0.045437 -0.549315 
0.173656 -0.557649 
0.41333 -0.506913 
0.266837 -0.550868 
-0.360725 -0.388516 
0.295216 -0.546121 
0.350395 -0.532326 
-0.0701431 -0.526318 
0.399169 -0.513748 
0.440892 -0.491255 
0.427261 -0.499421 
0.468669 -0.471518 
-0.193035 -0.484384 
0.553553 -0.355256 
-0.343082 -0.401319 
0.563817 -0.321526 
0.559149 -0.338689 
0.546512 -0.372352 
-0.606235 -0.0482303 
0.570333 -0.28664 
0.589028 -0.0928618 
-0.592773 -0.0874241 
-0.170335 -0.493653 
-0.52027 -0.222681 
0.537859 -0.389746 
-0.326028 -0.412988 
0.585849 -0.116704 
0.528102 -0.406197 
0.567582 -0.303779 
0.594996 -0.0453616 
0.592172 -0.0690963 
-0.599863 -0.0679712 
0.597195 -0.0216405 
0.582877 -0.140646 
0.580084 -0.166745 
0.577671 -0.194995 
0.0150374 -0.544688 
-0.0143511 -0.539262 
0.236813 -0.554425 
0.205517 -0.556699 
-0.420558 -0.338673 
-0.440345 -0.31957 
-0.0965996 -0.518919 
-0.501627 -0.248663 
-0.0427498 -0.533114 
0.322655 -0.540085 
-0.458968 -0.300106 
0.0768259 -0.553048 
0.141399 -0.557318 
0.517303 -0.421703 
0.503098 -0.439026 
0.48501 -0.457456 
0.37134 -0.525199 
0.38515 -0.519822 
0.575563 -0.226522 
0.573136 -0.261212 
