ZONE T="boundary0"
-4 0.0219021 
-4 -0.384133 
-4 -0.332309 
-4 -0.291768 
-4 0.49645 
-4 0.591319 
-4 -0.159211 
-4 -0.205219 
-4 -0.435956 
-4 0.23373 
-4 -0.812326 
-4 0.300638 
-4 1 
-4 0.843094 
-4 0.686189 
-4 -0.530304 
-4 -0.624652 
-4 -0.251227 
-4 -0.103567 
-4 -1 
-4 0.267184 
-4 0.431998 
-4 0.367546 
-4 -0.0479231 
-4 0.0917272 
-4 0.19823 
-4 0.162729 
-4 0.127228 
-4 -0.312039 
-4 0.543885 
-4 -0.182215 
-4 0.764642 
-4 -0.410045 
-4 -0.48313 
-4 -0.358221 
-4 -0.577478 
-4 -0.271497 
-4 -0.906163 
-4 0.250457 
-4 0.399772 
-4 -0.0130105 
-4 0.0568146 
-4 -0.718489 
-4 0.638754 
-4 0.921547 
-4 -0.228223 
-4 -0.0757451 
-4 0.21598 
-4 0.283911 
-4 0.334092 
-4 0.464224 
-4 0.180479 
-4 0.144978 
-4 -0.131389 
-4 0.109478 
ZONE T="boundary1"
1.79742 1 
1.41745 1 
3.72704 1 
4 1 
2.1325 1 
-0.846418 1 
-0.955415 1 
-0.667629 1 
-0.0522603 1 
-0.111276 1 
1.10944 1 
0.674684 1 
1.21413 1 
0.10812 1 
0.0420597 1 
0.17418 1 
-0.170291 1 
-0.349962 1 
-1.06441 1 
-0.757024 1 
0.480192 1 
0.577438 1 
-1.76344 1 
3.25431 1 
3.05453 1 
3.45409 1 
2.56357 1 
-3.57952 1 
-4 1 
2.34803 1 
-1.95187 1 
-2.58258 1 
-2.86402 1 
-3.36249 1 
-3.00473 1 
0.302557 1 
-0.260127 1 
-0.305045 1 
-0.429911 1 
0.238369 1 
0.391374 1 
-0.50986 1 
-0.588744 1 
0.77965 1 
-1.17694 1 
-1.28947 1 
0.997026 1 
0.884615 1 
-1.38936 1 
-1.48925 1 
1.31883 1 
-2.14031 1 
1.51608 1 
1.65675 1 
-2.36144 1 
2.80905 1 
-3.14545 1 
3.86352 1 
1.96496 1 
-0.900917 1 
-0.081768 1 
1.16178 1 
0.0750899 1 
-0.140783 1 
0.528815 1 
3.15442 1 
3.59056 1 
-3.78976 1 
2.24026 1 
-2.7233 1 
-3.471 1 
-2.93437 1 
-0.00510031 1 
-0.215209 1 
-0.327504 1 
-0.389937 1 
0.206275 1 
0.435783 1 
0.14115 1 
0.626061 1 
-0.282586 1 
-0.469885 1 
-0.628187 1 
-0.712326 1 
-0.801721 1 
-1.00991 1 
0.727167 1 
-0.549302 1 
-1.12068 1 
-1.23321 1 
1.05323 1 
-1.43931 1 
0.940821 1 
-1.62635 1 
1.26648 1 
-2.04609 1 
1.46677 1 
1.58641 1 
-1.85765 1 
-2.25088 1 
-2.47201 1 
3.3542 1 
2.93179 1 
2.68631 1 
2.4558 1 
0.346966 1 
0.270463 1 
0.832132 1 
1.36814 1 
-1.33942 1 
1.72708 1 
-3.25397 1 
-3.07509 1 
ZONE T="boundary2"
4 -0.575938 
4 -0.438903 
4 -0.856487 
4 -0.712973 
4 -0.2238 
4 0.128661 
4 0.192245 
4 1 
4 0.330066 
4 0.25513 
4 0.391668 
4 0.551504 
4 0.453271 
4 -0.247098 
4 0.649738 
4 -0.0142525 
4 0.0650769 
4 -1 
4 -0.293693 
4 -0.316991 
4 -0.377947 
4 -0.158691 
4 -0.191246 
4 -0.093582 
4 -0.270395 
4 -0.50742 
4 -0.78473 
4 0.160453 
4 0.292598 
4 -0.235449 
4 0.824869 
4 0.0254122 
4 -0.928243 
4 0.223688 
4 0.42247 
4 0.360867 
4 0.600621 
4 0.0968689 
4 -0.347469 
4 -0.408425 
4 0.502388 
4 -0.644456 
4 -0.174968 
4 -0.126137 
4 -0.207523 
4 -0.282044 
4 -0.305342 
4 -0.258747 
4 -0.0539173 
ZONE T="boundary3"
-1.54533 -1 
-1.39944 -1 
-0.124993 -1 
-0.018532 -1 
0.0429861 -1 
0.788998 -1 
-0.487616 -1 
-2.66038 -1 
-0.231455 -1 
1.75472 -1 
2.34197 -1 
1.92844 -1 
-0.435972 -1 
-0.332684 -1 
-0.282069 -1 
1.58101 -1 
-1.69123 -1 
-1.29766 -1 
-1.19588 -1 
-1.08661 -1 
3.77379 -1 
4 -1 
3.54757 -1 
-2.36458 -1 
-2.1851 -1 
-2.00562 -1 
1.20386 -1 
2.78298 -1 
3.17574 -1 
-1.84842 -1 
2.56248 -1 
3.36166 -1 
-3.14374 -1 
0.240478 -1 
0.31199 -1 
0.383502 -1 
0.463042 -1 
0.104504 -1 
0.172491 -1 
-0.647052 -1 
-0.53926 -1 
0.542583 -1 
0.66579 -1 
-0.977337 -1 
-0.86609 -1 
-4 -1 
-3.74924 -1 
-0.754843 -1 
0.896975 -1 
1.00495 -1 
-3.32111 -1 
1.10441 -1 
1.3261 -1 
1.44833 -1 
-3.49848 -1 
-2.90206 -1 
-1.47238 -1 
0.012227 -1 
2.1352 -1 
-0.384328 -1 
-0.307377 -1 
1.66786 -1 
-1.24677 -1 
3.88689 -1 
-2.09536 -1 
2.97936 -1 
-1.76982 -1 
2.67273 -1 
3.45461 -1 
0.276234 -1 
0.423272 -1 
-0.0717628 -1 
0.0737451 -1 
-0.178224 -1 
-0.256762 -1 
0.206484 -1 
0.138498 -1 
-0.593156 -1 
0.502812 -1 
0.604186 -1 
-0.921713 -1 
-3.87462 -1 
-0.700947 -1 
0.950964 -1 
-0.810466 -1 
-1.61828 -1 
-1.14125 -1 
-1.34855 -1 
-1.03197 -1 
0.842987 -1 
1.15414 -1 
1.38721 -1 
1.26498 -1 
1.05468 -1 
1.51467 -1 
1.84158 -1 
3.2687 -1 
-3.4098 -1 
-3.23243 -1 
3.66068 -1 
-3.0229 -1 
-1.92702 -1 
-2.78122 -1 
2.45222 -1 
0.347746 -1 
0.727394 -1 
-0.461794 -1 
-0.513438 -1 
-2.51248 -1 
-2.27484 -1 
-3.62386 -1 
ZONE T="boundary4"
-0.638302 0.0215649 
-0.63727 -0.000643934 
-0.163703 0.360426 
-0.138521 0.363715 
0.590054 0.204097 
0.597791 0.188692 
0.581717 0.218976 
-0.489422 0.289142 
-0.474074 0.297172 
-0.584676 0.203672 
-0.387133 0.3275 
-0.367047 0.331992 
0.626235 0.0918369 
0.627596 0.0753534 
-0.636174 0.0660885 
-0.632877 0.0881904 
-0.628025 0.109994 
-0.424439 0.317052 
-0.406485 0.322467 
-0.61359 0.15209 
-0.621591 0.131356 
-0.595361 0.1874 
-0.605 0.170246 
-0.573059 0.218992 
-0.441549 0.311102 
-0.560562 0.233383 
0.349105 0.382595 
0.372532 0.376289 
-0.547145 0.246923 
-0.113471 0.367101 
0.542995 0.272691 
0.533048 0.283402 
-0.504412 0.280197 
-0.518921 0.27033 
-0.533126 0.25932 
0.552419 0.261532 
0.512053 0.303054 
0.562905 0.247784 
-0.458368 0.304372 
0.572783 0.233385 
-0.34679 0.335911 
-0.325408 0.339525 
-0.303965 0.342742 
-0.281478 0.345808 
-0.259008 0.348671 
-0.187897 0.357371 
0.627938 0.0589746 
0.616301 0.140484 
-0.0874351 0.37072 
-0.00761708 0.381975 
-0.0345313 0.378217 
0.0204228 0.385735 
0.472 0.33231 
0.448787 0.345619 
-0.637961 0.0438521 
0.620549 0.124451 
0.622961 0.0101538 
0.627269 0.0425792 
0.625602 0.0263015 
0.423312 0.357849 
0.398074 0.367903 
0.610981 0.156853 
0.522776 0.293471 
0.492461 0.318508 
0.0485299 0.389246 
0.107458 0.395307 
0.137808 0.397491 
0.197513 0.399301 
0.168329 0.398871 
0.226814 0.398737 
0.0779262 0.392529 
0.278864 0.394881 
0.326083 0.387643 
0.302517 0.391746 
0.252833 0.3973 
0.604845 0.172797 
0.623895 0.108106 
-0.235571 0.351546 
-0.212223 0.354382 
-0.0614803 0.374393 
-0.637953 0.0104547 
-0.151106 0.362057 
0.594012 0.196439 
0.585968 0.211583 
-0.481805 0.293259 
-0.377109 0.329825 
0.627042 0.0836042 
-0.634717 0.0771697 
-0.630648 0.0991365 
-0.415491 0.319849 
-0.617789 0.141799 
-0.60033 0.178906 
-0.578997 0.211427 
-0.433029 0.31417 
-0.609455 0.161243 
0.360856 0.379588 
-0.12599 0.365395 
0.538086 0.278105 
-0.511743 0.275372 
-0.526112 0.264936 
0.547772 0.267166 
0.557752 0.254726 
-0.450002 0.307838 
0.567932 0.240645 
-0.496984 0.284776 
-0.396834 0.325072 
-0.336108 0.337775 
-0.270242 0.347258 
-0.175793 0.358887 
-0.292723 0.344307 
-0.100451 0.3689 
-0.0210764 0.380108 
-0.540239 0.253235 
-0.590159 0.195626 
0.460516 0.339178 
-0.638308 0.0327133 
0.626559 0.0344266 
0.410773 0.36308 
0.385364 0.372285 
0.613753 0.148704 
0.527971 0.288496 
0.502406 0.310968 
0.51747 0.298323 
0.182914 0.399202 
0.21216 0.399152 
0.0632173 0.390943 
-0.314691 0.341176 
0.33762 0.385248 
0.314319 0.389819 
-0.553967 0.240262 
0.265856 0.396219 
0.239825 0.398135 
0.0344689 0.387528 
0.608016 0.164864 
0.57733 0.22623 
0.627893 0.0671652 
0.625186 0.0999878 
0.62773 0.0507704 
0.618537 0.132496 
0.622341 0.116302 
0.624401 0.018207 
0.482356 0.325593 
-0.223893 0.352964 
-0.625008 0.120735 
-0.200054 0.355869 
-0.0744543 0.372552 
-0.0480062 0.376308 
-0.247285 0.350118 
-0.637252 0.0549869 
0.290702 0.393429 
0.0926807 0.39399 
0.12262 0.396492 
0.43616 0.351965 
0.153057 0.398291 
0.00639827 0.38388 
0.601416 0.180787 
-0.466269 0.300869 
-0.56693 0.226288 
-0.356931 0.334017 
ZONE T="boundary5"
-0.63727 -0.000643934 
-0.427045 -0.372234 
-0.54095 -0.248585 
-0.553136 -0.230419 
-0.443121 -0.358416 
-0.393853 -0.398153 
-0.605833 -0.13044 
-0.613819 -0.10931 
-0.634934 -0.0227581 
-0.631366 -0.0446938 
-0.564733 -0.211889 
-0.626626 -0.0664329 
-0.620758 -0.0879882 
-0.217601 -0.492609 
-0.240642 -0.483592 
0.442834 -0.342436 
0.425947 -0.367236 
-0.322506 -0.44404 
-0.262071 -0.474414 
-0.2832 -0.464578 
-0.303013 -0.454605 
-0.341011 -0.433278 
-0.117228 -0.522529 
-0.0902847 -0.528149 
-0.143982 -0.515967 
-0.528631 -0.265706 
-0.515706 -0.282406 
-0.194283 -0.500881 
-0.169254 -0.508846 
-0.488408 -0.314071 
-0.473827 -0.329326 
0.58907 -0.0834753 
-0.50234 -0.298467 
-0.359175 -0.421972 
-0.376699 -0.410321 
-0.410654 -0.385446 
-0.458735 -0.3441 
0.477143 -0.283049 
0.619372 -0.00586915 
0.456497 -0.320175 
-0.576168 -0.19218 
0.0530489 -0.541586 
0.02363 -0.541137 
-0.00526727 -0.539505 
-0.0622691 -0.532958 
-0.0341351 -0.536735 
0.0823536 -0.54076 
0.111716 -0.538577 
0.141049 -0.534937 
-0.596836 -0.151359 
0.22812 -0.514029 
0.199338 -0.522801 
0.170196 -0.52974 
0.256647 -0.503191 
0.311689 -0.474937 
0.284591 -0.490189 
0.362617 -0.437373 
0.386052 -0.415072 
0.408067 -0.390405 
0.397265 -0.403001 
0.467011 -0.301749 
0.506607 -0.226559 
0.535279 -0.175863 
0.576086 -0.107439 
0.491842 -0.254823 
0.548799 -0.15339 
0.562288 -0.131048 
0.603426 -0.0528737 
0.609531 -0.0374289 
0.614886 -0.0217104 
0.622961 0.0101538 
-0.586855 -0.172085 
0.520685 -0.200962 
0.337752 -0.457353 
-0.547116 -0.23955 
-0.609947 -0.119919 
-0.633301 -0.0337483 
-0.629138 -0.055592 
-0.617417 -0.0986887 
-0.229158 -0.488194 
0.434556 -0.354962 
-0.272674 -0.469578 
-0.3128 -0.449396 
-0.331799 -0.438728 
-0.103779 -0.525457 
-0.522244 -0.274112 
-0.156647 -0.512512 
-0.181802 -0.504969 
-0.130632 -0.519365 
-0.481183 -0.32176 
-0.534863 -0.257196 
-0.509094 -0.290494 
-0.367981 -0.416212 
-0.402303 -0.391864 
-0.350136 -0.427693 
-0.450987 -0.351321 
-0.466343 -0.336775 
-0.251392 -0.479085 
-0.559008 -0.221199 
-0.495442 -0.306328 
0.0383409 -0.541517 
0.00917669 -0.540465 
-0.0762966 -0.530681 
-0.0482171 -0.534977 
0.0970522 -0.539843 
-0.435139 -0.365389 
0.12641 -0.536944 
-0.601449 -0.140947 
0.213802 -0.518646 
0.242479 -0.508859 
-0.385322 -0.404301 
0.298288 -0.482833 
0.374558 -0.426473 
0.402725 -0.396758 
0.417183 -0.378971 
0.46181 -0.310999 
0.472119 -0.292425 
0.449772 -0.331378 
0.582704 -0.0955211 
-0.418902 -0.378903 
0.499176 -0.240658 
0.54202 -0.164606 
0.555562 -0.142224 
0.569259 -0.119279 
0.606567 -0.0451849 
0.617236 -0.0138209 
0.621281 0.00211591 
0.391717 -0.409096 
-0.636261 -0.0117157 
-0.205975 -0.496838 
-0.581608 -0.182182 
-0.570538 -0.202084 
-0.293144 -0.459666 
0.527921 -0.188365 
-0.591954 -0.161772 
-0.623827 -0.0772451 
0.0677101 -0.541336 
0.184822 -0.526488 
0.155662 -0.532538 
-0.0197115 -0.538259 
0.484533 -0.26896 
0.324897 -0.466417 
0.27074 -0.496952 
0.612307 -0.0296049 
0.596538 -0.0683077 
0.350387 -0.44763 
0.513568 -0.213712 
