ZONE T="boundary0"
-4 -0.841231 
-4 -0.211067 
-4 -0.284553 
-4 -0.682463 
-4 0.035878 
-4 0.190562 
-4 0.281947 
-4 0.23875 
-4 0.13382 
-4 0.400328 
-4 0.836345 
-4 0.672689 
-4 -0.118854 
-4 1 
-4 -0.0414879 
-4 0.325143 
-4 0.574101 
-4 0.475513 
-4 -0.352996 
-4 -1 
-4 -0.421439 
-4 -0.551951 
-4 -0.24781 
-4 0.260348 
-4 0.754517 
-4 0.162191 
-4 0.0848491 
-4 -0.16496 
-4 0.918172 
-4 -0.0801708 
-4 -0.00280497 
-4 0.43792 
-4 0.524807 
-4 0.623395 
-4 -0.920616 
-4 -0.761847 
-4 0.214656 
-4 0.303545 
-4 0.362735 
-4 -0.318775 
-4 -0.387217 
-4 -0.486695 
-4 -0.617207 
ZONE T="boundary1"
1.88356 1 
4 1 
1.01212 1 
1.05126 1 
1.1596 1 
1.09041 1 
0.792793 1 
0.00013235 1 
3.26685 1 
3.07278 1 
-4 1 
0.397769 1 
-1.16771 1 
-0.960206 1 
-1.06396 1 
-0.739042 1 
-0.849624 1 
2.86435 1 
1.53698 1 
2.66339 1 
-2.24027 1 
3.46091 1 
-3.25544 1 
1.22879 1 
-2.03941 1 
-2.79723 1 
-2.99933 1 
-2.4177 1 
-2.59513 1 
0.726262 1 
0.527515 1 
0.330087 1 
0.462642 1 
0.262406 1 
-0.0719333 1 
0.195169 1 
0.127933 1 
0.0640325 1 
-0.298246 1 
-0.399963 1 
-0.50168 1 
-0.620361 1 
-0.450822 1 
0.955003 1 
0.845339 1 
0.593622 1 
1.30584 1 
0.897885 1 
-0.221122 1 
-1.34248 1 
-1.25509 1 
-0.143999 1 
-3.51155 1 
-1.53725 1 
-1.43986 1 
-1.6879 1 
-3.75854 1 
1.45993 1 
1.38289 1 
1.71027 1 
-1.83856 1 
3.73046 1 
2.10226 1 
2.28234 1 
2.46243 1 
0.65973 1 
1.03169 1 
1.125 1 
3.16981 1 
-1.01208 1 
-0.904915 1 
2.96857 1 
1.1942 1 
-2.89828 1 
-2.50642 1 
0.363928 1 
0.430205 1 
0.296246 1 
-0.0359005 1 
0.0959826 1 
0.495078 1 
-0.349104 1 
-0.561021 1 
-0.476251 1 
-0.425392 1 
0.161551 1 
0.819066 1 
1.26732 1 
-0.679702 1 
0.228787 1 
1.07083 1 
0.560569 1 
0.983561 1 
-0.259684 1 
-1.29878 1 
-0.107966 1 
-0.794333 1 
-1.11583 1 
-1.48856 1 
-1.39117 1 
-1.61258 1 
-3.63504 1 
-3.87927 1 
1.42141 1 
1.79691 1 
-1.76323 1 
-1.93899 1 
-3.12739 1 
-3.3835 1 
1.99291 1 
3.36388 1 
2.1923 1 
2.37239 1 
3.59568 1 
-2.32899 1 
2.56291 1 
2.76387 1 
-2.13984 1 
3.86523 1 
0.0320824 1 
0.626676 1 
0.759527 1 
0.692996 1 
0.871612 1 
-0.182561 1 
0.926444 1 
-2.69618 1 
-1.2114 1 
1.49845 1 
1.62362 1 
1.34436 1 
ZONE T="boundary2"
4 -0.368508 
4 0.117324 
4 0.188642 
4 0.0460054 
4 0.247428 
4 0.787272 
4 1 
4 -0.0263464 
4 -1 
4 0.308448 
4 0.369469 
4 -0.0986981 
4 0.574544 
4 0.680908 
4 -0.20312 
4 -0.258275 
4 -0.423585 
4 -0.483316 
4 -0.31343 
4 -0.66251 
4 -0.543048 
4 -0.831255 
4 -0.150909 
4 0.472006 
4 0.152983 
4 0.0816645 
4 0.218035 
4 0.893636 
4 0.338959 
4 0.627726 
4 -0.453451 
4 0.00982949 
4 -0.0625222 
4 -0.602779 
4 -0.513182 
4 -0.746882 
4 -0.915627 
4 -0.230698 
4 -0.285852 
4 -0.340969 
4 -0.396046 
4 0.277938 
4 -0.124804 
4 0.420738 
4 0.523275 
4 0.73409 
4 -0.177015 
ZONE T="boundary3"
-1.24731 -1 
-0.516451 -1 
-0.606319 -1 
-0.82357 -1 
-0.761923 -1 
-1.46279 -1 
-2.08599 -1 
-0.971553 -1 
1.0548 -1 
1.23387 -1 
0.943208 -1 
-1.87868 -1 
-1.67138 -1 
-1.35505 -1 
1.41206 -1 
1.59025 -1 
1.79868 -1 
2.0071 -1 
-3.57164 -1 
-3.78582 -1 
-3.29703 -1 
4 -1 
3.71118 -1 
3.42235 -1 
-2.5144 -1 
-2.83981 -1 
2.24275 -1 
2.93767 -1 
0.14654 -1 
0.19486 -1 
0.0982212 -1 
-0.176513 -1 
-0.36959 -1 
-0.30633 -1 
-0.143234 -1 
-0.0145628 -1 
0.0418292 -1 
-0.0622587 -1 
0.327621 -1 
0.396066 -1 
-0.243071 -1 
0.26124 -1 
-0.109955 -1 
0.464511 -1 
0.533745 -1 
0.602979 -1 
0.831616 -1 
-0.44302 -1 
-0.561385 -1 
-0.684121 -1 
-0.885217 -1 
-1.05789 -1 
0.717298 -1 
-1.1526 -1 
-4 -1 
3.18001 -1 
-2.3716 -1 
-2.65721 -1 
-3.02242 -1 
2.70804 -1 
2.4784 -1 
-0.792747 -1 
0.999004 -1 
1.14434 -1 
-1.77503 -1 
-1.40892 -1 
1.50116 -1 
1.90289 -1 
-3.67873 -1 
3.85559 -1 
0.1707 -1 
-0.33796 -1 
0.0136332 -1 
-0.0384107 -1 
0.0700252 -1 
0.361844 -1 
-0.274701 -1 
0.22805 -1 
-0.0861067 -1 
-0.159873 -1 
0.430289 -1 
0.122381 -1 
0.294431 -1 
-0.209792 -1 
0.499128 -1 
0.568362 -1 
-0.479736 -1 
-0.406305 -1 
-0.538918 -1 
-0.583852 -1 
-0.64522 -1 
-0.723022 -1 
-0.854393 -1 
-0.928385 -1 
-1.01472 -1 
0.887412 -1 
0.660139 -1 
0.774457 -1 
-1.19995 -1 
-1.10524 -1 
-1.30118 -1 
-1.56708 -1 
-3.43433 -1 
-3.89291 -1 
-2.22879 -1 
-2.58581 -1 
-2.443 -1 
-2.74851 -1 
3.56676 -1 
2.12493 -1 
-3.15972 -1 
-2.93112 -1 
2.82286 -1 
1.69447 -1 
2.36058 -1 
2.59322 -1 
-1.98234 -1 
1.32297 -1 
-0.126594 -1 
3.05884 -1 
3.30118 -1 
ZONE T="boundary4"
0.698369 0.427273 
-0.135837 0.55055 
-0.161747 0.540092 
0.638246 0.50227 
0.721581 0.350217 
-0.518769 0.231397 
-0.472506 0.300509 
0.161516 -0.0314203 
0.654963 0.486427 
0.466367 0.588926 
0.491338 0.581517 
0.213332 -0.0292257 
-0.326817 0.445451 
-0.302598 0.462925 
-0.610454 0.000801555 
0.516233 0.572857 
-0.589502 0.0794032 
-0.576692 0.114664 
-0.548452 0.177507 
-0.562947 0.147188 
-0.50382 0.25558 
0.716923 0.378252 
0.708984 0.403786 
-0.534078 0.204715 
0.722008 0.320518 
-0.425094 0.356947 
-0.395044 0.387457 
-0.487994 0.279213 
-0.456225 0.321228 
0.0345042 -0.026526 
-0.601154 0.0405375 
-0.208484 0.518559 
-0.0526482 0.577896 
-0.0223103 0.585758 
-0.373078 0.407689 
-0.350308 0.427042 
0.585223 0.540273 
0.60318 0.529044 
0.685403 0.449066 
0.670688 0.468871 
0.621025 0.516339 
-0.278666 0.478822 
-0.254136 0.493817 
-0.231521 0.506563 
0.444841 0.594409 
-0.10959 0.560159 
-0.0812661 0.569491 
0.402409 0.603083 
0.353733 0.610043 
0.326691 0.61271 
0.289941 -0.0203457 
0.544218 0.0769797 
0.509981 0.0560175 
0.566931 0.550378 
0.105615 0.608438 
0.138903 0.611839 
0.172211 0.614276 
0.23733 0.616265 
0.269091 0.615871 
0.297913 0.614699 
0.00826099 0.592657 
0.693748 0.229845 
0.575841 0.0993882 
0.122798 -0.0313423 
0.0402614 0.598847 
0.205564 0.615756 
0.0724293 0.604063 
0.675578 0.200921 
0.0842309 -0.0299727 
0.471846 0.0360994 
0.430811 0.0181951 
0.339378 -0.0104417 
0.38651 0.0025153 
0.541744 0.562452 
0.717645 0.290387 
0.708215 0.260124 
0.654783 0.173868 
0.631512 0.148269 
0.604871 0.123105 
-0.617238 -0.0393989 
0.239342 -0.0270183 
0.26469 -0.0240862 
0.187282 -0.0306782 
-0.148836 0.545428 
0.646757 0.494513 
0.478893 0.585359 
-0.314794 0.454307 
-0.583335 0.0971202 
-0.555865 0.162426 
-0.511395 0.24355 
0.713364 0.391154 
-0.541389 0.191177 
-0.410289 0.372417 
-0.480351 0.289934 
-0.440949 0.339338 
-0.595621 0.0600584 
-0.185287 0.529695 
-0.0375108 0.581949 
-0.384163 0.397682 
-0.36179 0.417479 
0.59428 0.534786 
0.692177 0.438348 
0.629756 0.509455 
-0.266471 0.486434 
-0.290707 0.470987 
-0.242882 0.500284 
-0.220052 0.512656 
-0.338654 0.436363 
0.455627 0.59176 
-0.0954665 0.564943 
-0.0669906 0.573808 
-0.122752 0.55546 
-0.464461 0.310943 
0.340222 0.611475 
0.503838 0.577339 
0.527278 0.0662149 
0.576142 0.545444 
0.612202 0.522834 
0.122247 0.610259 
0.155549 0.613177 
0.253212 0.616183 
0.42369 0.599064 
0.31231 0.613809 
0.283506 0.615384 
0.678284 0.45915 
0.142153 -0.0315529 
-0.496024 0.267474 
-0.00705099 0.589326 
-0.526535 0.218121 
0.0242376 0.595876 
0.221446 0.616121 
-0.570018 0.131009 
0.0563266 0.601575 
0.188883 0.615136 
-0.606113 0.020742 
0.0593451 -0.0284693 
0.719757 0.364328 
0.704018 0.415691 
0.663012 0.47782 
0.554432 0.556615 
0.529061 0.567834 
0.722374 0.335385 
0.72043 0.305374 
0.713518 0.27508 
0.701476 0.244751 
0.685035 0.21515 
0.665476 0.187169 
0.643399 0.160844 
0.618428 0.135442 
0.590566 0.110996 
-0.614163 -0.0192451 
0.560222 0.0879197 
0.49109 0.0457295 
0.45149 0.0267871 
0.408803 0.0099575 
0.363059 -0.00438565 
0.314742 -0.015822 
0.0890065 0.606373 
0.103506 -0.0308096 
0.252028 -0.0256506 
0.200312 -0.0300431 
0.378123 0.606922 
0.277328 -0.0223198 
0.174399 -0.0311325 
0.226342 -0.0282195 
ZONE T="boundary5"
-0.525734 -0.204538 
-0.492108 -0.53081 
-0.507213 -0.509311 
-0.521418 -0.48724 
-0.613281 -0.242011 
-0.608961 -0.265612 
-0.622194 -0.161231 
-0.623097 -0.120453 
-0.621453 -0.0798533 
-0.549462 -0.436953 
-0.535841 -0.462643 
-0.572682 -0.385695 
-0.585569 -0.351304 
-0.534881 -0.147327 
-0.533246 -0.176411 
-0.60379 -0.289032 
-0.300449 -0.699536 
-0.327541 -0.683879 
-0.272449 -0.713682 
-0.351626 -0.668172 
-0.139709 -0.756888 
-0.103497 -0.762545 
0.0749062 -0.74627 
-0.175997 -0.748665 
-0.209523 -0.73875 
-0.242514 -0.726708 
-0.463703 -0.566694 
-0.496108 -0.253077 
-0.162249 -0.35788 
-0.0841945 -0.369555 
-0.123199 -0.363089 
-0.198313 -0.353751 
-0.234259 -0.349824 
0.100716 -0.436655 
0.00183491 -0.390846 
-0.0254172 -0.382799 
-0.0283314 -0.76579 
-0.0653663 -0.765692 
-0.56189 -0.410904 
-0.0191788 -0.0209851 
0.0345042 -0.026526 
-0.432772 -0.600275 
-0.530497 -0.118388 
-0.520356 -0.0909416 
-0.618818 -0.20206 
-0.319405 0.0131269 
-0.363005 0.00954486 
-0.277644 0.0125002 
-0.48626 -0.0450208 
-0.448281 -0.0176225 
-0.235396 0.00907078 
-0.114198 -0.00787039 
0.059332 -0.751588 
0.00860419 -0.762597 
0.0261246 -0.759759 
-0.0723685 -0.0140238 
0.0431249 -0.756071 
0.125741 -0.719678 
0.114444 -0.727108 
0.166758 -0.499777 
0.144788 -0.704308 
0.152603 -0.696645 
0.159728 -0.688732 
0.165748 -0.68117 
0.194411 -0.567817 
0.0799324 -0.424067 
0.055008 -0.411423 
0.119549 -0.450185 
0.102302 -0.734005 
0.0890248 -0.740462 
0.171196 -0.673438 
0.175817 -0.514483 
0.134378 -0.462736 
0.157883 -0.487772 
0.147619 -0.475869 
0.196251 -0.592528 
0.190451 -0.63203 
0.192741 -0.623104 
0.187621 -0.640757 
0.180358 -0.657655 
0.176038 -0.665629 
0.184255 -0.6493 
0.195763 -0.603238 
0.195918 -0.581175 
0.194572 -0.613363 
0.182888 -0.528783 
0.187715 -0.541119 
0.135675 -0.712172 
0.191369 -0.553219 
0.0284115 -0.400206 
-0.374799 -0.65131 
-0.396086 -0.634149 
-0.45908 -0.28573 
-0.279848 -0.344285 
-0.32946 -0.336116 
-0.596606 -0.316317 
-0.416667 -0.309469 
-0.373958 -0.325189 
-0.155779 -0.00156171 
-0.195614 0.00419234 
-0.405845 0.000111017 
-0.0546759 -0.375592 
-0.617238 -0.0393989 
-0.514427 -0.498346 
-0.611223 -0.25383 
-0.622961 -0.140849 
-0.622596 -0.10014 
-0.54279 -0.44987 
-0.579353 -0.368583 
-0.53481 -0.161982 
-0.606485 -0.277346 
-0.314105 -0.691898 
-0.286548 -0.706807 
-0.121632 -0.760031 
-0.192829 -0.743971 
-0.499772 -0.520137 
-0.478238 -0.54901 
-0.530222 -0.190595 
-0.103669 -0.366138 
-0.216292 -0.351794 
-0.0117415 -0.38666 
-0.0468206 -0.766125 
-0.513122 -0.230159 
-0.555813 -0.423993 
-0.56741 -0.398352 
0.00763102 -0.0239662 
-0.257574 -0.720415 
-0.533425 -0.132676 
-0.52614 -0.104478 
-0.528762 -0.475017 
-0.616312 -0.222072 
-0.341258 0.0119678 
-0.298522 0.0132268 
-0.468138 -0.0301156 
-0.256501 0.0110674 
-0.339685 -0.67618 
-0.093298 -0.0109955 
0.0173908 -0.76129 
0.0346585 -0.75803 
0.156228 -0.692744 
0.148756 -0.700536 
0.162793 -0.684995 
0.0675959 -0.417516 
0.0957202 -0.737337 
0.168529 -0.677345 
0.171465 -0.507033 
0.152867 -0.481731 
0.162439 -0.493696 
0.189103 -0.636417 
0.178256 -0.661675 
0.18237 -0.653508 
-0.505397 -0.0664269 
0.191666 -0.627587 
0.193739 -0.618252 
0.185427 -0.53491 
0.130771 -0.716003 
0.173674 -0.669569 
0.195255 -0.608314 
0.189664 -0.547139 
0.12709 -0.456324 
0.196104 -0.597892 
0.0151911 -0.395343 
0.195314 -0.574486 
0.0512682 -0.753944 
0.0820161 -0.743471 
0.193068 -0.56049 
0.140297 -0.708313 
0.120157 -0.723484 
0.179521 -0.521561 
0.0671669 -0.749045 
0.108433 -0.730652 
0.186004 -0.645056 
0.196194 -0.586853 
-0.385547 -0.642857 
-0.363321 -0.659888 
-0.414796 -0.617603 
0.0418079 -0.405597 
-0.47858 -0.270524 
-0.304722 -0.340582 
-0.257076 -0.347194 
-0.591322 -0.333884 
-0.180279 -0.355762 
-0.142712 -0.360359 
-0.438423 -0.298583 
-0.395571 -0.318029 
-0.600344 -0.302712 
-0.226108 -0.732989 
-0.0844368 -0.764487 
-0.134995 -0.00471051 
-0.175692 0.00138413 
-0.384606 0.00565407 
-0.427518 -0.00766777 
-0.215492 0.00678001 
-0.351838 -0.33117 
-0.0458032 -0.017654 
0.141138 -0.469175 
-0.157908 -0.753085 
-0.00979114 -0.764631 
-0.619667 -0.0595926 
-0.620804 -0.18167 
-0.0400072 -0.379037 
-0.0694088 -0.372439 
-0.448559 -0.583775 
0.110279 -0.443234 
0.0904504 -0.430171 
