ZONE T="boundary0"
-4 -0.236992 
-4 -0.154393 
-4 -0.0797459 
-4 0.204969 
-4 0.150683 
-4 -0.384133 
-4 -0.444263 
-4 0.443028 
-4 0.389999 
-4 1 
-4 0.801057 
-4 -1 
-4 -0.268764 
-4 -0.300537 
-4 -0.342335 
-4 -0.504393 
-4 -0.624652 
-4 0.324627 
-4 0.259255 
-4 0.496056 
-4 -0.812326 
-4 0.701585 
-4 0.602114 
-4 0.0727921 
-4 -0.00509876 
-4 -0.117069 
-4 0.177826 
-4 -0.414198 
-4 0.416513 
-4 0.900528 
-4 -0.195692 
-4 -0.321436 
-4 -0.474328 
-4 -0.363234 
-4 -0.564523 
-4 0.232112 
-4 0.291941 
-4 0.357313 
-4 -0.718489 
-4 -0.906163 
-4 0.651849 
-4 0.549085 
-4 -0.28465 
-4 -0.252878 
-4 0.469542 
-4 0.0338467 
-4 -0.0424223 
-4 0.751321 
-4 0.111738 
ZONE T="boundary1"
3.83868 1 
0.851983 1 
-0.302629 1 
-0.930244 1 
-1.05035 1 
-3.00853 1 
-3.47196 1 
-1.26356 1 
-1.3794 1 
-0.411832 1 
0.150164 1 
-0.512177 1 
2.35727 1 
1.02894 1 
0.937919 1 
-4 1 
3.67736 1 
3.51605 1 
-2.55873 1 
-1.64643 1 
-2.16758 1 
2.98134 1 
2.01819 1 
1.87613 1 
1.592 1 
0.0812946 1 
-0.0499808 1 
-0.193427 1 
0.894951 1 
0.347394 1 
0.585655 1 
0.495226 1 
0.764033 1 
-0.612523 1 
0.219033 1 
0.283214 1 
0.0156569 1 
-0.121704 1 
0.42131 1 
-0.810142 1 
-1.15695 1 
-0.711333 1 
1.11996 1 
1.2215 1 
1.32304 1 
3.35473 1 
-1.79762 1 
-3.60397 1 
-3.73598 1 
-1.49523 1 
1.45752 1 
3.16803 1 
-1.9826 1 
4 1 
2.76781 1 
2.55429 1 
2.16026 1 
0.676083 1 
-0.990295 1 
-3.24024 1 
-1.32148 1 
0.983429 1 
3.5967 1 
-2.78363 1 
-2.36316 1 
1.73406 1 
-0.35723 1 
0.115729 1 
0.873467 1 
0.54044 1 
0.916435 1 
0.808008 1 
-0.56235 1 
-0.462004 1 
0.251123 1 
0.0484758 1 
0.315304 1 
0.184599 1 
-0.0858424 1 
0.458268 1 
0.384352 1 
-1.21026 1 
-0.661928 1 
1.07445 1 
1.17073 1 
-0.870193 1 
-1.10365 1 
1.27227 1 
3.75802 1 
-1.72203 1 
-1.57083 1 
1.52476 1 
3.07468 1 
-1.89011 1 
3.43539 1 
3.26138 1 
3.91934 1 
2.87457 1 
2.25877 1 
2.66105 1 
2.45578 1 
1.94716 1 
-0.017162 1 
0.720058 1 
0.630869 1 
-0.248028 1 
-0.157565 1 
-0.760738 1 
-2.07509 1 
1.39028 1 
-1.43731 1 
-3.86799 1 
-3.53796 1 
-3.66997 1 
2.08923 1 
ZONE T="boundary2"
4 -0.678871 
4 -0.551166 
4 -0.423461 
4 -0.258882 
4 -0.20903 
4 0.213276 
4 0.114967 
4 -1 
4 0.274047 
4 0.032232 
4 -0.366098 
4 -0.308735 
4 0.334817 
4 0.164121 
4 0.45703 
4 -0.0505026 
4 -0.129766 
4 0.728515 
4 0.592772 
4 1 
4 -0.487314 
4 -0.233956 
4 -0.839436 
4 -0.39478 
4 -0.283809 
4 -0.337416 
4 0.304432 
4 0.139544 
4 0.395924 
4 0.243661 
4 -0.169398 
4 -0.615019 
4 -0.00913528 
4 0.0735994 
4 0.524901 
4 0.660644 
4 0.864257 
4 -0.0901345 
4 0.188699 
ZONE T="boundary3"
-3.78115 -1 
-1.86419 -1 
-1.69261 -1 
-1.42105 -1 
-1.30457 -1 
-2.03577 -1 
-0.374667 -1 
-0.718938 -1 
1.28297 -1 
-0.810742 -1 
4 -1 
-0.60072 -1 
0.113205 -1 
0.541465 -1 
3.40425 -1 
3.60283 -1 
-1.18809 -1 
0.95911 -1 
-1.08948 -1 
-0.990866 -1 
-3.11808 -1 
2.77978 -1 
3.20567 -1 
-2.8927 -1 
2.13763 -1 
2.35602 -1 
-2.6694 -1 
1.91924 -1 
2.5679 -1 
-4 -1 
-0.233609 -1 
-0.186589 -1 
-0.482502 -1 
-0.900804 -1 
-0.0314625 -1 
0.0408713 -1 
0.188051 -1 
0.262898 -1 
-0.109026 -1 
0.3529 -1 
-0.327648 -1 
-0.945835 -1 
0.860108 -1 
0.750068 -1 
-0.280628 -1 
-3.5623 -1 
-1.55683 -1 
0.640027 -1 
0.442903 -1 
1.17054 -1 
1.05811 -1 
-3.34345 -1 
1.40436 -1 
1.52575 -1 
-2.44611 -1 
-2.24094 -1 
1.62412 -1 
1.7225 -1 
-1.7784 -1 
-1.36281 -1 
3.50354 -1 
-1.04017 -1 
3.80142 -1 
2.99273 -1 
2.24682 -1 
2.67384 -1 
-3.89058 -1 
-0.210099 -1 
-0.659829 -1 
-0.541611 -1 
-1.13878 -1 
0.0770382 -1 
-0.855773 -1 
0.225475 -1 
-0.147808 -1 
-0.0702443 -1 
-0.923319 -1 
0.805088 -1 
-0.257119 -1 
-1.24633 -1 
-0.428585 -1 
-3.67173 -1 
0.150628 -1 
-1.48894 -1 
0.590746 -1 
0.492184 -1 
0.307899 -1 
1.22675 -1 
1.00861 -1 
0.909609 -1 
0.695047 -1 
-3.45288 -1 
1.46505 -1 
1.11433 -1 
3.30496 -1 
-1.62472 -1 
-1.94998 -1 
-3.00539 -1 
-2.34352 -1 
-3.23077 -1 
1.67331 -1 
1.57494 -1 
1.82087 -1 
-2.55776 -1 
-2.78105 -1 
2.46196 -1 
-2.13835 -1 
2.02844 -1 
-0.96835 -1 
0.0047044 -1 
-0.351157 -1 
-0.304138 -1 
-0.76484 -1 
0.397902 -1 
1.34366 -1 
ZONE T="boundary4"
-0.33947 0.388141 
0.590862 0.178163 
-0.544972 0.180803 
-0.533859 0.197702 
0.572379 0.236042 
0.578521 0.216937 
0.632224 -0.00962126 
-0.447972 0.30119 
-0.434511 0.314028 
0.544799 0.308079 
0.551681 0.29273 
0.453965 0.427575 
-0.357394 0.376008 
-0.374425 0.363767 
0.629612 0.0271775 
0.626877 0.0457373 
-0.614517 0.0194508 
0.520865 0.351417 
0.566034 0.255052 
0.559184 0.274047 
-0.602001 0.0630949 
-0.608802 0.0413303 
0.504648 0.374515 
-0.575491 0.126804 
-0.585294 0.105905 
-0.555705 0.163281 
-0.565831 0.145405 
-0.594153 0.0846367 
-0.5103 0.230344 
-0.522251 0.214261 
-0.485893 0.260578 
-0.497924 0.246097 
-0.420696 0.326488 
-0.473447 0.27471 
0.465804 0.417137 
-0.321209 0.399769 
-0.301916 0.411307 
0.584692 0.197549 
-0.406066 0.338971 
-0.218832 0.453288 
-0.240774 0.443324 
-0.196607 0.46263 
-0.173254 0.471671 
-0.2823 0.422302 
-0.149644 0.480042 
-0.0996226 0.495356 
0.596976 0.158895 
-0.622661 -0.024484 
-0.391101 0.351052 
0.614122 0.101793 
0.486887 0.395844 
0.537331 0.323087 
0.631418 0.00872832 
0.619006 0.0830949 
0.366783 0.48189 
0.342521 0.49196 
0.391035 0.469964 
0.416878 0.454831 
0.529395 0.337466 
0.44167 0.437451 
0.623326 0.0642861 
0.0414272 0.522233 
0.0721167 0.525006 
0.104647 0.526721 
0.202736 0.523652 
0.170023 0.526138 
-0.619141 -0.00251748 
-0.0177843 0.513785 
0.290543 0.508367 
0.317348 0.50071 
0.263445 0.51457 
0.608714 0.120739 
0.603003 0.139623 
-0.261689 0.433104 
-0.124748 0.488065 
-0.0730336 0.502221 
0.0108344 0.518375 
-0.0462474 0.508277 
0.233185 0.519871 
0.137181 0.527128 
-0.53948 0.189295 
0.575464 0.226495 
-0.441287 0.307657 
0.548313 0.300439 
-0.365952 0.369947 
0.628351 0.0364723 
0.562681 0.264578 
-0.605529 0.0522516 
-0.580505 0.116407 
-0.560847 0.154387 
-0.570748 0.13615 
-0.589843 0.0953199 
-0.550412 0.172086 
-0.516329 0.222343 
-0.528114 0.206023 
-0.491959 0.253379 
-0.504165 0.238262 
-0.427646 0.320305 
-0.479723 0.26769 
-0.348475 0.382138 
-0.311604 0.405606 
-0.33038 0.394018 
0.581608 0.207243 
-0.413424 0.33278 
-0.229839 0.448384 
-0.184963 0.467235 
-0.292146 0.416873 
0.593924 0.16853 
-0.161479 0.475941 
-0.382808 0.357469 
0.476581 0.406728 
-0.61179 0.0304235 
-0.460903 0.288134 
0.541143 0.315624 
0.459945 0.422425 
0.555525 0.283429 
0.631949 -0.000441207 
-0.398624 0.345062 
0.404106 0.462652 
0.525209 0.344492 
0.533441 0.330322 
0.447873 0.432583 
0.495985 0.385366 
0.51299 0.363136 
0.621245 0.0737073 
0.0567609 0.523757 
0.0883753 0.526024 
0.186397 0.525089 
-0.616962 0.00849318 
0.304 0.504724 
0.329999 0.496514 
0.605888 0.130189 
0.600006 0.149263 
0.587777 0.187855 
0.611464 0.111278 
0.616625 0.0924585 
0.569246 0.245562 
0.625194 0.0550283 
0.630633 0.0179638 
-0.207752 0.458037 
-0.251267 0.438287 
-0.621035 -0.013481 
-0.137226 0.484145 
-0.112212 0.491802 
-0.598201 0.07391 
-0.272033 0.427776 
-0.0863542 0.49889 
-0.00349281 0.516196 
-0.0596633 0.505351 
0.35473 0.487108 
0.379009 0.476129 
0.026115 0.520437 
0.217986 0.521944 
0.248352 0.517417 
-0.0320376 0.511145 
0.15361 0.526814 
0.277036 0.511641 
0.429457 0.446403 
0.120914 0.527092 
ZONE T="boundary5"
-0.620829 -0.155078 
-0.552074 -0.323871 
-0.56284 -0.308422 
-0.625793 -0.111946 
-0.626645 -0.0901911 
-0.623855 -0.133567 
-0.39054 -0.430419 
0.632224 -0.00962126 
0.631969 -0.0278739 
-0.572857 -0.292147 
-0.616716 -0.176438 
-0.611514 -0.197632 
-0.355109 -0.435147 
-0.372849 -0.433392 
0.487074 -0.264049 
-0.456245 -0.407167 
-0.407469 -0.426356 
0.580454 -0.17664 
-0.336433 -0.435751 
-0.298038 -0.433334 
-0.317763 -0.43516 
0.60198 -0.141489 
0.587932 -0.165664 
-0.236646 -0.420961 
-0.2575 -0.42616 
0.440401 -0.288554 
0.420585 -0.296489 
-0.515006 -0.365486 
-0.50114 -0.377568 
-0.486653 -0.388589 
-0.471684 -0.398451 
0.513246 -0.245806 
0.535033 -0.227533 
0.500329 -0.255274 
-0.54055 -0.338511 
-0.214731 -0.414642 
0.628094 -0.0638635 
0.624451 -0.0813931 
-0.12149 -0.383292 
-0.146138 -0.391722 
-0.0966207 -0.375148 
-0.44039 -0.414718 
-0.192647 -0.407613 
-0.62641 -0.0683635 
0.630606 -0.0459418 
-0.424214 -0.421083 
-0.582037 -0.275183 
-0.625084 -0.046457 
0.39305 -0.305569 
-0.52813 -0.352471 
-0.278325 -0.430378 
-0.590614 -0.257013 
-0.0701347 -0.367111 
-0.0435352 -0.359876 
-0.598297 -0.238249 
0.0128412 -0.34769 
-0.0153335 -0.353234 
-0.622661 -0.024484 
0.199886 -0.331273 
0.0427874 -0.342956 
0.367436 -0.31229 
0.24466 -0.328843 
0.22228 -0.330164 
0.268578 -0.327059 
0.29251 -0.324739 
0.341702 -0.317636 
0.31711 -0.321636 
0.473643 -0.272053 
0.459886 -0.279415 
0.545551 -0.217527 
-0.605372 -0.218193 
0.555654 -0.207055 
0.613682 -0.115602 
0.572522 -0.187241 
0.608145 -0.128752 
0.619612 -0.0987678 
-0.169456 -0.399781 
0.167423 -0.332755 
0.134866 -0.334417 
0.103712 -0.336492 
0.0724008 -0.339341 
-0.557566 -0.316226 
-0.626355 -0.101076 
-0.62496 -0.122771 
0.632233 -0.0187496 
-0.622478 -0.144345 
-0.614247 -0.187071 
-0.381724 -0.432058 
-0.399042 -0.428532 
-0.345783 -0.435603 
-0.327102 -0.4356 
0.595256 -0.153749 
-0.363998 -0.434417 
-0.247057 -0.423667 
0.430545 -0.29266 
-0.50817 -0.371642 
-0.479251 -0.393648 
0.524325 -0.236898 
-0.546418 -0.331278 
-0.464039 -0.402943 
0.626417 -0.0726579 
-0.133823 -0.387481 
-0.10907 -0.379165 
-0.448383 -0.41108 
-0.493987 -0.383201 
0.629496 -0.0549228 
0.40689 -0.301267 
-0.267897 -0.428398 
-0.577562 -0.283731 
-0.586448 -0.26616 
-0.307896 -0.434395 
-0.0833989 -0.371041 
-0.0568556 -0.363386 
-0.521669 -0.359085 
-0.00125929 -0.350329 
-0.624008 -0.0354574 
0.380285 -0.309108 
0.211082 -0.330737 
0.280547 -0.325975 
-0.625883 -0.057404 
0.329421 -0.319757 
0.466805 -0.275813 
0.45021 -0.284131 
-0.415889 -0.423866 
0.493753 -0.259741 
0.480404 -0.26813 
0.540344 -0.222586 
0.550659 -0.212346 
0.564289 -0.19732 
0.576546 -0.181983 
0.611 -0.122214 
0.605145 -0.13516 
0.584255 -0.171194 
0.622178 -0.0901206 
0.616787 -0.107234 
0.631429 -0.0369185 
-0.626664 -0.079278 
-0.288171 -0.431989 
-0.225671 -0.417893 
-0.601956 -0.228268 
-0.618907 -0.165787 
-0.567961 -0.300358 
-0.157798 -0.395758 
0.25662 -0.328008 
0.23347 -0.329538 
-0.203677 -0.411191 
0.304818 -0.323288 
0.183653 -0.332015 
-0.181045 -0.403735 
0.151145 -0.333542 
0.119293 -0.335376 
0.0278016 -0.345181 
0.354595 -0.315119 
0.057592 -0.341025 
-0.0294574 -0.356424 
0.0880505 -0.337805 
-0.432358 -0.418041 
-0.608568 -0.207953 
-0.534445 -0.345589 
-0.594572 -0.247683 
0.506843 -0.250618 
