ZONE T="boundary0"
-4 -0.384133 
-4 0.0917272 
-4 0.162729 
-4 0.23373 
-4 0.300638 
-4 0.366318 
-4 0.0219021 
-4 -0.205219 
-4 -0.103567 
-4 -0.435956 
-4 -0.812326 
-4 0.79566 
-4 0.591319 
-4 -0.0479231 
-4 0.431998 
-4 -0.159211 
-4 -0.291768 
-4 -0.332309 
-4 -0.251227 
-4 -0.530304 
-4 -0.624652 
-4 -1 
-4 0.511659 
-4 1 
-4 0.127228 
-4 0.267184 
-4 0.333478 
-4 0.69349 
-4 0.19823 
-4 -0.0130105 
-4 0.0568146 
-4 -0.131389 
-4 -0.0757451 
-4 -0.312039 
-4 -0.271497 
-4 -0.228223 
-4 -0.410045 
-4 -0.48313 
-4 -0.358221 
-4 -0.577478 
-4 0.551489 
-4 -0.718489 
-4 -0.906163 
-4 0.89783 
-4 -0.182215 
-4 0.399158 
-4 0.471829 
ZONE T="boundary1"
-0.588744 1 
-0.509328 1 
1.10558 1 
-0.305045 1 
-0.672884 1 
0.391374 1 
0.314872 1 
-3.00473 1 
-3.36249 1 
-0.856219 1 
4 1 
3.45409 1 
-0.955415 1 
-1.06618 1 
-1.5764 1 
-1.48288 1 
-1.95187 1 
-2.14031 1 
-1.76344 1 
3.25431 1 
3.05453 1 
2.80905 1 
1.21413 1 
1.31579 1 
-2.58258 1 
2.56357 1 
2.1325 1 
-2.36144 1 
1.89462 1 
1.65675 1 
-3.52187 1 
-3.84062 1 
0.238369 1 
0.173244 1 
0.10812 1 
0.068025 1 
0.0279299 1 
0.678544 1 
0.77965 1 
-0.0522603 1 
-0.170291 1 
0.888338 1 
0.484406 1 
-0.429911 1 
-0.757024 1 
0.577438 1 
0.997026 1 
1.5371 1 
-1.17694 1 
1.41745 1 
-1.28315 1 
-1.38936 1 
-3.68124 1 
-4 1 
-0.549036 1 
0.353123 1 
-3.18361 1 
3.72704 1 
-1.0108 1 
-1.52964 1 
-2.04609 1 
3.15442 1 
1.26496 1 
2.34803 1 
-2.25088 1 
-2.79366 1 
2.01356 1 
1.77569 1 
0.205806 1 
0.27662 1 
0.0479774 1 
0.729097 1 
-0.111276 1 
0.43789 1 
0.0880725 1 
-0.0121652 1 
-0.237668 1 
-0.367478 1 
-0.469619 1 
-0.714954 1 
-0.630814 1 
0.530922 1 
0.627991 1 
1.0513 1 
0.833994 1 
1.59693 1 
1.15986 1 
0.942682 1 
1.36662 1 
1.47728 1 
-1.33626 1 
-1.66992 1 
2.68631 1 
-3.44218 1 
-2.47201 1 
-3.92031 1 
-3.60155 1 
-3.76093 1 
-1.85765 1 
0.140682 1 
-0.806622 1 
-0.905817 1 
-1.12156 1 
-1.23005 1 
2.93179 1 
-1.43612 1 
3.3542 1 
ZONE T="boundary2"
4 -0.270395 
4 -0.377947 
4 -0.316991 
4 -0.2238 
4 -0.158691 
4 0.775752 
4 1 
4 -0.0142525 
4 -0.0864718 
4 -0.575938 
4 -0.712973 
4 -0.438903 
4 0.128661 
4 0.471586 
4 0.25513 
4 -0.875 
4 -1 
4 0.663628 
4 0.160278 
4 0.223513 
4 0.191896 
4 0.0572042 
4 0.289265 
4 0.323399 
4 0.391668 
4 0.357534 
4 0.551504 
4 -0.347469 
4 -0.247098 
4 -0.191246 
4 -0.0503622 
4 -0.293693 
4 -0.50742 
4 -0.644456 
4 -0.793987 
4 -0.9375 
4 0.887876 
4 0.239322 
4 0.14447 
4 0.0929325 
4 0.0214758 
4 0.306332 
4 0.207704 
4 0.176087 
4 0.374601 
4 0.340467 
4 0.431627 
4 0.511545 
4 0.607566 
4 0.71969 
4 -0.122581 
4 -0.408425 
4 0.272198 
ZONE T="boundary3"
-3.62386 -1 
-1.08661 -1 
-1.4215 -1 
0.66579 -1 
0.542583 -1 
-0.282069 -1 
-0.018532 -1 
-0.0717628 -1 
1.00495 -1 
1.10441 -1 
-3.14374 -1 
-2.90206 -1 
-0.487616 -1 
-2.01676 -1 
-1.84842 -1 
-1.69688 -1 
-1.29766 -1 
2.04835 -1 
2.34197 -1 
-2.42274 -1 
-2.1851 -1 
3.07232 -1 
3.68083 -1 
3.52124 -1 
2.78298 -1 
2.56248 -1 
1.90153 -1 
0.383502 -1 
0.104504 -1 
0.788998 -1 
0.240478 -1 
0.896975 -1 
-0.41015 -1 
-0.178224 -1 
-0.124993 -1 
-0.332684 -1 
-0.231455 -1 
0.172491 -1 
0.0429861 -1 
-0.647052 -1 
-4 -1 
-3.74924 -1 
-0.81133 -1 
-0.86609 -1 
-1.19214 -1 
-1.54533 -1 
-3.49848 -1 
1.20386 -1 
1.44833 -1 
1.60153 -1 
3.21699 -1 
3.36166 -1 
3.84041 -1 
4 -1 
1.3261 -1 
1.75472 -1 
-2.66038 -1 
-0.97635 -1 
-0.756571 -1 
2.92765 -1 
0.604186 -1 
-0.0451474 -1 
1.05468 -1 
-3.0229 -1 
-1.93259 -1 
-1.77265 -1 
2.19516 -1 
3.60104 -1 
2.45222 -1 
0.463042 -1 
0.727394 -1 
0.31199 -1 
0.842987 -1 
-0.151609 -1 
-0.371417 -1 
-0.20484 -1 
0.138498 -1 
0.012227 -1 
-0.567334 -1 
-0.256762 -1 
-3.87462 -1 
-1.2449 -1 
-1.13937 -1 
-1.35958 -1 
-1.48341 -1 
-1.6211 -1 
-3.56117 -1 
1.15414 -1 
0.950964 -1 
-3.32111 -1 
-3.68655 -1 
1.97494 -1 
1.52493 -1 
3.14465 -1 
3.44145 -1 
3.76062 -1 
3.92021 -1 
1.26498 -1 
2.67273 -1 
1.82813 -1 
-2.78122 -1 
-2.54156 -1 
-2.30392 -1 
-2.10093 -1 
-0.307377 -1 
0.206484 -1 
0.0737451 -1 
-0.92122 -1 
-0.783951 -1 
-1.03148 -1 
-0.83871 -1 
-0.701811 -1 
-0.448883 -1 
-0.0983781 -1 
2.85532 -1 
2.99999 -1 
3.28932 -1 
1.38721 -1 
1.67812 -1 
ZONE T="boundary4"
-0.159928 0.362156 
-0.135484 0.366094 
-0.634531 0.062795 
-0.636649 0.0407306 
-0.484544 0.282656 
-0.56884 0.21352 
0.627518 0.0609603 
0.627259 0.077348 
-0.528378 0.253102 
-0.542528 0.240911 
0.590601 0.206646 
-0.514093 0.263968 
-0.630884 0.0846948 
-0.556125 0.227626 
0.534316 0.286752 
-0.62567 0.106264 
-0.618869 0.127361 
-0.610506 0.147801 
0.544189 0.275917 
0.553527 0.264637 
-0.601598 0.165671 
-0.591663 0.182527 
-0.580704 0.198498 
0.473493 0.336361 
0.493911 0.322336 
0.573628 0.236202 
0.563893 0.250746 
0.582413 0.221656 
0.616327 0.142638 
0.620475 0.126545 
0.350528 0.387733 
0.373992 0.381252 
-0.321056 0.335805 
0.399566 0.372659 
-0.499545 0.273746 
-0.419403 0.311121 
-0.401805 0.316725 
-0.436753 0.304859 
-0.469208 0.290706 
-0.382246 0.322215 
-0.299212 0.339791 
-0.362516 0.327104 
0.60511 0.175118 
-0.184427 0.358263 
-0.20805 0.35455 
-0.341826 0.331671 
-0.277351 0.343519 
-0.110154 0.370224 
-0.0848624 0.374371 
0.0793841 0.398285 
0.0507253 0.394904 
0.625007 0.0283064 
0.622267 0.0121879 
-0.636561 -0.00350073 
0.598193 0.191119 
0.623727 0.110154 
0.450301 0.349909 
0.424824 0.362382 
0.524106 0.296946 
0.513434 0.306657 
0.168872 0.40476 
0.139099 0.403405 
0.109178 0.401202 
0.303861 0.397182 
0.327467 0.392936 
0.226418 0.404588 
0.254107 0.402986 
-0.254522 0.347231 
0.279019 0.400581 
0.198754 0.405166 
-0.45353 0.297984 
0.611121 0.159083 
0.626765 0.0445685 
0.625981 0.0938522 
-0.231734 0.350838 
-0.0586307 0.378655 
-0.0324057 0.382863 
-0.637303 0.0185883 
-0.00514769 0.387085 
0.0221649 0.391077 
-0.147704 0.364118 
-0.635777 0.0517809 
0.627515 0.0691558 
-0.535548 0.247116 
-0.562596 0.220674 
-0.628475 0.0955275 
-0.614885 0.137661 
0.548925 0.270332 
-0.60621 0.156814 
-0.58632 0.190606 
-0.549432 0.234375 
0.483829 0.329533 
0.56885 0.243534 
-0.574896 0.206106 
0.578101 0.228978 
0.618511 0.13462 
0.3623 0.384639 
0.386843 0.377147 
-0.492105 0.278303 
-0.506889 0.26896 
-0.410629 0.314001 
-0.42811 0.308078 
-0.476927 0.286778 
-0.392048 0.319552 
-0.31014 0.337836 
-0.372398 0.324728 
-0.196237 0.356403 
-0.122818 0.368154 
-0.0975077 0.372297 
0.0650463 0.396657 
-0.331449 0.333785 
-0.521317 0.258641 
-0.288285 0.341681 
-0.172176 0.360203 
-0.352184 0.329448 
0.623758 0.0202262 
0.594485 0.198926 
0.462022 0.34335 
0.412279 0.367726 
-0.622469 0.116877 
0.539318 0.281394 
0.503824 0.314684 
0.518826 0.301863 
0.529271 0.291909 
0.153979 0.404194 
0.0942715 0.399825 
0.339027 0.390465 
0.315686 0.395185 
0.240269 0.403921 
-0.265938 0.345392 
0.266574 0.401902 
0.212588 0.404998 
0.558802 0.25776 
-0.461412 0.294436 
0.613835 0.150895 
0.586589 0.214196 
0.622219 0.118373 
0.601748 0.18316 
0.608216 0.167138 
0.627268 0.0527582 
0.626746 0.0856095 
0.624975 0.10202 
-0.243128 0.349043 
0.626011 0.0364236 
-0.0717474 0.376519 
-0.0455203 0.380772 
0.291457 0.39901 
-0.632901 0.0737772 
-0.219891 0.352695 
-0.637102 0.00753836 
-0.0187809 0.384997 
0.00850274 0.389115 
0.12413 0.402401 
0.18381 0.40509 
0.437676 0.356378 
0.0364374 0.39304 
-0.44518 0.301515 
-0.596777 0.174185 
-0.637155 0.0296651 
ZONE T="boundary5"
-0.429125 -0.375087 
-0.517397 -0.285017 
-0.219735 -0.49575 
-0.242803 -0.486743 
-0.554511 -0.232962 
-0.542449 -0.251149 
-0.626658 -0.0690488 
-0.631171 -0.0473722 
-0.565976 -0.214406 
-0.614255 -0.111841 
-0.60645 -0.132947 
-0.621 -0.0905551 
-0.396006 -0.401098 
-0.305218 -0.457725 
-0.530229 -0.268297 
0.573992 -0.104603 
0.587413 -0.0808908 
-0.324717 -0.447133 
-0.264252 -0.477564 
-0.285399 -0.467716 
-0.119241 -0.525473 
-0.14602 -0.51899 
-0.343215 -0.436341 
-0.0922666 -0.530995 
-0.171327 -0.511925 
-0.196387 -0.504 
0.0509823 -0.543499 
-0.490253 -0.316749 
-0.475738 -0.332047 
0.608456 -0.0352114 
0.613955 -0.019572 
-0.504107 -0.301113 
-0.378875 -0.413309 
-0.361372 -0.424998 
0.602184 -0.0505572 
-0.460711 -0.346861 
-0.44515 -0.361226 
-0.412772 -0.388348 
0.43607 -0.338159 
0.357121 -0.434493 
0.332755 -0.454953 
-0.634493 -0.0255163 
0.545636 -0.149884 
0.401697 -0.386682 
0.0216235 -0.543302 
-0.0072545 -0.541886 
-0.0642439 -0.535676 
-0.0360955 -0.539301 
0.0801975 -0.542385 
0.109434 -0.539875 
0.196413 -0.522894 
0.224878 -0.513653 
0.138599 -0.53587 
0.167534 -0.530272 
0.41932 -0.363212 
0.253033 -0.502319 
0.307184 -0.47304 
0.380086 -0.411748 
0.280553 -0.488805 
0.391086 -0.399471 
-0.597623 -0.153853 
0.460364 -0.297186 
0.449741 -0.315729 
0.470681 -0.278437 
0.516142 -0.196769 
0.501333 -0.222068 
0.622267 0.0121879 
-0.636561 -0.00350073 
-0.577263 -0.194686 
0.485871 -0.250175 
0.531508 -0.171977 
0.618568 -0.00379108 
-0.587803 -0.174577 
0.559706 -0.127852 
-0.231306 -0.491341 
-0.548554 -0.242105 
-0.629059 -0.0582402 
-0.610475 -0.122439 
-0.623966 -0.0798375 
-0.523888 -0.276715 
0.580837 -0.0928222 
-0.274864 -0.472724 
-0.315009 -0.452504 
-0.132659 -0.522351 
-0.334007 -0.441807 
-0.105778 -0.528354 
-0.183891 -0.50807 
-0.158704 -0.515565 
-0.48306 -0.324459 
0.611307 -0.0274278 
-0.536413 -0.259776 
-0.510823 -0.293123 
-0.370168 -0.41922 
0.5951 -0.0658714 
-0.352337 -0.430739 
-0.452989 -0.354107 
-0.404439 -0.394788 
-0.468286 -0.339516 
0.345148 -0.444977 
-0.560318 -0.22373 
-0.437193 -0.368221 
0.0363028 -0.543561 
0.00717818 -0.542742 
-0.0782764 -0.533466 
-0.0501861 -0.537622 
0.0948319 -0.541309 
0.210722 -0.518509 
0.124044 -0.538065 
0.182031 -0.526805 
0.427851 -0.350793 
0.239056 -0.508237 
-0.387487 -0.407269 
0.368832 -0.423355 
0.320154 -0.464261 
0.294025 -0.481189 
0.39645 -0.393126 
-0.602152 -0.143449 
0.41068 -0.375079 
0.4551 -0.306486 
0.465555 -0.28783 
-0.421001 -0.381782 
0.443 -0.327004 
-0.208095 -0.49997 
0.508652 -0.209362 
-0.497248 -0.30899 
-0.635688 -0.0145233 
-0.571708 -0.204596 
0.493525 -0.236077 
0.538554 -0.160917 
0.620534 0.00417119 
-0.632984 -0.0364669 
0.385645 -0.405663 
-0.58263 -0.184682 
0.552695 -0.138881 
0.616371 -0.0117137 
0.605411 -0.0429217 
-0.295346 -0.462796 
-0.617757 -0.101239 
-0.253563 -0.482237 
0.523761 -0.18433 
-0.592822 -0.164266 
0.0655973 -0.54311 
0.566927 -0.116274 
0.153107 -0.533275 
0.266921 -0.495824 
-0.021687 -0.540736 
0.478288 -0.264312 
