ZONE T="boundary0"
-4 -0.384133 
-4 0.633744 
-4 0.511659 
-4 -0.159211 
-4 -0.205219 
-4 -0.435956 
-4 -0.530304 
-4 0.23373 
-4 0.366318 
-4 0.333171 
-4 0.755829 
-4 1 
-4 -0.291768 
-4 -0.332309 
-4 -0.251227 
-4 -0.103567 
-4 -0.624652 
-4 -0.812326 
-4 0.300024 
-4 0.438989 
-4 -0.0479231 
-4 -1 
-4 0.19823 
-4 0.162729 
-4 0.127228 
-4 0.0917272 
-4 0.266877 
-4 0.0568146 
-4 0.0219021 
-4 0.572701 
-4 -0.182215 
-4 0.349745 
-4 0.877915 
-4 -0.312039 
-4 -0.271497 
-4 -0.410045 
-4 -0.48313 
-4 -0.358221 
-4 -0.577478 
-4 0.694787 
-4 -0.906163 
-4 -0.228223 
-4 0.21598 
-4 0.109478 
-4 0.283451 
-4 0.316598 
-4 0.402653 
-4 0.180479 
-4 0.144978 
-4 0.0742709 
-4 0.0393584 
-4 -0.0130105 
-4 0.250304 
-4 0.475324 
-4 -0.131389 
-4 -0.0757451 
-4 -0.718489 
ZONE T="boundary1"
1.5371 1 
0.120635 1 
0.173244 1 
0.314872 1 
-0.591106 1 
-0.672884 1 
1.42645 1 
-0.305045 1 
-0.241849 1 
-3.68124 1 
-4 1 
3.76363 1 
3.64545 1 
3.52726 1 
2.39633 1 
2.22909 1 
2.80905 1 
2.56357 1 
-1.95187 1 
-2.14031 1 
3.2909 1 
3.05453 1 
-2.77755 1 
-2.97253 1 
-3.36249 1 
-3.16751 1 
-2.36144 1 
0.484406 1 
-0.509328 1 
-0.407186 1 
0.888338 1 
0.783441 1 
0.678544 1 
-0.764552 1 
-0.961199 1 
-0.856219 1 
0.00788233 1 
0.068025 1 
0.244058 1 
-0.0522603 1 
0.357255 1 
0.581475 1 
0.399639 1 
1.10558 1 
0.996958 1 
1.31579 1 
1.21069 1 
1.71586 1 
1.89462 1 
-1.06618 1 
-2.58258 1 
-1.62316 1 
-1.76344 1 
-1.17467 1 
-1.28315 1 
-1.48288 1 
-0.178652 1 
-0.115456 1 
2.06186 1 
3.88182 1 
4 1 
0.146939 1 
-0.631995 1 
-0.273447 1 
3.70454 1 
2.31271 1 
2.68631 1 
-2.04609 1 
3.17271 1 
-2.87504 1 
-3.265 1 
-0.458257 1 
0.835889 1 
-0.718718 1 
-0.810385 1 
-0.550217 1 
0.0943298 1 
0.279465 1 
-0.022189 1 
0.0379536 1 
0.336063 1 
0.630009 1 
0.442023 1 
1.05127 1 
0.730992 1 
1.37112 1 
1.15813 1 
1.48177 1 
1.62648 1 
1.80524 1 
-0.908709 1 
-2.47201 1 
-3.52187 1 
-3.07002 1 
-2.68007 1 
-1.6933 1 
-2.25088 1 
-1.38302 1 
-1.12042 1 
-1.22891 1 
-3.84062 1 
2.47995 1 
2.93179 1 
0.208651 1 
-0.356115 1 
-0.210251 1 
0.378447 1 
0.532941 1 
-0.147054 1 
-0.0838583 1 
-1.85765 1 
2.14548 1 
1.97824 1 
-1.55302 1 
0.942648 1 
1.26324 1 
3.40908 1 
-1.01369 1 
3.94091 1 
3.82272 1 
3.58636 1 
ZONE T="boundary2"
4 -0.438903 
4 -0.316991 
4 -0.347469 
4 -0.856487 
4 -0.712973 
4 0.160278 
4 0.108741 
4 0.223513 
4 0.289265 
4 0.357534 
4 0.567607 
4 0.663628 
4 -0.377947 
4 -1 
4 0.0572042 
4 0.471586 
4 0.41456 
4 -0.293693 
4 -0.270395 
4 -0.0864718 
4 -0.0146338 
4 -0.575938 
4 -0.2238 
4 -0.247098 
4 -0.189468 
4 -0.155136 
4 0.831814 
4 1 
4 -0.33223 
4 -0.78473 
4 0.13451 
4 0.191896 
4 0.256389 
4 0.323399 
4 0.615618 
4 -0.408425 
4 -0.928243 
4 0.443073 
4 0.519597 
4 0.386047 
4 -0.282044 
4 -0.0505528 
4 -0.644456 
4 -0.50742 
4 -0.235449 
4 -0.258747 
4 -0.172302 
4 -0.206634 
4 -0.120804 
4 -0.305342 
4 -0.362708 
4 0.0829727 
4 0.0212852 
4 0.747721 
4 0.915907 
ZONE T="boundary3"
-3.81193 -1 
-3.62386 -1 
-0.0717628 -1 
-0.231455 -1 
-0.41015 -1 
-0.332684 -1 
0.104504 -1 
0.172491 -1 
-0.756571 -1 
3.52124 -1 
0.0429861 -1 
0.896975 -1 
-2.01676 -1 
2.04835 -1 
1.90153 -1 
3.76062 -1 
4 -1 
3.21699 -1 
2.56248 -1 
-1.69688 -1 
-2.42274 -1 
-2.1851 -1 
-2.90206 -1 
-0.018532 -1 
0.240478 -1 
0.39153 -1 
0.542583 -1 
0.66579 -1 
0.788998 -1 
-0.124993 -1 
-0.487616 -1 
-0.622093 -1 
-0.86609 -1 
-0.97635 -1 
1.00495 -1 
-1.08661 -1 
-3.3838 -1 
-3.14374 -1 
1.20386 -1 
1.3261 -1 
1.44833 -1 
1.60153 -1 
1.75472 -1 
-4 -1 
-1.4215 -1 
-1.29766 -1 
-1.54533 -1 
-1.19214 -1 
-2.66038 -1 
2.17688 -1 
2.30541 -1 
2.92765 -1 
2.74506 -1 
-1.84842 -1 
3.36912 -1 
3.07232 -1 
0.316004 -1 
-2.78122 -1 
-3.7179 -1 
-0.371417 -1 
0.138498 -1 
-0.282069 -1 
1.97494 -1 
3.88031 -1 
-2.30392 -1 
0.012227 -1 
0.206484 -1 
0.727394 -1 
-0.0451474 -1 
-0.0983781 -1 
0.0737451 -1 
-0.178224 -1 
-0.448883 -1 
-0.92122 -1 
-0.689332 -1 
-0.554855 -1 
0.467056 -1 
0.950964 -1 
0.842987 -1 
-1.03148 -1 
0.604186 -1 
-3.26377 -1 
1.10441 -1 
1.38721 -1 
-3.50383 -1 
1.52493 -1 
1.67812 -1 
-3.90597 -1 
-1.35958 -1 
-1.48341 -1 
-1.13937 -1 
-2.54156 -1 
3.64093 -1 
2.24114 -1 
2.83636 -1 
2.65377 -1 
2.43394 -1 
-3.0229 -1 
-2.10093 -1 
-1.77265 -1 
-1.93259 -1 
1.82813 -1 
3.14465 -1 
2.99999 -1 
0.278241 -1 
0.353767 -1 
-0.81133 -1 
-2.7208 -1 
1.26498 -1 
-2.84164 -1 
2.11261 -1 
-1.2449 -1 
-1.6211 -1 
3.44518 -1 
3.29305 -1 
ZONE T="boundary4"
-0.612235 0.119694 
0.626116 0.0976007 
0.627265 0.0810442 
0.606131 0.179508 
0.599465 0.195723 
-0.353815 0.320603 
-0.333395 0.326318 
-0.532785 0.230165 
-0.546631 0.217197 
-0.269847 0.342078 
-0.24741 0.347201 
-0.634036 -0.00904303 
-0.634146 0.0128155 
-0.459369 0.2801 
0.621743 0.0159019 
0.624631 0.031979 
-0.427202 0.295106 
-0.619732 0.0990742 
-0.632826 0.03468 
-0.630015 0.0564167 
0.592141 0.211489 
-0.625658 0.0779363 
-0.410022 0.301984 
-0.392633 0.308304 
0.556082 0.270556 
0.566236 0.256389 
-0.603208 0.139621 
-0.59374 0.157007 
0.546895 0.282073 
0.537149 0.293152 
-0.583305 0.173384 
-0.571904 0.188889 
0.516457 0.313553 
0.575717 0.241568 
-0.130473 0.37254 
-0.105605 0.377717 
-0.518469 0.242145 
-0.504106 0.252923 
-0.489553 0.262736 
-0.443437 0.287919 
0.620901 0.13047 
0.616925 0.146689 
0.623999 0.113979 
-0.474607 0.271794 
-0.373296 0.314703 
-0.312904 0.331674 
-0.154497 0.367458 
-0.0807202 0.382782 
-0.0549027 0.387871 
0.476683 0.344134 
0.453503 0.358146 
-0.291384 0.33699 
0.626522 0.0482257 
-0.224984 0.352199 
0.427991 0.371092 
0.40266 0.381799 
0.0532893 0.406095 
0.081769 0.409682 
0.376987 0.390792 
0.527043 0.303592 
0.497042 0.329672 
0.171124 0.41623 
0.141318 0.414933 
0.111476 0.412713 
0.201017 0.416507 
0.228783 0.415755 
0.306524 0.407639 
0.330245 0.403112 
0.353417 0.397607 
-0.559661 0.203477 
0.256545 0.413938 
0.281564 0.411301 
-0.0020911 0.397527 
0.61192 0.163289 
0.58423 0.226755 
0.627401 0.0646252 
-0.178524 0.362315 
-0.201748 0.35729 
-0.0290298 0.392749 
0.0249406 0.401945 
0.626816 0.0893311 
0.602892 0.187654 
-0.343619 0.32351 
-0.539801 0.223781 
-0.258632 0.344657 
-0.634265 0.00188538 
0.62331 0.0239183 
-0.633669 0.0237587 
0.59589 0.203646 
-0.628031 0.067216 
-0.401351 0.305209 
0.561256 0.263542 
-0.607913 0.129744 
-0.622892 0.0885604 
0.542089 0.287672 
-0.577732 0.18123 
0.551558 0.27637 
-0.588661 0.165284 
0.57107 0.249038 
-0.598625 0.148397 
-0.61618 0.109455 
-0.118042 0.37514 
-0.511357 0.247627 
-0.49689 0.25792 
0.61902 0.138606 
-0.435353 0.291588 
0.622566 0.122246 
-0.482134 0.267354 
-0.418641 0.298619 
-0.32316 0.329035 
-0.382987 0.311571 
-0.0931657 0.380266 
-0.067816 0.38535 
-0.142487 0.370007 
-0.525708 0.236253 
0.465224 0.351356 
-0.280621 0.339557 
-0.302152 0.334364 
-0.467034 0.276031 
-0.363573 0.317709 
-0.2362 0.349712 
0.415414 0.376654 
0.0675196 0.407965 
0.389891 0.38649 
0.532157 0.298431 
0.506906 0.321801 
0.521807 0.308633 
0.156216 0.415702 
0.096613 0.411293 
0.186069 0.416503 
0.341863 0.400493 
0.318409 0.405504 
-0.565897 0.196279 
0.269068 0.412742 
0.242673 0.414985 
0.61453 0.155021 
0.609123 0.171433 
0.627089 0.0564186 
0.627459 0.0728358 
-0.190137 0.359809 
0.580056 0.234209 
0.625176 0.105805 
0.588268 0.219164 
0.486994 0.337089 
0.625703 0.0400876 
0.365245 0.394349 
-0.041972 0.390341 
0.0114168 0.399787 
-0.166512 0.364894 
0.294063 0.409602 
-0.213368 0.354753 
0.0391054 0.404086 
0.440866 0.364853 
-0.0155678 0.395179 
0.214903 0.416259 
0.126389 0.413931 
-0.451443 0.284092 
-0.63161 0.0455728 
-0.553249 0.210434 
ZONE T="boundary5"
-0.223866 -0.501791 
-0.246962 -0.492812 
-0.614317 -0.116765 
-0.606926 -0.137827 
-0.479137 -0.337316 
-0.416665 -0.393961 
-0.399987 -0.406793 
-0.532913 -0.273323 
-0.520287 -0.290083 
-0.620617 -0.0955453 
-0.625796 -0.0741307 
-0.629794 -0.0525727 
-0.598488 -0.15871 
-0.589034 -0.179431 
0.585283 -0.0761487 
0.5711 -0.0992799 
-0.544912 -0.256131 
-0.448826 -0.366663 
-0.507175 -0.30624 
-0.493496 -0.321937 
-0.268431 -0.483638 
-0.289589 -0.473773 
-0.200482 -0.509984 
-0.309405 -0.46375 
-0.0682346 -0.540731 
-0.0962391 -0.536343 
-0.632562 -0.0308693 
-0.175386 -0.517814 
-0.123237 -0.531049 
-0.150039 -0.524749 
0.421073 -0.330091 
-0.634036 -0.00904303 
-0.464259 -0.352209 
-0.43292 -0.38061 
0.621743 0.0159019 
-0.34736 -0.442262 
-0.328892 -0.45311 
-0.382923 -0.419088 
-0.365478 -0.430849 
0.377811 -0.391102 
0.617872 -6.85781e-06 
0.388118 -0.377944 
0.436067 -0.305738 
-0.0113421 -0.546167 
0.0174138 -0.54709 
0.0755552 -0.544938 
-0.0401083 -0.544007 
0.0465887 -0.546707 
0.104462 -0.541691 
0.133207 -0.536868 
-0.578832 -0.199561 
-0.567874 -0.219306 
0.189882 -0.522034 
0.161626 -0.530378 
0.217615 -0.511775 
0.271522 -0.484784 
0.458079 -0.268307 
0.345091 -0.427402 
0.32171 -0.448831 
0.297158 -0.46795 
0.36718 -0.40378 
0.405405 -0.353916 
0.55587 -0.121805 
0.447136 -0.287062 
-0.556702 -0.237906 
0.508316 -0.188225 
0.540683 -0.143083 
0.525307 -0.164297 
0.607325 -0.0311813 
0.600775 -0.0463415 
0.613061 -0.0156839 
0.593361 -0.0614161 
0.491847 -0.212693 
0.474633 -0.240228 
0.244934 -0.499377 
-0.235452 -0.497399 
-0.610747 -0.12734 
-0.408377 -0.400443 
-0.526676 -0.281761 
-0.6176 -0.106194 
-0.623347 -0.0848721 
-0.627944 -0.0633792 
-0.593872 -0.169121 
0.578346 -0.0878094 
-0.602825 -0.148316 
-0.500404 -0.314148 
-0.27905 -0.478791 
-0.0822583 -0.538674 
-0.187969 -0.51401 
-0.136667 -0.528023 
-0.44093 -0.373701 
-0.513803 -0.29822 
-0.486382 -0.329688 
-0.338168 -0.447757 
-0.538989 -0.264781 
-0.31919 -0.458507 
-0.631335 -0.041741 
-0.424846 -0.387351 
-0.391503 -0.413007 
-0.456602 -0.3595 
-0.299536 -0.468839 
-0.356464 -0.436626 
0.428644 -0.317959 
0.0030308 -0.546786 
-0.0257366 -0.545239 
-0.212208 -0.505985 
0.118869 -0.539482 
-0.573442 -0.209483 
0.175822 -0.526436 
0.333613 -0.438348 
0.284508 -0.476624 
0.356355 -0.415797 
0.383017 -0.384564 
0.37255 -0.397487 
0.563584 -0.11061 
0.441626 -0.296415 
-0.562364 -0.228652 
0.452614 -0.277688 
0.396907 -0.366035 
-0.633465 -0.0199674 
0.532992 -0.153688 
0.604147 -0.0388033 
0.61558 -0.00788016 
0.6103 -0.0234723 
0.619927 0.00791836 
-0.47176 -0.344825 
-0.374246 -0.425036 
0.548319 -0.132474 
-0.550885 -0.247069 
0.413345 -0.342073 
0.589399 -0.0688233 
0.516757 -0.176222 
-0.584032 -0.189546 
-0.257733 -0.488312 
0.499988 -0.200395 
0.483121 -0.226386 
-0.0541878 -0.54251 
0.0900298 -0.543504 
0.0610828 -0.546 
0.258369 -0.492339 
0.231389 -0.505829 
-0.162743 -0.521394 
-0.109763 -0.533822 
0.147466 -0.533837 
0.0320035 -0.547069 
0.203838 -0.517145 
0.309627 -0.458638 
0.597156 -0.0539253 
0.466303 -0.254237 
