ZONE T="boundary0"
-4 -0.429554 
-4 -0.316356 
-4 -0.246183 
-4 -0.175378 
-4 0.208574 
-4 0.166569 
-4 0.392612 
-4 0.349097 
-4 0.436127 
-4 0.523157 
-4 -0.104574 
-4 -0.717258 
-4 1 
-4 0.761579 
-4 -0.542751 
-4 0.0992566 
-4 0.0319439 
-4 -0.0363151 
-4 0.299838 
-4 0.250579 
-4 -0.372955 
-4 -0.858629 
-4 0.642368 
-4 -1 
-4 -0.281269 
-4 -0.21078 
-4 0.187572 
-4 0.370855 
-4 0.479642 
-4 0.880789 
-4 -0.486153 
-4 0.0656002 
-4 -0.0704446 
-4 0.229577 
-4 0.275209 
-4 0.41437 
-4 0.324468 
-4 -0.401254 
-4 -0.630005 
-4 -0.00218564 
-4 0.582762 
-4 -0.787943 
-4 -0.929314 
-4 0.132913 
-4 -0.344655 
-4 -0.139976 
-4 0.701973 
ZONE T="boundary1"
1.3144 1 
1.43249 1 
3.50955 1 
1.19631 1 
-0.960834 1 
-0.910801 1 
0.386221 1 
0.259638 1 
-0.762415 1 
-0.860769 1 
0.639393 1 
-4 1 
0.980695 1 
-2.96017 1 
3.34606 1 
3.06114 1 
-1.83769 1 
-2.19102 1 
-3.63378 1 
-3.75586 1 
-2.39435 1 
1.8857 1 
1.70444 1 
4 1 
3.67303 1 
-2.59768 1 
2.59168 1 
2.82641 1 
2.32932 1 
-0.46542 1 
-0.541382 1 
-0.389458 1 
-0.318211 1 
0.182762 1 
-0.181744 1 
-0.246965 1 
-0.116523 1 
0.0154279 1 
-0.0505475 1 
0.105887 1 
0.552063 1 
-1.0362 1 
0.726723 1 
-0.627738 1 
-0.695076 1 
-1.11157 1 
-1.31086 1 
-1.21121 1 
1.0885 1 
0.853709 1 
-1.43082 1 
-1.69424 1 
-3.37383 1 
-3.51171 1 
-3.23594 1 
-1.55079 1 
-1.62251 1 
2.19814 1 
2.06696 1 
1.37345 1 
-0.935818 1 
0.32293 1 
-0.811592 1 
3.42781 1 
-2.01435 1 
-3.69482 1 
1.79507 1 
3.83652 1 
-2.77893 1 
2.4605 1 
-0.503401 1 
-0.353834 1 
0.2212 1 
-0.214354 1 
-0.0175598 1 
0.0606575 1 
0.144325 1 
0.469142 1 
-0.885785 1 
-0.58456 1 
-0.661407 1 
-1.07388 1 
-0.998517 1 
-1.26104 1 
0.595728 1 
0.683058 1 
1.0346 1 
0.917202 1 
1.1424 1 
-1.37084 1 
3.59129 1 
1.56847 1 
-1.76596 1 
-3.44277 1 
-2.49602 1 
-2.29269 1 
2.70905 1 
2.94378 1 
-3.09806 1 
-0.728746 1 
-0.0835352 1 
-0.427439 1 
-1.16139 1 
-0.149133 1 
-0.282588 1 
0.790216 1 
1.25535 1 
-1.4908 1 
-1.65837 1 
-3.30488 1 
-3.57275 1 
2.13255 1 
-1.58665 1 
-3.87793 1 
1.97633 1 
2.26373 1 
3.2036 1 
ZONE T="boundary2"
4 -0.279069 
4 -0.231856 
4 0.791131 
4 0.582261 
4 -0.177244 
4 0.0343034 
4 0.227345 
4 0.171299 
4 1 
4 -1 
4 -0.775007 
4 -0.122632 
4 -0.0441645 
4 -0.326282 
4 -0.438147 
4 0.390345 
4 0.486303 
4 0.102801 
4 -0.550013 
4 0.283391 
4 0.336868 
4 0.438324 
4 -0.255462 
4 0.686696 
4 0.199322 
4 -0.887503 
4 -0.149938 
4 -0.0833985 
4 -0.20455 
4 -0.00493055 
4 -0.302675 
4 -0.382215 
4 0.534282 
4 0.13705 
4 -0.49408 
4 0.895565 
4 0.255368 
4 0.31013 
4 0.363607 
4 0.462314 
4 0.414335 
4 0.0685524 
4 -0.66251 
ZONE T="boundary3"
-3.50504 -1 
0.127752 -1 
0.320804 -1 
-1.06966 -1 
-0.121137 -1 
0.461617 -1 
0.536686 -1 
0.70247 -1 
1.17222 -1 
-0.335363 -1 
-0.25325 -1 
-0.417476 -1 
-3.875 -1 
-3.75252 -1 
-0.619516 -1 
3.0547 -1 
3.46709 -1 
1.77019 -1 
2.10447 -1 
2.47742 -1 
2.82822 -1 
4 -1 
-2.04317 -1 
-1.91018 -1 
2.35311 -1 
-2.21248 -1 
-2.38179 -1 
-2.55111 -1 
-2.72042 -1 
-2.95278 -1 
0.386548 -1 
0.255061 -1 
0.191406 -1 
0.619578 -1 
0.578132 -1 
-0.187193 -1 
-0.0589535 -1 
0.0032299 -1 
-0.518496 -1 
0.0654911 -1 
0.661024 -1 
0.785363 -1 
-0.730291 -1 
-0.841067 -1 
-1.17701 -1 
-3.62878 -1 
-0.955363 -1 
1.07602 -1 
0.972138 -1 
0.743917 -1 
-4 -1 
1.62955 -1 
-1.3978 -1 
-1.28436 -1 
-1.64422 -1 
-1.51123 -1 
1.26842 -1 
1.48891 -1 
1.37867 -1 
-1.7772 -1 
-3.18515 -1 
2.60174 -1 
3.73355 -1 
0.868255 -1 
3.60032 -1 
0.499151 -1 
-0.294307 -1 
-0.376419 -1 
-3.81376 -1 
3.26089 -1 
1.93733 -1 
2.94146 -1 
-1.97667 -1 
-2.46645 -1 
-2.8366 -1 
0.424083 -1 
0.287933 -1 
0.353676 -1 
0.159579 -1 
0.598855 -1 
-0.154165 -1 
-0.0278618 -1 
-0.220222 -1 
-0.467986 -1 
0.0966217 -1 
0.681747 -1 
-0.569006 -1 
-0.674904 -1 
-3.56691 -1 
-0.898215 -1 
-1.01251 -1 
1.02408 -1 
-3.9375 -1 
1.69987 -1 
-1.34108 -1 
-1.12333 -1 
-1.23069 -1 
-1.57772 -1 
1.12412 -1 
1.22032 -1 
1.43379 -1 
2.22879 -1 
-3.69065 -1 
-3.3451 -1 
2.53958 -1 
-2.63576 -1 
2.41527 -1 
2.71498 -1 
-3.06897 -1 
-0.0900452 -1 
0.76464 -1 
0.223234 -1 
0.557409 -1 
0.0343605 -1 
0.640301 -1 
0.826809 -1 
0.723193 -1 
0.920197 -1 
3.53371 -1 
3.86677 -1 
-1.45451 -1 
1.32354 -1 
1.55923 -1 
-0.785679 -1 
3.66693 -1 
-1.71071 -1 
-2.29714 -1 
-2.12782 -1 
-1.84369 -1 
ZONE T="boundary4"
-0.637338 0.0733784 
0.578393 0.0703991 
-0.634664 0.0320328 
-0.636467 0.0526711 
-0.636102 0.114717 
-0.355395 0.344668 
-0.33951 0.341934 
-0.63723 0.0941074 
-0.633917 0.135126 
-0.446242 0.348579 
-0.401894 0.349829 
-0.548268 0.306452 
-0.537378 0.314699 
-0.47458 0.343387 
-0.631975 0.0115497 
-0.630822 0.1543 
-0.595355 0.251127 
-0.287853 0.33173 
-0.269805 0.328212 
-0.386895 0.348746 
-0.610209 0.22206 
-0.622151 0.189641 
-0.626889 0.172415 
-0.616515 0.206385 
-0.603082 0.237122 
-0.488051 0.339449 
-0.525923 0.322135 
-0.586865 0.264372 
-0.577955 0.276365 
-0.568373 0.287524 
-0.558642 0.297355 
-0.431572 0.349826 
-0.513775 0.328809 
-0.501385 0.334483 
0.504654 0.250989 
0.512816 0.241226 
0.468364 0.285606 
-0.460409 0.346474 
-0.37132 0.346995 
-0.107741 0.316035 
-0.0797272 0.318152 
-0.133646 0.315118 
-0.159964 0.31531 
-0.206303 0.318513 
-0.183753 0.316499 
-0.22895 0.321355 
-0.249381 0.324545 
-0.305847 0.33536 
0.487439 0.268999 
0.520558 0.231121 
0.534493 0.210442 
0.54694 0.188309 
-0.416974 0.350217 
0.00165024 0.329243 
-0.024628 0.325057 
-0.322666 0.338729 
0.261388 0.356582 
0.0278918 0.333722 
0.391597 0.329438 
0.406358 0.323168 
0.0533459 0.338157 
0.0789031 0.342511 
0.478098 0.27752 
0.448346 0.300082 
0.178709 0.355372 
0.155688 0.353267 
0.132847 0.350587 
0.105773 0.346786 
0.376557 0.335007 
0.361762 0.339752 
0.294611 0.353609 
0.228893 0.357437 
0.203708 0.35687 
0.320557 0.349612 
0.346784 0.343877 
0.55722 0.165882 
0.577555 0.0221482 
0.57878 0.0462442 
0.574992 -0.00190792 
0.571902 0.118864 
0.576154 0.0946966 
0.427581 0.31257 
0.565665 0.14239 
-0.0520408 0.321233 
-0.63568 0.0423447 
-0.347446 0.343343 
-0.637409 0.0837469 
-0.635145 0.12494 
-0.542898 0.310672 
-0.633428 0.0217796 
-0.632497 0.144737 
-0.278832 0.329947 
-0.628977 0.163387 
-0.619452 0.198056 
-0.599329 0.244187 
-0.60676 0.229647 
-0.531719 0.31852 
-0.591222 0.257823 
-0.582513 0.270447 
-0.563593 0.292524 
-0.438922 0.349314 
-0.573264 0.282031 
-0.553536 0.301996 
-0.507633 0.331757 
0.508788 0.246152 
-0.467525 0.345052 
-0.379104 0.347943 
-0.494767 0.337087 
-0.0937192 0.316957 
-0.146799 0.315068 
-0.171857 0.315783 
-0.239172 0.322883 
-0.296851 0.333539 
0.496249 0.260186 
-0.453348 0.34764 
0.527731 0.220921 
-0.481354 0.341535 
-0.424281 0.350121 
-0.409437 0.350117 
-0.394394 0.349368 
-0.636797 0.104423 
-0.0114817 0.327101 
-0.519913 0.325583 
-0.314255 0.337056 
-0.195032 0.317401 
0.0147725 0.331458 
-0.637022 0.0630229 
0.399014 0.326393 
0.0661166 0.340357 
0.482818 0.273313 
0.473278 0.281619 
-0.259599 0.326328 
0.458515 0.293062 
0.167187 0.354399 
0.144256 0.351993 
0.0923255 0.344697 
-0.613475 0.21427 
0.369183 0.337459 
0.278019 0.355378 
0.245141 0.357246 
0.333716 0.346961 
0.51674 0.236214 
0.552312 0.177203 
0.578353 0.0341894 
0.578803 0.0583272 
0.574283 0.106827 
0.438092 0.306537 
0.0406159 0.33594 
0.191197 0.35623 
0.216293 0.357279 
0.576421 0.0101077 
-0.120683 0.315444 
0.119294 0.348759 
0.307611 0.351802 
0.577515 0.0825719 
0.354295 0.341891 
0.569034 0.130694 
-0.0658692 0.319583 
-0.0383226 0.323064 
-0.331085 0.340361 
0.540944 0.199504 
-0.363354 0.345891 
-0.624638 0.181064 
0.561696 0.154228 
0.384111 0.332309 
-0.217633 0.319837 
0.41707 0.318068 
ZONE T="boundary5"
-0.582728 -0.144673 
-0.591317 -0.125995 
-0.381694 -0.394547 
-0.40256 -0.377607 
-0.364148 -0.407852 
0.55423 -0.123562 
-0.539586 -0.221389 
-0.552211 -0.201106 
0.332786 -0.547976 
0.360524 -0.538462 
-0.624097 -0.0288812 
-0.628439 -0.00877236 
-0.618994 -0.0487308 
-0.631975 0.0115497 
-0.59926 -0.107064 
-0.524047 -0.244635 
-0.276653 -0.463452 
-0.256672 -0.473994 
-0.295037 -0.453099 
-0.32981 -0.431664 
-0.313125 -0.442265 
0.541577 -0.331924 
0.544209 -0.313932 
-0.144082 -0.521417 
-0.346206 -0.420644 
-0.118225 -0.529793 
-0.192194 -0.50346 
-0.214439 -0.494035 
-0.236393 -0.483983 
-0.606546 -0.0878486 
-0.564177 -0.180449 
-0.57373 -0.162693 
0.53802 -0.34916 
0.401523 -0.519871 
-0.422768 -0.359923 
0.467465 -0.472704 
0.484868 -0.454329 
-0.48003 -0.30141 
-0.502722 -0.273737 
0.428397 -0.50387 
-0.613126 -0.0684203 
0.500498 -0.434084 
0.52702 -0.384331 
0.305598 -0.555376 
0.510499 -0.418395 
0.387597 -0.52688 
0.374184 -0.532931 
0.120408 -0.57097 
0.0873723 -0.568976 
-0.168274 -0.512788 
0.0554042 -0.565903 
0.0235342 -0.561746 
-0.0363146 -0.550998 
0.21783 -0.569177 
0.278138 -0.561203 
0.248809 -0.56584 
-0.092125 -0.537403 
-0.0643233 -0.54462 
0.547364 -0.207205 
0.41509 -0.512238 
0.441214 -0.494855 
0.454695 -0.484178 
0.519327 -0.401872 
0.548549 -0.1778 
0.551056 -0.148435 
0.558186 -0.0988337 
0.533439 -0.365971 
0.546776 -0.278776 
0.545923 -0.295524 
0.574992 -0.00190792 
0.571397 -0.026015 
0.567145 -0.0501217 
0.562603 -0.0744173 
-0.0064692 -0.556841 
-0.44291 -0.340892 
-0.462261 -0.321098 
0.547165 -0.243133 
0.185744 -0.571132 
0.153453 -0.571708 
-0.5871 -0.135369 
-0.392205 -0.386172 
-0.372971 -0.401264 
-0.545977 -0.211295 
0.346741 -0.543459 
-0.626368 -0.0188462 
-0.621641 -0.0388287 
-0.531919 -0.233079 
-0.28588 -0.458337 
-0.321502 -0.437018 
0.543018 -0.32295 
-0.304118 -0.447743 
-0.338044 -0.426207 
-0.131185 -0.525702 
-0.2667 -0.468793 
-0.225453 -0.489088 
-0.602989 -0.097487 
-0.55828 -0.190826 
-0.56902 -0.171606 
-0.5783 -0.153717 
-0.412747 -0.368858 
0.476392 -0.46373 
-0.491568 -0.287728 
-0.616152 -0.0586014 
0.31925 -0.551879 
0.380922 -0.529973 
0.103883 -0.570126 
0.0713761 -0.567577 
0.0394525 -0.563958 
0.263506 -0.563708 
-0.59537 -0.116562 
-0.609925 -0.0781629 
0.492943 -0.444409 
0.367381 -0.535761 
-0.0782515 -0.541117 
0.3946 -0.523454 
0.408352 -0.516135 
0.448036 -0.489619 
0.421797 -0.508138 
0.523343 -0.393178 
0.505648 -0.426336 
0.515071 -0.41022 
0.461171 -0.478542 
0.54963 -0.163104 
0.552531 -0.135983 
0.530403 -0.375215 
0.535865 -0.357605 
0.434866 -0.499447 
0.546423 -0.287157 
0.545178 -0.304742 
0.539928 -0.340572 
-0.355224 -0.414313 
0.291909 -0.558473 
0.573299 -0.0139738 
0.556126 -0.111184 
-0.630312 0.00137289 
-0.156209 -0.51719 
-0.180269 -0.508212 
0.233342 -0.567695 
-0.246568 -0.479058 
-0.20335 -0.498827 
0.564881 -0.0622678 
0.560354 -0.0866149 
0.569327 -0.0380742 
0.00851371 -0.559411 
-0.0214145 -0.554037 
-0.432933 -0.350506 
-0.452686 -0.331091 
-0.105203 -0.533694 
-0.513576 -0.259323 
0.547804 -0.192499 
0.54716 -0.225174 
-0.0503427 -0.547914 
-0.471244 -0.311341 
0.2018 -0.570334 
0.136929 -0.571501 
0.169603 -0.571586 
0.547132 -0.260968 
