ZONE T="boundary0"
-4 -0.33078 
-4 -0.28651 
-4 0.324327 
-4 0.392815 
-4 0.254891 
-4 0.663922 
-4 0.831961 
-4 0.461303 
-4 -0.0933482 
-4 -0.37505 
-4 -0.788309 
-4 1 
-4 0.184152 
-4 0.562612 
-4 -0.24434 
-4 -0.475834 
-4 -0.202171 
-4 -0.147759 
-4 0.113414 
-4 0.0100327 
-4 -1 
-4 -0.576617 
-4 0.358571 
-4 0.289609 
-4 0.747941 
-4 0.511957 
-4 0.219521 
-4 -0.265425 
-4 -0.352915 
-4 -0.425442 
-4 -0.174965 
-4 -0.223255 
-4 -0.120554 
-4 0.0617232 
-4 0.427059 
-4 0.613267 
-4 0.91598 
-4 -0.894154 
-4 -0.682463 
-4 -0.308645 
-4 -0.526225 
-4 -0.0416578 
-4 0.148783 
ZONE T="boundary1"
1.5397 1 
1.72901 1 
3.76849 1 
3.53699 1 
0.703049 1 
1.91832 1 
1.35839 1 
0.190623 1 
0.254678 1 
1.23687 1 
1.11535 1 
-3.66272 1 
-3.53241 1 
2.85366 1 
2.63334 1 
1.02481 1 
0.934263 1 
-1.71452 1 
-4 1 
-3.17979 1 
-3.40209 1 
3.07398 1 
3.30548 1 
-2.49429 1 
-2.72589 1 
-2.16089 1 
2.38987 1 
2.1464 1 
-1.99437 1 
-0.22302 1 
0.126568 1 
-0.41674 1 
0.868031 1 
0.801798 1 
0.752424 1 
0.6043 1 
0.0652424 1 
0.00391692 1 
-0.0649777 1 
-0.133872 1 
-0.521311 1 
-0.740895 1 
-0.814089 1 
-0.312168 1 
0.508999 1 
0.413698 1 
-0.6677 1 
-1.06658 1 
-1.37451 1 
-1.48785 1 
-1.60118 1 
-0.940336 1 
4 1 
-2.95749 1 
-1.22055 1 
-1.82785 1 
0.334188 1 
-2.84169 1 
1.63435 1 
3.65274 1 
1.44905 1 
0.222651 1 
1.17611 1 
-3.59756 1 
2.7435 1 
1.07008 1 
-3.83136 1 
-3.29094 1 
3.18973 1 
-2.32759 1 
2.5116 1 
2.26813 1 
-2.07763 1 
0.158595 1 
0.979535 1 
0.727736 1 
0.834914 1 
0.0345797 1 
-0.099425 1 
-0.469025 1 
-0.777492 1 
-0.267594 1 
1.29763 1 
0.461349 1 
-0.594506 1 
-0.364454 1 
0.55665 1 
-1.54452 1 
-1.00346 1 
3.42124 1 
3.88425 1 
-1.65785 1 
2.96382 1 
2.03236 1 
-3.06864 1 
1.82366 1 
-1.91111 1 
0.0959051 1 
0.373943 1 
-0.0305304 1 
0.653675 1 
0.777111 1 
0.901147 1 
-0.178446 1 
0.294433 1 
-0.704298 1 
-2.78379 1 
-1.14357 1 
-2.61009 1 
-2.89959 1 
-1.43118 1 
-0.877213 1 
-1.29753 1 
-3.46725 1 
-1.77119 1 
ZONE T="boundary2"
4 -0.302675 
4 -0.26344 
4 -0.224205 
4 0.254848 
4 0.206112 
4 0.303584 
4 0.357579 
4 0.0387601 
4 0.507871 
4 0.802084 
4 -0.66251 
4 -0.831255 
4 -0.424164 
4 -0.0304252 
4 0.411573 
4 0.122436 
4 0.604168 
4 -0.36342 
4 1 
4 -0.161908 
4 -0.0996106 
4 -0.543337 
4 -0.483751 
4 -1 
4 -0.243822 
4 0.23048 
4 0.330581 
4 0.00416743 
4 0.080598 
4 0.55602 
4 0.459722 
4 0.901042 
4 0.703126 
4 -0.283058 
4 -0.193056 
4 -0.333047 
4 -0.393792 
4 -0.130759 
4 -0.0650179 
4 0.384576 
4 0.279216 
4 0.164274 
4 -0.513544 
4 -0.453957 
4 -0.602923 
4 -0.746882 
4 -0.915627 
ZONE T="boundary3"
-3.42885 -1 
-3.71442 -1 
-0.788138 -1 
0.672229 -1 
0.193518 -1 
0.12977 -1 
-0.12664 -1 
-0.596977 -1 
0.603252 -1 
0.533729 -1 
-0.336201 -1 
0.395294 -1 
0.464207 -1 
0.259949 -1 
0.32638 -1 
0.741207 -1 
-0.964472 -1 
-1.05739 -1 
-1.34331 -1 
-2.292 -1 
-2.08284 -1 
2.51226 -1 
3.41964 -1 
3.70982 -1 
3.85491 -1 
3.2298 -1 
3.03997 -1 
2.77612 -1 
-2.50117 -1 
1.97038 -1 
-0.263975 -1 
-0.191749 -1 
0.00224634 -1 
-0.0615304 -1 
0.0660231 -1 
0.908762 -1 
1.01411 -1 
1.11946 -1 
-0.472294 -1 
-0.692558 -1 
-0.871552 -1 
-0.644768 -1 
-1.15131 -1 
-1.24522 -1 
-1.58227 -1 
-1.44139 -1 
1.38099 -1 
1.56324 -1 
1.74548 -1 
2.35377 -1 
2.08282 -1 
2.19527 -1 
-4 -1 
-1.72315 -1 
-1.90299 -1 
-2.7905 -1 
0.824984 -1 
-3.25434 -1 
-3.07983 -1 
-2.93516 -1 
-2.64583 -1 
4 -1 
-3.57164 -1 
0.161644 -1 
0.56849 -1 
0.42975 -1 
0.293164 -1 
-2.18742 -1 
3.56473 -1 
3.32472 -1 
2.90804 -1 
-2.39659 -1 
0.226733 -1 
0.498968 -1 
-0.300088 -1 
-0.029642 -1 
0.0341347 -1 
-0.0940852 -1 
0.63774 -1 
0.706718 -1 
0.0978968 -1 
1.06679 -1 
0.360837 -1 
-0.404248 -1 
-0.227862 -1 
-0.740348 -1 
-0.918012 -1 
-0.620872 -1 
-0.534636 -1 
-1.01093 -1 
-1.10435 -1 
-1.19826 -1 
-1.29426 -1 
-1.39235 -1 
0.961437 -1 
1.25023 -1 
1.47211 -1 
3.13489 -1 
2.64419 -1 
2.13905 -1 
2.43301 -1 
2.27452 -1 
-3.85721 -1 
-1.99291 -1 
-1.81307 -1 
1.65436 -1 
1.85793 -1 
2.0266 -1 
-0.159195 -1 
0.783096 -1 
0.866873 -1 
-0.668663 -1 
-0.829845 -1 
-3.34159 -1 
-1.51183 -1 
-3.0075 -1 
-2.86283 -1 
-1.65271 -1 
-3.16708 -1 
-2.71817 -1 
-2.5735 -1 
3.92745 -1 
3.78236 -1 
ZONE T="boundary4"
0.577095 0.160208 
0.356779 0.0255846 
0.381833 0.0316269 
0.462146 0.507107 
0.48204 0.498235 
0.288259 0.542227 
0.310592 0.54092 
-0.0597609 0.480379 
-0.0834063 0.470806 
0.620064 0.251247 
0.623955 0.270489 
0.567346 0.437581 
0.620095 0.345422 
0.623906 0.327106 
0.555059 0.449602 
0.564225 0.143358 
0.549514 0.126705 
-0.534278 0.00707164 
-0.538646 -0.0109731 
-0.529204 0.0249351 
-0.54229 -0.0291685 
-0.545192 -0.0474535 
-0.517088 0.0598514 
-0.503616 0.0913137 
-0.489091 0.12013 
-0.473746 0.1468 
-0.457824 0.171589 
-0.425942 0.215254 
-0.44227 0.193716 
-0.200549 0.411605 
-0.253289 0.377595 
-0.231487 0.392284 
-0.409956 0.235018 
0.598707 0.195661 
0.352072 0.536355 
0.371145 0.533229 
-0.377813 0.271325 
-0.393405 0.254283 
-0.303314 0.340074 
-0.27463 0.362279 
-0.361684 0.28786 
-0.34704 0.301996 
-0.332013 0.315729 
-0.317807 0.328069 
0.588598 0.177677 
-0.183336 0.421634 
-0.165893 0.431301 
-0.146536 0.441469 
-0.12692 0.451196 
-0.0105904 0.497974 
0.014928 0.505921 
0.442536 0.51457 
-0.0358185 0.489329 
0.0414718 0.513356 
0.0959805 0.526019 
0.123916 0.531167 
0.152401 0.535475 
0.181088 0.538842 
0.0682875 0.52002 
0.332915 0.538826 
0.406695 0.038992 
0.422687 0.520996 
0.528958 0.470655 
0.542302 0.460548 
0.614563 0.363082 
0.607619 0.379635 
0.262796 0.542819 
-0.105305 0.461268 
0.589645 0.410453 
0.578851 0.424627 
0.430523 0.0476071 
0.453719 0.0577377 
0.515397 0.479765 
0.50145 0.488104 
0.515555 0.0958809 
0.496253 0.0819074 
0.533348 0.110891 
0.614505 0.232539 
0.475526 0.0691177 
0.237392 0.54251 
0.209169 0.54117 
0.40544 0.525758 
0.59932 0.395363 
0.607459 0.214223 
0.625842 0.308638 
0.625896 0.289862 
0.369335 0.0284578 
0.472156 0.502819 
0.299429 0.541669 
-0.0716178 0.475671 
0.62224 0.260825 
0.622229 0.336317 
0.561303 0.443698 
0.557026 0.134904 
-0.536551 -0.00192912 
-0.531828 0.0160281 
-0.543833 -0.0382964 
-0.523474 0.0425077 
-0.510611 0.0756944 
-0.496564 0.105829 
-0.465926 0.159286 
-0.434196 0.204555 
-0.242442 0.385019 
-0.418021 0.225195 
0.36162 0.534876 
-0.385676 0.262865 
-0.401754 0.244715 
-0.289092 0.351329 
-0.354411 0.294979 
-0.324947 0.321941 
-0.339572 0.308913 
-0.216116 0.402098 
-0.310596 0.334113 
-0.19197 0.416666 
-0.156245 0.436441 
-0.174641 0.426514 
0.00213821 0.502037 
-0.136758 0.446389 
0.109925 0.528702 
0.138138 0.533437 
0.0548522 0.516787 
0.321761 0.539974 
-0.369816 0.279658 
0.432649 0.517904 
0.535704 0.465701 
0.611277 0.371441 
-0.0232373 0.49374 
-0.116146 0.4563 
0.394312 0.0351348 
0.584385 0.417648 
0.573214 0.43121 
0.442207 0.0524763 
0.508476 0.484024 
0.506039 0.0887192 
0.524596 0.103226 
0.522239 0.475303 
0.452388 0.510968 
0.548765 0.455176 
-0.540559 -0.0200525 
0.486012 0.0753256 
0.223271 0.541967 
0.25009 0.542773 
0.275528 0.542639 
0.195116 0.540127 
0.491824 0.493326 
0.414085 0.523461 
0.617541 0.354323 
0.593814 0.186585 
0.583003 0.168847 
0.603637 0.387592 
0.603254 0.204867 
0.61748 0.241838 
0.541581 0.118656 
0.611153 0.223319 
0.625175 0.280155 
0.625107 0.317901 
-0.264018 0.370016 
0.594637 0.403011 
-0.0478219 0.484934 
-0.0943876 0.466105 
0.464726 0.0632371 
0.082108 0.523126 
0.02817 0.509735 
-0.450151 0.182727 
0.166727 0.53728 
-0.481591 0.133565 
0.626109 0.299256 
0.388353 0.529794 
0.570811 0.151675 
0.418675 0.0431151 
0.342503 0.53767 
ZONE T="boundary5"
0.380794 -0.430681 
0.174197 -0.00605569 
0.336923 -0.38679 
0.356779 0.0255846 
-0.364995 -0.509499 
-0.39437 -0.48034 
-0.441634 -0.423806 
-0.47113 -0.379882 
-0.483697 -0.358174 
-0.549334 -0.121211 
-0.548504 -0.139747 
-0.54942 -0.102706 
-0.521403 -0.273337 
-0.512434 -0.297528 
-0.528054 -0.252439 
-0.533841 -0.231267 
-0.546938 -0.158268 
-0.541651 -0.195254 
-0.499004 -0.328273 
0.21274 -0.698028 
-0.160523 -0.640019 
-0.132039 -0.651391 
-0.103099 -0.661683 
-0.54876 -0.0842563 
-0.547352 -0.0658367 
-0.212138 -0.615945 
-0.186575 -0.628457 
0.103371 -0.702345 
0.140887 -0.703352 
0.0663464 -0.699246 
-0.0716058 -0.671529 
-0.00523052 -0.68795 
-0.039705 -0.680138 
0.324052 -0.377786 
0.229535 -0.695094 
-0.258093 -0.590203 
-0.425752 -0.444385 
-0.410411 -0.462664 
-0.278597 -0.577207 
0.0495032 -0.219725 
0.0684803 -0.245373 
0.24614 -0.691419 
0.177221 -0.701989 
0.0355847 -0.186208 
-0.235366 -0.603486 
0.0917779 -0.2668 
0.394538 -0.453319 
-0.545192 -0.0474535 
0.0382821 -0.113794 
0.0971598 -0.0395116 
-0.456921 -0.402102 
0.0545866 -0.0813167 
0.0739865 -0.0583292 
0.276579 -0.682345 
0.261493 -0.687252 
0.290301 -0.677086 
0.303672 -0.671126 
0.316464 -0.664528 
0.352253 -0.639862 
0.340849 -0.648923 
0.328791 -0.657199 
0.171634 -0.310629 
0.201693 -0.322355 
0.148294 -0.0140759 
0.121941 -0.0251596 
0.200667 0.000104064 
0.142328 -0.297606 
0.116237 -0.283528 
0.280945 -0.354048 
0.295985 -0.36145 
0.310675 -0.369519 
0.372594 -0.619578 
0.251753 0.00863658 
0.410093 -0.532974 
0.407432 -0.550536 
0.362864 -0.630068 
0.390073 -0.595043 
0.381894 -0.607695 
0.397114 -0.581487 
0.402829 -0.567155 
0.409901 -0.505387 
0.349695 -0.397029 
0.403677 -0.475689 
-0.298608 -0.563509 
-0.334054 -0.536475 
0.361641 -0.408151 
0.303994 0.016079 
0.0315932 -0.149868 
0.247725 -0.339825 
0.0296071 -0.694288 
-0.379923 -0.49516 
-0.477532 -0.369097 
-0.549012 -0.130484 
-0.54947 -0.111959 
-0.517071 -0.285489 
-0.531053 -0.241883 
-0.547812 -0.149016 
-0.52484 -0.262924 
-0.491574 -0.343339 
-0.146338 -0.645842 
-0.548149 -0.0750396 
-0.173604 -0.634358 
-0.199417 -0.622321 
0.122126 -0.703133 
0.0848402 -0.701041 
-0.0874032 -0.666762 
-0.0556991 -0.67599 
0.330554 -0.38219 
-0.433803 -0.434181 
-0.41817 -0.453599 
-0.402475 -0.471579 
-0.268403 -0.583794 
0.0583147 -0.233053 
0.159072 -0.70298 
0.041393 -0.203446 
0.195028 -0.700359 
0.388131 -0.441753 
-0.538051 -0.213329 
-0.223809 -0.60982 
-0.544643 -0.176812 
-0.449398 -0.413039 
0.0637103 -0.0693314 
0.237861 -0.693353 
0.283476 -0.679804 
0.297029 -0.674198 
0.253843 -0.689426 
-0.549183 -0.0934781 
0.310118 -0.667919 
0.334891 -0.653163 
0.346633 -0.644495 
0.186613 -0.3166 
0.13496 -0.0192449 
0.161167 -0.00979538 
0.187372 -0.00277894 
0.129121 -0.290857 
0.288502 -0.357672 
0.30338 -0.365395 
0.226121 0.00473294 
0.40903 -0.541806 
0.322686 -0.660959 
0.367833 -0.62492 
0.386128 -0.601465 
0.357651 -0.635066 
0.393757 -0.588354 
0.26907 -0.684895 
0.405371 -0.558921 
0.400152 -0.574399 
0.410659 -0.519209 
0.377374 -0.61374 
0.221156 -0.696651 
-0.246792 -0.596949 
-0.505959 -0.313007 
-0.546365 -0.0566343 
-0.288664 -0.570446 
-0.316561 -0.550288 
0.371682 -0.41906 
0.330426 0.0204052 
-0.11762 -0.656673 
-0.46415 -0.391072 
0.109299 -0.0319002 
0.0851644 -0.048415 
0.079679 -0.256577 
0.277843 0.0122997 
0.103753 -0.275533 
0.156872 -0.304346 
0.045335 -0.096998 
0.0336211 -0.131584 
0.22473 -0.33098 
0.264434 -0.346685 
0.0121533 -0.691309 
0.0322591 -0.168185 
-0.0225102 -0.684226 
0.355777 -0.402476 
0.343407 -0.391804 
0.317422 -0.373565 
0.399554 -0.464349 
0.407566 -0.490421 
0.0479477 -0.696989 
-0.349741 -0.523232 
