ZONE T="boundary0"
-4 -0.595155 
-4 0.42651 
-4 0.217008 
-4 0.266827 
-4 0.320113 
-4 0.373311 
-4 0.629697 
-4 0.814848 
-4 -0.12928 
-4 -0.0020921 
-4 0.0651988 
-4 0.528103 
-4 -0.797578 
-4 0.477306 
-4 0.13249 
-4 0.174749 
-4 1 
-4 -0.193665 
-4 -0.340788 
-4 -0.423524 
-4 -0.258051 
-4 -0.299419 
-4 -0.50934 
-4 -1 
-4 -0.225858 
-4 -0.161472 
-4 0.29347 
-4 0.346712 
-4 0.722273 
-4 0.39991 
-4 -0.0656858 
-4 0.5789 
-4 0.241918 
-4 0.451908 
-4 0.502705 
-4 0.153619 
-4 0.0315534 
-4 0.0988443 
-4 0.907424 
-4 -0.382156 
-4 -0.278735 
-4 -0.552247 
-4 -0.466432 
-4 -0.898789 
-4 -0.696366 
-4 0.195879 
-4 -0.209762 
-4 -0.177569 
-4 -0.241955 
-4 -0.145376 
-4 -0.320104 
ZONE T="boundary1"
-3.78106 1 
-3.56213 1 
1.25854 1 
0.759546 1 
0.653115 1 
0.301963 1 
-0.385143 1 
-0.469159 1 
-1.69674 1 
2.65356 1 
2.45709 1 
3.78069 1 
-2.06144 1 
-2.33783 1 
-1.87909 1 
1.5723 1 
1.45941 1 
-2.53053 1 
-2.72322 1 
-3.21406 1 
-2.96864 1 
3.2057 1 
3.38354 1 
0.424323 1 
0.201489 1 
-0.753428 1 
-0.553175 1 
-0.204697 1 
-0.265944 1 
-0.325543 1 
-0.653301 1 
-4 1 
0.101015 1 
0.0386908 1 
-0.0835414 1 
-0.143449 1 
-0.0236333 1 
-0.98189 1 
-1.09039 1 
0.151252 1 
-1.19889 1 
-0.867659 1 
-3.38809 1 
4 1 
3.56137 1 
0.967174 1 
0.86336 1 
1.69654 1 
1.34652 1 
1.97986 1 
1.17055 1 
-1.33411 1 
-1.40171 1 
1.06886 1 
1.82079 1 
2.13894 1 
2.85003 1 
3.02786 1 
0.251726 1 
0.546684 1 
2.29802 1 
-1.46932 1 
-1.58303 1 
-3.6716 1 
0.706331 1 
-0.427151 1 
2.55533 1 
-2.19964 1 
-1.97027 1 
1.51585 1 
-2.62688 1 
-2.84593 1 
3.29462 1 
0.363143 1 
-0.23532 1 
-0.355343 1 
-0.295743 1 
-0.603238 1 
-0.174073 1 
-0.0535874 1 
0.00752887 1 
-1.03614 1 
0.176371 1 
-0.703364 1 
-1.14464 1 
-0.810543 1 
-3.47511 1 
-3.89053 1 
3.67103 1 
3.89034 1 
0.915267 1 
1.63442 1 
1.40296 1 
1.21454 1 
-1.2665 1 
1.11971 1 
1.01802 1 
-3.09135 1 
1.90033 1 
1.75867 1 
2.0594 1 
2.75179 1 
2.93895 1 
-2.43418 1 
-1.78792 1 
3.47245 1 
-0.511167 1 
0.226607 1 
0.126134 1 
0.069853 1 
-0.113495 1 
0.276844 1 
-0.924774 1 
0.599899 1 
-3.30108 1 
1.30253 1 
0.811453 1 
2.37755 1 
2.21848 1 
0.485504 1 
-1.43552 1 
-1.52618 1 
-1.36791 1 
-1.63989 1 
3.11678 1 
ZONE T="boundary2"
4 -1 
4 -0.348303 
4 -0.683127 
4 -0.000494459 
4 0.119091 
4 0.561728 
4 0.671296 
4 0.217681 
4 0.250544 
4 -0.26043 
4 -0.282399 
4 -0.588545 
4 -0.493964 
4 -0.122832 
4 -0.304367 
4 -0.421133 
4 0.184818 
4 0.480927 
4 0.400126 
4 0.780864 
4 1 
4 -0.226031 
4 -0.191631 
4 -0.157232 
4 0.325335 
4 0.28794 
4 0.151954 
4 0.36273 
4 -0.841563 
4 0.059298 
4 0.616512 
4 0.234113 
4 -0.271414 
4 -0.541254 
4 0.201249 
4 0.521327 
4 0.72608 
4 0.890432 
4 -0.326335 
4 -0.208831 
4 -0.293383 
4 -0.243231 
4 -0.140032 
4 -0.174431 
4 -0.0616633 
4 -0.384718 
4 -0.457548 
4 -0.635836 
4 0.306637 
4 0.168386 
4 0.269242 
4 0.344033 
4 0.381428 
4 0.440526 
4 0.135522 
ZONE T="boundary3"
-2.00948 -1 
3.74262 -1 
4 -1 
-0.0117178 -1 
-0.716004 -1 
-0.834077 -1 
-1.30776 -1 
-1.18848 -1 
-0.489197 -1 
-0.6026 -1 
0.0535397 -1 
0.118126 -1 
-2.98157 -1 
-3.4402 -1 
-3.7201 -1 
-1.42703 -1 
-1.56548 -1 
2.02915 -1 
2.21511 -1 
3.17117 -1 
-1.8567 -1 
-3.13445 -1 
-2.82869 -1 
2.6966 -1 
2.8571 -1 
2.5361 -1 
-2.64076 -1 
3.48524 -1 
3.3282 -1 
0.407808 -1 
0.499743 -1 
-0.0769749 -1 
0.182712 -1 
0.249292 -1 
-0.210896 -1 
-0.253583 -1 
-0.392734 -1 
-0.296271 -1 
-0.143935 -1 
0.315873 -1 
0.618263 -1 
0.736783 -1 
0.677523 -1 
0.810158 -1 
0.883532 -1 
-0.952151 -1 
1.24855 -1 
1.36613 -1 
-1.07032 -1 
1.00725 -1 
1.58626 -1 
1.4762 -1 
1.71472 -1 
1.84318 -1 
-4 -1 
-2.23115 -1 
-1.70392 -1 
-2.45283 -1 
1.13096 -1 
3.87131 -1 
-0.77504 -1 
-1.24812 -1 
-0.545898 -1 
0.0858326 -1 
-3.58015 -1 
-1.49626 -1 
2.12213 -1 
-2.90513 -1 
2.77685 -1 
2.37561 -1 
-2.73473 -1 
3.40672 -1 
0.453775 -1 
0.020911 -1 
-0.0443463 -1 
0.216002 -1 
0.150419 -1 
-0.23224 -1 
-0.440965 -1 
-0.344502 -1 
-0.110455 -1 
-0.274927 -1 
0.282583 -1 
0.36184 -1 
0.559003 -1 
0.707153 -1 
0.647893 -1 
0.77347 -1 
-0.659302 -1 
-0.893114 -1 
1.30734 -1 
-1.1294 -1 
-1.01123 -1 
-1.3674 -1 
0.945389 -1 
1.53123 -1 
1.42117 -1 
1.65049 -1 
1.77895 -1 
3.61393 -1 
-2.12032 -1 
1.93617 -1 
-1.6347 -1 
-1.78031 -1 
-3.86005 -1 
3.01413 -1 
3.24969 -1 
2.61635 -1 
-2.5468 -1 
-3.05801 -1 
-3.28733 -1 
-2.34199 -1 
-1.93309 -1 
-0.177416 -1 
0.846845 -1 
1.18975 -1 
1.0691 -1 
ZONE T="boundary4"
-0.0407457 0.371556 
-0.0683154 0.370208 
-0.645202 0.0593998 
-0.643809 0.083859 
-0.643169 0.010824 
0.638491 0.0717267 
-0.177233 0.367476 
-0.150547 0.367772 
-0.493485 0.322785 
-0.477087 0.330948 
0.638999 0.0152582 
-0.306905 0.365825 
-0.281583 0.36666 
-0.459618 0.338335 
-0.379458 0.359126 
-0.401295 0.355223 
-0.62907 0.156392 
-0.635805 0.132514 
-0.644959 0.0350249 
0.615807 0.154346 
-0.62049 0.179693 
-0.610965 0.2005 
-0.554776 0.278004 
-0.572747 0.258681 
0.579202 0.218221 
0.587598 0.205962 
0.529586 0.274713 
0.595543 0.193339 
-0.0960545 0.369109 
-0.204024 0.367336 
-0.230091 0.367248 
-0.540152 0.291234 
-0.525104 0.302979 
-0.6407 0.108285 
-0.509369 0.313574 
-0.422778 0.350216 
-0.441737 0.344675 
0.630381 0.113468 
0.626201 0.127288 
0.633807 0.09967 
0.540779 0.263975 
0.602844 0.180636 
-0.256189 0.367073 
0.639731 0.0575856 
-0.35574 0.362231 
-0.012661 0.373137 
0.015298 0.374842 
-0.331721 0.364396 
-0.587102 0.240145 
0.639973 0.0293428 
-0.12322 0.368307 
0.437072 0.335244 
0.465737 0.320677 
0.251651 0.379349 
0.407625 0.347393 
0.551305 0.252901 
0.56135 0.241361 
0.637317 0.0012449 
0.517895 0.284915 
0.492803 0.303865 
0.101326 0.379856 
0.130441 0.381058 
0.0437952 0.376618 
0.190229 0.38188 
0.22091 0.381126 
0.621348 0.140882 
0.609649 0.16756 
0.636522 0.0857013 
-0.599718 0.220889 
0.160293 0.381795 
0.0722362 0.378318 
0.282778 0.376326 
0.345693 0.365624 
0.314174 0.37183 
0.376808 0.357572 
0.570493 0.229962 
-0.0545233 0.370854 
-0.644714 0.0716451 
-0.163883 0.3676 
-0.485354 0.326993 
-0.294246 0.366308 
-0.390406 0.357306 
-0.632666 0.144521 
-0.615918 0.190186 
-0.563998 0.268562 
0.583458 0.212132 
-0.0821782 0.369624 
-0.217053 0.367294 
-0.501505 0.318307 
-0.432301 0.347575 
0.628378 0.120403 
0.632182 0.10659 
-0.450727 0.341632 
-0.468413 0.334774 
-0.64528 0.0472138 
0.535246 0.26941 
0.599258 0.187025 
-0.642472 0.0961029 
-0.243136 0.367181 
0.639205 0.0646634 
-0.190622 0.367392 
0.0013219 0.373979 
-0.517331 0.308411 
-0.367622 0.360809 
-0.644253 0.0229138 
-0.319321 0.365199 
0.640221 0.0434643 
-0.136876 0.368007 
0.451553 0.328257 
0.556389 0.247185 
0.638245 0.00824275 
0.523801 0.279883 
0.546104 0.258497 
-0.412077 0.352867 
0.479456 0.312571 
0.115878 0.380508 
0.0295479 0.375732 
0.205566 0.38162 
-0.532734 0.297239 
-0.638476 0.120448 
0.623857 0.134113 
0.618657 0.147645 
0.637598 0.0787259 
0.612802 0.160987 
0.606317 0.174135 
0.635255 0.0927023 
-0.605534 0.210801 
0.591633 0.19969 
-0.0266988 0.372325 
0.145361 0.381498 
0.175256 0.381929 
0.0867771 0.37912 
0.236282 0.380376 
0.267224 0.378003 
-0.109628 0.368673 
0.0580145 0.377484 
0.329971 0.368947 
0.361308 0.361841 
0.392301 0.352751 
0.298497 0.37427 
0.42246 0.341595 
0.50557 0.294682 
-0.547587 0.284754 
-0.625009 0.168129 
-0.580115 0.24956 
-0.593594 0.230637 
-0.268885 0.366908 
-0.343744 0.363422 
0.639576 0.0222919 
0.574901 0.224133 
0.565977 0.235704 
ZONE T="boundary5"
-0.508896 -0.273812 
-0.643169 0.010824 
-0.63991 -0.013153 
-0.635256 -0.0368645 
-0.592865 -0.151077 
-0.603771 -0.128799 
-0.629272 -0.0602776 
-0.622001 -0.0834156 
-0.580803 -0.173087 
-0.212292 -0.471535 
-0.323064 -0.421453 
-0.240604 -0.460653 
-0.26848 -0.448709 
-0.296046 -0.435617 
-0.346131 -0.408233 
-0.0108431 -0.517246 
-0.0977737 -0.503981 
-0.155263 -0.489913 
-0.126636 -0.497458 
-0.183943 -0.481243 
0.55929 -0.188404 
0.544175 -0.215864 
-0.463581 -0.320602 
-0.0689149 -0.509439 
-0.481119 -0.303657 
-0.495266 -0.288963 
-0.523842 -0.255932 
-0.567629 -0.194822 
-0.55328 -0.216451 
-0.368703 -0.394202 
-0.387332 -0.381736 
-0.405557 -0.368697 
-0.445403 -0.336876 
-0.42578 -0.353155 
-0.538116 -0.237522 
0.506126 -0.283912 
0.613948 -0.0810118 
0.624034 -0.0539741 
0.0474795 -0.520776 
0.0182867 -0.519558 
0.0766473 -0.520857 
-0.0399062 -0.513869 
0.572307 -0.164821 
0.22098 -0.502201 
0.134906 -0.517404 
0.105857 -0.519751 
0.192599 -0.508695 
0.163923 -0.513733 
0.248991 -0.494165 
0.276487 -0.484523 
0.329522 -0.460143 
0.303383 -0.473195 
0.37884 -0.428884 
0.354791 -0.445321 
0.40194 -0.410595 
0.423647 -0.390793 
0.444192 -0.369313 
0.463436 -0.346384 
0.481256 -0.322381 
-0.613494 -0.106244 
0.498099 -0.296982 
0.517808 -0.263823 
0.529101 -0.243475 
0.602028 -0.10776 
0.593744 -0.124565 
0.58508 -0.141222 
0.637317 0.0012449 
0.631921 -0.0265698 
-0.641719 -0.00118603 
-0.59845 -0.140001 
-0.637754 -0.0250393 
-0.632427 -0.0486099 
-0.625792 -0.0718927 
-0.586958 -0.162148 
-0.254599 -0.454813 
-0.140983 -0.493813 
-0.169642 -0.485708 
0.551721 -0.202119 
-0.488255 -0.296369 
-0.516456 -0.264942 
-0.574332 -0.184023 
-0.35748 -0.401319 
-0.396496 -0.375288 
-0.454568 -0.328823 
-0.415741 -0.361019 
-0.545796 -0.227056 
-0.378066 -0.388041 
-0.472433 -0.312213 
0.619228 -0.0675805 
0.00371342 -0.518537 
0.062066 -0.520961 
-0.0253878 -0.515689 
0.120398 -0.518737 
0.149439 -0.515738 
0.262812 -0.489548 
0.316559 -0.466886 
0.366955 -0.437314 
0.56581 -0.176612 
0.41296 -0.400885 
0.453989 -0.358005 
0.472511 -0.334514 
-0.608772 -0.11758 
0.502147 -0.290469 
0.489832 -0.30979 
0.390547 -0.419946 
0.51203 -0.273907 
-0.560562 -0.205706 
-0.435669 -0.345108 
0.52349 -0.253667 
0.589451 -0.132911 
0.597939 -0.116187 
-0.617894 -0.094882 
-0.502146 -0.281445 
0.578738 -0.153039 
-0.198162 -0.476519 
-0.226499 -0.466227 
-0.0544285 -0.511783 
-0.0833669 -0.506837 
0.0912608 -0.520456 
0.235043 -0.498379 
0.206835 -0.505634 
-0.334657 -0.414945 
0.628263 -0.0403537 
-0.282327 -0.442297 
-0.112233 -0.500848 
0.03288 -0.520306 
0.290024 -0.479071 
0.178295 -0.511391 
0.342281 -0.45295 
0.53664 -0.229665 
-0.309626 -0.42867 
0.634945 -0.0127271 
0.434094 -0.38023 
-0.53106 -0.246789 
0.608171 -0.0944625 
