ZONE T="boundary0"
-4 -0.803058 
-4 -1 
-4 -0.379844 
-4 -0.231595 
-4 -0.31577 
-4 -0.273683 
-4 -0.0610323 
-4 0.00454577 
-4 0.471744 
-4 0.392217 
-4 0.119423 
-4 0.312691 
-4 -0.12661 
-4 0.666263 
-4 -0.443917 
-4 0.162664 
-4 -0.606116 
-4 0.205906 
-4 0.259299 
-4 0.569003 
-4 0.833131 
-4 1 
-4 -0.525017 
-4 -0.901529 
-4 -0.294727 
-4 0.431981 
-4 0.0619842 
-4 -0.41188 
-4 0.141044 
-4 -0.252639 
-4 -0.179103 
-4 -0.0282433 
-4 -0.0938213 
-4 0.184285 
-4 0.232602 
-4 0.352454 
-4 0.520373 
-4 0.617633 
-4 0.749697 
-4 -0.704587 
-4 0.916566 
-4 -0.565566 
-4 0.285995 
-4 -0.347807 
-4 -0.484467 
ZONE T="boundary1"
-3.03549 1 
-3.53334 1 
1.59181 1 
4 1 
3.86399 1 
2.94965 1 
0.262305 1 
0.221191 1 
-0.165021 1 
-0.289714 1 
-0.367265 1 
-0.444817 1 
-3.76667 1 
0.741723 1 
-2.55392 1 
-2.78164 1 
3.72798 1 
3.59197 1 
2.35324 1 
2.20867 1 
-1.78326 1 
-1.94543 1 
-2.13582 1 
1.91952 1 
1.70104 1 
3.2028 1 
2.72373 1 
2.06409 1 
0.303419 1 
-0.644642 1 
-0.544729 1 
0.474403 1 
0.562585 1 
0.650766 1 
0.138964 1 
0.0580121 1 
-4 1 
0.832681 1 
0.787202 1 
1.0146 1 
0.87816 1 
1.13913 1 
1.07686 1 
-0.776352 1 
-0.908062 1 
-1.03395 1 
-1.26478 1 
1.48257 1 
1.37312 1 
1.26367 1 
-3.28441 1 
-1.36973 1 
-1.49541 1 
-1.62109 1 
2.49782 1 
3.45596 1 
-2.3262 1 
-0.0939804 1 
0.388911 1 
0.346165 1 
-0.710497 1 
-0.0229398 1 
0.923639 1 
-1.15983 1 
3.93199 1 
0.241748 1 
-0.227368 1 
-0.406041 1 
-2.66778 1 
3.65997 1 
2.28096 1 
-1.86435 1 
-2.04062 1 
1.81028 1 
3.07623 1 
1.99181 1 
-0.32849 1 
0.282862 1 
-0.594686 1 
0.518494 1 
-0.494773 1 
0.606675 1 
0.098488 1 
0.180078 1 
0.696245 1 
-3.65001 1 
0.85542 1 
1.108 1 
-0.971005 1 
1.53719 1 
1.31839 1 
-3.88334 1 
-3.40888 1 
-0.842207 1 
-1.55825 1 
-1.70217 1 
-3.15995 1 
-2.90857 1 
2.83669 1 
3.32938 1 
2.13638 1 
3.79598 1 
3.52396 1 
-2.23101 1 
-2.44006 1 
-0.129501 1 
0.324792 1 
-0.743424 1 
0.0175361 1 
-0.677569 1 
0.900899 1 
0.969117 1 
0.764463 1 
0.809942 1 
1.2014 1 
0.431657 1 
2.42553 1 
-1.31726 1 
2.61078 1 
-1.09689 1 
1.64643 1 
-1.21231 1 
1.42784 1 
-1.43257 1 
0.367538 1 
-0.0584601 1 
1.04573 1 
ZONE T="boundary2"
4 -0.700486 
4 -0.613234 
4 -0.349414 
4 -0.267951 
4 -0.308682 
4 0.148336 
4 -0.113004 
4 0.201939 
4 0.255541 
4 1 
4 0.810678 
4 0.351968 
4 0.398883 
4 0.305054 
4 -0.850243 
4 -1 
4 -0.15174 
4 0.621356 
4 0.510119 
4 0.086037 
4 -0.437699 
4 -0.229214 
4 0.0237378 
4 -0.0446329 
4 -0.525983 
4 -0.190477 
4 -0.65686 
4 -0.288317 
4 0.22874 
4 0.905339 
4 0.375426 
4 0.328511 
4 -0.775364 
4 -0.132372 
4 0.565737 
4 0.716017 
4 -0.329048 
4 -0.248582 
4 -0.393556 
4 -0.0104476 
4 -0.0788183 
4 0.0548874 
4 0.117187 
4 0.175137 
4 0.280298 
4 0.454501 
4 -0.481841 
4 -0.569609 
4 -0.925121 
4 -0.209846 
4 -0.171109 
ZONE T="boundary3"
-4 -1 
2.98672 -1 
3.26055 -1 
2.72522 -1 
-0.967834 -1 
-0.874868 -1 
-0.177322 -1 
0.279686 -1 
0.219724 -1 
-0.408066 -1 
3.63028 -1 
-0.768294 -1 
0.523681 -1 
-3.31232 -1 
1.34638 -1 
-0.661719 -1 
0.91562 -1 
1.02149 -1 
-1.28613 -1 
-2.9328 -1 
-2.78558 -1 
-3.54462 -1 
-3.77231 -1 
-2.51387 -1 
-1.99503 -1 
-1.74883 -1 
-1.50263 -1 
-1.17347 -1 
-1.0608 -1 
-3.08002 -1 
4 -1 
2.46371 -1 
-2.25445 -1 
2.03314 -1 
0.431665 -1 
-0.256742 -1 
-0.0551982 -1 
-0.012494 -1 
0.339648 -1 
-0.534893 -1 
0.0729143 -1 
0.146319 -1 
0.707255 -1 
-0.332404 -1 
-0.0979024 -1 
0.615468 -1 
1.12735 -1 
0.811437 -1 
1.23687 -1 
1.58247 -1 
1.46443 -1 
-1.39438 -1 
1.80781 -1 
2.24843 -1 
3.12364 -1 
-0.921351 -1 
0.249705 -1 
3.44542 -1 
-0.821581 -1 
0.968553 -1 
-2.85919 -1 
-3.65846 -1 
-1.62573 -1 
-1.11713 -1 
-3.19617 -1 
-3.00641 -1 
-3.42847 -1 
3.81514 -1 
2.59447 -1 
-0.217032 -1 
-0.0338461 -1 
-0.471479 -1 
0.477673 -1 
0.0302102 -1 
0.109617 -1 
-0.294573 -1 
-0.137612 -1 
0.569575 -1 
0.661361 -1 
0.759346 -1 
1.07442 -1 
1.29163 -1 
1.52345 -1 
1.18211 -1 
-0.715006 -1 
-1.01432 -1 
-1.2298 -1 
-0.598306 -1 
-1.34026 -1 
1.69514 -1 
1.92047 -1 
2.14079 -1 
2.35607 -1 
-2.12474 -1 
-2.38416 -1 
-1.87193 -1 
-2.64973 -1 
-0.0765503 -1 
0.309667 -1 
0.385656 -1 
0.183022 -1 
-0.370235 -1 
0.863528 -1 
1.40541 -1 
-1.44851 -1 
-3.88615 -1 
2.85597 -1 
ZONE T="boundary4"
0.209188 0.381868 
0.234402 0.380363 
0.472545 0.314656 
0.452958 0.325464 
-0.638597 0.0753519 
-0.636131 0.0974951 
-0.637996 0.00902743 
-0.639477 0.0310339 
0.541026 0.261822 
0.556749 0.245035 
-0.39546 0.361504 
-0.374937 0.365926 
-0.639696 0.0531693 
-0.472059 0.33389 
-0.45371 0.342414 
-0.415356 0.356173 
-0.310588 0.374277 
-0.332665 0.372207 
-0.489402 0.324445 
0.623942 0.134583 
-0.632269 0.119446 
-0.626984 0.141118 
-0.616543 0.172424 
-0.593181 0.220317 
-0.60378 0.201006 
0.637482 0.0843445 
0.634027 0.101313 
-0.581407 0.238703 
-0.562054 0.263865 
0.617414 0.150768 
-0.521524 0.302613 
-0.53589 0.290591 
-0.505795 0.314084 
0.610765 0.165025 
0.629548 0.117916 
-0.354148 0.369442 
-0.43488 0.349795 
-0.288409 0.375715 
-0.193588 0.377604 
-0.16822 0.37762 
-0.217837 0.377511 
-0.116251 0.377756 
-0.089675 0.378005 
-0.549507 0.277565 
0.259611 0.378174 
-0.265275 0.376678 
-0.242113 0.377232 
0.49153 0.302637 
0.52443 0.277323 
0.429124 0.336765 
0.404741 0.34653 
0.31461 0.370524 
0.376023 0.356044 
0.508315 0.290521 
0.0854404 0.382463 
0.0550181 0.38164 
0.117158 0.38307 
0.148872 0.383262 
0.179018 0.382906 
0.287154 0.374881 
0.572557 0.225791 
0.639833 0.0672463 
0.641064 0.050203 
0.603496 0.178856 
0.638204 -0.0011106 
0.640232 0.0159164 
0.641195 0.0330186 
0.58879 0.203057 
-0.610504 0.18687 
-0.142916 0.377645 
0.580876 0.214569 
-0.0337896 0.379047 
-0.0616821 0.378441 
0.0245537 0.380712 
-0.00458104 0.379834 
0.347003 0.363785 
-0.572062 0.251539 
0.221799 0.381194 
0.46283 0.320203 
-0.637537 0.0864438 
-0.638892 0.0200213 
0.549025 0.253557 
-0.385227 0.363836 
-0.639748 0.0421013 
-0.462953 0.338296 
-0.321636 0.373329 
-0.634376 0.108503 
-0.622154 0.156903 
-0.598644 0.210751 
0.63589 0.0928556 
-0.629805 0.130327 
-0.58745 0.22961 
0.620794 0.142722 
-0.528807 0.29672 
-0.497685 0.319398 
0.614177 0.157937 
-0.480808 0.329306 
-0.513758 0.30848 
0.626871 0.126291 
-0.364562 0.367793 
-0.425165 0.35312 
-0.299504 0.375067 
-0.180902 0.377616 
-0.10296 0.377862 
-0.555892 0.270817 
0.247013 0.379359 
-0.253695 0.376998 
-0.542807 0.284191 
-0.34342 0.370924 
0.48213 0.308793 
-0.229975 0.377402 
-0.205711 0.377573 
0.53286 0.269713 
0.417004 0.341829 
0.390454 0.351512 
0.516475 0.284047 
0.500013 0.296704 
-0.405445 0.358966 
0.070229 0.382072 
0.101298 0.382808 
0.194104 0.382482 
0.163944 0.38316 
0.273395 0.376652 
0.640586 0.0587339 
0.60721 0.171983 
0.639348 0.0073869 
0.640848 0.0244593 
0.638796 0.0758137 
0.641268 0.0416112 
-0.276844 0.376256 
-0.639314 0.06427 
-0.607228 0.193976 
-0.155566 0.377626 
-0.129581 0.377686 
0.441131 0.331307 
-0.0477331 0.378724 
-0.0756755 0.3782 
0.00998827 0.380266 
0.0397861 0.381181 
0.133014 0.383229 
0.33085 0.367377 
-0.0191829 0.379424 
0.631915 0.109648 
-0.444352 0.346244 
-0.567143 0.257767 
-0.576815 0.245184 
-0.613609 0.179685 
0.564809 0.235542 
0.584885 0.208849 
0.576766 0.220217 
0.596377 0.191099 
0.361565 0.360118 
0.300901 0.372843 
ZONE T="boundary5"
-0.431347 -0.349601 
-0.51136 -0.270471 
-0.613497 -0.0976316 
-0.620521 -0.0768215 
-0.586593 -0.158457 
-0.637996 0.00902743 
-0.626522 -0.0557457 
0.520359 -0.255335 
-0.565196 -0.195919 
-0.575788 -0.178184 
-0.367935 -0.396093 
-0.350705 -0.406938 
-0.605477 -0.118184 
-0.5965 -0.138457 
-0.554016 -0.213296 
-0.197646 -0.477966 
-0.222391 -0.469165 
-0.246027 -0.459874 
-0.446019 -0.33711 
-0.312371 -0.428748 
-0.269346 -0.449816 
-0.291028 -0.439623 
0.440649 -0.367195 
0.425968 -0.382565 
-0.331705 -0.418131 
-0.0668643 -0.510213 
-0.538993 -0.234928 
-0.146785 -0.493259 
-0.172628 -0.485946 
-0.384844 -0.384761 
-0.400745 -0.373433 
-0.473609 -0.311427 
-0.486576 -0.298213 
-0.499122 -0.284611 
0.45407 -0.35187 
-0.635308 -0.0127945 
-0.460008 -0.324473 
-0.416314 -0.361661 
0.348341 -0.444453 
0.626161 -0.0514593 
-0.523138 -0.255959 
0.332153 -0.454097 
0.316196 -0.46272 
0.606459 -0.100583 
0.620339 -0.0679846 
0.364126 -0.434101 
-0.631467 -0.0343951 
0.0464579 -0.520109 
0.0176688 -0.519176 
0.07607 -0.519898 
-0.0390305 -0.514175 
-0.0110988 -0.517156 
0.10558 -0.518454 
0.135859 -0.515619 
0.165846 -0.511363 
0.19595 -0.505518 
0.226106 -0.497928 
0.286209 -0.476799 
0.256138 -0.48845 
0.382354 -0.420859 
0.396776 -0.409301 
0.531205 -0.23654 
0.410763 -0.397084 
0.467021 -0.335826 
0.509257 -0.273981 
0.479386 -0.319271 
0.635155 -0.0180039 
0.631107 -0.0348505 
0.495286 -0.296107 
0.546846 -0.209248 
0.577575 -0.155709 
0.562499 -0.182095 
0.638204 -0.0011106 
0.592133 -0.12915 
-0.0938741 -0.505417 
-0.120722 -0.499712 
-0.617132 -0.0872674 
-0.570569 -0.187097 
-0.58129 -0.168374 
-0.359359 -0.401577 
-0.609605 -0.107953 
-0.6011 -0.128369 
-0.559676 -0.204652 
-0.591652 -0.148508 
-0.210055 -0.473668 
-0.438729 -0.343409 
-0.280227 -0.444805 
-0.301743 -0.434271 
0.433394 -0.374964 
-0.322078 -0.423512 
-0.185169 -0.482059 
-0.392834 -0.379153 
-0.480143 -0.304869 
-0.492902 -0.291461 
-0.636801 -0.00190077 
-0.45306 -0.330843 
-0.423874 -0.355685 
-0.466858 -0.318001 
-0.505298 -0.27759 
-0.517306 -0.263261 
0.324218 -0.45849 
0.613715 -0.0844171 
-0.62913 -0.0451009 
0.0320601 -0.51978 
-0.0529637 -0.512315 
-0.0250769 -0.515789 
0.0908345 -0.519333 
0.120738 -0.517211 
0.211083 -0.501937 
0.271271 -0.482875 
0.301328 -0.47003 
0.340298 -0.449362 
-0.408572 -0.367603 
0.373325 -0.427599 
0.418449 -0.389914 
0.447437 -0.359603 
0.460623 -0.343912 
0.389626 -0.415157 
0.473277 -0.327605 
0.633248 -0.0264556 
0.502362 -0.285103 
0.514852 -0.264685 
0.539021 -0.222887 
-0.63353 -0.023619 
0.525801 -0.245948 
0.628741 -0.0431868 
0.570071 -0.168918 
0.403833 -0.403267 
-0.341247 -0.412607 
-0.531171 -0.245523 
-0.376431 -0.390488 
0.356289 -0.439363 
0.584942 -0.142474 
0.636803 -0.00958004 
0.623347 -0.0597562 
0.599467 -0.11495 
0.48746 -0.307777 
-0.234247 -0.464616 
-0.623651 -0.0663195 
-0.546609 -0.224184 
-0.159736 -0.48971 
-0.257728 -0.454941 
-0.0803887 -0.507929 
-0.107322 -0.502678 
0.0612666 -0.520154 
0.180938 -0.508638 
-0.13378 -0.496593 
0.00327679 -0.5183 
0.554671 -0.195666 
0.15088 -0.513674 
0.241196 -0.493419 
