ZONE T="boundary0"
-4 -1 
-4 -0.389597 
-4 -0.124993 
-4 -0.047899 
-4 0.569003 
-4 0.0291952 
-4 0.162664 
-4 0.784502 
-4 -0.178156 
-4 -0.578509 
-4 -0.45243 
-4 -0.704587 
-4 1 
-4 -0.279041 
-4 0.186823 
-4 -0.231318 
-4 -0.326763 
-4 0.48061 
-4 0.392217 
-4 0.23514 
-4 0.210982 
-4 0.325758 
-4 0.259299 
-4 0.0959298 
-4 -0.0864461 
-4 0.676752 
-4 -0.852294 
-4 0.892251 
-4 0.174744 
-4 -0.25518 
-4 -0.151575 
-4 -0.204737 
-4 -0.00935192 
-4 -0.421013 
-4 -0.35818 
-4 -0.515469 
-4 -0.641548 
-4 0.436414 
-4 0.223061 
-4 0.524807 
-4 0.198902 
-4 0.292528 
-4 -0.302902 
-4 0.358988 
-4 0.247219 
-4 0.0625625 
-4 0.129297 
ZONE T="boundary1"
2.37358 1 
1.61906 1 
1.00025 1 
-0.444817 1 
-0.544729 1 
0.0608087 1 
-0.0179842 1 
0.22151 1 
-0.080449 1 
-0.142914 1 
-0.240781 1 
2.20867 1 
2.04562 1 
-1.14936 1 
4 1 
3.6757 1 
-0.644642 1 
0.476767 1 
0.742417 1 
3.15734 1 
2.96327 1 
-3.53334 1 
-3.40888 1 
3.51355 1 
3.3514 1 
-1.58168 1 
-1.95954 1 
-2.13582 1 
-4 1 
-2.55392 1 
-1.3801 1 
-1.48089 1 
1.88257 1 
2.85707 1 
2.53849 1 
2.75088 1 
-2.7947 1 
-3.03956 1 
-3.28441 1 
0.139602 1 
0.653184 1 
0.563951 1 
0.389583 1 
0.305547 1 
-0.32849 1 
-0.774896 1 
-1.02726 1 
-0.90515 1 
-1.26473 1 
0.871334 1 
-1.68247 1 
-1.78326 1 
1.08526 1 
1.27169 1 
1.17027 1 
1.37312 1 
-2.34487 1 
-3.76667 1 
0.806876 1 
1.49609 1 
-0.494773 1 
0.0214123 1 
-0.111681 1 
-0.191847 1 
2.12714 1 
3.83785 1 
3.0603 1 
-3.47111 1 
3.43248 1 
-2.04768 1 
-1.43049 1 
1.96409 1 
2.64468 1 
-3.16199 1 
0.180556 1 
0.100205 1 
-0.0492166 1 
0.608568 1 
0.347565 1 
0.263528 1 
-0.284635 1 
-0.709769 1 
-1.08831 1 
0.697801 1 
0.433175 1 
-0.966204 1 
-0.386653 1 
0.520359 1 
-0.840023 1 
-1.32241 1 
-0.594686 1 
-1.73286 1 
-1.53128 1 
1.04276 1 
1.22098 1 
0.935793 1 
1.32241 1 
-2.24034 1 
-3.65001 1 
2.45603 1 
1.75082 1 
-2.4494 1 
3.25437 1 
-2.91713 1 
-2.67431 1 
-3.34665 1 
3.59463 1 
-3.88334 1 
0.839105 1 
0.774647 1 
-1.63207 1 
1.12776 1 
-1.20705 1 
-1.8714 1 
2.91017 1 
1.43461 1 
1.55758 1 
2.80398 1 
2.29112 1 
ZONE T="boundary2"
4 -0.349414 
4 -0.393556 
4 -0.267951 
4 0.22874 
4 0.255541 
4 0.303755 
4 0.367399 
4 0.632589 
4 -0.190477 
4 -0.113004 
4 -0.0446329 
4 0.0237378 
4 1 
4 -0.437699 
4 -0.525467 
4 0.201939 
4 0.279648 
4 0.431044 
4 0.531817 
4 0.48143 
4 0.148336 
4 0.816295 
4 -0.806617 
4 -0.613234 
4 -1 
4 -0.371485 
4 -0.308682 
4 0.242141 
4 0.335577 
4 -0.0104476 
4 -0.481583 
4 0.291701 
4 0.399222 
4 0.215339 
4 0.506623 
4 -0.229214 
4 -0.15174 
4 -0.0788183 
4 0.086037 
4 0.175137 
4 0.582203 
4 0.456237 
4 0.724442 
4 -0.415628 
4 0.908147 
4 -0.569351 
4 -0.709926 
4 -0.903309 
4 0.267595 
ZONE T="boundary3"
-3.65846 -1 
-4 -1 
3.3667 -1 
-0.967834 -1 
0.0775886 -1 
-1.28392 -1 
-1.17347 -1 
-0.0537011 -1 
0.00885806 -1 
-0.542621 -1 
-0.433648 -1 
0.431665 -1 
0.811437 -1 
-3.48539 -1 
-1.39438 -1 
-1.74883 -1 
-3.04895 -1 
3.24004 -1 
-2.12805 -1 
2.05628 -1 
1.90388 -1 
-2.78558 -1 
-3.31232 -1 
2.46371 -1 
2.72522 -1 
2.98263 -1 
3.74668 -1 
0.213003 -1 
0.355675 -1 
-0.185562 -1 
-0.11626 -1 
-0.254863 -1 
0.146319 -1 
-0.29956 -1 
0.279686 -1 
0.523566 -1 
0.615468 -1 
-0.809713 -1 
-0.888774 -1 
-0.344256 -1 
-0.730653 -1 
-1.07065 -1 
0.713453 -1 
0.916462 -1 
1.02149 -1 
1.12918 -1 
1.23687 -1 
4 -1 
-1.57161 -1 
-1.48299 -1 
3.49336 -1 
1.46443 -1 
1.35065 -1 
-1.93844 -1 
1.75147 -1 
2.26 -1 
1.60795 -1 
-2.38723 -1 
-2.58641 -1 
-0.651593 -1 
-3.82923 -1 
-1.22869 -1 
-0.0224215 -1 
-0.488135 -1 
-3.57193 -1 
1.98008 -1 
-3.18064 -1 
2.59447 -1 
0.39367 -1 
-0.0849807 -1 
-0.220213 -1 
0.111954 -1 
-0.277211 -1 
-0.150911 -1 
0.569517 -1 
-0.849243 -1 
-0.388952 -1 
-0.321908 -1 
0.477615 -1 
-1.01924 -1 
0.66446 -1 
0.968974 -1 
1.18302 -1 
0.863949 -1 
3.87334 -1 
-1.33915 -1 
-1.66022 -1 
-1.43869 -1 
3.62002 -1 
3.43003 -1 
1.40754 -1 
-1.5273 -1 
-1.84363 -1 
2.15814 -1 
2.36186 -1 
3.11134 -1 
1.29376 -1 
2.85392 -1 
-3.39886 -1 
1.82767 -1 
-2.03324 -1 
-2.91727 -1 
-2.25764 -1 
-2.686 -1 
0.0432233 -1 
0.179661 -1 
0.317681 -1 
0.246344 -1 
0.762445 -1 
1.07533 -1 
-0.770183 -1 
-0.691123 -1 
-0.928304 -1 
-0.597107 -1 
-1.12206 -1 
1.53619 -1 
1.67971 -1 
-2.48682 -1 
3.30337 -1 
ZONE T="boundary4"
-0.14933 0.378391 
-0.124206 0.38291 
-0.637148 -0.00624721 
-0.610281 0.135426 
-0.63595 0.0367376 
0.599226 0.204969 
0.606049 0.191446 
-0.633261 0.0581471 
0.636653 0.0950406 
0.638655 0.0777912 
0.531957 0.297079 
-0.411108 0.313742 
-0.42982 0.305931 
-0.575772 0.193655 
-0.448147 0.297376 
-0.62352 0.100236 
-0.629122 0.0793667 
-0.616447 0.120668 
-0.562401 0.210229 
-0.551982 0.221752 
-0.541018 0.232812 
-0.527536 0.245144 
-0.588067 0.176109 
-0.603332 0.149841 
-0.596032 0.163164 
-0.266236 0.355271 
-0.243977 0.360024 
0.323643 0.401646 
-0.465579 0.288255 
-0.482191 0.278511 
-0.498293 0.267915 
-0.513189 0.25694 
0.63358 0.112238 
-0.391722 0.321004 
-0.372112 0.32763 
0.639554 0.0606693 
-0.351674 0.333894 
-0.288469 0.350264 
-0.331099 0.339654 
-0.309821 0.345142 
-0.173457 0.373923 
-0.0990779 0.387289 
-0.637228 0.0152465 
-0.0727938 0.391697 
0.0374666 0.407392 
0.562737 0.262338 
0.638034 0.0264345 
0.635615 0.00954286 
-0.220783 0.36476 
-0.197584 0.369325 
0.516345 0.311428 
0.461954 0.350024 
0.413968 0.373825 
0.438284 0.362734 
0.385236 0.384748 
0.624414 0.146216 
0.547873 0.280351 
0.499962 0.324703 
0.481308 0.337981 
0.0664006 0.410453 
0.188238 0.415926 
0.157662 0.415873 
0.269778 0.410552 
0.29611 0.406803 
0.243348 0.413263 
0.096731 0.413029 
0.356142 0.393736 
0.215798 0.415068 
0.577419 0.241765 
0.629526 0.129148 
0.618446 0.162897 
0.58506 0.229809 
0.63935 0.0434757 
-0.0464781 0.395901 
0.127152 0.414871 
-0.0189625 0.400028 
0.00861047 0.403833 
0.612367 0.177681 
-0.136771 0.380667 
0.602698 0.198238 
-0.634784 0.0474647 
0.637788 0.0864315 
-0.420502 0.309928 
-0.43903 0.301754 
-0.626504 0.0898506 
-0.620166 0.110515 
-0.557258 0.216051 
-0.534358 0.239066 
-0.606903 0.14268 
-0.613463 0.128088 
-0.59213 0.169686 
-0.582071 0.184988 
-0.599766 0.156548 
-0.255112 0.357675 
-0.546563 0.227344 
-0.473946 0.283487 
-0.490313 0.27332 
-0.381942 0.324391 
0.639241 0.0692374 
-0.27736 0.352802 
-0.341403 0.336831 
-0.401447 0.317458 
-0.161396 0.376172 
-0.111645 0.385118 
-0.637354 0.00449902 
-0.0859397 0.389516 
-0.299155 0.347743 
-0.520441 0.251138 
-0.456916 0.292918 
-0.636762 0.0260023 
-0.320473 0.342448 
-0.209188 0.367061 
0.524265 0.304377 
-0.505814 0.262525 
0.426213 0.368469 
-0.569224 0.202053 
0.399693 0.379526 
-0.361914 0.33083 
0.540062 0.288855 
0.450226 0.356577 
0.490741 0.33149 
0.508255 0.31819 
0.471722 0.344148 
0.0519266 0.40899 
0.282963 0.408812 
0.256576 0.412031 
0.370757 0.389463 
0.202021 0.41561 
0.570256 0.252179 
0.627086 0.137717 
0.581291 0.23582 
0.621535 0.154594 
0.636961 0.017969 
0.638831 0.0349444 
0.631673 0.120722 
0.639592 0.0520708 
0.635246 0.103662 
-0.0596404 0.393827 
-0.185524 0.371641 
-0.232385 0.362415 
0.309906 0.404385 
0.339953 0.397939 
0.0815585 0.411827 
0.111936 0.414049 
-0.00518207 0.401975 
0.229581 0.414289 
0.0230315 0.40567 
0.17295 0.416025 
-0.0327258 0.398002 
0.142403 0.415484 
0.592348 0.217506 
0.615485 0.170321 
0.609273 0.184594 
-0.631374 0.0687926 
0.555463 0.271475 
ZONE T="boundary5"
-0.635769 -0.0276584 
-0.637148 -0.00624721 
-0.536743 -0.268324 
-0.594152 -0.172694 
-0.562322 -0.230498 
-0.549625 -0.250045 
-0.624402 -0.091002 
-0.62934 -0.0700723 
-0.574289 -0.210504 
0.615422 -0.0558824 
-0.60321 -0.152591 
-0.584581 -0.191783 
0.627544 -0.0236756 
-0.618375 -0.111733 
-0.611296 -0.132273 
-0.382053 -0.414196 
-0.210898 -0.495835 
-0.235463 -0.487518 
-0.325623 -0.447732 
-0.282548 -0.468658 
-0.259711 -0.4783 
-0.305027 -0.458203 
-0.398542 -0.402893 
-0.34585 -0.436567 
-0.0788818 -0.524413 
-0.05135 -0.527106 
0.0335186 -0.528226 
-0.185367 -0.503439 
-0.133038 -0.515861 
-0.159582 -0.510081 
-0.106313 -0.520621 
-0.459224 -0.354121 
-0.486307 -0.327882 
-0.499079 -0.314292 
-0.473114 -0.341071 
-0.51134 -0.300384 
0.421183 -0.325333 
-0.523138 -0.286092 
-0.364132 -0.425671 
-0.444935 -0.366741 
-0.429992 -0.379145 
-0.414674 -0.39109 
-0.633147 -0.0489473 
0.583065 -0.113867 
0.305667 -0.436398 
0.336369 -0.412425 
0.320332 -0.425421 
0.00506336 -0.529091 
0.091396 -0.522317 
0.0626011 -0.525978 
0.149545 -0.510152 
0.206736 -0.491031 
0.234887 -0.478567 
0.290629 -0.4468 
0.262869 -0.463884 
0.351921 -0.398791 
0.365506 -0.386021 
0.393295 -0.357373 
0.378717 -0.372823 
0.407449 -0.341503 
0.494882 -0.229885 
0.511417 -0.208434 
0.434589 -0.308881 
0.449771 -0.289557 
0.464666 -0.270032 
0.635615 0.00954286 
0.632118 -0.00713518 
0.52809 -0.187232 
0.607923 -0.0716674 
0.599646 -0.08705 
0.62198 -0.0398789 
0.479772 -0.249914 
-0.023133 -0.528701 
0.178237 -0.50153 
0.565816 -0.138422 
0.547186 -0.162954 
0.120728 -0.517019 
-0.636618 -0.0169631 
-0.556064 -0.24033 
-0.627008 -0.0805694 
-0.568398 -0.220557 
-0.59879 -0.162692 
-0.58946 -0.182285 
-0.579521 -0.20119 
-0.614959 -0.122045 
-0.621518 -0.101405 
-0.223219 -0.491789 
-0.271173 -0.473581 
-0.315369 -0.453055 
-0.335785 -0.442236 
-0.0651294 -0.525898 
-0.198168 -0.499757 
-0.172505 -0.50688 
-0.492747 -0.321137 
-0.479761 -0.334527 
-0.505265 -0.307387 
-0.530029 -0.277276 
-0.390341 -0.408608 
-0.355035 -0.431192 
-0.452128 -0.360486 
-0.437511 -0.373001 
-0.406654 -0.397054 
-0.63461 -0.0383215 
0.328415 -0.419003 
-0.373139 -0.420006 
0.0770218 -0.524329 
0.220913 -0.485028 
0.276897 -0.455582 
0.298197 -0.44167 
0.344209 -0.405681 
0.31305 -0.430977 
-0.422378 -0.385176 
0.386064 -0.365152 
0.414361 -0.333456 
0.400424 -0.349484 
0.503117 -0.219135 
0.442221 -0.299251 
0.457247 -0.279816 
0.427924 -0.317138 
0.358764 -0.39246 
0.633999 0.00117593 
-0.466219 -0.34765 
-0.631388 -0.0595357 
0.603876 -0.0794074 
0.62996 -0.015441 
0.624882 -0.0318186 
0.611776 -0.0638242 
0.487309 -0.239886 
0.591592 -0.100605 
0.618814 -0.047927 
-0.543272 -0.259247 
0.37216 -0.379471 
-0.60737 -0.142478 
-0.24763 -0.483021 
-0.517298 -0.293286 
-0.0372499 -0.528052 
0.472227 -0.259979 
-0.293835 -0.463531 
-0.0926164 -0.522652 
-0.119699 -0.518369 
0.0480734 -0.527278 
0.0192958 -0.52882 
0.192568 -0.496503 
0.163955 -0.506054 
0.519737 -0.19782 
0.556584 -0.150751 
-0.146338 -0.513098 
-0.00903693 -0.529049 
0.249002 -0.471462 
0.135185 -0.513789 
0.53766 -0.17511 
0.106098 -0.519867 
0.574585 -0.126245 
