ZONE T="boundary0"
-4 -0.504092 
-4 -0.0622919 
-4 0.723587 
-4 0.61448 
-4 0.280364 
-4 0.220193 
-4 0.336616 
-4 0.505373 
-4 -0.16267 
-4 -0.195331 
-4 0.169385 
-4 0.118577 
-4 0.392868 
-4 -0.397329 
-4 -0.45071 
-4 -0.606116 
-4 -0.708141 
-4 -0.130008 
-4 -0.227992 
-4 -0.328991 
-4 -0.260654 
-4 1 
-4 -1 
-4 -0.294823 
-4 0.00542449 
-4 0.0620008 
-4 0.669034 
-4 0.250278 
-4 0.30849 
-4 0.559926 
-4 -0.179 
-4 0.143981 
-4 0.364742 
-4 0.194789 
-4 0.449121 
-4 -0.42402 
-4 -0.657129 
-4 -0.36316 
-4 0.861794 
-4 -0.85407 
-4 -0.146339 
-4 -0.211662 
-4 -0.244323 
-4 -0.311907 
-4 -0.277738 
-4 0.0902889 
-4 -0.477401 
-4 -0.0284337 
-4 -0.555104 
-4 0.0337126 
-4 -0.09615 
ZONE T="boundary1"
1.93026 1 
3.76561 1 
3.53121 1 
1.64636 1 
1.51903 1 
-0.234897 1 
-0.308213 1 
0.0479756 1 
-0.354918 1 
-0.401623 1 
1.28361 1 
-0.161581 1 
0.382854 1 
0.518039 1 
0.585632 1 
0.323405 1 
0.263956 1 
-0.709519 1 
-0.495034 1 
-0.602277 1 
-0.933935 1 
1.07477 1 
-3.5257 1 
2.08682 1 
2.26648 1 
-1.1582 1 
-1.47878 1 
-3.08197 1 
2.44614 1 
-3.30383 1 
-3.76285 1 
-2.41471 1 
4 1 
3.2773 1 
3.02338 1 
2.73476 1 
-0.025985 1 
0.121936 1 
-0.0937829 1 
0.192946 1 
0.81993 1 
0.875498 1 
0.764361 1 
-4 1 
-1.37053 1 
-1.04607 1 
-1.26437 1 
-1.58703 1 
-1.76498 1 
-1.94294 1 
0.975134 1 
1.40132 1 
1.77369 1 
-0.821727 1 
-2.17882 1 
-2.74834 1 
-2.91515 1 
0.653224 1 
3.64841 1 
1.5827 1 
-0.271555 1 
-0.378271 1 
0.551835 1 
0.29368 1 
-0.548655 1 
1.17919 1 
2.17665 1 
-3.1929 1 
-3.64428 1 
3.8828 1 
3.40425 1 
2.87907 1 
0.450446 1 
-0.059884 1 
-0.198239 1 
-0.127682 1 
-0.448329 1 
0.157441 1 
-0.655898 1 
0.847714 1 
-3.88143 1 
-0.99 1 
-1.10213 1 
-1.42466 1 
-1.53291 1 
-1.67601 1 
-1.85396 1 
1.34247 1 
1.71003 1 
2.00854 1 
1.85197 1 
-2.06088 1 
3.15034 1 
-2.29677 1 
-2.83175 1 
-2.58153 1 
2.59045 1 
2.35631 1 
-3.41477 1 
0.0849559 1 
0.0109953 1 
0.228451 1 
0.353129 1 
-0.331565 1 
1.02495 1 
0.708793 1 
0.619428 1 
0.925316 1 
0.792145 1 
-0.765623 1 
-1.21128 1 
-0.877831 1 
-1.31745 1 
1.46018 1 
-2.99856 1 
ZONE T="boundary2"
4 -1 
4 -0.828108 
4 -0.318003 
4 -0.268826 
4 -0.392766 
4 0.198443 
4 0.244214 
4 0.307613 
4 0.275914 
4 0.447587 
4 0.371012 
4 -0.219649 
4 -0.157918 
4 -0.0175272 
4 0.152673 
4 -0.46753 
4 -0.561873 
4 -0.656216 
4 0.0675728 
4 1 
4 0.524161 
4 0.762081 
4 -0.0877223 
4 -0.914054 
4 -0.293414 
4 -0.355385 
4 0.221329 
4 0.291763 
4 0.409299 
4 -0.244238 
4 -0.188783 
4 0.260064 
4 0.339312 
4 -0.514701 
4 -0.609045 
4 0.0250228 
4 0.175558 
4 0.110123 
4 0.485874 
4 0.643121 
4 -0.430148 
4 -0.742162 
4 0.88104 
4 -0.0526248 
4 -0.12282 
ZONE T="boundary3"
-2.19661 -1 
4 -1 
3.73548 -1 
-0.633499 -1 
-0.506469 -1 
1.21722 -1 
2.21275 -1 
1.84287 -1 
-3.75 -1 
-1.03029 -1 
-0.96118 -1 
-2.67671 -1 
-2.55669 -1 
-3.00797 -1 
-3.1736 -1 
-1.45052 -1 
-1.58429 -1 
3.27181 -1 
3.07267 -1 
-3.33923 -1 
3.47096 -1 
-2.43666 -1 
0.374666 -1 
0.489029 -1 
0.124967 -1 
-0.432819 -1 
-0.359168 -1 
-0.289339 -1 
-0.219509 -1 
-0.0646056 -1 
-0.142057 -1 
0.603392 -1 
0.0301808 -1 
0.710456 -1 
-0.697013 -1 
-0.760528 -1 
1.11862 -1 
1.33042 -1 
-1.09939 -1 
-1.23761 -1 
-1.34407 -1 
1.44363 -1 
1.64325 -1 
1.54344 -1 
0.918773 -1 
1.02003 -1 
0.817521 -1 
-4 -1 
2.42317 -1 
2.63359 -1 
-1.95733 -1 
-1.71806 -1 
2.85313 -1 
0.187392 -1 
0.249817 -1 
-0.860854 -1 
-0.810691 -1 
-0.911017 -1 
-3.54462 -1 
-0.569984 -1 
2.02781 -1 
3.86774 -1 
-0.995734 -1 
-2.6167 -1 
-3.09079 -1 
-2.84234 -1 
3.60322 -1 
-2.31663 -1 
0.431848 -1 
-0.324253 -1 
-0.469644 -1 
-0.395993 -1 
-0.254424 -1 
-0.103331 -1 
-0.0172124 -1 
0.656924 -1 
1.16792 -1 
1.27382 -1 
-1.1685 -1 
0.546211 -1 
1.38703 -1 
1.59334 -1 
0.9694 -1 
0.868147 -1 
-3.25642 -1 
1.74306 -1 
2.31796 -1 
-2.49667 -1 
-1.8377 -1 
-2.07697 -1 
-1.29084 -1 
-1.39729 -1 
2.52838 -1 
2.74336 -1 
3.37139 -1 
3.17224 -1 
0.218604 -1 
0.763988 -1 
-0.665256 -1 
-0.728771 -1 
-0.835773 -1 
-0.78561 -1 
-0.885936 -1 
-0.180783 -1 
0.312241 -1 
0.077574 -1 
1.06932 -1 
-1.06484 -1 
1.49353 -1 
-1.51741 -1 
-1.65118 -1 
-3.64731 -1 
2.9629 -1 
-3.44193 -1 
-3.875 -1 
-0.936099 -1 
0.15618 -1 
ZONE T="boundary4"
-0.0966601 0.50986 
-0.123743 0.504408 
-0.573396 0.191918 
0.47345 0.307305 
0.484233 0.291855 
0.635678 0.00772759 
0.63204 0.0237776 
-0.604919 0.129561 
-0.589849 0.161877 
-0.632674 0.0399776 
-0.627609 0.0625292 
0.561056 0.170716 
-0.24846 0.465845 
-0.271699 0.455976 
0.638359 -0.00832803 
0.640075 -0.0244032 
-0.636441 0.0174478 
-0.613689 0.107402 
-0.621265 0.085043 
-0.560673 0.212646 
-0.547175 0.232895 
-0.434563 0.355543 
-0.52604 0.261679 
-0.484447 0.309454 
-0.499425 0.293435 
-0.513021 0.27779 
-0.397392 0.38422 
-0.416233 0.370206 
-0.468889 0.324925 
-0.35785 0.410552 
-0.337123 0.422869 
-0.315986 0.43448 
-0.37785 0.397724 
-0.224905 0.474931 
-0.17558 0.49116 
-0.14977 0.498227 
-0.452005 0.340541 
0.517521 0.240049 
0.506209 0.258165 
-0.200377 0.483461 
-0.0410655 0.517984 
-0.06942 0.514352 
-0.012623 0.520556 
0.531247 0.217995 
0.576798 0.145303 
0.545035 0.196072 
0.453157 0.334261 
-0.638894 -0.00499017 
0.402415 0.390066 
0.423047 0.369264 
0.325368 0.449206 
0.353455 0.430626 
0.37935 0.410599 
0.442807 0.346948 
0.494692 0.276155 
0.107944 0.519014 
0.138827 0.515081 
0.0163842 0.522061 
0.0767576 0.52144 
0.169873 0.509468 
0.0466216 0.522399 
0.201569 0.50186 
0.295666 0.465787 
0.62208 0.0555182 
0.627515 0.0396424 
0.608861 0.0867847 
-0.294024 0.445599 
0.592793 0.117884 
0.2334 0.492099 
0.264888 0.480094 
-0.110225 0.507253 
0.478886 0.299612 
0.633973 0.0157785 
-0.597663 0.145848 
-0.630295 0.0512874 
-0.260121 0.461008 
0.639337 -0.0163525 
-0.634715 0.0287386 
-0.61762 0.0962707 
-0.624586 0.0738277 
-0.554016 0.222832 
-0.567135 0.202344 
-0.609441 0.118535 
-0.536809 0.247434 
-0.49201 0.301514 
-0.506293 0.285673 
-0.406874 0.377295 
-0.476738 0.317259 
-0.347539 0.416799 
-0.326603 0.428764 
-0.367905 0.404224 
-0.23672 0.470486 
-0.162705 0.494804 
-0.460519 0.33281 
0.511879 0.249116 
-0.055259 0.516299 
-0.0268558 0.519403 
-0.519602 0.269792 
0.524376 0.229016 
0.637136 -0.000280406 
0.568981 0.15804 
0.553053 0.183396 
-0.38768 0.391057 
0.463469 0.32091 
0.412882 0.379817 
0.339585 0.440181 
0.366582 0.420847 
0.448025 0.34064 
0.489501 0.284031 
0.500487 0.267182 
-0.443351 0.34812 
0.123411 0.517242 
0.0923659 0.520414 
0.154388 0.512485 
0.0315019 0.52239 
0.185778 0.505899 
0.538128 0.207024 
0.624897 0.0476145 
0.615811 0.0712955 
-0.18801 0.487414 
-0.212677 0.479299 
0.629883 0.0317403 
-0.282904 0.45088 
-0.425463 0.362956 
0.584924 0.131667 
-0.637829 0.00624592 
-0.305052 0.440132 
-0.0830595 0.512226 
0.0616956 0.522085 
-0.136782 0.501428 
0.601084 0.102466 
0.00187384 0.52145 
0.249247 0.486368 
0.280406 0.47322 
-0.581849 0.177021 
0.217563 0.497236 
0.310672 0.457776 
0.391049 0.400523 
0.433078 0.358242 
ZONE T="boundary5"
0.583858 -0.21675 
-0.533031 -0.277917 
-0.546232 -0.26578 
-0.557438 -0.254193 
-0.568057 -0.241945 
-0.625466 -0.134912 
-0.631112 -0.114043 
0.634173 -0.104013 
-0.638272 -0.071243 
-0.639819 -0.0493793 
-0.490745 -0.308351 
-0.635375 -0.0928067 
0.630225 -0.119458 
-0.600189 -0.194573 
-0.589011 -0.213246 
0.598148 -0.19389 
0.425902 -0.347369 
0.409998 -0.353924 
-0.372134 -0.353121 
-0.352773 -0.356978 
-0.310725 -0.363362 
-0.288091 -0.365939 
-0.238379 -0.370241 
-0.26324 -0.368275 
-0.212569 -0.372027 
-0.186799 -0.373665 
-0.333281 -0.360237 
-0.0807252 -0.380362 
-0.107441 -0.378599 
-0.026282 -0.38411 
-0.0534727 -0.382221 
0.460708 -0.330235 
-0.160483 -0.37528 
-0.134231 -0.376898 
-0.475103 -0.317094 
-0.459029 -0.324967 
0.610486 -0.17069 
0.62113 -0.146381 
-0.51918 -0.289155 
-0.505208 -0.299174 
-0.407293 -0.344175 
-0.42441 -0.338724 
-0.578906 -0.22794 
0.353589 -0.371976 
0.322849 -0.378963 
-0.389811 -0.348968 
-0.441905 -0.33227 
0.640075 -0.0244032 
-0.640022 -0.0272815 
0.114223 -0.392165 
0.0855398 -0.391032 
0.0573152 -0.389567 
0.142964 -0.392834 
0.443471 -0.339235 
0.00143664 -0.386022 
0.0291199 -0.387856 
0.172263 -0.392919 
0.291997 -0.384306 
0.201611 -0.392276 
0.231644 -0.39073 
0.261669 -0.388141 
-0.610003 -0.175243 
0.373831 -0.366345 
-0.61843 -0.155336 
0.393865 -0.359866 
0.637253 -0.0882799 
0.476671 -0.32088 
0.492148 -0.310739 
0.576258 -0.22765 
0.507139 -0.299757 
0.639398 -0.0724284 
0.542819 -0.267805 
0.526261 -0.283788 
0.567558 -0.239249 
0.558428 -0.250511 
0.625985 -0.133052 
0.640589 -0.0565204 
-0.638894 -0.00499017 
0.640819 -0.0404444 
-0.539726 -0.271951 
-0.56283 -0.24814 
-0.628463 -0.124525 
-0.639215 -0.0603236 
-0.594762 -0.204006 
0.41798 -0.350725 
-0.36247 -0.35513 
-0.299415 -0.364711 
-0.250811 -0.369296 
-0.199684 -0.372858 
-0.322014 -0.361877 
-0.094082 -0.379472 
-0.0398765 -0.383164 
-0.17364 -0.374475 
-0.120835 -0.377741 
-0.467118 -0.321137 
0.616052 -0.158642 
-0.526192 -0.283642 
-0.551915 -0.260064 
-0.49804 -0.303863 
-0.415881 -0.34154 
-0.584063 -0.220664 
-0.482985 -0.312831 
-0.343039 -0.358677 
0.338266 -0.375682 
-0.380991 -0.351122 
-0.433197 -0.335602 
-0.27567 -0.367161 
-0.636995 -0.0820483 
-0.640088 -0.0383324 
0.0714251 -0.390336 
0.128591 -0.392565 
0.0152772 -0.386953 
0.307454 -0.381824 
0.186938 -0.392696 
-0.633416 -0.10346 
-0.605264 -0.184994 
0.452145 -0.334841 
-0.614388 -0.165362 
0.40196 -0.35697 
0.434734 -0.343404 
0.383882 -0.363213 
-0.622122 -0.145184 
0.468747 -0.325655 
0.484474 -0.315908 
-0.512267 -0.294265 
0.638443 -0.0803698 
0.534678 -0.27594 
0.563048 -0.244924 
0.580103 -0.222231 
0.591198 -0.205442 
0.363738 -0.369262 
0.628187 -0.12628 
0.623634 -0.139744 
0.635828 -0.0961688 
-0.398576 -0.346656 
0.640113 -0.0644831 
0.632307 -0.111763 
-0.639623 -0.016128 
-0.450515 -0.328729 
-0.225475 -0.371159 
0.640568 -0.0324179 
-0.573582 -0.235019 
0.640826 -0.0484839 
-0.0124228 -0.385071 
0.157613 -0.392959 
0.246667 -0.389574 
-0.147356 -0.376085 
0.0432158 -0.388737 
0.0998784 -0.39165 
-0.0670976 -0.381285 
0.499717 -0.305348 
0.604526 -0.182401 
0.516848 -0.29195 
0.55077 -0.25929 
0.276852 -0.386385 
0.216633 -0.391624 
0.571961 -0.23349 
