ZONE T="boundary0"
-4 -0.270265 
-4 -0.209581 
-4 -0.132076 
-4 0.70512 
-4 0.339122 
-4 0.142966 
-4 -0.817076 
-4 -1 
-4 1 
-4 -0.32051 
-4 -0.370756 
-4 -0.436605 
-4 -0.502453 
-4 -0.0684603 
-4 -0.634151 
-4 -0.00484432 
-4 0.0690611 
-4 0.207912 
-4 0.405387 
-4 0.272857 
-4 0.506106 
-4 0.803413 
-4 0.606826 
-4 -0.239923 
-4 -0.908538 
-4 -0.345633 
-4 -0.469529 
-4 -0.170829 
-4 -0.100268 
-4 -0.568302 
-4 -0.295387 
-4 -0.0366523 
-4 0.0321084 
-4 0.240384 
-4 0.175439 
-4 -0.725614 
-4 0.901707 
-4 0.106014 
-4 0.305989 
-4 0.372254 
-4 0.455747 
-4 -0.40368 
-4 0.556466 
-4 0.754266 
-4 0.655973 
ZONE T="boundary1"
0.744882 1 
0.634234 1 
1.26263 1 
1.03314 1 
0.205174 1 
0.135279 1 
0.523586 1 
0.351584 1 
3.54816 1 
-1.71259 1 
-0.153581 1 
-0.226929 1 
1.49833 1 
1.59641 1 
-0.805792 1 
4 1 
3.84939 1 
-3.82331 1 
-4 1 
2.93081 1 
2.32754 1 
-3.11678 1 
-3.3817 1 
2.10909 1 
1.89064 1 
2.75887 1 
2.5432 1 
-1.83707 1 
-2.42633 1 
-2.65033 1 
-2.88356 1 
0.065385 1 
-0.080234 1 
-0.548437 1 
-0.466332 1 
-0.305578 1 
-0.00742449 1 
-0.384227 1 
0.57891 1 
0.889009 1 
-0.708511 1 
-0.903073 1 
-1.12782 1 
-1.01545 1 
-1.23865 1 
-1.34948 1 
3.10275 1 
3.25015 1 
1.14788 1 
1.79256 1 
1.69448 1 
-1.4688 1 
-1.58812 1 
-3.64662 1 
-2.01969 1 
-2.20232 1 
3.69877 1 
3.39755 1 
1.38048 1 
0.689558 1 
0.170227 1 
-0.190255 1 
1.54737 1 
3.92469 1 
-3.91165 1 
-3.24924 1 
1.99986 1 
2.65104 1 
-2.53833 1 
0.100332 1 
-0.507384 1 
0.0289803 1 
-0.0438292 1 
0.437585 1 
-0.425279 1 
0.278379 1 
0.551248 1 
0.961073 1 
0.816946 1 
-0.628474 1 
-0.757152 1 
-1.07163 1 
-0.854433 1 
-1.18323 1 
-1.29406 1 
3.17645 1 
1.74352 1 
1.20525 1 
-1.52846 1 
-1.65036 1 
-1.40914 1 
-1.77483 1 
-3.51416 1 
-3.73496 1 
-2.11101 1 
-1.92838 1 
-3.00017 1 
2.21832 1 
-2.76694 1 
-2.31432 1 
2.84484 1 
2.43537 1 
1.64544 1 
3.01678 1 
0.606572 1 
-0.116908 1 
1.09051 1 
-0.266253 1 
3.47285 1 
3.32385 1 
-0.95926 1 
3.77408 1 
3.62347 1 
1.4394 1 
1.32155 1 
1.8416 1 
-0.344903 1 
ZONE T="boundary2"
4 -0.44205 
4 -0.287702 
4 -0.234169 
4 -0.371432 
4 -0.185178 
4 0.278321 
4 0.20736 
4 0.336392 
4 0.404163 
4 -0.0754849 
4 -0.634501 
4 -0.512668 
4 0.484239 
4 0.782157 
4 -1 
4 -0.756334 
4 1 
4 -0.130331 
4 0.00171657 
4 0.143139 
4 0.564314 
4 0.078918 
4 -0.260936 
4 -0.329567 
4 0.242841 
4 0.307357 
4 0.370278 
4 -0.573584 
4 -0.878167 
4 -0.209674 
4 -0.102908 
4 -0.477359 
4 -0.157755 
4 -0.0368842 
4 0.524277 
4 -0.406741 
4 0.17525 
4 0.111029 
4 0.0403173 
4 0.444201 
4 -0.695417 
4 0.673236 
4 0.891079 
ZONE T="boundary3"
-3.7448 -1 
1.76827 -1 
0.756678 -1 
0.00522711 -1 
-0.0645205 -1 
-0.91738 -1 
-0.787658 -1 
0.138906 -1 
-1.07859 -1 
-1.23981 -1 
-4 -1 
-3.02048 -1 
1.92075 -1 
2.07323 -1 
2.26875 -1 
4 -1 
3.56707 -1 
2.77034 -1 
2.92338 -1 
3.42276 -1 
3.24959 -1 
2.46426 -1 
-2.13579 -1 
-1.94948 -1 
-3.48959 -1 
-2.43842 -1 
-2.3221 -1 
0.276609 -1 
0.207758 -1 
0.369296 -1 
-0.301719 -1 
0.461984 -1 
-0.469333 -1 
-0.357591 -1 
0.0720667 -1 
0.840767 -1 
0.567287 -1 
0.96631 -1 
0.67259 -1 
1.09185 -1 
-0.190058 -1 
-0.134268 -1 
-0.245848 -1 
-0.657935 -1 
1.34881 -1 
1.45368 -1 
1.55854 -1 
1.22033 -1 
-0.997987 -1 
-1.41102 -1 
-1.32541 -1 
3.71138 -1 
3.07641 -1 
-1.58223 -1 
-1.76586 -1 
-2.78761 -1 
-2.55473 -1 
-0.0296467 -1 
-0.852519 -1 
-1.1592 -1 
1.99699 -1 
2.84686 -1 
3.33617 -1 
2.6173 -1 
-2.04264 -1 
-3.25504 -1 
-2.38026 -1 
0.242183 -1 
0.322953 -1 
0.41564 -1 
-0.413462 -1 
0.0386469 -1 
0.798723 -1 
0.714634 -1 
0.903539 -1 
1.02908 -1 
-0.162163 -1 
0.514635 -1 
-0.273784 -1 
-0.563634 -1 
1.50611 -1 
-0.957684 -1 
-1.28261 -1 
-3.8724 -1 
0.619938 -1 
3.63922 -1 
3.49491 -1 
3.85569 -1 
1.6634 -1 
-1.36822 -1 
-3.61719 -1 
2.99989 -1 
3.163 -1 
2.3665 -1 
2.17099 -1 
-1.85767 -1 
-0.722796 -1 
-2.22894 -1 
1.84451 -1 
0.173332 -1 
0.105486 -1 
-0.329655 -1 
-1.03829 -1 
-0.0993943 -1 
-0.217953 -1 
-2.49657 -1 
-2.90404 -1 
-2.67117 -1 
1.40124 -1 
1.28457 -1 
1.15609 -1 
-1.49663 -1 
-1.67405 -1 
ZONE T="boundary4"
-0.598455 0.164395 
-0.584673 0.1929 
-0.381445 0.417199 
-0.362772 0.429152 
-0.632559 0.0493764 
-0.634998 0.0282839 
-0.417098 0.391748 
-0.628899 0.0705549 
-0.624041 0.0917493 
-0.618032 0.112841 
-0.610911 0.133792 
-0.574887 0.210928 
-0.564581 0.228476 
-0.553714 0.245687 
-0.480516 0.336022 
-0.52104 0.290735 
-0.508169 0.306176 
-0.533215 0.275024 
-0.49476 0.321165 
-0.465768 0.35039 
-0.450148 0.364608 
-0.43405 0.378295 
-0.302278 0.462283 
-0.399697 0.404624 
-0.280968 0.472129 
-0.258551 0.481558 
-0.211885 0.498334 
-0.235824 0.490195 
-0.162158 0.512268 
-0.0532829 0.52961 
-0.0245345 0.531229 
0.00485188 0.53157 
-0.343198 0.440766 
-0.323236 0.451709 
0.60521 0.072315 
0.59462 0.0911574 
-0.636202 0.00734138 
0.569633 0.128606 
0.555564 0.147328 
0.635305 -0.0162079 
0.41643 0.325617 
0.399986 0.345158 
0.380335 0.367087 
0.258935 0.465867 
0.336322 0.410042 
0.360248 0.387764 
0.311684 0.430381 
0.462693 0.266228 
0.478398 0.245349 
0.509888 0.204647 
0.494205 0.224643 
0.447681 0.286036 
0.432453 0.305668 
0.126059 0.517604 
0.155604 0.509913 
0.0958868 0.523588 
0.065543 0.527852 
0.183895 0.500686 
0.234886 0.478831 
0.210171 0.490321 
0.631828 0.00163238 
0.621192 0.036781 
0.614069 0.0540859 
0.583024 0.109445 
0.637532 -0.0341524 
0.627097 0.019369 
-0.187679 0.505607 
0.525691 0.184912 
0.540747 0.166161 
-0.136425 0.51797 
-0.0820039 0.526753 
-0.109287 0.522901 
0.283476 0.45064 
0.0353305 0.530472 
-0.591776 0.178749 
-0.372159 0.423254 
-0.633929 0.0388474 
-0.630875 0.0599907 
-0.626611 0.0811843 
-0.621171 0.102333 
-0.6146 0.12336 
-0.559217 0.237125 
-0.569805 0.219744 
-0.579859 0.201957 
-0.514673 0.298512 
-0.527198 0.282934 
-0.487702 0.328655 
-0.458019 0.357566 
-0.442156 0.371519 
-0.473203 0.343268 
-0.390624 0.410989 
-0.223891 0.494372 
-0.408452 0.398259 
-0.501529 0.313728 
-0.291665 0.467297 
-0.0389168 0.530576 
-0.00984251 0.531568 
-0.333263 0.446322 
-0.425631 0.385093 
-0.604944 0.149199 
0.600051 0.0818127 
0.562665 0.138016 
0.40827 0.335441 
0.390261 0.356214 
-0.543693 0.260514 
0.348442 0.399075 
0.470542 0.255785 
-0.635753 0.0178215 
0.502015 0.214618 
0.440102 0.295878 
0.455207 0.276147 
0.140889 0.51398 
0.0807445 0.525927 
0.16982 0.505515 
0.247006 0.472529 
0.222612 0.484758 
0.63372 -0.00725734 
0.617764 0.0454891 
0.588933 0.100371 
0.576426 0.119094 
0.629612 0.0105412 
0.636573 -0.0251604 
-0.247225 0.485975 
-0.269801 0.476942 
0.486272 0.23497 
-0.312803 0.457087 
-0.199814 0.502079 
-0.174949 0.509057 
0.424491 0.315683 
0.548194 0.156773 
-0.353035 0.435043 
-0.149318 0.51524 
0.533229 0.175543 
0.517775 0.194766 
-0.0956638 0.524963 
-0.0676579 0.528334 
0.111016 0.520814 
0.271322 0.458446 
0.29776 0.440767 
0.324159 0.420404 
0.370403 0.377536 
-0.122879 0.520569 
0.0504543 0.529356 
0.19711 0.4957 
0.0200988 0.53121 
0.624285 0.0281235 
0.609779 0.063269 
ZONE T="boundary5"
-0.61731 -0.11197 
-0.623557 -0.0930597 
-0.591762 -0.164801 
-0.581394 -0.180645 
-0.515727 -0.250241 
-0.628568 -0.0737138 
-0.632342 -0.0539581 
-0.384608 -0.320218 
-0.401398 -0.314012 
-0.636161 -0.0133716 
-0.367669 -0.325981 
-0.609846 -0.130373 
-0.503035 -0.259972 
0.563762 -0.262922 
-0.489878 -0.269164 
-0.601185 -0.148221 
-0.289612 -0.34796 
-0.267577 -0.353246 
-0.222323 -0.363357 
-0.245523 -0.35828 
-0.310096 -0.342756 
-0.0500355 -0.39638 
0.11578 -0.416448 
-0.17507 -0.373176 
-0.199126 -0.368254 
-0.101363 -0.387381 
-0.126193 -0.382745 
-0.0757171 -0.391986 
0.328225 -0.403238 
0.347661 -0.398589 
-0.476353 -0.277769 
-0.542274 -0.226672 
-0.528022 -0.239911 
-0.447582 -0.293675 
-0.462201 -0.285966 
-0.555816 -0.212606 
-0.349146 -0.331799 
0.289217 -0.410455 
0.263826 -0.413791 
-0.330523 -0.337219 
-0.634874 -0.0338308 
0.636823 -0.088107 
-0.569081 -0.197075 
0.443721 -0.362505 
0.424753 -0.37167 
0.145565 -0.417869 
0.175437 -0.418403 
0.462306 -0.352297 
0.482666 -0.339502 
0.238362 -0.416171 
0.0870524 -0.414323 
0.0307518 -0.408313 
0.00316413 -0.404614 
0.0584349 -0.411549 
-0.0234673 -0.400654 
0.308773 -0.407172 
0.366921 -0.393211 
0.404991 -0.380034 
0.502274 -0.325293 
0.384963 -0.387414 
0.638266 -0.070191 
-0.636202 0.00734138 
0.555657 -0.273265 
0.538454 -0.292711 
0.579882 -0.239633 
0.587824 -0.226662 
0.595395 -0.213236 
0.620691 -0.156693 
0.625749 -0.14126 
0.614964 -0.171799 
0.630485 -0.123801 
0.634215 -0.105999 
0.206891 -0.417896 
0.638513 -0.0521247 
0.637532 -0.0341524 
-0.432688 -0.300839 
-0.15102 -0.377955 
0.602483 -0.199549 
0.608985 -0.185792 
0.520883 -0.309726 
-0.62059 -0.102566 
-0.586701 -0.172803 
-0.630613 -0.063866 
-0.393025 -0.317174 
-0.376156 -0.323152 
-0.509435 -0.255177 
-0.62622 -0.0834275 
-0.496507 -0.264641 
-0.613731 -0.121233 
-0.278603 -0.350637 
-0.233928 -0.360842 
-0.256556 -0.35579 
-0.299863 -0.345395 
-0.187101 -0.370733 
-0.113781 -0.385083 
0.337964 -0.401002 
-0.483161 -0.273538 
-0.535239 -0.233389 
-0.454929 -0.28989 
-0.549145 -0.219735 
-0.358424 -0.328943 
0.276537 -0.412247 
-0.339847 -0.334554 
-0.635675 -0.0236111 
-0.469319 -0.28194 
0.434295 -0.367207 
-0.0628813 -0.394211 
0.160498 -0.418253 
-0.0885443 -0.389708 
0.472588 -0.346063 
0.101409 -0.415473 
0.0169501 -0.406517 
0.0445852 -0.409994 
0.251104 -0.415096 
0.357317 -0.395993 
0.318516 -0.405288 
0.414923 -0.375973 
-0.320321 -0.340033 
0.299008 -0.408892 
0.453082 -0.357525 
0.37597 -0.3904 
-0.0367577 -0.398553 
0.637691 -0.0791603 
0.395019 -0.383839 
0.54725 -0.283159 
0.55976 -0.268133 
0.583912 -0.233184 
0.572047 -0.251433 
0.623311 -0.149006 
0.61791 -0.164277 
0.62824 -0.132563 
0.635661 -0.0970731 
0.632485 -0.114928 
-0.633766 -0.0439143 
-0.596605 -0.156585 
0.222635 -0.417194 
-0.636337 -0.00301537 
-0.575372 -0.18896 
-0.56257 -0.204943 
0.638176 -0.0431296 
-0.417146 -0.307671 
0.638542 -0.0611594 
-0.521932 -0.245145 
-0.163048 -0.375582 
0.49259 -0.332564 
-0.210728 -0.365825 
-0.13861 -0.380368 
0.130666 -0.417263 
-0.0101585 -0.402677 
0.0727354 -0.413013 
0.191165 -0.418294 
0.59167 -0.219982 
-0.605664 -0.139368 
0.605797 -0.1927 
0.612043 -0.178825 
-0.440167 -0.297323 
0.529826 -0.301381 
0.511717 -0.317675 
0.598999 -0.206425 
