ZONE T="boundary0"
-4 1 
-4 -0.387173 
-4 -0.332942 
-4 0.320799 
-4 0.294764 
-4 0.523276 
-4 0.398906 
-4 -0.168376 
-4 -1 
-4 0.823823 
-4 0.647647 
-4 0.133003 
-4 0.0110631 
-4 0.346835 
-4 0.254324 
-4 -0.476052 
-4 -0.564931 
-4 -0.305827 
-4 -0.251128 
-4 -0.223544 
-4 -0.0786565 
-4 -0.123516 
-4 -0.782466 
-4 0.213883 
-4 0.173443 
-4 -0.278712 
-4 -0.360058 
-4 0.307782 
-4 0.461091 
-4 0.735735 
-4 0.0720331 
-4 -0.520492 
-4 -0.319385 
-4 -0.145946 
-4 -0.0337967 
-4 0.585461 
-4 0.911912 
-4 -0.673699 
-4 -0.891233 
-4 0.234104 
-4 0.333817 
-4 0.274544 
-4 0.153223 
-4 0.37287 
-4 -0.431613 
-4 -0.29227 
-4 -0.26492 
-4 -0.237336 
-4 -0.19596 
-4 -0.101086 
-4 0.193663 
ZONE T="boundary1"
-3.66756 1 
-4 1 
-3.25596 1 
3.67009 1 
-0.857546 1 
0.501418 1 
0.394774 1 
-0.482316 1 
0.0261017 1 
-1.57845 1 
1.17678 1 
-1.26421 1 
-1.83931 1 
-1.70888 1 
-2.10344 1 
-1.07209 1 
-1.16815 1 
-2.32728 1 
-2.55111 1 
1.58853 1 
3.50514 1 
1.75872 1 
-3.09133 1 
2.90674 1 
-2.73891 1 
-2.92671 1 
2.66597 1 
2.42521 1 
0.289843 1 
0.228324 1 
0.166806 1 
0.0964539 1 
-0.104532 1 
-0.0392148 1 
0.832328 1 
0.720242 1 
0.61083 1 
-0.330076 1 
-0.586212 1 
-0.27933 1 
-0.191931 1 
-0.380823 1 
-0.773827 1 
3.83505 1 
4 1 
-1.33997 1 
-1.41573 1 
-0.964816 1 
-0.690107 1 
3.34018 1 
1.95795 1 
1.29756 1 
1.41834 1 
1.0606 1 
3.12346 1 
2.15718 1 
0.888371 1 
0.944413 1 
1.0025 1 
2.2912 1 
-3.83378 1 
0.448096 1 
-1.7741 1 
-1.97138 1 
-1.12012 1 
-2.4392 1 
3.58761 1 
1.67363 1 
-3.46176 1 
-2.83281 1 
2.54559 1 
0.259084 1 
0.13163 1 
0.0612777 1 
-0.0718736 1 
-0.00655681 1 
0.197565 1 
0.342308 1 
0.776285 1 
0.665536 1 
-0.235631 1 
-0.43157 1 
-0.815687 1 
3.91752 1 
-1.37785 1 
-0.911181 1 
-1.01845 1 
-1.21618 1 
-1.49709 1 
-1.30209 1 
-0.638159 1 
-0.731967 1 
2.78635 1 
3.75257 1 
3.42266 1 
1.35795 1 
1.50344 1 
1.85834 1 
1.11869 1 
3.0151 1 
-2.21536 1 
-3.17365 1 
-3.00902 1 
2.05757 1 
-2.64501 1 
0.556124 1 
-0.148231 1 
0.860349 1 
0.916392 1 
0.973459 1 
1.03155 1 
-0.534264 1 
1.23717 1 
3.23182 1 
2.22419 1 
2.3582 1 
-1.64366 1 
-0.35545 1 
-0.304703 1 
ZONE T="boundary2"
4 -1 
4 -0.352803 
4 -0.415694 
4 -0.604367 
4 -0.289441 
4 0.143875 
4 -0.478585 
4 -0.109915 
4 0.0873119 
4 0.0152001 
4 0.200439 
4 -0.0569117 
4 0.281555 
4 0.240997 
4 -0.231622 
4 -0.260532 
4 -0.162919 
4 0.565488 
4 0.489287 
4 0.782744 
4 1 
4 0.674116 
4 0.314438 
4 0.347321 
4 0.413087 
4 -0.384249 
4 -0.321122 
4 -0.541476 
4 0.051256 
4 -0.0208558 
4 0.261276 
4 -0.802184 
4 -0.274986 
4 -0.197271 
4 -0.0834134 
4 -0.136417 
4 -0.44714 
4 0.172157 
4 0.527388 
4 0.891372 
4 0.619802 
4 0.72843 
4 0.297997 
4 -0.246077 
4 0.220718 
4 0.115594 
4 0.380204 
4 0.451187 
4 0.33088 
ZONE T="boundary3"
-3.4576 -1 
-1.28063 -1 
-1.18257 -1 
3.76993 -1 
4 -1 
-0.12852 -1 
-0.465847 -1 
-0.363266 -1 
-0.233575 -1 
-0.190345 -1 
0.136168 -1 
0.782529 -1 
0.401106 -1 
0.300851 -1 
0.537942 -1 
-0.657582 -1 
-1.08451 -1 
-0.961024 -1 
3.53986 -1 
-2.10646 -1 
0.890279 -1 
1.01063 -1 
-1.70223 -1 
-1.80329 -1 
-4 -1 
-3.7288 -1 
1.97582 -1 
2.71737 -1 
2.46593 -1 
3.10693 -1 
-2.60033 -1 
-2.3534 -1 
-2.83627 -1 
0.200595 -1 
0.00252297 -1 
0.0717404 -1 
-0.0666951 -1 
-0.531722 -1 
-0.276806 -1 
-0.717566 -1 
-0.837535 -1 
0.674778 -1 
1.13099 -1 
-1.59683 -1 
-1.38603 -1 
1.46287 -1 
1.55429 -1 
1.25122 -1 
1.37145 -1 
1.73714 -1 
-1.49143 -1 
-1.90435 -1 
2.84722 -1 
-3.26491 -1 
-3.07221 -1 
2.2145 -1 
2.97708 -1 
3.23678 -1 
-0.597597 -1 
-1.2316 -1 
3.88497 -1 
-0.414556 -1 
-0.21196 -1 
0.350978 -1 
0.469524 -1 
0.950457 -1 
-1.75276 -1 
-3.8644 -1 
-3.5932 -1 
2.59165 -1 
-2.47687 -1 
0.0371316 -1 
0.103954 -1 
0.168381 -1 
0.250723 -1 
-0.159433 -1 
-0.320036 -1 
-0.777551 -1 
0.60636 -1 
-0.89928 -1 
-1.02277 -1 
0.836404 -1 
1.07081 -1 
0.728653 -1 
-1.33333 -1 
1.50858 -1 
1.31133 -1 
1.85648 -1 
3.65489 -1 
-1.43873 -1 
-1.85382 -1 
2.7823 -1 
-3.16856 -1 
1.64571 -1 
2.09516 -1 
-2.7183 -1 
-2.95424 -1 
-2.22993 -1 
-2.00541 -1 
2.34022 -1 
-3.36125 -1 
3.042 -1 
3.38832 -1 
-0.0976078 -1 
-0.25519 -1 
-0.0320861 -1 
-1.13354 -1 
-0.56466 -1 
-0.687574 -1 
-0.627589 -1 
-0.498785 -1 
-1.64953 -1 
1.1911 -1 
1.41716 -1 
-1.54413 -1 
2.91215 -1 
3.17186 -1 
ZONE T="boundary4"
-0.392078 0.314201 
-0.368132 0.329649 
0.605758 0.180992 
-0.00376602 0.481238 
0.0239972 0.486691 
0.166485 0.498331 
0.195635 0.496974 
0.283887 0.483631 
0.254426 0.489748 
-0.636274 0.0234734 
-0.438487 0.281078 
-0.415548 0.29804 
0.653331 -0.00299871 
0.652304 0.0231355 
-0.476869 0.249547 
-0.2434 0.397631 
-0.217686 0.409509 
0.650906 0.0363235 
-0.647792 -0.0261279 
-0.497179 0.231087 
-0.516857 0.211919 
-0.642935 -0.00124016 
0.0802946 0.49469 
0.108885 0.497102 
0.13759 0.49834 
0.537692 0.312237 
0.553985 0.286493 
-0.457931 0.265636 
-0.555659 0.169111 
-0.627809 0.0479546 
-0.617566 0.0721017 
-0.576742 0.141668 
-0.568564 0.152773 
-0.605594 0.0958196 
-0.591948 0.119043 
-0.19171 0.420823 
-0.542144 0.184949 
-0.529687 0.198613 
-0.319131 0.358587 
-0.343811 0.344421 
0.313341 0.475642 
0.342527 0.465671 
0.593948 0.207387 
-0.294157 0.372164 
-0.268912 0.385174 
-0.112525 0.451016 
-0.0856611 0.459738 
-0.0586087 0.467705 
-0.0313019 0.474891 
0.627152 0.128343 
-0.139129 0.441606 
0.426589 0.422762 
0.616855 0.154806 
-0.165552 0.43152 
0.0520598 0.491203 
0.519449 0.337129 
0.499078 0.360996 
0.399468 0.439264 
0.371308 0.453581 
0.224936 0.494158 
0.636103 0.1021 
0.643474 0.0757929 
0.581701 0.233619 
0.648957 0.0494547 
0.568528 0.260159 
0.476709 0.383399 
0.452482 0.404057 
-0.380159 0.322011 
0.010092 0.48408 
0.181069 0.497826 
0.269202 0.486903 
-0.427092 0.289661 
0.653114 0.0100795 
-0.230576 0.40364 
-0.507102 0.221591 
-0.645585 -0.0136427 
0.0945776 0.496039 
-0.639822 0.0111735 
0.546046 0.299499 
-0.467465 0.25767 
-0.622891 0.0601132 
-0.572691 0.147249 
-0.584511 0.130466 
-0.562192 0.161006 
-0.523316 0.205309 
-0.448273 0.273438 
-0.548974 0.177091 
-0.403876 0.306215 
-0.331513 0.351578 
0.328018 0.470899 
0.599908 0.194212 
-0.20473 0.415238 
-0.28157 0.378738 
-0.0991232 0.455466 
-0.0721641 0.463817 
-0.0449832 0.4714 
-0.306682 0.365446 
-0.125858 0.446395 
-0.535966 0.191827 
0.123231 0.497873 
-0.25619 0.391471 
0.622123 0.14162 
-0.152371 0.436642 
0.0380078 0.489071 
-0.632253 0.0357854 
0.50949 0.349259 
0.413189 0.431277 
0.385522 0.446685 
0.152038 0.498497 
0.210304 0.495752 
0.0661604 0.493079 
0.239712 0.492153 
0.298677 0.479866 
-0.356018 0.337114 
0.357025 0.45988 
0.639993 0.0890025 
0.631788 0.115275 
0.587881 0.220529 
0.649998 0.0428988 
0.646458 0.0626735 
0.575224 0.246944 
0.611386 0.16793 
0.528791 0.324847 
0.651676 0.0297368 
-0.487102 0.240405 
-0.178662 0.426246 
-0.01756 0.478173 
0.488115 0.372421 
0.439723 0.413669 
-0.611773 0.0840572 
-0.598952 0.107537 
0.561432 0.273425 
0.464803 0.393973 
ZONE T="boundary5"
-0.582739 -0.293431 
-0.565838 -0.314809 
-0.645095 -0.150948 
-0.652098 -0.0761487 
-0.651696 -0.0636307 
-0.639171 -0.175622 
0.653331 -0.00299871 
0.641758 -0.0788356 
-0.651557 -0.101158 
-0.631456 -0.200072 
-0.621983 -0.224194 
-0.650844 -0.051113 
-0.426954 -0.412411 
-0.454018 -0.400703 
-0.310049 -0.437864 
-0.339934 -0.43465 
-0.398717 -0.421993 
-0.369604 -0.429396 
-0.547048 -0.335018 
-0.250354 -0.438949 
-0.280095 -0.439225 
-0.16309 -0.43065 
-0.220861 -0.43727 
-0.191723 -0.434424 
-0.106214 -0.420916 
-0.526388 -0.353905 
-0.647792 -0.0261279 
-0.610758 -0.247916 
-0.134501 -0.426077 
-0.503924 -0.371275 
-0.479767 -0.386926 
0.504457 -0.248449 
0.493128 -0.255689 
-0.0779789 -0.415274 
0.00626934 -0.396767 
0.648073 -0.0541378 
-0.649222 -0.126119 
-0.0218003 -0.403103 
-0.0498776 -0.409304 
0.0343074 -0.390387 
0.0624541 -0.383995 
0.203332 -0.352924 
0.118786 -0.371393 
0.0905669 -0.377667 
0.231394 -0.346733 
0.17519 -0.359056 
0.146962 -0.365205 
0.259336 -0.340392 
0.34165 -0.319374 
0.368499 -0.311211 
0.287022 -0.333814 
0.314558 -0.326834 
0.420523 -0.292358 
0.394699 -0.302298 
0.633046 -0.102749 
0.515565 -0.240865 
0.651933 -0.0288215 
0.557157 -0.207456 
0.576065 -0.188815 
0.593341 -0.168933 
0.608722 -0.147892 
0.622003 -0.125799 
-0.597705 -0.271075 
0.536948 -0.224779 
0.44564 -0.281326 
-0.635525 -0.187915 
0.469928 -0.269095 
0.433149 -0.286998 
-0.5745 -0.304289 
-0.651953 -0.0698884 
-0.64235 -0.163339 
-0.652051 -0.0886603 
-0.626923 -0.212214 
-0.440607 -0.406834 
-0.32502 -0.436499 
-0.412933 -0.417484 
-0.354819 -0.432287 
-0.265226 -0.439277 
-0.235602 -0.438272 
-0.295085 -0.438763 
-0.206282 -0.435983 
-0.536911 -0.344673 
-0.616573 -0.236152 
-0.120347 -0.423565 
-0.492009 -0.379353 
0.49882 -0.252112 
-0.0920876 -0.418146 
-0.515336 -0.362823 
-0.647379 -0.138572 
-0.556646 -0.325103 
-0.467037 -0.394083 
-0.0358341 -0.406225 
-0.00776265 -0.399945 
0.0483815 -0.387186 
0.104677 -0.37452 
0.217369 -0.349843 
0.189265 -0.355994 
0.132875 -0.368291 
0.245373 -0.34359 
0.355105 -0.315392 
0.300806 -0.330385 
0.407664 -0.297467 
0.381639 -0.306873 
-0.0639211 -0.412324 
0.328126 -0.323183 
0.56678 -0.198311 
0.615618 -0.137 
-0.651326 -0.0573685 
0.0765108 -0.380822 
0.650315 -0.0415274 
-0.649541 -0.0385951 
0.273191 -0.337146 
-0.148784 -0.428452 
-0.177395 -0.432646 
0.0202898 -0.393579 
0.547194 -0.216287 
-0.384233 -0.425971 
0.161078 -0.362127 
0.652941 -0.0159272 
-0.650612 -0.113662 
-0.637401 -0.181786 
0.645223 -0.0665653 
0.637697 -0.0908999 
0.627802 -0.114407 
-0.633543 -0.194011 
0.601261 -0.158581 
0.584903 -0.17905 
0.481625 -0.262564 
0.510039 -0.244699 
0.526379 -0.232989 
0.426852 -0.289716 
0.457868 -0.27538 
0.439412 -0.284203 
-0.604446 -0.259619 
-0.59044 -0.282401 
