ZONE T="boundary0"
-4 -0.510983 
-4 -0.619275 
-4 -0.169104 
-4 -0.227711 
-4 -0.358945 
-4 0.0845706 
-4 0.302242 
-4 0.364374 
-4 0.817903 
-4 -0.0129631 
-4 -0.315201 
-4 -0.40269 
-4 0.13339 
-4 -0.110497 
-4 0.242225 
-4 0.182209 
-4 0.531156 
-4 0.635805 
-4 0.426507 
-4 1 
-4 -0.809638 
-4 -1 
-4 -0.0617299 
-4 -0.565129 
-4 -0.198407 
-4 0.333308 
-4 -0.271456 
-4 -0.380818 
-4 -0.337073 
-4 0.10898 
-4 -0.1398 
-4 0.157799 
-4 0.212217 
-4 0.272233 
-4 0.583481 
-4 0.478832 
-4 0.0358037 
-4 0.908951 
-4 -0.714457 
-4 0.726854 
-4 -0.904819 
-4 0.395441 
-4 -0.456837 
-4 -0.0861134 
-4 -0.0373465 
ZONE T="boundary1"
3.09443 1 
1.2636 1 
1.47759 1 
-0.31184 1 
-1.36332 1 
-1.4808 1 
0.57591 1 
0.682528 1 
0.391598 1 
0.483754 1 
0.198296 1 
0.294947 1 
-3.76814 1 
4 1 
3.24174 1 
3.69453 1 
-1.13341 1 
-1.24836 1 
-2.89749 1 
-2.08377 1 
-1.89359 1 
2.83885 1 
2.4677 1 
-2.48189 1 
-2.68983 1 
2.23996 1 
2.01222 1 
1.63884 1 
-3.10515 1 
-0.633474 1 
-0.760723 1 
-0.410771 1 
-0.522123 1 
-0.169889 1 
-0.103579 1 
0.1432 1 
0.0881036 1 
0.0254174 1 
-0.0372688 1 
-0.240864 1 
-4 1 
3.38906 1 
-1.01069 1 
-1.59829 1 
-1.74594 1 
0.789146 1 
0.905167 1 
1.02119 1 
1.14239 1 
-2.27395 1 
-3.53627 1 
-3.32071 1 
-0.887972 1 
1.37059 1 
-1.42206 1 
0.629219 1 
0.437676 1 
0.246621 1 
3.16809 1 
-1.19088 1 
2.96664 1 
2.65327 1 
-2.58586 1 
2.35383 1 
1.82553 1 
-0.697099 1 
-0.361305 1 
-0.466447 1 
-0.136734 1 
0.170748 1 
0.115652 1 
-0.00592571 1 
0.529832 1 
-0.577799 1 
-3.88407 1 
3.54179 1 
-1.07205 1 
-1.53954 1 
-1.30584 1 
0.735837 1 
0.847157 1 
0.963177 1 
1.08179 1 
1.55821 1 
3.84726 1 
1.203 1 
-1.98868 1 
-2.17886 1 
-2.79366 1 
-3.65221 1 
-2.37792 1 
-3.00132 1 
-3.42849 1 
3.3154 1 
2.12609 1 
-3.21293 1 
-0.0704238 1 
-0.205377 1 
-0.276352 1 
0.343273 1 
0.0567605 1 
-0.949331 1 
-0.824348 1 
-1.81976 1 
-1.67211 1 
ZONE T="boundary2"
4 -0.546989 
4 -0.456372 
4 -0.337307 
4 -0.39684 
4 -0.237077 
4 -0.287192 
4 -0.818803 
4 -1 
4 0.163221 
4 0.364001 
4 0.207838 
4 0.118604 
4 0.7823 
4 1 
4 -0.637606 
4 -0.13611 
4 0.0417302 
4 0.306684 
4 -0.0351435 
4 0.257261 
4 0.421319 
4 0.49296 
4 0.5646 
4 0.67345 
4 -0.501681 
4 -0.367074 
4 -0.262134 
4 -0.909401 
4 -0.426606 
4 0.89115 
4 -0.728204 
4 -0.186593 
4 0.140912 
4 0.00329331 
4 0.23255 
4 0.080167 
4 -0.31225 
4 0.39266 
4 0.45714 
4 0.335343 
4 0.52878 
4 -0.0856268 
4 0.727875 
4 0.619025 
4 -0.592297 
4 0.18553 
4 0.281972 
ZONE T="boundary3"
-2.67611 -1 
-0.874238 -1 
-0.752025 -1 
4 -1 
-1.3531 -1 
-1.23397 -1 
0.750405 -1 
0.658576 -1 
-0.369651 -1 
-0.994539 -1 
-0.233416 -1 
0.0751039 -1 
0.208038 -1 
1.41926 -1 
1.54414 -1 
0.359447 -1 
0.443314 -1 
3.42093 -1 
3.71046 -1 
-2.26131 -1 
-2.39958 -1 
2.13547 -1 
1.92392 -1 
2.48734 -1 
-2.12304 -1 
-1.87394 -1 
2.82558 -1 
3.0235 -1 
-1.74939 -1 
-1.62483 -1 
1.73403 -1 
2.34702 -1 
-0.446176 -1 
0.275581 -1 
-0.173704 -1 
-0.517425 -1 
-0.293127 -1 
-0.0361419 -1 
0.0097121 -1 
0.140496 -1 
-0.588674 -1 
0.550945 -1 
0.842233 -1 
1.0405 -1 
0.941369 -1 
-3.68883 -1 
-3.84441 -1 
-1.11484 -1 
-1.48896 -1 
-4 -1 
1.16744 -1 
3.22221 -1 
2.62766 -1 
-3.41212 -1 
-3.55047 -1 
-2.90576 -1 
-0.081996 -1 
1.29438 -1 
-3.13541 -1 
-3.27376 -1 
-0.813132 -1 
-1.29353 -1 
0.70449 -1 
1.4817 -1 
0.401381 -1 
3.5657 -1 
-2.53785 -1 
2.02969 -1 
3.85523 -1 
-1.99849 -1 
2.92454 -1 
-1.68711 -1 
1.82897 -1 
2.24125 -1 
-0.407914 -1 
0.24181 -1 
-0.263271 -1 
-0.0132149 -1 
-0.20356 -1 
0.1078 -1 
-0.331389 -1 
0.042408 -1 
0.317514 -1 
-0.67035 -1 
0.497129 -1 
0.796319 -1 
0.990937 -1 
0.60476 -1 
-0.934389 -1 
-1.1744 -1 
-1.42103 -1 
-3.92221 -1 
3.12285 -1 
3.32157 -1 
2.72662 -1 
-3.48129 -1 
-3.76662 -1 
-1.81166 -1 
2.5575 -1 
2.41718 -1 
-2.19218 -1 
-2.33044 -1 
1.63909 -1 
-0.12785 -1 
-0.0590689 -1 
0.174267 -1 
-0.4818 -1 
-0.55305 -1 
-1.05469 -1 
0.891801 -1 
1.10397 -1 
1.35682 -1 
-2.79094 -1 
1.23091 -1 
-3.61965 -1 
-3.34294 -1 
-3.20458 -1 
-1.5569 -1 
-3.02058 -1 
ZONE T="boundary4"
0.564798 0.28914 
0.549312 0.309079 
-0.09965 0.416388 
-0.124341 0.409579 
-0.622701 -0.0224284 
-0.620856 -0.00254066 
-0.544103 0.173934 
-0.38108 0.306744 
-0.364498 0.315739 
-0.329792 0.333101 
-0.347227 0.324606 
-0.397453 0.297335 
-0.147521 0.402742 
-0.170573 0.39552 
0.639299 0.0145879 
-0.555124 0.159686 
-0.565604 0.144759 
-0.617825 0.0172601 
-0.613594 0.0368989 
-0.593824 0.0939699 
-0.573242 0.132812 
-0.601565 0.0753421 
-0.580389 0.120609 
-0.587402 0.107417 
-0.498309 0.222589 
-0.521916 0.199243 
-0.485269 0.234302 
-0.533252 0.1868 
-0.213906 0.380793 
-0.471748 0.245704 
-0.457888 0.256676 
-0.443409 0.267417 
-0.428617 0.27769 
-0.413167 0.28774 
-0.293257 0.34963 
-0.274041 0.357723 
-0.311592 0.341534 
-0.234362 0.373305 
-0.254708 0.365496 
-0.192298 0.388326 
-0.0748118 0.422736 
-0.0483855 0.428923 
0.641812 0.0339176 
0.531633 0.328538 
0.237789 0.451875 
-0.608161 0.0563092 
0.0637253 0.448216 
0.0344034 0.444312 
0.369727 0.42562 
0.398259 0.415259 
0.492966 0.362456 
0.426341 0.402909 
0.47235 0.376973 
0.512659 0.346438 
0.638112 0.113141 
0.641018 0.0931406 
0.209715 0.453816 
0.181047 0.454707 
0.122748 0.453402 
0.152399 0.454567 
0.33682 0.435218 
0.303773 0.442651 
0.270726 0.448138 
-0.0217959 0.434541 
0.633672 0.134533 
0.627644 0.156945 
0.61166 0.202003 
0.620468 0.178911 
0.601888 0.224441 
0.642915 0.0535051 
0.642632 0.0733335 
0.449679 0.390745 
0.578913 0.267827 
0.0931964 0.451267 
0.00622131 0.439778 
0.590938 0.246616 
0.557244 0.299256 
-0.112012 0.41304 
-0.621925 -0.0124716 
-0.372815 0.31129 
-0.33853 0.328897 
-0.159063 0.399179 
-0.560453 0.152285 
-0.615858 0.0271109 
-0.619489 0.00738172 
-0.569481 0.138822 
-0.597834 0.0847134 
-0.583966 0.11405 
-0.510304 0.211111 
-0.491835 0.228497 
-0.576876 0.126745 
-0.590686 0.100728 
-0.527642 0.193074 
-0.549693 0.166872 
-0.478552 0.240055 
-0.46486 0.251244 
-0.436052 0.27261 
-0.389297 0.302093 
-0.450691 0.262104 
-0.283666 0.353717 
-0.320712 0.337361 
-0.405343 0.292592 
-0.224148 0.377088 
-0.302442 0.345622 
-0.26439 0.361648 
-0.203117 0.384602 
-0.0616162 0.425899 
-0.18145 0.391965 
-0.355886 0.32022 
0.640734 0.0242282 
0.540663 0.318982 
-0.087247 0.419621 
-0.420929 0.282773 
-0.611025 0.0466448 
0.049049 0.446368 
0.384075 0.420665 
0.482781 0.369889 
0.502955 0.354622 
0.412406 0.409326 
0.639717 0.103162 
0.195384 0.454394 
0.137568 0.45411 
-0.24455 0.369441 
0.353352 0.430689 
0.287286 0.445617 
0.25428 0.450209 
-0.0351075 0.431805 
0.630816 0.145781 
0.616202 0.19051 
0.642945 0.0634207 
0.641986 0.0832492 
0.636052 0.12387 
0.64254 0.0437001 
0.438106 0.397012 
0.624192 0.167972 
-0.135946 0.406209 
0.461131 0.38405 
0.606902 0.213278 
0.0784479 0.449852 
0.107963 0.452452 
0.223761 0.452982 
0.0202963 0.442136 
0.166721 0.454761 
-0.00780485 0.437245 
-0.605007 0.065875 
0.522315 0.337668 
0.596556 0.235599 
0.585092 0.257316 
0.572054 0.278615 
-0.538741 0.180421 
0.320351 0.43918 
ZONE T="boundary5"
0.164413 -0.462272 
-0.574334 -0.234017 
-0.544412 -0.28562 
-0.564904 -0.25181 
0.258372 -0.392504 
-0.61049 -0.140618 
-0.615127 -0.121194 
-0.618766 -0.101647 
-0.621378 -0.0819744 
-0.622701 -0.0224284 
-0.524044 -0.314235 
-0.598472 -0.178726 
-0.591166 -0.197462 
-0.583104 -0.215884 
-0.604898 -0.159875 
-0.378351 -0.447101 
0.139663 -0.476628 
0.112433 -0.490379 
-0.232091 -0.513007 
-0.255696 -0.505636 
-0.278126 -0.497547 
-0.341274 -0.468688 
-0.320942 -0.479009 
-0.300226 -0.488501 
0.615202 -0.0588662 
0.623299 -0.041185 
-0.360011 -0.458244 
-0.106208 -0.53358 
0.00245317 -0.525823 
-0.158279 -0.528835 
-0.20823 -0.519304 
-0.183333 -0.524667 
-0.132246 -0.53187 
-0.623382 -0.0423181 
-0.462984 -0.381618 
-0.478046 -0.366974 
-0.491532 -0.352877 
-0.554991 -0.268913 
-0.51368 -0.327365 
0.639299 0.0145879 
-0.395956 -0.435486 
-0.447388 -0.395692 
-0.430521 -0.409791 
0.383639 -0.282481 
0.363844 -0.299553 
-0.413126 -0.423228 
-0.622929 -0.0621906 
0.241924 -0.406229 
0.635376 -0.00438694 
0.630014 -0.0230703 
-0.079772 -0.533942 
-0.0524417 -0.53283 
-0.0253592 -0.530191 
0.0298206 -0.519811 
0.0578318 -0.5118 
0.207008 -0.433437 
0.188625 -0.44651 
0.0851721 -0.502068 
0.2246 -0.420091 
0.274657 -0.378489 
0.326164 -0.332789 
0.308235 -0.348788 
0.344117 -0.316853 
0.291485 -0.363693 
0.405629 -0.263888 
0.427711 -0.245658 
0.474928 -0.208217 
0.451312 -0.226733 
0.525655 -0.16726 
0.500584 -0.187997 
0.595202 -0.0924562 
0.605768 -0.0760437 
0.585043 -0.106289 
0.574169 -0.119553 
0.550826 -0.144282 
-0.569702 -0.242958 
-0.617071 -0.111444 
-0.620202 -0.0918286 
-0.534472 -0.300101 
-0.594918 -0.188133 
-0.612928 -0.130935 
-0.60179 -0.169337 
-0.587226 -0.206713 
0.126149 -0.483717 
-0.243933 -0.509453 
-0.266953 -0.501711 
-0.310631 -0.483859 
0.619413 -0.050102 
-0.350691 -0.463554 
-0.17083 -0.5269 
-0.195812 -0.522132 
-0.119237 -0.532891 
-0.484851 -0.359985 
-0.56003 -0.26041 
-0.518914 -0.320841 
-0.387206 -0.441375 
-0.331159 -0.47395 
-0.455251 -0.388727 
-0.439022 -0.402823 
0.373726 -0.290992 
-0.404597 -0.429436 
-0.470584 -0.374367 
-0.502803 -0.340293 
-0.622289 -0.0720936 
0.250177 -0.399404 
0.632872 -0.0137811 
-0.0660987 -0.533578 
-0.0929912 -0.533936 
0.0161809 -0.523026 
0.0438869 -0.516029 
-0.623295 -0.0522581 
0.152129 -0.46962 
0.176611 -0.454542 
0.0715748 -0.507151 
0.197868 -0.440053 
0.215849 -0.426828 
-0.607807 -0.15028 
0.266536 -0.385524 
0.233301 -0.413212 
0.317199 -0.340786 
0.353967 -0.308182 
0.335134 -0.324809 
0.283086 -0.371109 
0.394613 -0.273152 
0.416644 -0.254733 
0.46311 -0.217454 
-0.369233 -0.452759 
0.513211 -0.177739 
0.487789 -0.198144 
0.610638 -0.0675412 
0.600623 -0.084341 
0.637516 0.00506216 
-0.549784 -0.277319 
-0.578803 -0.224992 
-0.421888 -0.416593 
-0.220195 -0.51629 
0.299867 -0.356248 
-0.14528 -0.530516 
-0.289223 -0.493141 
-0.0114208 -0.528216 
0.439482 -0.236148 
-0.0388818 -0.531703 
0.0988899 -0.49644 
0.626826 -0.0321922 
0.579692 -0.112989 
-0.623185 -0.032369 
0.590216 -0.0994472 
0.56276 -0.132172 
0.538419 -0.155968 
