ZONE T="boundary0"
-4 -0.525017 
-4 -0.188954 
-4 -0.0610323 
-4 0.0291952 
-4 -0.326763 
-4 0.119423 
-4 0.392217 
-4 0.471744 
-4 0.312691 
-4 -0.379844 
-4 -0.704587 
-4 0.666263 
-4 -0.852294 
-4 -1 
-4 1 
-4 0.833131 
-4 0.162664 
-4 -0.273683 
-4 -0.231318 
-4 -0.124993 
-4 0.205906 
-4 0.259299 
-4 0.569003 
-4 -0.45243 
-4 -0.0159186 
-4 0.0743089 
-4 0.431981 
-4 -0.614802 
-4 -0.926147 
-4 0.916566 
-4 0.141044 
-4 -0.252501 
-4 -0.156974 
-4 0.184285 
-4 0.232602 
-4 0.352454 
-4 0.285995 
-4 -0.210136 
-4 -0.300223 
-4 -0.416137 
-4 -0.353304 
-4 -0.488723 
-4 0.520373 
-4 0.617633 
-4 0.749697 
-4 -0.77844 
-4 -0.0930128 
ZONE T="boundary1"
0.563951 1 
3.75 1 
-0.544729 1 
-0.191847 1 
-0.644642 1 
-0.284635 1 
-0.32849 1 
-0.386653 1 
-0.080449 1 
-0.142914 1 
2.20867 1 
-1.78326 1 
-4 1 
3.3514 1 
-1.95954 1 
-3.53334 1 
2.35324 1 
2.53849 1 
1.88257 1 
1.70104 1 
1.37312 1 
2.96327 1 
-3.03549 1 
-2.67431 1 
-0.444817 1 
0.139602 1 
-0.240781 1 
-0.0179842 1 
0.0608087 1 
0.0214123 1 
0.100205 1 
0.389583 1 
0.742417 1 
0.652154 1 
0.475748 1 
0.303419 1 
0.180556 1 
-0.774896 1 
1.27169 1 
1.08526 1 
1.00025 1 
1.17027 1 
0.832681 1 
1.53708 1 
-1.14936 1 
-1.02726 1 
-0.90515 1 
-1.26473 1 
-1.3801 1 
-1.56737 1 
-2.7947 1 
-3.76667 1 
1.61906 1 
2.06409 1 
3.2028 1 
2.72373 1 
3.5 1 
-2.13582 1 
-2.34487 1 
0.22151 1 
-2.55392 1 
4 1 
-3.40888 1 
-3.28441 1 
-0.306562 1 
-0.357571 1 
-0.111681 1 
2.44587 1 
1.79181 1 
-0.415735 1 
-0.262708 1 
-0.216314 1 
-0.167381 1 
0.0411105 1 
-0.0492166 1 
0.080507 1 
0.00171404 1 
0.697286 1 
-0.594686 1 
0.519849 1 
0.346501 1 
0.160079 1 
0.608052 1 
-0.709769 1 
1.32241 1 
1.04276 1 
0.916466 1 
0.787549 1 
-1.08831 1 
-0.840023 1 
-1.47373 1 
-1.67532 1 
-1.32241 1 
-2.9151 1 
-3.88334 1 
1.57807 1 
1.97333 1 
3.08304 1 
2.8435 1 
2.63111 1 
3.625 1 
-1.8714 1 
-2.24034 1 
-0.494773 1 
0.432666 1 
0.119903 1 
0.201033 1 
1.12776 1 
0.262464 1 
-2.4494 1 
-2.73451 1 
1.22098 1 
1.4551 1 
-0.966204 1 
-1.20705 1 
-2.04768 1 
-2.61412 1 
1.66005 1 
2.28096 1 
2.13638 1 
3.875 1 
3.2771 1 
3.4257 1 
-3.34665 1 
-3.65001 1 
-3.15995 1 
-3.47111 1 
ZONE T="boundary2"
4 -0.349414 
4 -0.190477 
4 -0.15174 
4 0.201939 
4 -0.308682 
4 0.0237378 
4 -0.806617 
4 -0.437699 
4 -0.393556 
4 -0.525467 
4 -0.613234 
4 -0.113004 
4 -0.0446329 
4 0.086037 
4 0.148336 
4 0.255541 
4 0.303755 
4 0.632589 
4 -1 
4 -0.267951 
4 -0.229214 
4 0.279648 
4 0.351968 
4 0.75506 
4 0.510119 
4 0.431044 
4 1 
4 -0.171109 
4 -0.329048 
4 -0.415628 
4 -0.371485 
4 -0.481583 
4 -0.569351 
4 -0.132372 
4 -0.0104476 
4 0.117187 
4 0.0548874 
4 -0.709926 
4 -0.903309 
4 -0.288317 
4 -0.248582 
4 -0.209846 
4 -0.0788183 
4 0.291701 
4 0.327862 
4 0.22874 
4 0.175137 
4 0.267595 
4 0.693824 
4 0.571354 
4 0.391506 
4 0.470581 
4 0.87753 
ZONE T="boundary3"
-3.82923 -1 
-3.65846 -1 
-0.11626 -1 
0.219724 -1 
0.431665 -1 
-0.967834 -1 
0.523681 -1 
-1.17347 -1 
-1.07065 -1 
1.02149 -1 
0.91562 -1 
0.811437 -1 
-0.433648 -1 
-0.332404 -1 
-0.534893 -1 
-4 -1 
-1.57161 -1 
-1.39438 -1 
1.92047 -1 
1.75147 -1 
-2.38723 -1 
-2.25764 -1 
2.46371 -1 
-1.74883 -1 
-1.93844 -1 
3.3667 -1 
2.19209 -1 
2.98672 -1 
-2.12805 -1 
-2.78558 -1 
2.72522 -1 
0.146319 -1 
0.279686 -1 
0.339648 -1 
-0.254863 -1 
0.0729143 -1 
-0.0551982 -1 
-0.177322 -1 
0.707255 -1 
0.615468 -1 
-0.651593 -1 
1.34638 -1 
1.23687 -1 
-1.28392 -1 
-0.768294 -1 
1.12735 -1 
1.46443 -1 
1.58247 -1 
3.74668 -1 
-3.04895 -1 
2.59447 -1 
-2.58641 -1 
3.49336 -1 
-3.48539 -1 
2.05628 -1 
-3.31232 -1 
4 -1 
0.00885806 -1 
3.24004 -1 
-3.74385 -1 
-1.12206 -1 
0.968553 -1 
0.863528 -1 
-0.383026 -1 
-3.91462 -1 
-1.48299 -1 
1.83597 -1 
-2.32244 -1 
-1.84363 -1 
-2.19284 -1 
0.183022 -1 
0.309667 -1 
-0.0857292 -1 
-0.293634 -1 
-0.146791 -1 
-0.216093 -1 
0.477673 -1 
0.661361 -1 
-0.484271 -1 
-0.593243 -1 
0.569575 -1 
0.385656 -1 
1.29163 -1 
-1.22869 -1 
-0.868064 -1 
1.07442 -1 
1.52345 -1 
0.759346 -1 
2.65984 -1 
-2.686 -1 
-2.48682 -1 
-1.66022 -1 
2.52909 -1 
1.98838 -1 
2.12419 -1 
2.3279 -1 
-2.91727 -1 
-3.39886 -1 
-3.57193 -1 
3.62002 -1 
3.87334 -1 
2.85597 -1 
-3.18064 -1 
-2.03324 -1 
1.66697 -1 
0.109617 -1 
0.249705 -1 
-0.0231701 -1 
0.0408862 -1 
-0.709943 -1 
3.11338 -1 
3.43003 -1 
-1.01924 -1 
1.18211 -1 
1.40541 -1 
3.30337 -1 
-1.33915 -1 
ZONE T="boundary4"
-0.638915 0.0430941 
-0.523044 0.268691 
0.623803 0.142189 
-0.458019 0.308918 
-0.638821 -0.000345871 
0.528976 0.290065 
-0.274266 0.358397 
-0.251715 0.361695 
-0.401181 0.330968 
0.513199 0.30398 
-0.492167 0.290392 
-0.475526 0.300031 
-0.622248 0.128544 
-0.595785 0.185513 
-0.636917 0.0648056 
-0.633489 0.0863775 
-0.628606 0.107654 
-0.508243 0.279785 
-0.603313 0.172175 
-0.610154 0.158471 
0.59783 0.200106 
0.590724 0.212401 
-0.571198 0.22073 
-0.561109 0.232622 
-0.584061 0.203616 
0.292981 0.39503 
-0.381376 0.336782 
-0.55043 0.244017 
-0.537212 0.25667 
-0.43958 0.317095 
-0.420725 0.324385 
0.629059 0.125275 
0.633227 0.108484 
0.636392 0.091379 
0.638468 0.0741944 
-0.339934 0.346737 
-0.360733 0.34207 
-0.204628 0.367983 
-0.180094 0.371082 
-0.318404 0.350998 
-0.2968 0.354808 
-0.15559 0.374121 
-0.130032 0.377259 
-0.104508 0.380372 
0.00470889 0.393018 
0.033848 0.395941 
-0.639531 0.0213502 
-0.228166 0.364916 
0.635686 0.00595532 
-0.6166 0.143669 
0.63943 0.0571119 
0.434817 0.353361 
0.458516 0.341191 
0.410511 0.363941 
0.381831 0.374312 
0.496687 0.316818 
0.477933 0.329618 
0.545117 0.273795 
-0.0510955 0.386769 
0.093546 0.400746 
0.124123 0.402376 
0.154687 0.403289 
0.266711 0.398497 
0.240364 0.400978 
0.320423 0.390225 
0.352817 0.382801 
0.575325 0.236136 
0.604875 0.186821 
0.61766 0.158682 
0.611395 0.173269 
0.639285 0.0399336 
0.638032 0.0228829 
0.5832 0.224444 
-0.0777893 0.383601 
-0.0232041 0.389975 
0.0630438 0.398523 
0.185313 0.403364 
0.212836 0.40261 
0.560265 0.25623 
-0.262995 0.360076 
-0.483915 0.295329 
-0.635383 0.0756202 
-0.631231 0.0970579 
-0.515726 0.274348 
-0.638092 0.053966 
-0.606821 0.165367 
-0.625611 0.118155 
-0.599634 0.178892 
0.59433 0.206285 
-0.566227 0.226738 
-0.590083 0.194668 
-0.391305 0.333966 
-0.55584 0.238386 
-0.543914 0.250441 
-0.466832 0.304592 
-0.430194 0.320848 
0.631266 0.11691 
0.637566 0.0828031 
-0.35035 0.344475 
-0.410988 0.327779 
-0.192362 0.369542 
-0.329181 0.34893 
-0.28554 0.356644 
-0.142812 0.375693 
-0.577777 0.212283 
-0.11727 0.378819 
0.0192747 0.394517 
-0.530219 0.262788 
-0.639392 0.0322269 
-0.216399 0.366464 
-0.639338 0.0104969 
-0.167843 0.372606 
0.521197 0.297147 
0.639086 0.0656608 
-0.500284 0.285209 
0.446767 0.347472 
-0.307611 0.352953 
-0.448851 0.313123 
0.396256 0.369361 
0.422745 0.358838 
0.487411 0.323366 
0.537189 0.282071 
0.468311 0.335549 
0.108831 0.401643 
0.139403 0.402929 
0.253548 0.399855 
0.336675 0.386753 
0.634941 0.0999559 
0.626552 0.133769 
0.620842 0.150476 
0.61461 0.166011 
0.638796 0.0313981 
0.639498 0.0485215 
0.579313 0.230324 
-0.091149 0.381992 
-0.0644433 0.385194 
-0.239943 0.363328 
-0.0371517 0.388389 
0.0484416 0.397281 
0.0782901 0.399701 
0.279863 0.396892 
0.306729 0.392782 
0.199078 0.40309 
0.226607 0.40191 
-0.0092504 0.391521 
0.17 0.403439 
0.636994 0.0144004 
-0.371076 0.33951 
-0.613477 0.15111 
-0.619523 0.136146 
0.552843 0.265143 
0.567964 0.24631 
0.608203 0.180078 
0.50504 0.310524 
0.367387 0.378772 
0.587014 0.218455 
0.601416 0.193497 
ZONE T="boundary5"
-0.559142 -0.224862 
-0.532983 -0.262525 
-0.440127 -0.360374 
-0.519148 -0.280221 
-0.591995 -0.167249 
-0.230462 -0.480992 
-0.571453 -0.204952 
-0.623913 -0.0855448 
-0.629339 -0.0645533 
0.347242 -0.42349 
0.332223 -0.434764 
0.608809 -0.0759808 
-0.582079 -0.186288 
-0.601434 -0.147175 
-0.617431 -0.106313 
-0.609923 -0.126865 
0.622416 -0.0437687 
-0.393506 -0.396286 
-0.376968 -0.407528 
-0.46853 -0.334881 
-0.205955 -0.489476 
-0.25466 -0.471652 
-0.320488 -0.440958 
-0.277456 -0.461933 
-0.299904 -0.451437 
-0.636848 -0.0219211 
-0.409698 -0.384558 
-0.340715 -0.42981 
-0.638821 -0.000345871 
-0.128227 -0.510347 
-0.101523 -0.51551 
-0.180475 -0.497304 
-0.154742 -0.504222 
-0.481856 -0.321776 
-0.494768 -0.308273 
-0.507186 -0.294439 
-0.359015 -0.418949 
-0.454523 -0.34784 
-0.425094 -0.372691 
0.518427 -0.217768 
0.533627 -0.19561 
0.616057 -0.0599569 
0.600842 -0.0916617 
-0.633668 -0.0433356 
0.420485 -0.353138 
0.433964 -0.337074 
-0.074068 -0.519785 
0.0101704 -0.526373 
-0.01818 -0.525266 
-0.0464937 -0.523031 
0.0388428 -0.52631 
-0.546125 -0.244326 
0.0682224 -0.524965 
0.097392 -0.522278 
0.156575 -0.512306 
0.127198 -0.518051 
0.215159 -0.495578 
0.18592 -0.504862 
0.272973 -0.470873 
0.244124 -0.484338 
0.301616 -0.454964 
0.316817 -0.445374 
0.364606 -0.409223 
0.378421 -0.39686 
0.391797 -0.383979 
0.406408 -0.368833 
0.44698 -0.320604 
0.461501 -0.301156 
0.475545 -0.281353 
0.635686 0.00595532 
0.632282 -0.0107876 
0.503372 -0.24014 
0.489559 -0.260799 
0.568673 -0.144594 
0.584994 -0.119177 
0.551286 -0.170134 
0.627827 -0.0274272 
-0.565388 -0.214963 
-0.626759 -0.0750834 
0.339789 -0.429203 
-0.587129 -0.176816 
-0.57685 -0.195668 
-0.596822 -0.157262 
-0.613797 -0.116633 
-0.620798 -0.0959684 
-0.385278 -0.401968 
-0.242602 -0.476429 
-0.266099 -0.46689 
-0.310239 -0.446281 
-0.637989 -0.0111476 
-0.114898 -0.513049 
-0.19325 -0.493503 
-0.167639 -0.500877 
-0.475243 -0.328379 
-0.488364 -0.315075 
-0.513225 -0.287379 
-0.501032 -0.301405 
-0.368036 -0.413308 
-0.349907 -0.42445 
-0.432657 -0.366589 
-0.447372 -0.354161 
-0.461576 -0.341414 
0.526004 -0.206673 
-0.605792 -0.137068 
0.612529 -0.0680124 
-0.526152 -0.271441 
-0.631644 -0.053973 
-0.41744 -0.378682 
-0.0323479 -0.524287 
0.024507 -0.526493 
-0.55272 -0.234652 
-0.0602961 -0.521537 
0.0828229 -0.523793 
0.141925 -0.515375 
0.20061 -0.500443 
0.258663 -0.477852 
0.287437 -0.463176 
0.324574 -0.440148 
0.356008 -0.416459 
0.385167 -0.390479 
-0.330648 -0.435467 
0.413515 -0.361047 
0.399174 -0.376475 
0.440529 -0.328883 
0.468576 -0.291293 
0.427287 -0.345158 
0.371572 -0.403106 
0.454306 -0.310929 
0.634114 -0.00244253 
0.496473 -0.250474 
0.510876 -0.22894 
-0.635405 -0.0326502 
0.57695 -0.13196 
0.560035 -0.157402 
0.48259 -0.271102 
0.604908 -0.0838634 
0.630179 -0.0191407 
0.625237 -0.0356361 
-0.401646 -0.390483 
-0.539638 -0.253486 
0.309264 -0.450245 
-0.218245 -0.485341 
-0.288725 -0.456782 
-0.0878154 -0.517775 
0.0535402 -0.525803 
-0.141512 -0.507404 
-0.00401041 -0.525962 
0.112322 -0.520354 
0.542457 -0.182873 
0.171301 -0.508794 
0.619343 -0.0519047 
0.593125 -0.105538 
0.229732 -0.490192 
