ZONE T="boundary0"
-4 -1 
-4 0.274991 
-4 0.314252 
-4 0.374925 
-4 1 
-4 0.63458 
-4 0.23573 
-4 0.435598 
-4 0.0272765 
-4 0.0743935 
-4 -0.436249 
-4 -0.547822 
-4 0.17862 
-4 0.535089 
-4 0.12151 
-4 -0.0539192 
-4 -0.135115 
-4 -0.28257 
-4 -0.208842 
-4 -0.359409 
-4 -0.659394 
-4 -0.829697 
-4 0.344588 
-4 0.81729 
-4 0.25536 
-4 0.050835 
-4 -0.492035 
-4 0.294621 
-4 0.485343 
-4 0.150065 
-4 0.207175 
-4 -0.094517 
-4 0.097952 
-4 -0.245706 
-4 -0.0133213 
-4 -0.397829 
-4 -0.171979 
-4 -0.603608 
-4 -0.744546 
-4 -0.914849 
-4 0.584834 
-4 0.405261 
-4 -0.32099 
ZONE T="boundary1"
-4 1 
3.57938 1 
4 1 
0.803313 1 
0.710968 1 
1.49174 1 
1.42594 1 
0.246315 1 
0.0236571 1 
0.618623 1 
-0.112516 1 
-0.0444295 1 
-0.186456 1 
0.307964 1 
-0.446352 1 
-0.555301 1 
1.17193 1 
3.38666 1 
3.19395 1 
1.8662 1 
2.06037 1 
1.55754 1 
-1.75085 1 
-3.58309 1 
-2.11547 1 
-2.32402 1 
2.72281 1 
-2.67486 1 
-2.44096 1 
2.48868 1 
2.25454 1 
0.100135 1 
0.521446 1 
0.42427 1 
0.366117 1 
0.184665 1 
-0.260396 1 
-0.353374 1 
0.926409 1 
1.04951 1 
-0.784251 1 
-1.13949 1 
-1.59478 1 
-1.47801 1 
-1.25037 1 
-1.36124 1 
-1.02187 1 
-0.904251 1 
1.71187 1 
-0.66425 1 
1.29435 1 
-1.90692 1 
-3.23581 1 
-3.40945 1 
3.07617 1 
2.95838 1 
-2.79181 1 
-3.01381 1 
-2.55791 1 
3.78969 1 
0.757141 1 
1.45884 1 
-0.0784726 1 
-0.500827 1 
3.29031 1 
1.96328 1 
-3.79155 1 
-2.21974 1 
-0.0103862 1 
0.061896 1 
0.570035 1 
0.395193 1 
0.1424 1 
-0.223426 1 
-0.149486 1 
-0.306885 1 
0.472858 1 
0.33704 1 
0.277139 1 
0.864861 1 
0.664795 1 
-0.399863 1 
0.987957 1 
1.11072 1 
-1.19493 1 
-1.30581 1 
-1.08068 1 
-0.963062 1 
3.48302 1 
-0.844251 1 
1.78903 1 
1.52464 1 
-1.53639 1 
-1.67281 1 
-0.72425 1 
-1.82888 1 
-3.32263 1 
3.01728 1 
2.37161 1 
2.15745 1 
2.60575 1 
-2.01119 1 
2.8406 1 
-3.12481 1 
3.13506 1 
-2.49944 1 
-1.41963 1 
0.21549 1 
-0.609776 1 
-3.49627 1 
-2.73333 1 
-2.38249 1 
-2.61639 1 
1.36014 1 
1.23314 1 
1.6347 1 
-2.90281 1 
ZONE T="boundary2"
4 -0.357214 
4 -0.431705 
4 -0.693244 
4 -0.59972 
4 -0.506197 
4 -0.293025 
4 -0.225154 
4 0.584895 
4 0.678647 
4 1 
4 -0.157284 
4 -0.0960673 
4 0.142226 
4 -0.846622 
4 -1 
4 -0.0348509 
4 0.491143 
4 0.357355 
4 0.390802 
4 0.424249 
4 0.0536873 
4 0.194146 
4 0.246067 
4 0.220107 
4 0.301711 
4 -0.39446 
4 -0.646482 
4 -0.552959 
4 -0.325119 
4 -0.25909 
4 0.631771 
4 -0.191219 
4 0.839324 
4 -0.769933 
4 -0.0654591 
4 -0.126675 
4 0.374079 
4 0.457696 
4 0.0979565 
4 0.168186 
4 0.00941821 
4 0.538019 
4 -0.923311 
4 0.233087 
4 0.207127 
4 0.273889 
4 0.329533 
4 0.407525 
4 -0.468951 
ZONE T="boundary3"
-4 -1 
-3.71088 -1 
-0.386346 -1 
1.21335 -1 
-1.5226 -1 
-0.11305 -1 
0.00528667 -1 
3.24452 -1 
3.40817 -1 
-0.517174 -1 
-0.63584 -1 
0.785248 -1 
3.57181 -1 
1.5958 -1 
1.74052 -1 
-1.26412 -1 
-1.15904 -1 
-0.895796 -1 
-0.848699 -1 
0.681542 -1 
3.78591 -1 
4 -1 
3.08088 -1 
-1.676 -1 
-2.06483 -1 
-2.27187 -1 
-2.72533 -1 
-2.47891 -1 
2.70774 -1 
-3.19676 -1 
-2.97176 -1 
1.92285 -1 
-0.321908 -1 
-0.25747 -1 
-0.18526 -1 
0.0628048 -1 
0.120322 -1 
0.182603 -1 
0.244883 -1 
0.321099 -1 
0.397316 -1 
0.577836 -1 
-0.942892 -1 
-0.754506 -1 
0.895195 -1 
1.00514 -1 
1.28275 -1 
1.07454 -1 
1.14394 -1 
1.36691 -1 
1.45107 -1 
-3.42176 -1 
-1.36919 -1 
-1.05097 -1 
2.30171 -1 
2.49825 -1 
2.91723 -1 
2.01402 -1 
2.10518 -1 
-3.85544 -1 
-0.0538818 -1 
3.32634 -1 
-0.576507 -1 
3.48999 -1 
1.66816 -1 
-1.21158 -1 
-0.872247 -1 
0.733395 -1 
3.89295 -1 
-1.87041 -1 
-2.16835 -1 
-2.60212 -1 
-3.08426 -1 
-0.289689 -1 
-0.149155 -1 
-0.354127 -1 
0.0915634 -1 
0.213743 -1 
0.0340456 -1 
0.359207 -1 
-0.221365 -1 
-0.45176 -1 
0.487576 -1 
0.629689 -1 
-0.695173 -1 
0.282991 -1 
0.840222 -1 
0.950168 -1 
1.24805 -1 
1.10924 -1 
1.40899 -1 
-3.56632 -1 
3.67886 -1 
-1.44589 -1 
-1.5993 -1 
-1.31666 -1 
1.52344 -1 
-2.84855 -1 
-2.37539 -1 
-3.30926 -1 
2.39998 -1 
2.60299 -1 
3.1627 -1 
2.81248 -1 
2.99905 -1 
0.151462 -1 
-0.99693 -1 
-0.801603 -1 
1.32483 -1 
1.17864 -1 
1.03984 -1 
-1.10501 -1 
2.0596 -1 
2.20345 -1 
1.83169 -1 
1.96843 -1 
-0.919344 -1 
ZONE T="boundary4"
-0.621907 -0.0243843 
0.644988 0.0801391 
0.55882 0.293256 
0.549293 0.306656 
-0.144605 0.434145 
0.615532 0.181448 
0.603646 0.209828 
-0.241595 0.398395 
-0.264908 0.388078 
0.528375 0.332318 
0.517007 0.344502 
-0.499027 0.225522 
-0.600047 0.0687117 
-0.607816 0.0457139 
-0.61405 0.0224849 
0.648628 0.00838957 
-0.580058 0.113584 
-0.590783 0.0913514 
-0.561449 0.145884 
-0.571048 0.130021 
-0.540802 0.175848 
-0.551409 0.161063 
0.647052 0.0656701 
0.648469 0.0512762 
-0.415793 0.299984 
-0.520761 0.201096 
0.479256 0.378312 
0.492412 0.367542 
-0.470709 0.253933 
-0.485081 0.23995 
-0.435465 0.28471 
0.504965 0.356299 
-0.37487 0.328318 
-0.395578 0.314505 
-0.353738 0.341447 
-0.332119 0.353985 
-0.218019 0.408118 
-0.310157 0.365891 
-0.287681 0.377285 
-0.193894 0.417363 
-0.169535 0.426003 
-0.0937013 0.448638 
-0.119461 0.441657 
-0.0677499 0.454951 
-0.0411225 0.460681 
0.0132367 0.470035 
-0.014328 0.465686 
0.040935 0.473581 
0.59036 0.238354 
0.56763 0.279686 
0.575667 0.266171 
0.649221 0.036854 
-0.618744 -0.00090406 
0.46565 0.388489 
0.437468 0.406913 
0.635279 0.123548 
0.626284 0.152388 
0.407452 0.423239 
0.376521 0.437131 
0.539185 0.319638 
0.0695148 0.47636 
0.157517 0.479036 
0.187977 0.477747 
0.0981826 0.478229 
-0.453377 0.269664 
0.218371 0.475214 
0.642315 0.0946054 
0.649278 0.0225645 
0.127838 0.479162 
0.249918 0.471167 
0.3132 0.45813 
0.281418 0.465555 
0.345031 0.448702 
0.554129 0.300008 
0.609726 0.195695 
-0.253285 0.393312 
0.522759 0.338474 
-0.604113 0.0572739 
-0.611119 0.0341487 
-0.585588 0.102549 
-0.566331 0.138002 
-0.546174 0.168504 
-0.556503 0.153522 
0.647841 0.0584808 
-0.59559 0.0801031 
0.485893 0.373 
-0.477949 0.246997 
-0.425703 0.292442 
0.498751 0.36199 
-0.385282 0.321498 
-0.405751 0.307336 
-0.342974 0.347796 
-0.229838 0.403331 
-0.364355 0.334965 
-0.32118 0.360015 
-0.27633 0.382756 
-0.181742 0.421759 
-0.205986 0.412817 
-0.106604 0.445231 
-0.157096 0.430153 
-0.0544561 0.457906 
-0.000561828 0.467959 
0.0270723 0.47191 
-0.492108 0.232789 
-0.510055 0.213454 
0.597151 0.224161 
0.571712 0.272966 
0.563295 0.286516 
-0.616585 0.0108275 
-0.298958 0.371664 
0.63099 0.138032 
0.422621 0.415373 
0.583223 0.252375 
-0.575643 0.121852 
0.54431 0.313203 
-0.53097 0.188622 
0.511052 0.350469 
0.533851 0.326039 
0.472508 0.383474 
0.172754 0.478543 
0.0838409 0.477411 
-0.462118 0.261881 
-0.132057 0.43798 
0.643723 0.0873854 
0.649337 0.0297093 
0.64893 0.0440692 
0.646097 0.0729153 
0.649043 0.0154726 
-0.027743 0.463275 
0.113006 0.478825 
0.142678 0.479235 
0.621078 0.16698 
-0.0807469 0.451879 
0.0552137 0.475082 
0.203188 0.47664 
0.234168 0.473375 
0.297361 0.462064 
0.329188 0.45366 
0.360873 0.44318 
0.265704 0.468561 
0.392113 0.430468 
-0.620514 -0.0126196 
0.639052 0.109138 
0.451749 0.397993 
-0.444493 0.277273 
ZONE T="boundary5"
-0.57377 -0.256013 
-0.594413 -0.210736 
-0.459011 -0.397348 
-0.401604 -0.437659 
-0.380221 -0.449512 
-0.602772 -0.187825 
-0.543966 -0.305267 
-0.515897 -0.341517 
-0.530398 -0.323725 
-0.584741 -0.233487 
-0.615405 -0.141548 
-0.619609 -0.118259 
-0.622383 -0.0948684 
-0.623554 -0.0478958 
-0.621907 -0.0243843 
0.617787 -0.0980124 
0.62969 -0.0729133 
-0.609785 -0.164744 
-0.561444 -0.278158 
-0.358254 -0.460132 
-0.222891 -0.495735 
-0.250585 -0.492277 
-0.140546 -0.495469 
-0.332386 -0.470755 
-0.167779 -0.497257 
-0.195165 -0.497376 
-0.0870701 -0.487278 
-0.113698 -0.492117 
-0.0607991 -0.481079 
-0.438864 -0.413038 
-0.420517 -0.425829 
-0.497815 -0.361413 
-0.478275 -0.38054 
-0.0347603 -0.473602 
-0.00898071 -0.464977 
0.648628 0.00838957 
0.645176 -0.0195427 
0.607024 -0.116197 
0.595009 -0.133377 
0.638851 -0.0466948 
-0.623705 -0.0714065 
0.432812 -0.259208 
0.391909 -0.27975 
0.36404 -0.292817 
0.0421929 -0.4447 
0.0166113 -0.455317 
0.0675791 -0.433374 
0.144947 -0.395901 
0.118842 -0.408842 
0.0932675 -0.421292 
0.171035 -0.382926 
0.252315 -0.343653 
0.224745 -0.356689 
0.19789 -0.369688 
0.279849 -0.330939 
0.307939 -0.318203 
0.335899 -0.305614 
0.412491 -0.269667 
0.504013 -0.216847 
0.485264 -0.229075 
0.522312 -0.203861 
0.545237 -0.185633 
0.55624 -0.175873 
0.566859 -0.165661 
0.647267 -0.00562209 
0.581438 -0.150058 
0.624052 -0.0856582 
0.634623 -0.0599256 
0.459323 -0.244621 
-0.278427 -0.486903 
-0.305957 -0.479641 
-0.390993 -0.443735 
-0.598745 -0.199337 
-0.523257 -0.332712 
-0.617681 -0.129936 
-0.621175 -0.106586 
-0.622918 -0.0361278 
-0.589722 -0.222174 
-0.60644 -0.176335 
-0.612764 -0.153188 
-0.567763 -0.267173 
-0.236767 -0.494234 
-0.209042 -0.496779 
-0.100355 -0.489878 
-0.0739 -0.484344 
-0.429769 -0.419548 
-0.506999 -0.351597 
-0.468759 -0.389078 
-0.369311 -0.454976 
-0.345405 -0.465654 
-0.411134 -0.431863 
0.601174 -0.124899 
0.642376 -0.0332049 
0.378003 -0.286338 
-0.552949 -0.291872 
0.0294373 -0.450105 
0.0549159 -0.439111 
0.131901 -0.402385 
0.238518 -0.350136 
0.184456 -0.376286 
0.15799 -0.389409 
0.266074 -0.337265 
0.321924 -0.311908 
0.402223 -0.274753 
0.42268 -0.264493 
0.349985 -0.29924 
0.494692 -0.223045 
0.533925 -0.194943 
0.561602 -0.170823 
0.513231 -0.210453 
-0.623227 -0.0831487 
-0.579403 -0.244823 
0.648038 0.00137457 
-0.488185 -0.371122 
0.588371 -0.14184 
0.621 -0.0918769 
0.574275 -0.157981 
0.626956 -0.0793239 
0.612581 -0.107211 
0.636825 -0.053339 
0.646313 -0.0125966 
0.632243 -0.066453 
0.550785 -0.180807 
0.47237 -0.236979 
-0.537297 -0.314582 
-0.449046 -0.405335 
-0.264551 -0.489824 
-0.292252 -0.483504 
-0.127101 -0.493985 
-0.154152 -0.496568 
0.00385411 -0.460261 
-0.0218315 -0.469422 
-0.319244 -0.475415 
-0.181473 -0.49753 
-0.0477419 -0.477491 
0.0804474 -0.427387 
0.211308 -0.363158 
0.10607 -0.4151 
0.29389 -0.324551 
-0.623815 -0.0596508 
0.44613 -0.252027 
