ZONE T="boundary0"
-4 -1 
-4 -0.237707 
-4 -0.172532 
-4 -0.418601 
-4 -0.308412 
-4 0.184915 
-4 -0.363506 
-4 -0.518303 
-4 0.0878323 
-4 -0.618005 
-4 0.00941113 
-4 -0.120771 
-4 1 
-4 0.815058 
-4 0.475768 
-4 -0.06901 
-4 0.2365 
-4 0.288085 
-4 0.381927 
-4 0.630116 
-4 -0.205119 
-4 -0.273059 
-4 0.136374 
-4 -0.146652 
-4 -0.809002 
-4 0.907529 
-4 -0.0948906 
-4 -0.391054 
-4 -0.335959 
-4 -0.568154 
-4 -0.468452 
-4 -0.0297995 
-4 0.0486217 
-4 0.552942 
-4 0.210708 
-4 0.262293 
-4 0.335006 
-4 0.428847 
-4 0.722587 
ZONE T="boundary1"
3.39498 1 
3.59665 1 
0.521279 1 
-0.374107 1 
-0.292002 1 
-0.160002 1 
0.858133 1 
0.787582 1 
0.63753 1 
2.81051 1 
1.13759 1 
1.03314 1 
-1.35231 1 
-1.24482 1 
1.609 1 
-4 1 
-2.20232 1 
-3.49635 1 
1.87626 1 
3.1933 1 
3.00191 1 
-2.88747 1 
-2.72938 1 
2.3117 1 
4 1 
3.79833 1 
2.5611 1 
-0.456212 1 
-0.226002 1 
-0.0032068 1 
-0.0816044 1 
-0.669172 1 
-0.562692 1 
0.273433 1 
0.339231 1 
0.405028 1 
0.206595 1 
0.0682748 1 
0.139756 1 
0.712556 1 
1.49833 1 
1.38766 1 
0.928684 1 
-3.82331 1 
1.26263 1 
-3.64662 1 
-3.34609 1 
-1.01989 1 
-1.44263 1 
-1.53295 1 
-1.13733 1 
-3.04556 1 
-1.85252 1 
-1.99144 1 
2.09398 1 
-1.7136 1 
-2.41319 1 
-0.785808 1 
-0.902444 1 
3.49582 1 
-0.333055 1 
0.822857 1 
1.08536 1 
3.09761 1 
-2.80842 1 
3.89916 1 
2.68581 1 
-0.41516 1 
-0.193002 1 
-0.0424056 1 
-0.120803 1 
-0.509452 1 
0.306332 1 
0.372129 1 
0.463153 1 
0.240014 1 
0.173176 1 
0.675043 1 
0.579404 1 
1.443 1 
0.98091 1 
1.32514 1 
1.20011 1 
-3.73496 1 
-3.42122 1 
-3.57148 1 
-1.29856 1 
-1.48779 1 
-1.19107 1 
-2.96652 1 
-3.19583 1 
-1.92198 1 
-1.62328 1 
2.4364 1 
2.90621 1 
1.55366 1 
1.74263 1 
-2.30776 1 
3.29414 1 
1.98512 1 
2.20284 1 
-2.57129 1 
0.032534 1 
-0.259002 1 
0.104016 1 
-0.72749 1 
-0.844126 1 
0.893408 1 
0.750069 1 
-0.961165 1 
3.69749 1 
-1.07861 1 
-1.39747 1 
-1.78306 1 
-2.09688 1 
-0.615932 1 
-3.91165 1 
ZONE T="boundary2"
4 -0.488495 
4 -0.363756 
4 -0.426125 
4 -0.289813 
4 -0.709926 
4 -0.326784 
4 0.078918 
4 1 
4 -0.59921 
4 -0.236935 
4 -0.141228 
4 -0.0984007 
4 -0.184056 
4 0.202867 
4 0.140892 
4 0.349089 
4 0.275978 
4 0.626555 
4 0.425582 
4 0.502074 
4 0.564314 
4 0.875518 
4 -0.00974132 
4 -1 
4 0.239422 
4 0.751037 
4 0.0345884 
4 -0.394941 
4 -0.308299 
4 -0.34527 
4 -0.543853 
4 -0.119815 
4 -0.162642 
4 0.17188 
4 -0.45731 
4 0.533194 
4 0.937759 
4 -0.854963 
4 -0.263374 
4 -0.210495 
4 -0.054071 
4 0.312534 
4 0.387336 
4 0.221145 
4 0.463828 
4 0.595435 
4 0.688796 
4 0.813278 
4 -0.654568 
4 0.109905 
4 0.2577 
4 0.0567532 
4 0.0124235 
ZONE T="boundary3"
-4 -1 
-3.6287 -1 
0.0786197 -1 
0.0123879 -1 
-0.448563 -1 
-0.836821 -1 
-0.673178 -1 
-0.56087 -1 
-0.30703 -1 
-0.377796 -1 
-0.11747 -1 
-0.755 -1 
-0.91738 -1 
-0.99794 -1 
-1.77354 -1 
-1.60627 -1 
-1.38901 -1 
-1.49764 -1 
1.69294 -1 
-2.51876 -1 
0.636078 -1 
2.75363 -1 
2.43085 -1 
3.53821 -1 
3.30731 -1 
-0.181096 -1 
-0.244063 -1 
0.146718 -1 
-0.0538439 -1 
0.262101 -1 
0.309385 -1 
0.403953 -1 
0.461984 -1 
0.520015 -1 
0.778363 -1 
0.920649 -1 
0.849506 -1 
-1.08869 -1 
-1.17944 -1 
-1.28422 -1 
1.13531 -1 
1.23691 -1 
1.33852 -1 
1.02798 -1 
-2.96837 -1 
-2.72747 -1 
3.7691 -1 
3.07641 -1 
-2.31006 -1 
-2.12543 -1 
1.76827 -1 
1.54783 -1 
1.61761 -1 
1.91893 -1 
2.17489 -1 
4 -1 
2.91502 -1 
-1.9408 -1 
-3.45119 -1 
-3.27368 -1 
-3.12103 -1 
0.214817 -1 
1.47806 -1 
-3.81435 -1 
0.0455038 -1 
-0.617024 -1 
-0.342413 -1 
-0.714089 -1 
-0.95766 -1 
-1.6899 -1 
-1.44332 -1 
2.59224 -1 
3.42276 -1 
-0.504717 -1 
-0.275546 -1 
-0.149283 -1 
-0.0856569 -1 
-0.020728 -1 
-0.413179 -1 
0.285743 -1 
0.356669 -1 
0.578046 -1 
0.70722 -1 
0.885077 -1 
-0.877101 -1 
-0.79591 -1 
-1.13406 -1 
-1.33661 -1 
-1.55196 -1 
-1.23183 -1 
1.28771 -1 
0.974313 -1 
-2.84792 -1 
-1.04331 -1 
-2.21774 -1 
1.65527 -1 
2.04691 -1 
2.30287 -1 
-2.41441 -1 
-2.62312 -1 
3.65366 -1 
3.88455 -1 
3.19186 -1 
2.99572 -1 
-2.03311 -1 
2.83433 -1 
-3.19735 -1 
-3.36244 -1 
-3.0447 -1 
0.112669 -1 
-0.21258 -1 
0.180768 -1 
0.238459 -1 
0.490999 -1 
0.432968 -1 
1.18611 -1 
1.08164 -1 
1.40829 -1 
1.58272 -1 
1.8436 -1 
1.51295 -1 
1.7306 -1 
0.813935 -1 
-1.85717 -1 
-3.53995 -1 
ZONE T="boundary4"
-0.605113 0.0880489 
-0.61264 0.0669336 
-0.53204 0.218253 
-0.509845 0.24656 
-0.37215 0.370443 
0.622075 0.0978209 
-0.631661 -0.0189786 
0.643599 0.00542581 
0.644661 -0.0127072 
-0.624419 0.0241061 
-0.628612 0.0025695 
-0.596536 0.108899 
-0.58203 0.139136 
-0.61909 0.0455832 
-0.315944 0.404961 
-0.543895 0.20179 
-0.555444 0.184622 
-0.566392 0.167069 
-0.483502 0.276441 
-0.454786 0.304972 
-0.439382 0.31884 
-0.469383 0.290943 
0.633861 0.0600467 
0.628618 0.0783166 
-0.389908 0.358042 
-0.335153 0.393914 
-0.423544 0.332213 
-0.354032 0.382316 
-0.496915 0.261712 
-0.275544 0.425938 
-0.254235 0.435866 
-0.232645 0.445183 
-0.209971 0.454205 
-0.187042 0.46257 
-0.138504 0.477902 
-0.11273 0.484794 
-0.406924 0.345384 
0.605878 0.138516 
0.596436 0.15976 
0.56605 0.223821 
0.555599 0.244938 
0.614783 0.117082 
0.456766 0.384121 
0.435189 0.403286 
0.412514 0.420718 
0.385101 0.43871 
0.531574 0.289131 
0.54397 0.267275 
0.517976 0.310718 
0.474051 0.366606 
0.490421 0.347909 
0.504594 0.329776 
-0.0315625 0.501149 
0.0271592 0.508054 
0.0887547 0.510798 
0.0579444 0.510014 
0.151602 0.508538 
0.182926 0.505323 
0.242078 0.494944 
0.269453 0.487987 
0.29646 0.479591 
0.213377 0.500726 
0.638129 0.0419018 
0.64141 0.0236236 
0.576305 0.202617 
0.586481 0.181222 
-0.295896 0.415738 
-0.162887 0.470593 
-0.0867604 0.490898 
-0.0592398 0.496467 
-0.00225316 0.505111 
0.324345 0.46913 
0.356714 0.454368 
0.120065 0.510341 
-0.609004 0.0775363 
-0.521125 0.23255 
0.644272 -0.00363231 
-0.626654 0.0133639 
-0.589535 0.124138 
-0.600947 0.0985241 
-0.615998 0.0562978 
-0.549741 0.193254 
-0.560996 0.175895 
-0.44714 0.311968 
-0.462142 0.298017 
-0.476504 0.283751 
0.631344 0.0692113 
-0.381076 0.364309 
-0.325588 0.399506 
-0.621891 0.0348777 
-0.344635 0.388184 
-0.363134 0.376446 
-0.490269 0.269132 
-0.431516 0.325588 
-0.264925 0.430979 
-0.243473 0.440602 
-0.221341 0.449777 
-0.198536 0.45847 
-0.538031 0.210067 
-0.415285 0.338863 
0.60121 0.14916 
0.560858 0.234396 
0.618512 0.107482 
0.446147 0.393897 
0.424004 0.412202 
-0.503439 0.254186 
-0.630276 -0.00818565 
0.398984 0.429985 
0.537886 0.278269 
0.482373 0.35738 
0.511403 0.320332 
0.524909 0.300011 
-0.398464 0.351776 
0.0733469 0.510555 
0.167284 0.507112 
0.283014 0.483971 
0.255811 0.491639 
0.636111 0.0510011 
0.610409 0.12783 
0.62545 0.0881026 
0.64264 0.014541 
0.581413 0.191928 
0.465539 0.375495 
0.591492 0.170506 
0.549865 0.256149 
-0.285756 0.42091 
-0.174994 0.466671 
-0.150722 0.474337 
0.571195 0.213227 
-0.305959 0.410422 
-0.125643 0.481446 
0.497625 0.338937 
-0.073022 0.493793 
-0.0997683 0.487945 
-0.0169242 0.503256 
0.310483 0.474572 
0.340673 0.462062 
0.0124409 0.506711 
0.0425436 0.509178 
-0.0454197 0.49892 
0.227765 0.498012 
0.104414 0.510731 
0.371053 0.446804 
0.639897 0.0327855 
0.198181 0.503209 
0.135845 0.509613 
-0.574418 0.153218 
ZONE T="boundary5"
-0.633565 -0.0404722 
-0.546507 -0.310428 
-0.557299 -0.297355 
-0.279489 -0.416656 
-0.629811 -0.125266 
-0.632447 -0.104311 
-0.60832 -0.205971 
-0.615138 -0.186817 
-0.482975 -0.365793 
-0.496932 -0.356129 
-0.600576 -0.224613 
-0.626044 -0.146038 
-0.621152 -0.166564 
0.637214 -0.0837626 
0.632412 -0.100967 
-0.569444 -0.280748 
-0.580582 -0.263307 
-0.324078 -0.416107 
-0.302349 -0.416909 
-0.345653 -0.414176 
0.598535 -0.171809 
-0.403271 -0.402472 
-0.385322 -0.407241 
-0.365598 -0.411274 
-0.420933 -0.396663 
-0.184125 -0.406776 
-0.256502 -0.415415 
-0.510381 -0.345644 
-0.232683 -0.413251 
-0.159437 -0.402788 
0.613488 -0.146354 
-0.468287 -0.374769 
0.590043 -0.184168 
-0.535097 -0.32283 
0.552924 -0.227716 
-0.523023 -0.334602 
-0.437228 -0.390232 
-0.133693 -0.398376 
0.270037 -0.349632 
0.251407 -0.352013 
-0.45317 -0.382854 
0.524706 -0.253343 
-0.107984 -0.393886 
-0.633953 -0.0831774 
-0.631661 -0.0189786 
0.644661 -0.0127072 
-0.634328 -0.0618875 
-0.208825 -0.410356 
-0.59111 -0.244328 
0.288632 -0.346939 
-0.0810168 -0.389246 
-0.0257761 -0.380477 
0.00247538 -0.376541 
0.032059 -0.372861 
0.0615375 -0.369623 
0.0920308 -0.366655 
0.153945 -0.361347 
0.1854 -0.358683 
0.386582 -0.325113 
0.122395 -0.363981 
0.406548 -0.318504 
0.309336 -0.343498 
0.329967 -0.339527 
0.425796 -0.311207 
0.348238 -0.335489 
0.218434 -0.355615 
0.44477 -0.303 
0.486137 -0.280849 
0.465725 -0.292584 
0.36641 -0.330919 
0.543732 -0.236646 
0.606298 -0.1593 
0.640844 -0.066301 
0.58106 -0.196062 
0.571661 -0.207469 
0.620389 -0.132244 
0.643291 -0.0486563 
0.644567 -0.0307108 
0.626542 -0.117658 
-0.0540742 -0.384813 
0.50579 -0.267801 
-0.55199 -0.303964 
-0.631271 -0.114808 
-0.611854 -0.196439 
-0.490022 -0.36106 
-0.604567 -0.215343 
-0.628069 -0.135679 
-0.623738 -0.156336 
0.634957 -0.0924043 
-0.575148 -0.272116 
-0.334882 -0.415289 
-0.563503 -0.28915 
-0.375492 -0.409402 
-0.290921 -0.416914 
-0.267992 -0.416149 
-0.503731 -0.350982 
-0.244586 -0.414434 
-0.475696 -0.370387 
0.59436 -0.178038 
-0.540885 -0.316706 
-0.516778 -0.34021 
-0.429128 -0.393563 
-0.146561 -0.400602 
0.260726 -0.350858 
-0.460787 -0.378919 
-0.120837 -0.396132 
-0.412147 -0.399697 
-0.633342 -0.0937557 
-0.634282 -0.0725362 
-0.196468 -0.408628 
-0.171775 -0.404821 
-0.595983 -0.234539 
-0.355649 -0.412863 
-0.0945003 -0.391549 
-0.0116527 -0.378458 
0.0467972 -0.371192 
0.169674 -0.360032 
0.107214 -0.365291 
-0.618283 -0.176733 
0.279339 -0.348328 
0.319664 -0.341583 
0.416211 -0.314962 
0.339115 -0.337571 
0.298993 -0.34528 
0.234927 -0.353898 
0.396598 -0.321912 
0.435331 -0.307217 
0.476022 -0.286877 
0.35734 -0.333273 
0.53436 -0.245158 
0.639176 -0.0750619 
0.548365 -0.23222 
0.60249 -0.165601 
0.585616 -0.190164 
0.576419 -0.201814 
-0.445254 -0.386659 
0.617035 -0.139346 
0.609973 -0.152872 
-0.52914 -0.328799 
0.376522 -0.328111 
-0.632754 -0.0297139 
-0.58599 -0.2539 
-0.313222 -0.416643 
0.644079 -0.0396938 
-0.634088 -0.051176 
0.623569 -0.124994 
-0.0399286 -0.382599 
-0.220747 -0.411883 
0.0767832 -0.368096 
-0.0675472 -0.386997 
0.0172637 -0.374645 
0.13817 -0.362656 
0.629613 -0.109359 
0.642216 -0.0574987 
0.64476 -0.0217094 
-0.394333 -0.404984 
0.455322 -0.297945 
0.515368 -0.26073 
0.49607 -0.274487 
0.201923 -0.357199 
0.562477 -0.217765 
