ZONE T="boundary0"
-4 -1 
-4 -0.403296 
-4 -0.456401 
-4 -0.225544 
-4 -0.299908 
-4 0.86343 
-4 0.26259 
-4 0.335473 
-4 0.394596 
-4 0.45372 
-4 0.212387 
-4 0.162185 
-4 0.59029 
-4 -0.166879 
-4 0.0732554 
-4 -0.0174797 
-4 -0.108215 
-4 -0.540289 
-4 -0.624178 
-4 0.72686 
-4 1 
-4 -0.350191 
-4 -0.429849 
-4 -0.262726 
-4 0.299032 
-4 0.365035 
-4 0.187286 
-4 0.522005 
-4 -0.196211 
-4 0.11772 
-4 -0.0628473 
-4 0.0278879 
-4 -0.582234 
-4 0.424158 
-4 -0.812089 
-4 0.658575 
-4 0.931715 
-4 0.795145 
-4 -0.137547 
-4 -0.325049 
-4 -0.376744 
-4 0.237489 
-4 -0.498345 
ZONE T="boundary1"
-2.67567 1 
-2.87511 1 
3.81265 1 
-1.59361 1 
1.0848 1 
0.281435 1 
0.167997 1 
-0.363758 1 
-0.304039 1 
1.31038 1 
0.897154 1 
-0.490995 1 
-0.582609 1 
3.1152 1 
-1.01844 1 
-3.46941 1 
1.42164 1 
2.9798 1 
3.6253 1 
2.52161 1 
-3.73471 1 
1.53291 1 
1.68899 1 
-2.47622 1 
-1.25251 1 
2.34366 1 
2.16572 1 
-0.427377 1 
-0.674224 1 
-0.178641 1 
-0.24432 1 
0.762146 1 
0.627138 1 
-0.730307 1 
-0.78639 1 
-0.902413 1 
-1.13547 1 
0.413096 1 
0.0267891 1 
-0.0430867 1 
0.0973931 1 
0.520117 1 
-1.35622 1 
-1.45993 1 
1.19759 1 
-1.72728 1 
4 1 
3.43795 1 
-1.93734 1 
-2.14741 1 
3.2506 1 
2.00539 1 
2.63616 1 
1.84506 1 
-3.12341 1 
-2.31182 1 
-3.29641 1 
-3.875 1 
-4 1 
2.7507 1 
-0.112962 1 
-2.77539 1 
0.224716 1 
-0.333899 1 
0.990979 1 
-0.536802 1 
1.36601 1 
-3.60206 1 
1.61095 1 
-2.57595 1 
2.25469 1 
-0.395567 1 
-0.459186 1 
-0.628416 1 
-0.211481 1 
0.694642 1 
-0.758349 1 
-1.07695 1 
0.82965 1 
0.347265 1 
-0.00814881 1 
0.0620911 1 
0.466607 1 
0.573628 1 
-0.702265 1 
-0.960424 1 
-0.844402 1 
-1.40808 1 
-1.19399 1 
1.47728 1 
3.90633 1 
3.71898 1 
3.53163 1 
-1.66044 1 
-1.83231 1 
-1.52677 1 
-2.04238 1 
2.57888 1 
2.08555 1 
1.76702 1 
-3.20991 1 
-3.80485 1 
-3.9375 1 
2.43264 1 
1.92523 1 
-2.99926 1 
-2.22961 1 
-2.39402 1 
-3.38291 1 
3.1829 1 
2.86525 1 
3.0475 1 
-0.0780245 1 
-0.27418 1 
0.132695 1 
-0.145802 1 
-1.30437 1 
1.1412 1 
1.25399 1 
2.69343 1 
3.34428 1 
ZONE T="boundary2"
4 -0.241588 
4 -0.211055 
4 0.166736 
4 -0.0169516 
4 0.040924 
4 -0.149989 
4 0.332172 
4 0.307797 
4 0.503563 
4 -0.543556 
4 0.574483 
4 0.382408 
4 0.432643 
4 0.234673 
4 0.283423 
4 0.787241 
4 -0.0834704 
4 1 
4 0.132768 
4 0.200705 
4 0.0987996 
4 -0.445935 
4 -0.315575 
4 -0.272121 
4 -0.359028 
4 -0.641177 
4 -0.820589 
4 -1 
4 -0.226322 
4 0.0119862 
4 0.319985 
4 0.407526 
4 0.259048 
4 0.539023 
4 0.468103 
4 -0.180522 
4 0.680862 
4 0.893621 
4 0.35729 
4 0.29561 
4 0.149752 
4 0.217689 
4 0.115784 
4 0.0698618 
4 -0.293848 
4 -0.11673 
4 -0.050211 
4 -0.402482 
4 -0.592367 
4 -0.730883 
4 -0.910294 
4 0.18372 
4 -0.337301 
4 -0.256855 
4 -0.494746 
ZONE T="boundary3"
-3.73067 -1 
-4 -1 
-1.84376 -1 
-2.01435 -1 
0.198 -1 
-0.176792 -1 
-1.03427 -1 
-0.914362 -1 
-0.60176 -1 
-0.387157 -1 
-0.313171 -1 
-3.46134 -1 
1.31911 -1 
1.21184 -1 
2.01763 -1 
2.22399 -1 
-2.35554 -1 
-2.18494 -1 
-1.68509 -1 
-2.74348 -1 
-2.52613 -1 
2.67767 -1 
3.06131 -1 
2.45083 -1 
-3.21108 -1 
-2.96082 -1 
3.53066 -1 
3.29599 -1 
3.88266 -1 
0.360693 -1 
0.437188 -1 
0.00295287 -1 
-0.0557232 -1 
0.824799 -1 
0.738843 -1 
-0.114399 -1 
0.111802 -1 
0.0573773 -1 
-0.698108 -1 
0.545037 -1 
0.652886 -1 
0.938406 -1 
1.02148 -1 
1.10456 -1 
-0.794456 -1 
-0.494458 -1 
-1.27161 -1 
1.54165 -1 
1.43038 -1 
-1.15294 -1 
-1.39902 -1 
-1.52643 -1 
1.81127 -1 
3.76533 -1 
0.284198 -1 
-0.239185 -1 
4 -1 
-3.86534 -1 
-1.92905 -1 
-0.974316 -1 
-0.350164 -1 
1.26547 -1 
2.12081 -1 
-2.27024 -1 
-1.76442 -1 
-2.09965 -1 
2.86949 -1 
2.33741 -1 
-3.08595 -1 
0.39894 -1 
-0.0263852 -1 
0.781821 -1 
0.0845896 -1 
-0.0850612 -1 
0.154901 -1 
0.0301651 -1 
-0.649934 -1 
0.491112 -1 
0.598961 -1 
-0.145596 -1 
0.881603 -1 
1.06302 -1 
-0.746282 -1 
-0.548109 -1 
-0.440807 -1 
1.48602 -1 
1.1582 -1 
-1.0936 -1 
-1.33531 -1 
-1.46272 -1 
-1.60576 -1 
-0.854409 -1 
1.37475 -1 
-3.59601 -1 
1.67646 -1 
1.91445 -1 
2.56425 -1 
3.17865 -1 
3.41332 -1 
-2.6348 -1 
3.64799 -1 
-2.44083 -1 
-3.33621 -1 
0.241099 -1 
-0.276178 -1 
-0.207989 -1 
0.322446 -1 
0.979945 -1 
0.695864 -1 
-2.85215 -1 
3.824 -1 
3.94133 -1 
-1.21227 -1 
ZONE T="boundary4"
-0.465986 0.394637 
0.641405 0.0460305 
0.645087 0.0314403 
0.60194 0.127667 
0.592678 0.139947 
-0.623904 0.0480036 
-0.624096 0.0714617 
0.618368 0.101691 
0.625453 0.0880315 
0.610569 0.114827 
-0.610034 0.166736 
-0.267348 0.490625 
-0.622273 0.0248368 
-0.217457 0.496697 
-0.192265 0.497456 
-0.484317 0.37805 
-0.242636 0.494407 
-0.578267 0.250129 
-0.622817 0.0951627 
-0.620045 0.11901 
-0.61578 0.142891 
-0.598885 0.201803 
-0.604808 0.184434 
-0.563032 0.27852 
-0.553385 0.29428 
0.560693 0.174392 
-0.592292 0.218897 
-0.543108 0.30961 
-0.166732 0.496701 
-0.530301 0.327001 
-0.501744 0.360473 
-0.446779 0.410191 
-0.426779 0.424629 
-0.405954 0.437947 
-0.516697 0.343757 
-0.339344 0.470398 
-0.362158 0.460896 
-0.315786 0.478592 
-0.291871 0.485319 
-0.384458 0.450022 
-0.141317 0.494463 
-0.115623 0.490735 
0.441942 0.254688 
0.636923 0.0602654 
0.651456 -0.0281113 
0.391949 0.278937 
0.337374 0.302801 
0.30698 0.315722 
0.36753 0.289817 
0.149676 0.387725 
0.64991 0.00186315 
0.572056 0.163284 
0.416086 0.267638 
0.548865 0.184956 
0.523339 0.205075 
0.467334 0.240884 
0.065557 0.428735 
0.0929065 0.415644 
0.039172 0.440816 
-0.0901447 0.485627 
0.120189 0.402265 
0.210371 0.358538 
0.241607 0.344217 
0.274325 0.329752 
0.582642 0.151896 
0.631567 0.0743682 
0.651083 -0.013096 
0.647908 0.0167668 
-0.0643602 0.479084 
-0.0388083 0.471313 
0.0126364 0.452194 
-0.0131698 0.462323 
0.495803 0.223794 
0.179201 0.373337 
0.643351 0.0387624 
0.59739 0.133869 
-0.624183 0.0597321 
0.622009 0.0949134 
0.614561 0.108315 
-0.204869 0.497266 
-0.255021 0.492705 
-0.62364 0.083323 
-0.618093 0.130984 
-0.621614 0.107109 
-0.613083 0.154857 
-0.601934 0.193149 
-0.607515 0.175614 
-0.55829 0.286451 
-0.595671 0.210383 
-0.548325 0.301999 
-0.179495 0.497268 
-0.536807 0.318382 
-0.570902 0.264462 
-0.493148 0.369381 
-0.41646 0.431437 
-0.523597 0.33546 
-0.35082 0.465817 
-0.456489 0.402547 
-0.303879 0.482137 
-0.395292 0.44414 
-0.230065 0.495745 
-0.327626 0.474674 
-0.128448 0.492777 
-0.27965 0.48816 
-0.154011 0.495764 
-0.373387 0.455623 
-0.585551 0.234638 
-0.623268 0.0364084 
0.606343 0.121307 
-0.509322 0.352207 
0.322183 0.30926 
0.379762 0.284423 
0.566439 0.168906 
0.536294 0.195266 
0.554835 0.179739 
0.4547 0.247902 
0.079252 0.422237 
0.0523926 0.434845 
0.134933 0.394988 
0.290645 0.322703 
-0.436879 0.41755 
0.577418 0.157655 
0.587737 0.145987 
0.634348 0.0673563 
0.628608 0.0812442 
0.651368 -0.0206009 
0.649013 0.00932928 
0.650598 -0.00560812 
0.639267 0.0531807 
-0.475263 0.386469 
-0.102855 0.488347 
0.646601 0.0241239 
-0.0772171 0.482515 
-0.0515461 0.475342 
-0.0002278 0.457369 
0.40405 0.273354 
0.429064 0.261262 
0.106556 0.408975 
0.481672 0.232518 
0.0259397 0.4466 
0.164428 0.380501 
0.225969 0.351321 
-0.0259499 0.466946 
0.19477 0.365886 
0.352471 0.296343 
0.257951 0.336928 
0.509716 0.214656 
ZONE T="boundary5"
-0.548871 -0.16554 
-0.561838 -0.146127 
-0.609124 -0.0424499 
-0.614845 -0.0204157 
-0.57368 -0.126274 
-0.584368 -0.105963 
-0.602118 -0.064052 
-0.593858 -0.0852184 
-0.485224 -0.240455 
-0.19661 -0.415542 
-0.221854 -0.405854 
-0.245187 -0.396215 
-0.268265 -0.385998 
-0.619241 0.00202182 
-0.622273 0.0248368 
-0.306438 -0.367486 
-0.32359 -0.358453 
-0.0398648 -0.459917 
0.621705 -0.170237 
-0.119381 -0.440696 
-0.0931285 -0.447776 
-0.171113 -0.424577 
-0.145358 -0.432966 
-0.456088 -0.267793 
-0.441439 -0.280251 
-0.470337 -0.254866 
-0.35853 -0.338497 
-0.287454 -0.376954 
-0.410952 -0.30382 
-0.42637 -0.292269 
-0.376245 -0.327483 
-0.393767 -0.315909 
-0.066684 -0.454175 
-0.534825 -0.184513 
0.521224 -0.341775 
0.638664 -0.118182 
-0.51978 -0.203024 
-0.499649 -0.225562 
0.127202 -0.478426 
0.0984404 -0.477438 
0.0421414 -0.472793 
0.0702481 -0.475551 
-0.340545 -0.349044 
-0.0128808 -0.464936 
0.603423 -0.214349 
0.612899 -0.192434 
0.0145651 -0.469257 
0.155989 -0.478427 
0.303354 -0.460556 
0.273658 -0.466883 
0.185323 -0.477361 
0.244045 -0.471704 
0.214595 -0.475156 
0.447252 -0.401701 
0.362361 -0.442858 
0.391355 -0.431208 
0.466983 -0.388523 
0.332963 -0.452596 
0.486013 -0.374092 
0.498165 -0.363851 
0.509885 -0.353101 
0.532069 -0.329967 
0.419709 -0.417535 
0.561433 -0.291891 
0.629682 -0.147879 
0.547287 -0.311496 
0.593303 -0.23595 
0.645531 -0.0882844 
0.648055 -0.0732528 
0.649905 -0.05824 
0.651055 -0.0431361 
0.651456 -0.0281113 
0.578204 -0.264748 
-0.555476 -0.155915 
-0.61215 -0.0314753 
-0.579162 -0.116191 
-0.60578 -0.0533023 
-0.589259 -0.0956572 
-0.209264 -0.41078 
-0.23355 -0.401107 
-0.256758 -0.391179 
-0.620933 0.0134066 
-0.315038 -0.363015 
-0.106278 -0.444321 
-0.183891 -0.420141 
-0.158263 -0.428854 
-0.448813 -0.274081 
-0.567889 -0.136278 
-0.477839 -0.247722 
-0.418703 -0.298101 
-0.385047 -0.321759 
-0.433951 -0.286319 
-0.463264 -0.261386 
-0.402405 -0.30993 
-0.296973 -0.372274 
-0.367424 -0.333049 
-0.509853 -0.214418 
0.112817 -0.478052 
0.0561839 -0.474279 
0.608241 -0.203426 
0.02834 -0.471125 
-0.0263905 -0.462519 
0.288546 -0.463907 
0.170661 -0.478032 
0.19997 -0.476404 
-0.349571 -0.343827 
0.376952 -0.437268 
0.457214 -0.395257 
-0.492496 -0.233067 
0.318214 -0.456779 
-0.277884 -0.381529 
0.476608 -0.381454 
0.504082 -0.358538 
0.52671 -0.33593 
0.433628 -0.409876 
0.492142 -0.369035 
0.6344 -0.133099 
0.554516 -0.301807 
0.598448 -0.22519 
0.515615 -0.347499 
0.6258 -0.159096 
0.617391 -0.181371 
0.642377 -0.103297 
0.646873 -0.0807819 
0.650571 -0.0506947 
0.649065 -0.0657566 
0.65135 -0.0356259 
-0.332094 -0.353796 
-0.527403 -0.193851 
-0.541959 -0.175109 
-0.598141 -0.0746945 
0.585972 -0.250465 
-0.0532941 -0.457135 
-0.0799276 -0.451062 
0.141596 -0.478553 
0.25888 -0.469466 
0.570084 -0.278485 
0.000826413 -0.467193 
-0.132395 -0.436914 
0.229339 -0.473588 
0.347735 -0.447946 
0.0843365 -0.476605 
0.405651 -0.424619 
-0.617214 -0.00922977 
0.539826 -0.320855 
