ZONE T="boundary0"
-4 -0.324685 
-4 -0.0669575 
-4 0.706497 
-4 0.853249 
-4 0.0687256 
-4 0.358422 
-4 0.512773 
-4 -0.559575 
-4 -0.459756 
-4 -0.829697 
-4 -1 
-4 1 
-4 -0.263979 
-4 0.174295 
-4 0.207465 
-4 0.306972 
-4 0.409873 
-4 0.273803 
-4 -0.659394 
-4 -0.233625 
-4 -0.135115 
-4 0.240634 
-4 0.12151 
-4 -0.203272 
-4 0.779873 
-4 -0.509665 
-4 -0.914849 
-4 -0.294332 
-4 0.000884059 
-4 0.19088 
-4 0.461323 
-4 0.609635 
-4 -0.392221 
-4 -0.609485 
-4 -0.248802 
-4 -0.101036 
-4 0.926624 
-4 0.384148 
-4 0.332697 
-4 0.257218 
-4 0.224049 
-4 0.147903 
-4 0.290388 
-4 0.095118 
-4 -0.169194 
-4 -0.744546 
-4 -0.218449 
ZONE T="boundary1"
0.189766 1 
0.122841 1 
3.85392 1 
4 1 
1.41833 1 
-3.70364 1 
0.499914 1 
1.04951 1 
-4 1 
-1.36124 1 
-2.32402 1 
-2.55613 1 
3.70785 1 
-2.09191 1 
-2.87037 1 
2.03565 1 
1.17036 1 
1.55754 1 
1.69674 1 
1.8662 1 
2.72281 1 
3.19395 1 
2.9722 1 
-3.02749 1 
-3.18461 1 
0.618623 1 
0.348625 1 
0.0105041 1 
-0.446352 1 
-0.544124 1 
0.25669 1 
-0.784376 1 
-0.66425 1 
-0.116146 1 
-0.0528208 1 
-0.228276 1 
-0.172211 1 
-0.288428 1 
-0.34858 1 
0.803313 1 
0.44056 1 
-0.904251 1 
-1.25486 1 
-1.02413 1 
-1.13949 1 
-1.46763 1 
-1.59478 1 
-1.72193 1 
-1.90692 1 
1.29435 1 
3.4157 1 
-3.44413 1 
2.47343 1 
0.928649 1 
0.559269 1 
0.677977 1 
2.25454 1 
0.156303 1 
3.92696 1 
-3.85182 1 
-2.44007 1 
3.78089 1 
-2.20796 1 
-2.71325 1 
1.62714 1 
1.78147 1 
3.08308 1 
-3.10605 1 
0.0666728 1 
-0.495238 1 
-0.724313 1 
-0.0844835 1 
-0.144179 1 
-0.318504 1 
-0.397466 1 
0.470237 1 
-0.844313 1 
1.10993 1 
-0.964189 1 
-1.41443 1 
-1.30805 1 
-1.5312 1 
-1.81442 1 
1.48793 1 
1.35634 1 
-1.08181 1 
3.56177 1 
-3.57388 1 
-1.99941 1 
-2.94893 1 
-3.31437 1 
2.84751 1 
2.59812 1 
3.30483 1 
1.95092 1 
0.989077 1 
0.588946 1 
0.529591 1 
0.6483 1 
0.740645 1 
-0.258352 1 
-0.200243 1 
0.865981 1 
-0.0211584 1 
0.223228 1 
0.302657 1 
0.394593 1 
-0.604187 1 
-1.19718 1 
1.23235 1 
2.36398 1 
-1.65835 1 
2.14509 1 
ZONE T="boundary2"
4 -0.682872 
4 -0.364873 
4 -0.499111 
4 -0.269076 
4 -0.293025 
4 0.0503178 
4 0.142226 
4 0.194146 
4 0.246067 
4 0.303955 
4 0.275011 
4 0.785765 
4 1 
4 -1 
4 0.57153 
4 0.357355 
4 0.410755 
4 0.491143 
4 -0.316974 
4 -0.590991 
4 -0.12002 
4 -0.231812 
4 -0.194548 
4 -0.157284 
4 -0.0348509 
4 -0.431992 
4 -0.28105 
4 0.0962717 
4 0.220107 
4 0.289483 
4 0.892882 
4 -0.841436 
4 0.384055 
4 0.168186 
4 0.531336 
4 0.330655 
4 0.678647 
4 -0.545051 
4 0.260539 
4 -0.305 
4 -0.340924 
4 -0.21318 
4 -0.250444 
4 -0.138652 
4 -0.0774353 
4 0.00773343 
4 0.450949 
4 -0.636932 
4 -0.175916 
ZONE T="boundary3"
3.14362 -1 
3.35772 -1 
-0.229048 -1 
-0.342737 -1 
-0.517174 -1 
0.397316 -1 
0.48104 -1 
0.121373 -1 
0.0644701 -1 
-4 -1 
-1.15904 -1 
-3.48627 -1 
4 -1 
3.57181 -1 
1.11442 -1 
-3.10038 -1 
-3.22901 -1 
-2.97176 -1 
2.10518 -1 
1.9047 -1 
-2.27187 -1 
-2.06483 -1 
-1.676 -1 
-2.47891 -1 
-2.72533 -1 
2.69084 -1 
2.49825 -1 
2.91723 -1 
-0.11536 -1 
0.00756621 -1 
-0.0538967 -1 
0.230975 -1 
0.176174 -1 
-0.172204 -1 
0.313591 -1 
0.577836 -1 
-0.429955 -1 
-0.675395 -1 
-0.754506 -1 
-1.05097 -1 
-0.833617 -1 
0.674633 -1 
0.785248 -1 
0.895864 -1 
1.00514 -1 
-0.942892 -1 
1.3258 -1 
1.22011 -1 
-1.26412 -1 
-1.36919 -1 
-1.5226 -1 
1.45107 -1 
1.57635 -1 
-1.87041 -1 
2.30566 -1 
1.74052 -1 
3.25067 -1 
-0.285892 -1 
0.439178 -1 
0.0929215 -1 
-3.74313 -1 
3.78591 -1 
-3.1647 -1 
-2.16835 -1 
-2.60212 -1 
2.59454 -1 
3.46476 -1 
0.0360181 -1 
-0.0231652 -1 
0.203575 -1 
-0.143782 -1 
-0.0846282 -1 
0.148774 -1 
0.272283 -1 
0.355453 -1 
0.529438 -1 
-0.473565 -1 
-0.596285 -1 
-0.714951 -1 
-1.10501 -1 
0.626235 -1 
0.840556 -1 
-0.386346 -1 
-0.99693 -1 
0.729941 -1 
1.27296 -1 
1.05978 -1 
-1.31666 -1 
0.950503 -1 
1.16727 -1 
-1.5993 -1 
-1.44589 -1 
1.51371 -1 
-2.37539 -1 
-1.96762 -1 
2.80403 -1 
-3.03607 -1 
-3.35764 -1 
-1.77321 -1 
-2.84855 -1 
2.20542 -1 
2.00494 -1 
1.65844 -1 
-0.200626 -1 
-0.794061 -1 
-0.888254 -1 
2.40195 -1 
-1.21158 -1 
1.82261 -1 
1.38844 -1 
3.03043 -1 
ZONE T="boundary4"
-0.420634 0.289587 
-0.399212 0.301865 
-0.628463 0.00519163 
-0.624843 0.0284508 
0.604677 0.209482 
0.461967 0.373879 
0.475798 0.36489 
0.640376 0.0983607 
0.642277 0.084282 
-0.619495 0.0515215 
-0.603577 0.0966058 
-0.461815 0.262546 
0.537528 0.312045 
0.489235 0.355316 
-0.553003 0.178169 
-0.612401 0.0742881 
0.56727 0.275201 
-0.593052 0.11837 
-0.574288 0.149645 
-0.584031 0.134344 
0.64406 0.0561911 
-0.56397 0.16418 
-0.286256 0.353867 
-0.355094 0.324306 
-0.332525 0.334618 
-0.509106 0.224138 
-0.478986 0.249624 
-0.495678 0.235979 
-0.377398 0.313384 
-0.309484 0.344492 
0.514524 0.334639 
-0.214413 0.379814 
-0.238708 0.371511 
-0.262558 0.362904 
-0.189981 0.387714 
-0.165136 0.395298 
-0.14016 0.402469 
-0.0631888 0.421643 
-0.0370382 0.427102 
0.0164876 0.436473 
-0.0103402 0.432087 
0.0439826 0.440288 
0.616468 0.182383 
-0.441516 0.276509 
0.502113 0.345259 
0.643034 0.0282858 
0.641446 0.0145317 
-0.114748 0.409295 
0.637828 0.112457 
0.575705 0.262589 
-0.0892037 0.41567 
0.403426 0.404077 
0.433504 0.389994 
0.558037 0.287785 
0.548071 0.300143 
0.526292 0.323602 
0.0715964 0.443396 
0.128496 0.447353 
0.157916 0.44801 
0.187367 0.447641 
0.248121 0.443318 
0.217302 0.446141 
0.100002 0.445797 
-0.532049 0.201758 
-0.542749 0.190161 
0.341488 0.425527 
0.31014 0.433214 
0.372646 0.415876 
0.643513 0.0701985 
0.634673 0.126491 
0.626658 0.154414 
0.643904 0.0421673 
0.591048 0.236491 
0.583611 0.249678 
-0.630391 -0.0181666 
0.27895 0.439082 
-0.409979 0.295825 
-0.626865 0.0168543 
0.46893 0.369458 
0.641407 0.0913322 
-0.622382 0.0400355 
-0.61616 0.0629711 
-0.598514 0.107584 
-0.608196 0.0855288 
-0.579258 0.142058 
-0.569217 0.156975 
-0.588649 0.126418 
-0.343842 0.329533 
-0.470465 0.256171 
-0.4874 0.242886 
-0.388351 0.307713 
-0.321032 0.33962 
-0.226578 0.375714 
-0.250652 0.367259 
-0.297894 0.349238 
-0.366285 0.318924 
-0.202213 0.383814 
-0.152663 0.398936 
-0.0501274 0.42444 
0.00306102 0.434358 
0.0302231 0.438467 
-0.274428 0.358441 
0.610766 0.196017 
-0.451744 0.269641 
0.642331 0.0213983 
-0.127469 0.405938 
0.571553 0.268939 
-0.10199 0.412541 
-0.558568 0.171238 
0.447896 0.382219 
0.508379 0.340019 
0.418597 0.397317 
0.553126 0.294022 
0.520471 0.329187 
0.542868 0.306155 
0.531977 0.317889 
0.49573 0.350359 
0.143203 0.447805 
0.172643 0.447958 
0.232726 0.444897 
0.0857906 0.444699 
-0.537452 0.196009 
0.325869 0.429595 
0.388138 0.410241 
0.562724 0.281545 
0.642979 0.0772476 
0.639179 0.105423 
0.630926 0.140527 
0.587385 0.243116 
0.643873 0.0631982 
0.644071 0.0491782 
-0.177574 0.391557 
0.621792 0.168482 
0.636323 0.119491 
0.643559 0.0352209 
0.482568 0.360176 
-0.0237028 0.429668 
0.114243 0.446685 
0.26356 0.441382 
0.294583 0.43635 
-0.0762108 0.41872 
0.0577791 0.441934 
0.357143 0.420946 
-0.502443 0.230116 
-0.520766 0.213141 
0.598059 0.223086 
-0.431143 0.283156 
-0.547934 0.184215 
0.57972 0.256171 
-0.629635 -0.00647033 
0.202342 0.447038 
ZONE T="boundary5"
0.365054 -0.321087 
0.341627 -0.341211 
0.388323 -0.300827 
-0.534653 -0.295653 
-0.553551 -0.268827 
-0.567142 -0.246968 
-0.600566 -0.179871 
-0.504873 -0.331703 
-0.622158 -0.111285 
-0.626507 -0.0881436 
-0.629362 -0.0648865 
-0.60915 -0.157149 
-0.579513 -0.224784 
-0.616361 -0.134284 
-0.234168 -0.500078 
0.423408 -0.269962 
-0.177066 -0.513585 
-0.205746 -0.507556 
-0.0632383 -0.52292 
-0.262582 -0.491055 
-0.0915528 -0.522771 
-0.119945 -0.521172 
-0.148546 -0.518103 
-0.0073532 -0.518861 
0.446944 -0.249148 
0.470432 -0.228482 
-0.445856 -0.388204 
-0.465687 -0.370999 
-0.425233 -0.404507 
-0.520185 -0.313974 
-0.317307 -0.469042 
-0.343471 -0.456184 
-0.290551 -0.480596 
-0.406546 -0.418033 
-0.365678 -0.443968 
-0.387341 -0.43081 
0.622903 -0.0515561 
0.636122 -0.0125206 
-0.630674 -0.0415433 
-0.485954 -0.35165 
0.549933 -0.155875 
0.564943 -0.139877 
-0.590672 -0.202406 
0.488049 -0.213063 
-0.0351893 -0.521617 
0.0201465 -0.514661 
0.0740628 -0.501936 
0.0472882 -0.509019 
0.10035 -0.493451 
0.200946 -0.445915 
0.225086 -0.43082 
0.151608 -0.472305 
0.126261 -0.483541 
0.176483 -0.459753 
0.248698 -0.414723 
0.272229 -0.397471 
0.318626 -0.36055 
0.295324 -0.379512 
0.405907 -0.285397 
0.579164 -0.123156 
0.505569 -0.197624 
0.641446 0.0145317 
0.528125 -0.177121 
0.617149 -0.0641135 
0.610732 -0.0764559 
0.639147 0.000953624 
0.603746 -0.0884515 
0.591997 -0.106207 
0.627991 -0.0387699 
-0.630391 -0.0181666 
0.353361 -0.331174 
0.376701 -0.310972 
-0.544319 -0.282393 
-0.560482 -0.257982 
-0.624513 -0.0997482 
-0.628123 -0.0765382 
-0.605012 -0.168568 
-0.573455 -0.235947 
-0.612919 -0.145768 
-0.619431 -0.122828 
-0.191444 -0.51075 
-0.0773965 -0.523027 
-0.105759 -0.522151 
-0.162834 -0.516022 
0.458677 -0.238802 
-0.45587 -0.379715 
-0.527521 -0.304895 
-0.330468 -0.462774 
-0.304 -0.474984 
-0.415956 -0.411363 
-0.376581 -0.437506 
-0.435637 -0.396473 
-0.35464 -0.450195 
-0.397006 -0.424516 
-0.630214 -0.0532259 
-0.475941 -0.36145 
0.557526 -0.147959 
-0.585225 -0.213661 
0.47924 -0.220772 
-0.0212531 -0.520422 
0.00642457 -0.516944 
-0.512626 -0.322922 
0.0872632 -0.497869 
0.213095 -0.438494 
0.139006 -0.478085 
0.188794 -0.452974 
0.113371 -0.488667 
0.236966 -0.422881 
0.260532 -0.40619 
0.330158 -0.350918 
0.283833 -0.388564 
0.397121 -0.293118 
0.414662 -0.277684 
0.572165 -0.131611 
0.496824 -0.205359 
0.539147 -0.166619 
0.60731 -0.0824946 
0.59802 -0.0974274 
0.614016 -0.070324 
0.620105 -0.0578711 
0.625529 -0.0451958 
0.637724 -0.00580368 
0.640387 0.00772743 
0.632402 -0.0257524 
-0.595762 -0.191201 
0.585708 -0.114777 
0.516911 -0.187443 
-0.220003 -0.503994 
-0.248431 -0.495746 
-0.0492053 -0.52245 
0.060723 -0.505657 
-0.276632 -0.486002 
-0.134265 -0.519818 
0.0337551 -0.512022 
0.164122 -0.466181 
0.30702 -0.370087 
-0.630735 -0.0298525 
-0.495537 -0.341794 
0.435176 -0.259555 
