ZONE T="boundary0"
-4 -0.428766 
-4 -0.327172 
-4 -0.376377 
-4 0.173144 
-4 0.211026 
-4 0.248908 
-4 0.348426 
-4 0.416322 
-4 1 
-4 0.742109 
-4 -0.212314 
-4 -0.277967 
-4 0.613164 
-4 0.484218 
-4 -0.792967 
-4 -1 
-4 0.105159 
-4 0.0371747 
-4 -0.481156 
-4 -0.585935 
-4 -0.689451 
-4 -0.0547429 
-4 -0.146661 
-4 -0.351774 
-4 0.192085 
-4 0.382374 
-4 0.871055 
-4 -0.24514 
-4 0.548691 
-4 -0.896484 
-4 0.0711671 
-4 0.229967 
-4 0.298667 
-4 0.45027 
-4 -0.637693 
-4 -0.100702 
-4 0.677636 
-4 -0.0087841 
-4 -0.454961 
-4 0.139152 
-4 -0.302569 
-4 -0.179487 
-4 -0.533545 
-4 -0.402571 
-4 -0.741209 
ZONE T="boundary1"
-4 1 
1.37818 1 
1.47321 1 
2.13022 1 
1.94427 1 
-0.28427 1 
-0.322209 1 
-0.586458 1 
-0.734881 1 
-0.24633 1 
-0.172866 1 
-0.402436 1 
1.56824 1 
1.75831 1 
0.352218 1 
0.108188 1 
-1.17156 1 
-1.05497 1 
0.49438 1 
0.565462 1 
-3.36636 1 
-3.72649 1 
2.4024 1 
-3.54642 1 
-2.80618 1 
-3.06038 1 
4 1 
3.78634 1 
2.67457 1 
-0.0994024 1 
-0.494447 1 
0.173554 1 
0.0428226 1 
-0.0282899 1 
-0.847095 1 
-0.951031 1 
-0.899063 1 
-1.28815 1 
0.636543 1 
-1.39859 1 
-1.50903 1 
0.74558 1 
0.854616 1 
1.0738 1 
0.964211 1 
-1.75384 1 
-1.90113 1 
-2.04842 1 
-2.30021 1 
-2.4261 1 
2.9357 1 
3.57269 1 
-2.55199 1 
3.29079 1 
3.19683 1 
0.262886 1 
3.38476 1 
1.22599 1 
1.4257 1 
2.03724 1 
-0.30324 1 
-0.66067 1 
-0.209598 1 
1.66328 1 
1.85129 1 
-1.11326 1 
0.529921 1 
-3.86324 1 
2.26631 1 
-2.93328 1 
3.89317 1 
-3.63646 1 
2.53849 1 
-0.362323 1 
-0.2653 1 
-0.136134 1 
-0.448442 1 
0.0755054 1 
0.140871 1 
-0.0638461 1 
-0.790988 1 
-0.925047 1 
-1.22985 1 
0.423299 1 
-1.45381 1 
0.800098 1 
1.01901 1 
-3.45639 1 
-3.21337 1 
-1.63144 1 
-1.82749 1 
-2.17431 1 
2.80514 1 
3.67952 1 
-2.67909 1 
3.24381 1 
3.06627 1 
-1.97477 1 
0.00726635 1 
-0.873079 1 
-1.003 1 
-0.540453 1 
0.307552 1 
0.21822 1 
0.691062 1 
0.601003 1 
3.33778 1 
3.47872 1 
-1.34337 1 
0.909413 1 
1.52073 1 
1.30209 1 
1.1499 1 
-2.36315 1 
-2.48905 1 
ZONE T="boundary2"
4 -0.419678 
4 -0.353638 
4 -0.485718 
4 -0.289529 
4 0.400171 
4 0.490959 
4 -0.225419 
4 0.081747 
4 0.0146413 
4 0.148853 
4 -0.0562523 
4 -0.579526 
4 -0.673333 
4 -1 
4 -0.836667 
4 1 
4 -0.176282 
4 -0.127146 
4 0.187832 
4 0.226811 
4 0.309382 
4 0.268097 
4 0.74548 
4 -0.386658 
4 -0.452698 
4 -0.321583 
4 0.445565 
4 0.0481941 
4 0.1153 
4 -0.0208055 
4 -0.626429 
4 -0.918333 
4 -0.257474 
4 -0.151714 
4 -0.0916991 
4 0.207321 
4 0.288739 
4 0.354776 
4 -0.532622 
4 0.618219 
4 -0.755 
4 0.87274 
4 0.247454 
4 0.168342 
4 -0.200851 
ZONE T="boundary3"
3.45033 -1 
3.72516 -1 
-0.37759 -1 
0.470469 -1 
-0.300252 -1 
0.949853 -1 
0.544519 -1 
0.613077 -1 
-0.648383 -1 
-0.53986 -1 
-0.950043 -1 
1.30307 -1 
-1.47872 -1 
-1.37278 -1 
-1.74291 -1 
-1.90117 -1 
4 -1 
2.78525 -1 
2.52304 -1 
1.81651 -1 
2.26084 -1 
-1.58465 -1 
-2.46442 -1 
-4 -1 
-3.48719 -1 
-0.222913 -1 
-0.00684079 -1 
-0.096413 -1 
-0.458725 -1 
-0.159663 -1 
0.396418 -1 
0.207776 -1 
0.302097 -1 
0.0827314 -1 
0.681634 -1 
0.145254 -1 
0.819391 -1 
0.862878 -1 
0.993341 -1 
1.04544 -1 
1.09755 -1 
1.20175 -1 
1.40438 -1 
1.61044 -1 
-0.756906 -1 
-1.05023 -1 
-0.853474 -1 
-1.15043 -1 
-1.2616 -1 
-3.0276 -1 
-3.25739 -1 
-3.74359 -1 
-2.08375 -1 
-2.84506 -1 
-2.66252 -1 
-2.26632 -1 
3.04575 -1 
3.24804 -1 
0.906366 -1 
0.0379453 -1 
2.9155 -1 
3.58775 -1 
-0.338921 -1 
0.578798 -1 
-0.594121 -1 
-1.42575 -1 
-1.82204 -1 
3.86258 -1 
2.65415 -1 
2.03867 -1 
-1.66378 -1 
0.507494 -1 
-0.261582 -1 
-0.0516269 -1 
-0.499292 -1 
-0.128038 -1 
0.254937 -1 
0.647355 -1 
0.113993 -1 
0.750512 -1 
0.971597 -1 
1.0715 -1 
1.14965 -1 
1.35372 -1 
1.50741 -1 
1.25241 -1 
0.349258 -1 
-0.702644 -1 
-0.901758 -1 
-1.00014 -1 
-1.10033 -1 
-1.31719 -1 
1.71347 -1 
-1.53168 -1 
2.39194 -1 
-3.37229 -1 
-3.1425 -1 
-3.61539 -1 
-3.8718 -1 
-1.99246 -1 
-2.93633 -1 
-2.56347 -1 
-2.36537 -1 
3.1469 -1 
-2.17503 -1 
-0.418158 -1 
0.176515 -1 
0.433443 -1 
-0.191288 -1 
0.884622 -1 
0.841135 -1 
1.01939 -1 
0.0155523 -1 
0.0603383 -1 
0.92811 -1 
-1.20601 -1 
-0.80519 -1 
2.98063 -1 
2.85037 -1 
3.34918 -1 
-2.75379 -1 
ZONE T="boundary4"
0.563272 0.0237443 
0.560704 -0.0123101 
-0.634764 0.0297483 
-0.632234 0.0121163 
0.520414 0.206536 
0.511986 0.219745 
0.502991 0.232377 
-0.376693 0.343482 
0.535293 0.178673 
0.528158 0.192911 
0.562216 0.0778937 
0.563396 0.0597891 
0.552881 0.13062 
0.547781 0.147495 
-0.56554 0.299479 
-0.636562 0.130573 
-0.636669 0.0474493 
-0.637923 0.0651393 
-0.638511 0.0828182 
-0.403631 0.347946 
-0.638412 0.100428 
0.493363 0.244518 
-0.598989 0.255839 
-0.60834 0.237884 
-0.616785 0.217893 
-0.552214 0.311317 
-0.577774 0.286275 
-0.479948 0.345688 
-0.49314 0.342298 
-0.589018 0.271587 
-0.332699 0.333021 
-0.535556 0.323165 
-0.520921 0.331361 
0.358207 0.333233 
0.373461 0.327924 
-0.634175 0.14988 
-0.630837 0.168803 
-0.507071 0.337505 
-0.182586 0.303664 
-0.204202 0.305548 
-0.264598 0.315753 
-0.245698 0.311838 
-0.0917234 0.305997 
-0.0683562 0.30889 
-0.0196551 0.316955 
0.00648051 0.322009 
-0.114526 0.303976 
0.460145 0.277932 
-0.466812 0.348056 
-0.454169 0.349467 
-0.441678 0.350093 
-0.42895 0.350011 
-0.416391 0.349281 
-0.390598 0.346037 
-0.348004 0.336947 
-0.362327 0.340384 
0.483344 0.255857 
-0.623861 0.19683 
-0.283424 0.320173 
0.560075 0.0958929 
0.541665 0.164053 
0.563707 0.0417958 
0.562224 0.00573095 
0.0326316 0.327268 
0.055697 0.331889 
0.312604 0.344749 
0.388465 0.321875 
0.472757 0.266589 
0.446832 0.28846 
0.418553 0.306878 
0.432969 0.298092 
0.0788951 0.336359 
0.101134 0.340346 
0.123565 0.343952 
0.342966 0.337767 
0.180108 0.350505 
0.297515 0.3473 
0.556988 0.113358 
0.403713 0.314791 
-0.224932 0.308266 
-0.0439207 0.312651 
-0.137299 0.302862 
-0.300435 0.324494 
0.151662 0.347719 
0.208541 0.352078 
0.237429 0.352264 
0.327591 0.341626 
-0.317411 0.328974 
-0.159807 0.302738 
0.266989 0.350796 
-0.633576 0.0209233 
0.516284 0.213195 
0.507568 0.226119 
0.562921 0.0688507 
0.550458 0.139097 
-0.637759 0.115527 
0.498256 0.238511 
-0.603848 0.246962 
-0.612757 0.227975 
-0.559023 0.305562 
-0.571813 0.293024 
-0.48658 0.344116 
-0.528341 0.32744 
-0.59417 0.263823 
0.365865 0.330669 
-0.632631 0.159368 
-0.193398 0.304483 
-0.50016 0.340047 
-0.255158 0.313724 
-0.080026 0.30735 
-0.00658333 0.319443 
-0.103112 0.304881 
-0.473405 0.346987 
-0.447933 0.349871 
-0.460506 0.348862 
-0.435319 0.350139 
-0.410008 0.348683 
-0.39711 0.347055 
-0.383639 0.344819 
-0.422671 0.349722 
-0.355161 0.338701 
0.48843 0.250255 
-0.514066 0.334584 
-0.62765 0.182902 
-0.635489 0.140246 
0.53182 0.18584 
-0.27402 0.317908 
-0.54406 0.317484 
-0.638549 0.0916266 
0.56127 0.0869097 
0.544848 0.155821 
0.563576 0.03277 
0.0441568 0.32959 
-0.637378 0.0562911 
0.478126 0.261297 
0.466542 0.27236 
0.453572 0.2833 
0.425826 0.30259 
0.112336 0.342206 
0.350612 0.335585 
0.381 0.324992 
0.524374 0.199774 
0.563652 0.0507962 
0.558657 0.104649 
-0.635796 0.0385927 
0.555063 0.122021 
0.396137 0.318435 
0.561513 -0.00329074 
-0.638302 0.0739788 
0.562816 0.0147348 
0.538578 0.171406 
0.439975 0.293381 
0.411189 0.310939 
-0.235325 0.309952 
-0.125901 0.3033 
0.0672865 0.334154 
0.0900023 0.338394 
-0.291934 0.322304 
-0.620514 0.207431 
0.0195563 0.324628 
0.137591 0.345947 
0.165865 0.349251 
-0.0561279 0.310689 
-0.031779 0.314745 
0.194309 0.351452 
0.222978 0.35236 
0.320111 0.34326 
-0.583563 0.279063 
-0.214574 0.306798 
-0.369504 0.341983 
-0.325054 0.331004 
-0.340347 0.335007 
-0.171195 0.303066 
-0.148545 0.302674 
0.335299 0.339778 
0.305072 0.346094 
0.282278 0.349312 
0.252215 0.351752 
-0.308926 0.326723 
ZONE T="boundary5"
0.324248 -0.562522 
0.556877 -0.0485728 
0.560704 -0.0123101 
0.551039 -0.112558 
0.553102 -0.0850505 
-0.605603 -0.0893354 
-0.548399 -0.206951 
-0.537338 -0.2246 
-0.632234 0.0121163 
0.491373 -0.476581 
0.479647 -0.487552 
-0.569261 -0.170421 
-0.625448 -0.0225364 
-0.621235 -0.0395707 
-0.611294 -0.0729708 
0.534556 -0.418089 
0.521072 -0.440764 
-0.559096 -0.188827 
-0.251392 -0.479317 
-0.230316 -0.489646 
-0.270692 -0.469187 
-0.307277 -0.448077 
-0.289697 -0.458545 
-0.324565 -0.43716 
-0.341067 -0.426127 
-0.136395 -0.527455 
-0.161983 -0.518386 
-0.0553879 -0.550829 
-0.185608 -0.509224 
-0.208945 -0.499386 
-0.50236 -0.274448 
-0.449831 -0.334892 
-0.463779 -0.320212 
-0.490057 -0.289973 
-0.525825 -0.24197 
0.424938 -0.52532 
0.409529 -0.533148 
-0.51433 -0.258368 
-0.389079 -0.390227 
-0.404828 -0.377065 
-0.373342 -0.402661 
-0.435223 -0.349394 
-0.420189 -0.363476 
0.359284 -0.552875 
0.393726 -0.540229 
0.467457 -0.497655 
0.55813 -0.343845 
0.540391 -0.405966 
0.550398 -0.167673 
0.550072 -0.140166 
0.555915 -0.356805 
-0.477275 -0.305139 
0.11714 -0.576904 
0.0883708 -0.574692 
0.0596612 -0.571628 
-0.0268288 -0.557288 
0.0307254 -0.567687 
0.00190636 -0.56291 
0.174815 -0.578631 
0.145977 -0.578233 
0.204037 -0.578024 
0.233174 -0.576323 
0.262397 -0.573405 
0.440095 -0.516593 
0.454669 -0.507079 
0.502368 -0.464905 
0.512111 -0.453134 
0.545522 -0.393443 
0.560665 -0.289058 
0.560633 -0.316906 
0.553031 -0.369528 
0.558632 -0.260135 
0.555144 -0.227737 
-0.578768 -0.15191 
-0.357265 -0.414676 
0.292976 -0.568896 
-0.592934 -0.121243 
-0.0830783 -0.543705 
-0.110539 -0.535767 
0.551983 -0.19505 
0.551954 -0.0987941 
-0.542925 -0.215811 
0.485595 -0.482157 
-0.629131 -0.00525895 
-0.616523 -0.0563417 
-0.62341 -0.0310689 
0.528141 -0.429623 
-0.608509 -0.081173 
-0.564247 -0.179661 
-0.261077 -0.474316 
-0.298521 -0.453368 
-0.280231 -0.463931 
-0.332852 -0.431697 
-0.240892 -0.484556 
-0.173829 -0.51389 
-0.197313 -0.50439 
-0.456859 -0.327603 
-0.496268 -0.282257 
-0.531637 -0.233321 
0.417283 -0.52933 
-0.508406 -0.266452 
-0.397 -0.383701 
-0.442581 -0.342196 
0.376652 -0.546937 
-0.412557 -0.370325 
0.473626 -0.492692 
0.537564 -0.412071 
0.558864 -0.0304398 
-0.553811 -0.197925 
0.55007 -0.153925 
-0.470584 -0.312725 
0.102748 -0.575906 
0.0740053 -0.573265 
0.0162989 -0.565403 
-0.041132 -0.554164 
0.160395 -0.578552 
0.18943 -0.578459 
0.247803 -0.575022 
0.447451 -0.51194 
0.40167 -0.536781 
0.432577 -0.521059 
0.507333 -0.459097 
0.496965 -0.470831 
0.554901 -0.0667969 
0.54305 -0.399744 
0.560938 -0.302991 
0.549601 -0.381592 
0.559857 -0.27459 
0.554559 -0.363187 
0.556942 -0.24394 
0.559713 -0.330413 
0.557107 -0.350341 
0.341863 -0.558034 
0.461129 -0.502455 
-0.315958 -0.442675 
-0.520134 -0.250207 
-0.574086 -0.161201 
-0.349204 -0.420454 
-0.381253 -0.396497 
0.308662 -0.565939 
-0.483723 -0.297603 
-0.586055 -0.136667 
-0.365344 -0.408722 
-0.427757 -0.356489 
-0.599496 -0.105375 
-0.219665 -0.49459 
-0.149224 -0.523016 
-0.0692594 -0.547368 
-0.0968387 -0.539839 
0.131554 -0.577681 
0.277718 -0.571344 
0.550401 -0.126355 
-0.0124817 -0.560203 
-0.123498 -0.531705 
0.0451794 -0.569763 
0.218616 -0.577316 
0.551044 -0.181374 
0.553437 -0.211414 
0.516692 -0.447022 
