ZONE T="boundary0"
-4 -0.704031 
-4 0.100016 
-4 0.159345 
-4 0.333457 
-4 0.578901 
-4 0.206229 
-4 -0.0313207 
-4 -0.216705 
-4 -0.177871 
-4 -0.104596 
-4 0.440723 
-4 0.0343479 
-4 0.789451 
-4 -0.294375 
-4 -0.40043 
-4 -0.467649 
-4 -0.25554 
-4 0.253114 
-4 0.293286 
-4 0.509812 
-4 -1 
-4 1 
-4 0.38709 
-4 -0.33321 
-4 0.129681 
-4 0.182787 
-4 -0.0679581 
-4 0.0671821 
-4 0.684176 
-4 0.0015136 
-4 -0.434039 
-4 -0.274958 
-4 -0.197288 
-4 0.2732 
-4 0.475268 
-4 -0.58584 
-4 -0.852015 
-4 0.894725 
-4 -0.236123 
-4 0.313372 
-4 0.360274 
-4 0.413907 
-4 -0.141233 
-4 0.229672 
-4 -0.313793 
-4 -0.36682 
-4 0.544357 
ZONE T="boundary1"
0.0434301 1 
-0.801879 1 
3.76449 1 
0.641543 1 
4 1 
-3.50572 1 
3.29347 1 
3.52898 1 
-1.88028 1 
-1.7185 1 
0.758822 1 
-2.60305 1 
-2.26 1 
-2.80889 1 
-3.01473 1 
2.2955 1 
2.1104 1 
2.4806 1 
1.45591 1 
2.76928 1 
3.05795 1 
-0.0572643 1 
0.277123 1 
0.227077 1 
0.126986 1 
-0.157959 1 
-0.238832 1 
-0.319704 1 
-0.372843 1 
-0.425982 1 
-0.107612 1 
-0.522109 1 
-0.90244 1 
-0.710057 1 
0.327169 1 
-0.618236 1 
-1.12069 1 
-1.01156 1 
0.524265 1 
0.425717 1 
0.882278 1 
-1.33749 1 
-1.22909 1 
-3.75286 1 
-1.55672 1 
-3.26023 1 
1.11974 1 
1.00573 1 
1.34483 1 
1.23375 1 
1.60171 1 
-2.07014 1 
-4 1 
-3.13748 1 
1.92896 1 
1.74751 1 
3.88224 1 
3.41122 1 
-1.79939 1 
-2.43153 1 
-2.91181 1 
2.20295 1 
3.17571 1 
-0.00691712 1 
0.2521 1 
0.177032 1 
0.0852081 1 
-0.198395 1 
-0.279268 1 
-0.399413 1 
-0.852159 1 
-0.755968 1 
0.302146 1 
-0.570172 1 
-1.06613 1 
0.582904 1 
0.376443 1 
0.474991 1 
0.82055 1 
-0.664147 1 
-1.28329 1 
-0.957002 1 
-1.4471 1 
3.64673 1 
-3.38297 1 
1.06274 1 
1.28929 1 
1.17675 1 
1.52881 1 
-1.97521 1 
2.38805 1 
2.91362 1 
2.62494 1 
-3.62929 1 
-3.19885 1 
-2.16507 1 
1.83824 1 
2.01968 1 
-3.0761 1 
-3.87643 1 
-2.70597 1 
-0.474046 1 
-0.0824379 1 
-0.346274 1 
-0.132785 1 
-1.17489 1 
0.700182 1 
0.944006 1 
1.40037 1 
1.67461 1 
-1.63761 1 
ZONE T="boundary2"
4 -1 
4 -0.451226 
4 -0.393387 
4 -0.232784 
4 -0.284166 
4 -0.200682 
4 -0.168579 
4 0.203258 
4 0.287244 
4 0.370672 
4 0.147085 
4 0.644663 
4 1 
4 -0.55629 
4 -0.11844 
4 -0.0683003 
4 -0.335548 
4 0.245251 
4 0.0909126 
4 -0.661355 
4 0.0113062 
4 0.526217 
4 -0.830677 
4 0.763108 
4 0.448444 
4 -0.422307 
4 -0.258475 
4 -0.184631 
4 -0.216733 
4 0.328958 
4 0.175172 
4 -0.503758 
4 -0.09337 
4 -0.364468 
4 0.224254 
4 0.118999 
4 -0.608823 
4 0.58544 
4 -0.915339 
4 -0.746016 
4 0.881554 
4 -0.14351 
4 0.266248 
4 -0.309857 
4 -0.0284971 
4 0.409558 
4 0.487331 
4 0.0511094 
4 0.703885 
ZONE T="boundary3"
-1.75861 -1 
-1.62554 -1 
-1.89169 -1 
-2.10586 -1 
4 -1 
3.70755 -1 
2.48482 -1 
-1.3875 -1 
-1.31504 -1 
-1.45996 -1 
-0.636547 -1 
-0.518065 -1 
-0.873672 -1 
0.970088 -1 
-0.163146 -1 
-0.0466157 -1 
-2.81637 -1 
1.15622 -1 
1.63716 -1 
2.00387 -1 
3.18869 -1 
1.87319 -1 
-2.32004 -1 
-3.48981 -1 
3.4151 -1 
0.543225 -1 
0.206193 -1 
0.268749 -1 
0.143636 -1 
0.0800964 -1 
0.468543 -1 
0.0165564 -1 
-0.109788 -1 
-0.216505 -1 
-0.308044 -1 
-0.399583 -1 
0.699245 -1 
0.819165 -1 
-0.75511 -1 
-1.11085 -1 
-0.992259 -1 
-1.21294 -1 
-4 -1 
-3.66779 -1 
1.06315 -1 
1.27589 -1 
1.39557 -1 
2.72355 -1 
-3.0641 -1 
-3.31184 -1 
-2.56821 -1 
2.13455 -1 
2.96227 -1 
0.331306 -1 
0.393862 -1 
2.84291 -1 
2.30968 -1 
-1.69207 -1 
-1.99878 -1 
3.85378 -1 
-1.35127 -1 
-1.54275 -1 
-0.577306 -1 
-2.21295 -1 
3.56133 -1 
0.237471 -1 
0.111866 -1 
0.505884 -1 
-0.136467 -1 
-0.189825 -1 
-0.262274 -1 
-0.0150297 -1 
0.759205 -1 
0.621235 -1 
0.894627 -1 
-1.05155 -1 
-0.932966 -1 
-1.16189 -1 
-0.695828 -1 
-1.42373 -1 
-3.83389 -1 
-0.814391 -1 
1.01662 -1 
1.10968 -1 
1.21606 -1 
1.33573 -1 
1.51636 -1 
-1.82515 -1 
2.60418 -1 
-3.18797 -1 
-2.94024 -1 
-2.69229 -1 
-3.40082 -1 
-3.5788 -1 
2.06921 -1 
3.07548 -1 
3.30189 -1 
1.93853 -1 
1.75517 -1 
-2.44412 -1 
-0.0782018 -1 
0.0483264 -1 
0.362584 -1 
0.300027 -1 
-0.353814 -1 
-0.458824 -1 
0.431203 -1 
0.174915 -1 
2.78323 -1 
2.39725 -1 
2.22211 -1 
-1.26399 -1 
2.90259 -1 
ZONE T="boundary4"
-0.239342 0.416771 
-0.217111 0.412284 
-0.193393 0.40685 
-0.302946 0.424731 
0.244402 0.340068 
0.266875 0.337925 
-0.62693 0.0217204 
-0.629009 0.0415108 
-0.584583 0.264834 
-0.570326 0.28942 
-0.503999 0.363938 
-0.490572 0.374066 
-0.551231 0.316247 
-0.342054 0.424777 
-0.360585 0.423213 
-0.168593 0.400696 
-0.282212 0.423082 
-0.261449 0.420466 
-0.322524 0.42529 
-0.629641 0.10173 
-0.627914 0.121813 
-0.630173 0.0614832 
-0.625203 0.141792 
-0.619415 0.170967 
-0.615942 0.184597 
-0.5992 0.233547 
-0.605753 0.216668 
-0.591937 0.250027 
0.57998 0.187936 
-0.396488 0.416862 
-0.37899 0.420532 
-0.14376 0.3943 
-0.116946 0.387397 
-0.540456 0.329119 
-0.528968 0.341409 
-0.516892 0.352958 
-0.461617 0.392009 
0.428073 0.301876 
-0.476326 0.383514 
-0.446332 0.399607 
-0.430208 0.40638 
-0.0900504 0.38072 
0.45359 0.290684 
-0.413778 0.412078 
0.595238 0.166022 
0.563222 0.208213 
0.478105 0.2777 
-0.630391 0.0815748 
0.524045 0.245789 
0.636264 -0.015846 
0.221413 0.341909 
0.40206 0.311259 
0.375493 0.319076 
0.28932 0.335333 
0.348683 0.325447 
0.544156 0.227929 
0.440919 0.296511 
0.0267834 0.358207 
0.0567677 0.354436 
0.086583 0.351395 
-0.0029816 0.362754 
0.174733 0.345027 
0.150988 0.34653 
0.198388 0.343512 
0.11888 0.348737 
0.571776 0.19827 
0.618779 0.12026 
0.607994 0.143787 
0.637998 0.00681389 
0.636264 0.0520528 
0.319052 0.331013 
0.638033 0.0294569 
0.627131 0.0963152 
-0.0614452 0.374109 
-0.0328181 0.368156 
0.632656 0.074273 
0.501883 0.262574 
-0.205244 0.409635 
0.25564 0.339046 
-0.628084 0.0316055 
-0.577709 0.277283 
-0.49736 0.369103 
-0.561115 0.303086 
-0.351337 0.42413 
-0.180989 0.403817 
-0.271826 0.421886 
-0.31274 0.425138 
-0.6289 0.111785 
-0.629708 0.0514923 
-0.626681 0.131822 
-0.617737 0.177799 
-0.602569 0.225146 
-0.588343 0.257474 
-0.595662 0.241831 
-0.611172 0.200746 
-0.387772 0.418832 
-0.130355 0.390833 
-0.52301 0.34727 
-0.534796 0.335345 
-0.469038 0.387876 
-0.454034 0.395928 
-0.510525 0.358543 
-0.438326 0.403123 
-0.103504 0.384016 
-0.405175 0.414608 
-0.156176 0.397512 
-0.42204 0.409359 
-0.369814 0.422014 
0.587845 0.177143 
0.465968 0.284428 
-0.250388 0.418724 
-0.545928 0.322758 
-0.622573 0.156439 
-0.630138 0.0916596 
-0.292579 0.424035 
0.232909 0.341026 
-0.630402 0.07153 
0.278102 0.336692 
0.362121 0.322428 
0.534265 0.237051 
0.434518 0.299249 
0.44728 0.293655 
0.388826 0.315357 
0.415135 0.306776 
0.041777 0.356225 
0.0716769 0.352835 
0.162861 0.345773 
-0.22822 0.414612 
0.209901 0.342734 
0.102736 0.349996 
0.134939 0.347594 
0.553877 0.218258 
0.57593 0.193144 
0.613663 0.132148 
-0.483521 0.3789 
0.567547 0.203283 
0.637335 -0.00453116 
0.186561 0.344279 
0.304199 0.333312 
0.637379 0.0407723 
0.623238 0.108384 
0.333892 0.3284 
-0.0757557 0.377342 
-0.0471388 0.371043 
-0.0179047 0.36535 
0.0118988 0.360377 
-0.332301 0.425173 
0.630129 0.0853515 
0.634692 0.0631996 
0.638235 0.0181348 
0.601862 0.155044 
0.490146 0.270383 
0.513129 0.254408 
ZONE T="boundary5"
-0.246454 -0.440265 
-0.225882 -0.449425 
0.576815 -0.208913 
-0.563451 -0.160049 
-0.553692 -0.17623 
-0.62693 0.0217204 
0.529658 -0.313734 
-0.623971 0.00216983 
-0.572672 -0.143559 
0.460885 -0.402179 
-0.597145 -0.0913672 
-0.620163 -0.0171325 
-0.615546 -0.0361417 
-0.610151 -0.0548497 
-0.604008 -0.0732602 
-0.266765 -0.430554 
-0.339511 -0.389717 
-0.285826 -0.420806 
-0.322201 -0.400364 
-0.304616 -0.41056 
-0.402274 -0.345307 
-0.0837783 -0.496327 
-0.134646 -0.482611 
-0.158396 -0.475075 
-0.204022 -0.458449 
-0.181916 -0.466867 
-0.109315 -0.489846 
-0.417124 -0.333248 
-0.507894 -0.240584 
-0.44524 -0.308412 
-0.581436 -0.126531 
-0.475671 -0.277961 
-0.543544 -0.191935 
-0.522994 -0.221025 
-0.387166 -0.356916 
-0.371756 -0.368124 
-0.431632 -0.320782 
0.561855 -0.246363 
-0.492125 -0.259597 
0.607594 -0.128533 
0.492282 -0.368366 
-0.45849 -0.295663 
0.5541 -0.26468 
0.207675 -0.514024 
0.0602832 -0.518283 
0.0296179 -0.515666 
-0.0564877 -0.502375 
-0.0290256 -0.507563 
0.000235732 -0.512112 
0.12138 -0.520062 
0.0909931 -0.519762 
0.232819 -0.510115 
0.179777 -0.517165 
0.151712 -0.519151 
-0.355773 -0.379127 
0.25772 -0.505148 
-0.589575 -0.109203 
0.304127 -0.492604 
0.281093 -0.4994 
0.326611 -0.484768 
0.348884 -0.475696 
0.636264 -0.015846 
0.371135 -0.465161 
0.39337 -0.452949 
0.482185 -0.380195 
0.438404 -0.421825 
0.502165 -0.355741 
0.520881 -0.328415 
0.511544 -0.342662 
0.41633 -0.438278 
0.546454 -0.28146 
0.599325 -0.150931 
0.622321 -0.0835141 
0.538268 -0.297936 
0.569305 -0.227906 
0.584269 -0.189915 
0.591858 -0.170429 
0.615361 -0.106007 
0.628241 -0.0610757 
0.632969 -0.0384333 
-0.236199 -0.444914 
-0.558636 -0.168178 
-0.625561 0.0119301 
-0.622174 -0.00750087 
-0.607174 -0.0640853 
-0.612947 -0.0455228 
-0.256643 -0.435478 
-0.276328 -0.425743 
-0.313441 -0.405518 
-0.295256 -0.415746 
-0.146547 -0.478927 
-0.214984 -0.454013 
-0.192998 -0.462734 
-0.40974 -0.339328 
-0.57713 -0.135084 
-0.548677 -0.18412 
-0.330891 -0.395097 
-0.533458 -0.206613 
-0.394759 -0.351162 
-0.379497 -0.36257 
-0.600667 -0.0823469 
-0.438479 -0.314644 
-0.424422 -0.327066 
-0.483989 -0.26886 
-0.0965703 -0.493181 
-0.122007 -0.486323 
-0.451911 -0.302085 
-0.467169 -0.286897 
-0.617957 -0.0266607 
0.0449405 -0.517114 
-0.0144132 -0.50996 
-0.0701563 -0.499458 
0.106188 -0.52006 
0.220269 -0.512199 
0.165757 -0.518299 
-0.3638 -0.373677 
0.193746 -0.515743 
0.245299 -0.507768 
-0.585586 -0.117904 
0.292652 -0.496138 
0.337809 -0.48038 
0.382348 -0.459229 
0.471762 -0.391414 
0.49729 -0.362108 
0.516287 -0.33559 
0.487295 -0.374335 
-0.568131 -0.151843 
0.603507 -0.139747 
0.525342 -0.32112 
0.542434 -0.289738 
0.558029 -0.255546 
0.565606 -0.237145 
0.55034 -0.273101 
0.588073 -0.180174 
0.57307 -0.218413 
-0.347676 -0.384473 
0.595611 -0.160685 
0.611553 -0.117294 
-0.593446 -0.100321 
-0.500096 -0.250162 
0.630766 -0.0497867 
0.6348 -0.0271654 
0.618946 -0.0947907 
0.506921 -0.349252 
0.580547 -0.199415 
0.360086 -0.470588 
0.53404 -0.30588 
-0.170185 -0.471055 
0.269441 -0.502403 
0.315419 -0.488826 
0.404978 -0.445816 
0.625413 -0.0723279 
-0.515526 -0.230868 
0.0756333 -0.519167 
-0.0427764 -0.505077 
0.427517 -0.430256 
0.014913 -0.514015 
0.449842 -0.412234 
0.136553 -0.519762 
