ZONE T="boundary0"
-4 -1 
-4 -0.548408 
-4 -0.162287 
-4 -0.209839 
-4 -0.272189 
-4 -0.33454 
-4 -0.0443504 
-4 0.0260353 
-4 0.168963 
-4 0.236443 
-4 0.303923 
-4 0.371303 
-4 0.542208 
-4 0.456756 
-4 0.0974992 
-4 -0.114736 
-4 0.771104 
-4 -0.395389 
-4 -0.456237 
-4 -0.640578 
-4 -0.820289 
-4 0.656656 
-4 0.885552 
-4 1 
-4 -0.186063 
-4 -0.303365 
-4 -0.241014 
-4 -0.00915756 
-4 0.202703 
-4 0.270183 
-4 0.41403 
-4 -0.0795432 
-4 -0.425813 
-4 0.337613 
-4 0.0617672 
-4 -0.138512 
-4 -0.594493 
-4 -0.730433 
-4 -0.502323 
-4 -0.910144 
-4 0.599432 
-4 0.71388 
-4 0.942776 
-4 -0.364964 
-4 0.133231 
-4 0.499482 
-4 0.828328 
ZONE T="boundary1"
0.321344 1 
0.256763 1 
-3.54642 1 
-3.25434 1 
3.83429 1 
3.66858 1 
1.29547 1 
3.33717 1 
0.673333 1 
0.429489 1 
0.375416 1 
0.569878 1 
-0.111369 1 
-0.365808 1 
3.10735 1 
1.07287 1 
1.14707 1 
-1.63492 1 
-1.29682 1 
-2.4053 1 
1.98991 1 
1.61282 1 
2.87753 1 
2.65976 1 
-3.75 1 
-2.76575 1 
-2.96226 1 
-2.24136 1 
2.21595 1 
4 1 
0.192182 1 
0.0511396 1 
0.121661 1 
-0.216102 1 
-0.163736 1 
0.499683 1 
0.725061 1 
-0.0301148 1 
-0.515514 1 
-0.639451 1 
0.776788 1 
-0.763389 1 
0.998674 1 
0.83226 1 
0.887731 1 
-0.992481 1 
-0.877935 1 
-1.0883 1 
1.45414 1 
-3.875 1 
-4 1 
-1.40952 1 
-1.18412 1 
-1.8609 1 
2.44199 1 
-2.05113 1 
-2.56924 1 
0.289053 1 
-3.40038 1 
3.75144 1 
0.402452 1 
0.621605 1 
0.34838 1 
3.22226 1 
1.10997 1 
1.80137 1 
2.99244 1 
2.76865 1 
-3.64821 1 
-2.86401 1 
-3.1083 1 
3.50288 1 
3.91715 1 
0.224473 1 
0.0864002 1 
-0.189919 1 
0.53478 1 
0.464586 1 
0.699197 1 
-0.070742 1 
-0.137552 1 
-0.290955 1 
0.0105124 1 
-0.577483 1 
-0.440661 1 
-0.70142 1 
0.804524 1 
0.943203 1 
-0.935208 1 
-1.04039 1 
1.03577 1 
-0.820662 1 
1.22127 1 
1.53348 1 
-3.9375 1 
-1.35317 1 
-1.24047 1 
-1.52222 1 
-1.74791 1 
2.55088 1 
2.10293 1 
-1.95602 1 
-2.48727 1 
-2.32333 1 
0.156921 1 
0.859995 1 
0.750925 1 
1.37481 1 
-1.13621 1 
-2.66749 1 
-3.8125 1 
2.32897 1 
-2.14624 1 
ZONE T="boundary2"
4 -0.842322 
4 -0.684644 
4 -0.499602 
4 -0.432044 
4 -0.364487 
4 -0.279936 
4 -0.322211 
4 -0.20401 
4 -0.128085 
4 -0.0781168 
4 -0.0281485 
4 0.0468392 
4 0.121827 
4 0.228702 
4 0.175265 
4 0.425665 
4 0.510633 
4 0.843033 
4 1 
4 -0.592123 
4 0.256701 
4 0.686067 
4 -1 
4 0.284699 
4 0.340697 
4 -0.763483 
4 -0.465823 
4 -0.398266 
4 -0.301073 
4 -0.241973 
4 -0.166048 
4 -0.0531326 
4 0.0843331 
4 0.148546 
4 0.468149 
4 0.921517 
4 -0.103101 
4 -0.343349 
4 -0.545863 
4 0.00934537 
4 0.59835 
4 -0.638384 
4 -0.921161 
4 0.76455 
4 0.201984 
4 0.2707 
4 0.242702 
4 0.312698 
4 0.383181 
ZONE T="boundary3"
-4 -1 
-3.72152 -1 
-0.716024 -1 
-1.64829 -1 
0.106766 -1 
0.169113 -1 
-0.0334382 -1 
0.0366641 -1 
-1.50935 -1 
-1.37041 -1 
0.595384 -1 
0.648954 -1 
-0.308621 -1 
-0.235412 -1 
-0.391469 -1 
-0.0978205 -1 
3.69854 -1 
1.0962 -1 
1.41435 -1 
1.74715 -1 
-1.06189 -1 
-0.973443 -1 
-1.92612 -1 
1.55323 -1 
-3.44304 -1 
-1.15034 -1 
-2.17731 -1 
2.38155 -1 
2.16131 -1 
2.61853 -1 
2.85551 -1 
-2.83263 -1 
0.528709 -1 
0.396382 -1 
0.462033 -1 
0.23146 -1 
0.330731 -1 
0.281096 -1 
0.764675 -1 
0.894902 -1 
-0.474317 -1 
-0.162203 -1 
0.702525 -1 
0.96298 -1 
0.826825 -1 
1.27547 -1 
-0.537168 -1 
-0.600018 -1 
-3.58228 -1 
-0.883402 -1 
-1.26037 -1 
1.94106 -1 
3.84927 -1 
4 -1 
-2.96734 -1 
-3.20519 -1 
3.12946 -1 
-2.69792 -1 
-2.4285 -1 
3.55097 -1 
-0.793361 -1 
3.40341 -1 
3.26643 -1 
-3.86076 -1 
0.13794 -1 
0.00161294 -1 
-1.43988 -1 
0.622169 -1 
-0.272016 -1 
-0.0656294 -1 
-1.01767 -1 
-1.57882 -1 
-2.05172 -1 
2.27143 -1 
2.73702 -1 
0.429208 -1 
0.200287 -1 
0.305913 -1 
0.363557 -1 
0.256278 -1 
-0.432893 -1 
-0.198807 -1 
0.67574 -1 
0.0717152 -1 
0.562046 -1 
-0.130012 -1 
0.495371 -1 
0.860863 -1 
0.79575 -1 
-0.350045 -1 
1.18583 -1 
1.02959 -1 
-0.658021 -1 
1.48379 -1 
-3.51266 -1 
1.34491 -1 
-1.10611 -1 
-0.928423 -1 
1.65019 -1 
-1.31539 -1 
-1.20535 -1 
1.84411 -1 
3.92464 -1 
-3.08626 -1 
2.99248 -1 
-3.6519 -1 
-2.76527 -1 
-2.89998 -1 
3.77391 -1 
-2.56321 -1 
3.62476 -1 
0.7336 -1 
0.928941 -1 
-0.568593 -1 
-0.505742 -1 
-0.754693 -1 
-0.838382 -1 
3.47719 -1 
-2.3029 -1 
3.19795 -1 
3.33492 -1 
-3.32412 -1 
2.05118 -1 
2.50004 -1 
-1.78721 -1 
ZONE T="boundary4"
-0.195795 0.431986 
0.50656 0.284238 
-0.545597 -0.01791 
-0.538318 0.0129119 
-0.0661668 0.497015 
-0.044671 0.505413 
0.48738 0.448782 
0.514701 0.306555 
0.508349 0.411213 
0.390718 0.52439 
-0.333431 0.329585 
-0.31644 0.344644 
-0.449592 0.196651 
-0.350436 0.313629 
-0.0214954 0.513759 
0.00193402 0.52146 
-0.529889 0.0408568 
-0.519266 0.0698553 
-0.510866 0.0897248 
-0.501707 0.109251 
-0.492631 0.126938 
-0.421501 0.234536 
-0.408737 0.250445 
-0.435799 0.215788 
0.10365 0.546388 
0.12829 0.550311 
-0.395585 0.266026 
-0.381497 0.281805 
-0.366955 0.297174 
-0.299045 0.359242 
-0.46438 0.174708 
-0.282322 0.372561 
-0.265275 0.385473 
0.338059 0.148015 
-0.247705 0.398126 
-0.482987 0.144312 
-0.16241 0.451239 
-0.144513 0.460811 
-0.212936 0.421357 
-0.126395 0.469992 
-0.107022 0.47926 
-0.0874169 0.488078 
0.0265529 0.528761 
0.0514145 0.535316 
0.0774229 0.54129 
0.153077 0.553384 
-0.229828 0.410359 
0.474016 0.465323 
0.209379 0.556904 
0.244071 0.55645 
0.426201 0.505368 
0.4989 0.430765 
0.372281 0.531965 
0.519236 0.370741 
0.515345 0.390325 
0.442892 0.49379 
0.459123 0.480307 
0.354093 0.538194 
0.175583 0.555387 
0.0909513 0.080778 
0.335612 0.543421 
0.125001 0.0910557 
0.15745 0.0993222 
0.261992 0.555344 
0.298441 0.551048 
0.316889 0.547711 
0.52067 0.350246 
0.40867 0.51559 
0.447542 0.209736 
0.519282 0.328612 
0.405902 0.18041 
0.259066 0.12331 
0.224603 0.114844 
0.190246 0.106947 
-0.550878 -0.0493285 
0.299456 0.134727 
0.494724 0.262324 
0.478995 0.240915 
0.459768 0.220592 
0.434699 0.199594 
0.373462 0.163133 
-0.542206 -0.00244033 
-0.0554464 0.501283 
-0.324987 0.337173 
-0.341992 0.321669 
-0.0098085 0.517692 
-0.534304 0.0269448 
-0.515163 0.0798323 
-0.506378 0.099532 
-0.497243 0.118132 
-0.415166 0.242528 
-0.428711 0.225209 
0.115953 0.548453 
-0.442762 0.206268 
-0.402212 0.258279 
-0.388598 0.273966 
-0.307792 0.352001 
-0.273838 0.379069 
-0.256528 0.391853 
-0.290725 0.365953 
-0.153488 0.456074 
-0.204395 0.426718 
-0.116736 0.474683 
-0.0972458 0.483727 
-0.13548 0.465452 
0.0142154 0.525203 
0.0389578 0.532135 
0.0905138 0.543952 
0.14067 0.551957 
-0.238803 0.404296 
0.480918 0.457231 
0.226728 0.556945 
0.38156 0.528323 
-0.0768208 0.492614 
-0.374282 0.289542 
-0.487878 0.135664 
0.517591 0.380596 
0.451162 0.487235 
-0.221412 0.415904 
0.19247 0.556375 
0.1079 0.0861601 
0.141191 0.0953136 
-0.358759 0.305464 
0.434665 0.499749 
-0.0331128 0.509667 
-0.179204 0.441787 
-0.473884 0.159633 
0.280258 0.553552 
0.326277 0.545679 
0.164321 0.554481 
0.363231 0.535208 
0.307683 0.549481 
0.520285 0.36052 
0.417532 0.510644 
0.466755 0.473 
0.253036 0.555975 
0.0643934 0.538411 
0.520351 0.339409 
0.503924 0.421136 
-0.457082 0.185744 
0.241854 0.118976 
0.207427 0.110867 
0.173834 0.10318 
0.39977 0.520144 
0.493397 0.439939 
0.512188 0.400885 
0.511041 0.295253 
0.501037 0.273074 
0.517387 0.317507 
0.344886 0.540928 
0.487217 0.251363 
0.46968 0.230478 
0.453735 0.215071 
0.441194 0.204579 
0.420554 0.18963 
0.389884 0.171398 
0.35591 0.155225 
0.318862 0.141057 
-0.548498 -0.0335754 
0.279322 0.12878 
-0.52479 0.0554342 
ZONE T="boundary5"
0.587914 -0.411585 
0.577498 -0.385563 
-0.47826 -0.382864 
-0.505102 -0.332536 
-0.487906 -0.366153 
-0.554041 -0.080885 
-0.555084 -0.112429 
-0.554044 -0.143842 
-0.550998 -0.174933 
-0.542167 -0.224337 
-0.519927 -0.29783 
-0.532377 -0.26155 
0.593801 -0.436819 
0.59589 -0.460435 
-0.546107 -0.205447 
-0.175217 -0.637009 
-0.201329 -0.625612 
-0.348501 -0.533608 
0.0106908 -0.690102 
0.0447671 -0.69559 
-0.117663 -0.658249 
-0.0552514 -0.676118 
-0.0866335 -0.667746 
-0.0224121 -0.683662 
-0.313247 -0.560859 
-0.45703 -0.415667 
0.394769 -0.681947 
0.372365 -0.688042 
-0.00585994 -0.206535 
0.025858 -0.225005 
0.0586161 -0.237054 
-0.0558222 -0.0350948 
-0.0661574 -0.0726859 
-0.0331974 -0.181415 
-0.0542506 -0.149021 
0.0926932 -0.244625 
0.438887 -0.66618 
0.480058 -0.645512 
0.46037 -0.656255 
0.332571 -0.696337 
0.573869 -0.551048 
0.583626 -0.529598 
-0.0290748 0.007445 
0.0480805 0.063733 
0.184793 -0.706778 
0.149129 -0.705657 
0.418763 -0.268164 
0.114019 -0.703385 
0.0790281 -0.699998 
0.220505 -0.706634 
0.256981 -0.705059 
0.29381 -0.701822 
0.416916 -0.674723 
0.437471 -0.273706 
0.455829 -0.280319 
0.398855 -0.2634 
0.322932 -0.253291 
0.358909 -0.256725 
0.490395 -0.29671 
0.473403 -0.287931 
0.505555 -0.305961 
0.499004 -0.633341 
0.37881 -0.259617 
0.517301 -0.619427 
0.534438 -0.603855 
0.562121 -0.570562 
0.548953 -0.588014 
0.54451 -0.33846 
0.53266 -0.326894 
0.59065 -0.507255 
0.563215 -0.361405 
0.554296 -0.349589 
0.0909513 0.080778 
0.233889 -0.251123 
0.122755 -0.248411 
0.519892 -0.316219 
-0.226953 -0.613216 
0.178554 -0.251022 
0.00730498 0.0401736 
-0.146657 -0.648175 
-0.0657058 -0.111793 
-0.550878 -0.0493285 
0.283315 -0.251534 
-0.40728 -0.477702 
-0.37923 -0.506255 
-0.433246 -0.44747 
0.206206 -0.251181 
0.594923 -0.483001 
-0.272587 -0.587774 
0.583217 -0.398379 
-0.483154 -0.374549 
-0.554825 -0.0966487 
-0.554821 -0.128144 
0.595244 -0.448597 
-0.544219 -0.214909 
-0.188328 -0.631435 
0.0277064 -0.692983 
-0.0709799 -0.67207 
-0.102193 -0.663142 
-0.0388648 -0.680031 
0.383602 -0.685127 
0.00954403 -0.216556 
0.0420085 -0.231653 
-0.0622678 -0.053539 
-0.0448133 -0.165928 
-0.0202613 -0.194774 
0.0755441 -0.241332 
0.470305 -0.651052 
0.579068 -0.540473 
-0.0441004 -0.0127858 
0.166956 -0.70637 
0.0965099 -0.70183 
0.238751 -0.706037 
0.275414 -0.70366 
0.40589 -0.67848 
0.408839 -0.265653 
0.481978 -0.29217 
0.498058 -0.301201 
0.489644 -0.639604 
0.368871 -0.258074 
0.526046 -0.611837 
0.555753 -0.579453 
-0.548778 -0.190226 
0.5387 -0.332562 
-0.496789 -0.34949 
0.568262 -0.560969 
0.558866 -0.35541 
0.0692637 0.0728824 
-0.512821 -0.315314 
-0.552767 -0.159412 
0.388852 -0.261395 
0.107687 -0.246791 
0.464679 -0.283981 
0.526378 -0.321437 
0.512821 -0.310956 
0.508297 -0.626576 
-0.214204 -0.619541 
0.150619 -0.250249 
0.0271761 0.0528447 
-0.160993 -0.642732 
-0.00588746 -0.687018 
0.202649 -0.706871 
-0.0613093 -0.130817 
0.0618799 -0.697928 
0.131564 -0.704662 
0.31323 -0.699363 
-0.552723 -0.0650803 
0.258589 -0.251169 
-0.393493 -0.492212 
-0.0673366 -0.0922559 
-0.0118827 0.0249167 
0.220043 -0.251157 
0.446697 -0.276872 
0.428159 -0.270808 
0.541875 -0.596101 
0.595765 -0.471738 
0.591323 -0.424101 
0.449709 -0.661393 
0.570815 -0.373223 
0.593197 -0.495205 
0.54951 -0.34394 
0.587485 -0.51854 
0.340939 -0.25475 
-0.132208 -0.653347 
0.427964 -0.670613 
-0.526494 -0.279807 
-0.537597 -0.243029 
-0.364096 -0.52019 
-0.445407 -0.43177 
-0.467922 -0.399445 
-0.420517 -0.462804 
0.303124 -0.252194 
0.352541 -0.692547 
-0.331117 -0.547547 
-0.293172 -0.574699 
0.192376 -0.251151 
-0.250016 -0.600932 
