ZONE T="boundary0"
-4 -1 
-4 0.214709 
-4 0.456396 
-4 0.551599 
-4 0.118386 
-4 0.646802 
-4 0.0352468 
-4 0.388031 
-4 -0.501209 
-4 1 
-4 0.823401 
-4 -0.70954 
-4 -0.0478926 
-4 0.267187 
-4 0.319665 
-4 -0.275505 
-4 -0.337889 
-4 -0.213122 
-4 -0.130507 
-4 -0.419549 
-4 -0.605374 
-4 0.503998 
-4 0.166548 
-4 0.9117 
-4 -0.85477 
-4 -0.0063229 
-4 0.0768165 
-4 0.422213 
-4 0.353848 
-4 0.5992 
-4 -0.306697 
-4 -0.244314 
-4 0.735101 
-4 -0.378719 
-4 -0.553292 
-4 -0.460379 
-4 -0.657457 
-4 0.240948 
-4 0.293426 
-4 -0.171815 
-4 -0.0892 
ZONE T="boundary1"
-3.13502 1 
-3.54442 1 
1.3897 1 
1.25572 1 
-0.311648 1 
0.157552 1 
-1.23842 1 
3.25576 1 
3.06098 1 
-0.648952 1 
-0.558066 1 
0.798615 1 
1.12174 1 
1.00847 1 
-4 1 
-0.886802 1 
-1.00414 1 
2.10398 1 
1.92478 1 
-2.19719 1 
-1.88973 1 
-1.73357 1 
2.65932 1 
2.47125 1 
2.28319 1 
3.72527 1 
-2.79352 1 
-0.0957961 1 
0.0228169 1 
-0.767877 1 
-0.389413 1 
-0.216707 1 
-0.156252 1 
-0.467179 1 
0.0901845 1 
0.317231 1 
0.364948 1 
-0.0364896 1 
0.605063 1 
0.508099 1 
0.412665 1 
0.702028 1 
0.237391 1 
0.895202 1 
-1.12148 1 
-2.96427 1 
4 1 
3.45053 1 
-1.46638 1 
-1.35536 1 
-1.57741 1 
-3.77221 1 
-3.33972 1 
1.74663 1 
1.56847 1 
2.86015 1 
-2.49535 1 
1.32271 1 
3.15837 1 
-0.603509 1 
1.0651 1 
-0.945471 1 
2.01438 1 
-2.04346 1 
2.37722 1 
2.56529 1 
-0.82734 1 
-0.350531 1 
-0.264178 1 
-0.18648 1 
-0.512622 1 
-0.428296 1 
0.123868 1 
0.341089 1 
-0.708415 1 
-0.126024 1 
-0.0661429 1 
0.556581 1 
0.460382 1 
0.653546 1 
0.951835 1 
0.846908 1 
0.750321 1 
-1.06281 1 
-3.04965 1 
-2.8789 1 
3.5879 1 
-1.41087 1 
-1.52189 1 
1.18873 1 
-3.65832 1 
-3.23737 1 
1.65755 1 
1.47909 1 
-3.88611 1 
2.96057 1 
3.86263 1 
-3.44207 1 
-2.64444 1 
-2.34627 1 
1.8357 1 
2.75974 1 
-1.65549 1 
-1.81165 1 
0.0565007 1 
0.388806 1 
-0.00683634 1 
0.277311 1 
0.197472 1 
3.35315 1 
-1.29689 1 
-1.17995 1 
2.19359 1 
ZONE T="boundary2"
4 -0.313426 
4 -0.566078 
4 -0.422387 
4 0.431597 
4 0.387422 
4 0.53578 
4 -0.783039 
4 -0.674559 
4 0.639962 
4 -0.340666 
4 -0.202006 
4 -0.367907 
4 -0.285571 
4 0.00418071 
4 0.0879182 
4 0.190584 
4 -1 
4 0.819981 
4 1 
4 -0.257716 
4 -0.140781 
4 -0.0795568 
4 0.343246 
4 0.284026 
4 0.156362 
4 0.224807 
4 -0.494233 
4 0.40951 
4 0.483689 
4 -0.620318 
4 0.587871 
4 -0.327046 
4 0.0460495 
4 -0.89152 
4 0.90999 
4 -0.395147 
4 -0.229861 
4 -0.171393 
4 -0.271643 
4 -0.299498 
4 -0.110169 
4 0.365334 
4 0.12214 
4 -0.0376881 
4 0.729971 
4 -0.728799 
4 0.313636 
4 0.254416 
4 0.207696 
4 0.173473 
4 -0.354286 
ZONE T="boundary3"
-3.62645 -1 
-4 -1 
-1.57681 -1 
-1.45056 -1 
1.61042 -1 
1.77926 -1 
0.200881 -1 
0.277217 -1 
-0.54871 -1 
-0.388198 -1 
3.22995 -1 
3.40412 -1 
1.26506 -1 
0.611688 -1 
0.482621 -1 
1.95323 -1 
-3.08689 -1 
-2.94512 -1 
1.15282 -1 
-2.49761 -1 
-2.35199 -1 
-2.79418 -1 
-1.70307 -1 
-2.20008 -1 
2.40325 -1 
2.67931 -1 
3.70206 -1 
2.12719 -1 
2.86755 -1 
-0.174015 -1 
-0.108835 -1 
-0.0436546 -1 
0.0788496 -1 
0.0175975 -1 
0.139865 -1 
0.353554 -1 
-0.281106 -1 
-0.745091 -1 
-0.646901 -1 
0.699816 -1 
-0.865173 -1 
-1.11585 -1 
0.787944 -1 
0.914264 -1 
3.85103 -1 
-1.24645 -1 
-0.985254 -1 
1.04058 -1 
1.44159 -1 
1.35332 -1 
4 -1 
-1.3485 -1 
-3.42755 -1 
-3.22865 -1 
-1.87562 -1 
-2.04817 -1 
-2.64324 -1 
3.05578 -1 
-3.81322 -1 
-1.51369 -1 
1.69484 -1 
-0.468454 -1 
3.31704 -1 
0.547154 -1 
-3.016 -1 
-2.4248 -1 
-2.27603 -1 
2.54128 -1 
3.55309 -1 
2.77343 -1 
-0.141425 -1 
-0.0762447 -1 
-0.0130286 -1 
0.0482235 -1 
0.315385 -1 
0.239049 -1 
0.418087 -1 
-0.695996 -1 
-0.805132 -1 
0.851104 -1 
0.655752 -1 
0.74388 -1 
-1.18115 -1 
-1.05055 -1 
0.977424 -1 
1.20894 -1 
1.0967 -1 
1.39746 -1 
1.52601 -1 
3.77655 -1 
-1.29748 -1 
-1.63994 -1 
-3.527 -1 
-3.3281 -1 
-3.15777 -1 
-1.78934 -1 
-1.9619 -1 
2.04021 -1 
1.86624 -1 
-2.57043 -1 
-2.86965 -1 
-2.71871 -1 
-2.12413 -1 
3.92552 -1 
3.14287 -1 
2.26522 -1 
0.170373 -1 
0.109357 -1 
-0.334652 -1 
-0.597806 -1 
-0.925214 -1 
-0.227561 -1 
1.30919 -1 
-1.39953 -1 
2.96166 -1 
ZONE T="boundary4"
-0.472597 0.344244 
-0.623612 0.0874259 
-0.588692 0.182279 
-0.557603 0.23802 
-0.54326 0.2599 
-0.327418 0.452357 
-0.345941 0.441768 
-0.522238 0.288552 
0.631753 -0.0380778 
-0.634715 0.00816235 
-0.633556 0.0278306 
-0.631308 0.0476402 
-0.627986 0.0675234 
-0.611893 0.126877 
-0.600853 0.155572 
-0.618237 0.107216 
-0.580129 0.19907 
-0.571027 0.215588 
-0.266377 0.482194 
-0.24472 0.491083 
-0.307737 0.462793 
-0.287727 0.472591 
-0.364117 0.430605 
0.618214 0.022922 
-0.510653 0.302867 
-0.498489 0.316955 
-0.429662 0.38305 
-0.458895 0.357416 
-0.444478 0.370453 
-0.485882 0.330665 
-0.398119 0.407473 
-0.3813 0.4193 
-0.414081 0.3955 
0.624349 0.00275897 
-0.221531 0.499698 
-0.198066 0.507506 
-0.147485 0.521384 
-0.172893 0.514906 
0.610581 0.0426692 
0.628865 -0.0175787 
0.36095 0.397459 
0.379177 0.377067 
0.315669 0.439881 
0.288215 0.46053 
0.338745 0.419666 
0.512024 0.191628 
0.495168 0.214521 
0.478539 0.238251 
0.462273 0.262414 
0.445941 0.286852 
-0.00463063 0.53998 
0.0255231 0.539975 
0.0559478 0.538471 
0.115924 0.530698 
0.144936 0.524388 
-0.0639443 0.535919 
0.172852 0.516537 
0.199581 0.507205 
0.230067 0.494123 
0.529144 0.16914 
0.60142 0.0622581 
0.561591 0.12606 
0.589632 0.0836928 
0.576129 0.105149 
0.545555 0.147675 
0.396873 0.355371 
-0.120302 0.527241 
-0.0929438 0.532034 
-0.0348792 0.538568 
0.413395 0.333512 
0.429348 0.311131 
0.0863621 0.535367 
0.259652 0.478591 
-0.550548 0.249036 
-0.336721 0.447135 
-0.632564 0.0377502 
-0.634271 0.0180043 
-0.629775 0.0576029 
-0.606603 0.141312 
-0.615178 0.117083 
-0.575642 0.207364 
-0.58448 0.19071 
-0.564429 0.226871 
-0.255585 0.486728 
-0.297771 0.467772 
-0.504627 0.309959 
-0.516503 0.295756 
-0.451737 0.363989 
-0.492239 0.323858 
-0.389755 0.413452 
-0.31762 0.457655 
-0.406146 0.401547 
-0.372752 0.425019 
-0.42192 0.389335 
0.621472 0.0128998 
-0.209832 0.503703 
-0.185512 0.51132 
-0.621043 0.0973529 
-0.437118 0.376807 
-0.465797 0.350882 
0.614572 0.0328646 
0.370184 0.387377 
0.302145 0.450486 
0.350019 0.408743 
0.503539 0.203024 
0.486785 0.226333 
0.454121 0.274641 
-0.625923 0.0775016 
0.0104483 0.540157 
0.040747 0.539416 
0.130477 0.527756 
0.158954 0.520675 
-0.355073 0.436258 
0.214947 0.500956 
-0.479292 0.337505 
0.520559 0.18036 
0.606161 0.0525397 
0.568961 0.115673 
0.595698 0.0730706 
0.630511 -0.0277985 
0.626805 -0.00736459 
0.553637 0.136912 
-0.233163 0.495491 
0.583023 0.0945112 
-0.277092 0.477481 
-0.160218 0.51826 
-0.133921 0.524443 
-0.106645 0.529771 
-0.0494241 0.537399 
0.388136 0.366314 
0.40522 0.34451 
-0.0197609 0.539448 
0.186289 0.51208 
0.537367 0.158417 
-0.532974 0.274389 
-0.0784629 0.534128 
0.437691 0.299025 
0.101177 0.53324 
0.24501 0.486653 
0.470372 0.250306 
0.421436 0.32237 
0.0711778 0.537124 
0.274113 0.469853 
0.327374 0.429974 
-0.59496 0.16901 
ZONE T="boundary5"
-0.624042 -0.0860913 
-0.51957 -0.243605 
0.469808 -0.348645 
0.493307 -0.332791 
-0.633733 -0.0304965 
-0.596334 -0.153775 
-0.542321 -0.223349 
-0.531183 -0.233712 
0.45789 -0.355717 
-0.604765 -0.13769 
-0.496488 -0.260902 
-0.508217 -0.252478 
-0.612175 -0.121123 
-0.618639 -0.103846 
0.516006 -0.314562 
0.595269 -0.210238 
-0.253875 -0.350858 
-0.232137 -0.355726 
-0.091801 -0.384717 
0.578033 -0.240931 
-0.314309 -0.336227 
-0.33354 -0.331053 
-0.274456 -0.346091 
-0.295032 -0.341121 
-0.351657 -0.325846 
-0.628361 -0.0679329 
-0.631594 -0.0493912 
-0.140841 -0.375001 
-0.164776 -0.370092 
-0.210416 -0.36046 
-0.187587 -0.365325 
-0.484398 -0.26887 
0.527292 -0.304177 
-0.587005 -0.169176 
-0.576821 -0.1839 
-0.554402 -0.210972 
0.410324 -0.378719 
-0.386822 -0.314536 
-0.403801 -0.308351 
-0.369681 -0.320273 
0.548749 -0.281318 
0.558936 -0.268678 
-0.470129 -0.277442 
-0.438353 -0.293823 
-0.565855 -0.197915 
-0.421212 -0.301393 
0.631753 -0.0380778 
-0.634715 0.00816235 
-0.634775 -0.0112868 
0.602978 -0.194176 
-0.454417 -0.285965 
0.586938 -0.225846 
0.277286 -0.412219 
0.255663 -0.414543 
0.6225 -0.140593 
0.627351 -0.12027 
0.0419966 -0.407087 
0.183678 -0.41756 
0.0140684 -0.403138 
0.157636 -0.417084 
0.633013 -0.0586356 
0.232722 -0.416254 
0.298846 -0.409157 
-0.0137401 -0.398764 
-0.0402368 -0.39425 
-0.066654 -0.389473 
0.20978 -0.417244 
0.320699 -0.405235 
0.386748 -0.387549 
0.433549 -0.368442 
0.504857 -0.323919 
0.342404 -0.40045 
0.364392 -0.394613 
0.568541 -0.255447 
0.630763 -0.0998162 
0.538061 -0.293272 
0.610073 -0.177515 
0.616388 -0.160445 
0.632667 -0.0793193 
-0.116916 -0.379804 
0.128813 -0.415715 
0.100112 -0.413556 
0.0709822 -0.410636 
0.481715 -0.340951 
-0.53681 -0.228591 
0.463882 -0.352236 
-0.502396 -0.256749 
-0.615543 -0.112534 
-0.525431 -0.238721 
-0.243008 -0.35331 
-0.323934 -0.333678 
-0.284749 -0.343634 
-0.630117 -0.0586861 
-0.15281 -0.372558 
-0.176183 -0.367719 
-0.221278 -0.358107 
-0.490483 -0.264946 
-0.582024 -0.176614 
-0.548443 -0.217238 
-0.513939 -0.248099 
-0.395333 -0.311504 
-0.360684 -0.323109 
0.553924 -0.275063 
-0.600675 -0.145797 
-0.560218 -0.204521 
-0.412536 -0.304945 
-0.47731 -0.273234 
-0.264169 -0.348496 
-0.634882 -0.00156186 
-0.608599 -0.129464 
-0.378269 -0.317457 
-0.462319 -0.281789 
-0.626341 -0.0770447 
0.266483 -0.41347 
-0.34261 -0.328491 
0.625096 -0.130471 
0.0280225 -0.405172 
0.170654 -0.417417 
0.632585 -0.0483429 
0.244199 -0.415492 
0.288078 -0.410783 
-0.0534515 -0.391892 
0.221253 -0.416836 
0.30979 -0.4073 
-0.0269957 -0.396544 
0.398598 -0.383299 
0.445831 -0.362292 
0.499129 -0.328416 
0.35343 -0.397654 
0.422014 -0.373756 
0.510483 -0.319302 
0.563821 -0.262122 
0.629239 -0.110072 
-0.429818 -0.297689 
0.52171 -0.309436 
0.532742 -0.298789 
0.543482 -0.287363 
0.582568 -0.233438 
0.591186 -0.218086 
0.606622 -0.185887 
0.599211 -0.202249 
0.573374 -0.248246 
0.613337 -0.169019 
0.619597 -0.150565 
0.196728 -0.417506 
-0.634393 -0.0208991 
-0.304677 -0.338705 
-0.632804 -0.0399595 
-0.621478 -0.0950101 
0.631905 -0.0895842 
0.63304 -0.0689795 
-0.0792321 -0.387117 
-0.104362 -0.382278 
0.331575 -0.402953 
-0.199003 -0.362904 
0.375613 -0.391218 
-0.128881 -0.377416 
0.114453 -0.414729 
0.143217 -0.416505 
0.0564782 -0.408935 
0.000154861 -0.401 
0.0855365 -0.412181 
-0.591788 -0.161546 
-0.446424 -0.289974 
-0.57144 -0.190986 
