ZONE T="boundary0"
-4 -1 
-4 -0.264451 
-4 -0.31915 
-4 -0.204328 
-4 0.480661 
-4 0.399603 
-4 0.329837 
-4 0.875 
-4 0.292138 
-4 -0.138036 
-4 -0.402694 
-4 -0.360922 
-4 0.561718 
-4 -0.681157 
-4 -0.583697 
-4 0.123584 
-4 0.0664364 
-4 0.254439 
-4 -0.486238 
-4 -0.00265389 
-4 0.74055 
-4 1 
-4 0.217586 
-4 -0.0717442 
-4 0.180732 
-4 -0.291801 
-4 -0.23439 
-4 0.440132 
-4 0.36472 
-4 -0.171182 
-4 -0.381808 
-4 -0.632427 
-4 -0.840578 
-4 0.0950103 
-4 0.273289 
-4 -0.444466 
-4 -0.534968 
-4 0.52119 
-4 0.651134 
-4 0.9375 
-4 0.310987 
-4 0.236012 
-4 -0.340036 
-4 -0.10489 
-4 -0.037199 
-4 0.0318913 
-4 0.807775 
-4 0.199159 
-4 0.152158 
ZONE T="boundary1"
-3.73517 1 
-3.86759 1 
1.37286 1 
1.57177 1 
-0.964816 1 
3.27623 1 
-1.49412 1 
-1.1186 1 
-1.27238 1 
-1.63133 1 
-2.33514 1 
-1.9102 1 
2.30968 1 
1.96798 1 
3.07161 1 
2.86699 1 
-3.23141 1 
-3.47034 1 
0.0961251 1 
0.166764 1 
-0.114515 1 
-0.184096 1 
-0.309812 1 
-0.586212 1 
-0.0449343 1 
0.0255954 1 
-0.246954 1 
0.360039 1 
0.237403 1 
-0.396064 1 
0.709602 1 
0.596139 1 
0.298721 1 
-0.690107 1 
4 1 
-0.827462 1 
3.77382 1 
3.54764 1 
0.828998 1 
-0.482316 1 
1.05856 1 
0.948395 1 
0.482676 1 
1.2708 1 
1.16873 1 
-1.38325 1 
-1.76855 1 
2.58833 1 
2.13883 1 
1.76987 1 
-2.99248 1 
-3.60276 1 
-4 1 
-2.05184 1 
-2.66381 1 
-2.82815 1 
-2.49948 1 
1.47232 1 
-1.19549 1 
3.17392 1 
2.9693 1 
-3.35088 1 
0.131444 1 
-0.149306 1 
-0.00966949 1 
-0.215525 1 
-0.0797249 1 
-0.278383 1 
0.202083 1 
0.65287 1 
0.268062 1 
3.88691 1 
3.66073 1 
-0.638159 1 
0.7693 1 
-0.758785 1 
-1.04171 1 
-0.534264 1 
1.00348 1 
0.888697 1 
1.21976 1 
-1.32782 1 
-1.56273 1 
-1.43868 1 
-1.69994 1 
0.539407 1 
3.41194 1 
2.22425 1 
2.72766 1 
1.86893 1 
-3.66897 1 
-3.80138 1 
-3.93379 1 
-1.98102 1 
-1.83937 1 
-2.19349 1 
1.67082 1 
0.32938 1 
0.0608602 1 
0.421358 1 
-0.896139 1 
-0.43919 1 
-3.53655 1 
-2.74598 1 
2.0534 1 
-3.11195 1 
-2.91032 1 
1.11365 1 
1.32183 1 
2.44901 1 
-0.352938 1 
-2.41731 1 
-2.58164 1 
ZONE T="boundary2"
4 -0.265493 
4 -0.222734 
4 -0.35101 
4 -0.593788 
4 -0.393769 
4 -0.19453 
4 0.206768 
4 0.27599 
4 0.362666 
4 -0.10114 
4 -0.166325 
4 -0.796894 
4 0.461858 
4 0.780525 
4 -0.035955 
4 -0.308252 
4 0.105081 
4 0.561049 
4 0.670787 
4 1 
4 -1 
4 -0.244114 
4 -0.493778 
4 0.241379 
4 -0.133732 
4 -0.695341 
4 -0.0685475 
4 0.319328 
4 0.511453 
4 0.412262 
4 0.034563 
4 0.155924 
4 0.725656 
4 0.615918 
4 0.890262 
4 -0.898447 
4 -0.286872 
4 -0.37239 
4 -0.180427 
4 -0.208632 
4 -0.329631 
ZONE T="boundary3"
-3.58911 -1 
-4 -1 
0.0693457 -1 
0.00317385 -1 
0.235267 -1 
0.181218 -1 
-0.931693 -1 
-1.40721 -1 
-0.730388 -1 
-0.830073 -1 
0.289316 -1 
-0.393456 -1 
0.67393 -1 
0.785006 -1 
-1.16506 -1 
-1.29681 -1 
-1.62287 -1 
1.82235 -1 
1.99297 -1 
3.83035 -1 
-3.17002 -1 
-1.72813 -1 
2.42433 -1 
2.20865 -1 
-2.87403 -1 
2.61499 -1 
2.80565 -1 
-1.03331 -1 
3.06352 -1 
3.49104 -1 
3.32139 -1 
0.125282 -1 
0.419396 -1 
0.546663 -1 
-0.317603 -1 
-0.0629985 -1 
-0.152374 -1 
0.896081 -1 
1.12887 -1 
1.01248 -1 
1.23736 -1 
-0.630702 -1 
-0.241749 -1 
1.34586 -1 
-0.512079 -1 
1.4988 -1 
1.42233 -1 
1.57527 -1 
1.65174 -1 
-3.37956 -1 
-1.51761 -1 
3.6607 -1 
2.93459 -1 
-1.93612 -1 
-2.36108 -1 
-2.14412 -1 
-2.72604 -1 
-2.57804 -1 
4 -1 
-0.107686 -1 
-3.79455 -1 
0.0362597 -1 
-0.78023 -1 
0.729468 -1 
-1.35201 -1 
1.90766 -1 
2.31649 -1 
2.71032 -1 
0.15325 -1 
0.354356 -1 
0.208243 -1 
0.262292 -1 
-0.35553 -1 
0.48303 -1 
-0.0299124 -1 
0.840544 -1 
1.07067 -1 
0.610297 -1 
0.954279 -1 
1.18312 -1 
1.29161 -1 
-0.680545 -1 
-0.571391 -1 
-0.880883 -1 
1.46056 -1 
1.6135 -1 
-0.982503 -1 
1.73704 -1 
-1.23093 -1 
-1.09919 -1 
-1.6755 -1 
3.57587 -1 
2.99906 -1 
3.19246 -1 
-3.27479 -1 
-3.02203 -1 
-1.83213 -1 
-2.65204 -1 
-2.04012 -1 
-2.80004 -1 
-2.46956 -1 
3.40622 -1 
3.91517 -1 
3.74552 -1 
2.51966 -1 
2.10081 -1 
2.87012 -1 
-2.2526 -1 
0.0973138 -1 
-0.0853424 -1 
-0.13003 -1 
-0.197061 -1 
-0.279676 -1 
-0.452768 -1 
1.38409 -1 
-1.57024 -1 
1.53703 -1 
-1.46241 -1 
-3.48433 -1 
ZONE T="boundary4"
-0.1312 0.523688 
-0.527902 0.283594 
-0.635795 0.0104023 
-0.634421 0.0347643 
-0.391277 0.414517 
-0.414029 0.397604 
0.147887 0.500645 
0.174353 0.489873 
0.645599 -0.0333333 
0.121001 0.509788 
-0.241104 0.494047 
-0.214162 0.503338 
-0.6313 0.0593488 
-0.293506 0.471935 
-0.267552 0.483574 
-0.626445 0.0840994 
-0.619887 0.108918 
-0.601858 0.158408 
-0.611672 0.133711 
-0.593455 0.17691 
-0.584345 0.19508 
0.642059 -0.00748946 
-0.554139 0.246472 
-0.574432 0.213202 
-0.436016 0.379742 
-0.318894 0.459177 
-0.563924 0.230986 
-0.54391 0.26167 
-0.494595 0.323323 
-0.510855 0.304796 
-0.477604 0.341201 
-0.457241 0.360916 
-0.343682 0.44533 
-0.367822 0.430432 
-0.18684 0.511392 
-0.159143 0.518192 
-0.10303 0.527859 
-0.0747627 0.530668 
-0.046389 0.532091 
-0.018093 0.532094 
0.586057 0.113864 
0.568494 0.135861 
0.0102155 0.530646 
0.0382681 0.527728 
0.251228 0.447413 
0.226034 0.463275 
0.300262 0.410726 
0.275948 0.429887 
0.462601 0.247811 
0.507058 0.201432 
0.485099 0.22404 
0.324263 0.389989 
0.440207 0.271942 
0.528901 0.179056 
0.39449 0.320819 
0.0662288 0.523281 
0.347893 0.367949 
0.602043 0.0908248 
0.200451 0.477402 
0.0937929 0.517315 
0.549093 0.157752 
0.639279 0.00536485 
0.635852 0.0180365 
0.627032 0.0430096 
0.615701 0.0673081 
0.417463 0.296434 
0.371433 0.344641 
-0.635325 0.0225959 
-0.402744 0.406183 
0.161196 0.495456 
-0.227685 0.498845 
-0.633072 0.0470838 
-0.280594 0.477899 
-0.629077 0.0717644 
-0.606939 0.146129 
-0.588984 0.186037 
-0.597749 0.167701 
-0.615965 0.121376 
-0.579467 0.204184 
-0.425119 0.388791 
-0.536035 0.272725 
-0.549081 0.254109 
-0.502819 0.314141 
-0.519501 0.294292 
-0.486187 0.332345 
-0.331363 0.452389 
-0.355833 0.438011 
-0.379635 0.422601 
-0.254386 0.488958 
-0.173029 0.514952 
-0.30627 0.465696 
-0.117138 0.525942 
-0.0605827 0.531555 
-0.0322391 0.532271 
-0.200546 0.507521 
-0.559086 0.238764 
-0.467532 0.35117 
-0.569249 0.222136 
-0.446731 0.370444 
-0.0889112 0.529435 
0.577438 0.124994 
0.0242623 0.529373 
0.238737 0.455525 
0.644159 -0.0203623 
0.288216 0.420457 
0.496059 0.212703 
0.451396 0.259859 
0.0522796 0.525696 
0.336168 0.379072 
0.312367 0.400487 
0.21334 0.470528 
0.187489 0.483833 
0.134508 0.505414 
0.263698 0.438818 
0.539063 0.168462 
0.637645 0.0117234 
0.631751 0.0306367 
0.558912 0.14691 
-0.145202 0.521104 
0.640751 -0.00104341 
0.107449 0.513747 
0.428852 0.284196 
0.0800524 0.520491 
0.609122 0.0792146 
0.594264 0.102496 
-0.00392739 0.531554 
0.359735 0.356373 
0.40601 0.308653 
0.383013 0.332779 
0.473816 0.235877 
-0.623362 0.0965604 
0.62165 0.0552963 
0.518001 0.190254 
ZONE T="boundary5"
0.0149322 -0.413595 
0.0703598 -0.41973 
-0.623703 -0.083495 
-0.629369 -0.0606694 
-0.596192 -0.148483 
-0.60185 -0.138084 
-0.124407 -0.390235 
-0.536113 -0.224687 
-0.635414 -0.0136632 
-0.634563 -0.025572 
-0.635795 0.0104023 
-0.607107 -0.127454 
-0.616283 -0.105768 
-0.633272 -0.0373802 
-0.583584 -0.168761 
-0.569312 -0.188259 
-0.51741 -0.241516 
-0.497413 -0.257343 
-0.0964354 -0.395684 
-0.267081 -0.356977 
-0.295643 -0.348938 
-0.320234 -0.341472 
-0.34468 -0.333439 
-0.361717 -0.327408 
-0.152769 -0.384368 
-0.238426 -0.364483 
-0.209781 -0.371521 
-0.18109 -0.378167 
0.530025 -0.309058 
0.519762 -0.318217 
-0.544934 -0.215945 
-0.553448 -0.206925 
0.645599 -0.0333333 
0.634486 -0.136498 
-0.378631 -0.321009 
0.539905 -0.299493 
-0.45349 -0.285843 
-0.476097 -0.272129 
0.237044 -0.421946 
0.209249 -0.423649 
0.590252 -0.234665 
0.603822 -0.210862 
-0.0683945 -0.400793 
0.181421 -0.424424 
0.125834 -0.423498 
0.0981134 -0.421939 
0.0427039 -0.416938 
-0.0127399 -0.409776 
0.264809 -0.41923 
0.153637 -0.42435 
0.400465 -0.387395 
0.292507 -0.415411 
-0.0406066 -0.405482 
0.347214 -0.404131 
0.319925 -0.410422 
0.373982 -0.396517 
0.426149 -0.376818 
0.451246 -0.364571 
0.498312 -0.335203 
0.644857 -0.0852541 
0.615823 -0.186469 
0.558389 -0.279248 
0.621175 -0.174143 
0.646502 -0.0593251 
0.626102 -0.16166 
0.64312 -0.0981613 
0.640796 -0.111021 
-0.429651 -0.298513 
0.646375 -0.0462907 
0.475368 -0.350699 
-0.391687 -0.315749 
-0.404635 -0.31022 
0.575132 -0.257596 
-0.626759 -0.0721364 
-0.599072 -0.143311 
-0.635044 -0.0196215 
-0.635825 -0.00163331 
-0.604531 -0.132795 
-0.631544 -0.0490614 
-0.633973 -0.031482 
-0.57663 -0.178641 
-0.507536 -0.249587 
-0.307956 -0.345269 
-0.332481 -0.337532 
-0.353213 -0.330467 
-0.110429 -0.393 
-0.138596 -0.387342 
-0.224115 -0.368053 
-0.195445 -0.374889 
0.52494 -0.313689 
-0.54056 -0.220352 
-0.526897 -0.233249 
-0.590083 -0.158741 
-0.549229 -0.211471 
-0.370192 -0.324257 
-0.464895 -0.279154 
-0.28138 -0.353029 
0.223152 -0.422918 
-0.252767 -0.36079 
-0.0824235 -0.398282 
0.111967 -0.422803 
0.0565228 -0.418403 
0.0288087 -0.41533 
0.00108695 -0.411743 
-0.166938 -0.381309 
0.250938 -0.42072 
0.167526 -0.424488 
0.195336 -0.424147 
-0.0545095 -0.403184 
0.333607 -0.407443 
0.306243 -0.41307 
0.387288 -0.392145 
0.438798 -0.370901 
0.509201 -0.326917 
0.413387 -0.382302 
0.535014 -0.304326 
0.610011 -0.198758 
0.549357 -0.289561 
0.61855 -0.180328 
0.645991 -0.0723061 
0.623693 -0.167923 
0.644062 -0.091717 
0.642029 -0.104603 
-0.441655 -0.292339 
0.13973 -0.424017 
0.278676 -0.417464 
0.637905 -0.123822 
0.646068 -0.0398061 
0.64652 -0.0528063 
0.360646 -0.4005 
0.463428 -0.357847 
0.0842284 -0.420911 
-0.0266825 -0.407681 
-0.398176 -0.313019 
0.597218 -0.222868 
-0.620212 -0.0947033 
-0.611909 -0.1167 
-0.48687 -0.264904 
0.630531 -0.149156 
-0.561546 -0.197731 
0.486983 -0.343164 
-0.417212 -0.304516 
0.582892 -0.246262 
0.566978 -0.268588 
-0.385172 -0.318411 
