ZONE T="boundary0"
-4 -0.675168 
-4 -0.346038 
-4 -0.270113 
-4 -0.194188 
-4 0.339616 
-4 0.289448 
-4 0.616571 
-4 0.245477 
-4 0.389784 
-4 0.15159 
-4 0.198534 
-4 -0.131047 
-4 -0.0659091 
-4 -0.413919 
-4 -0.578485 
-4 -1 
-4 1 
-4 0.808286 
-4 -0.481801 
-4 0.0754095 
-4 -0.000771145 
-4 0.503177 
-4 -0.308075 
-4 -0.23215 
-4 0.314532 
-4 0.267463 
-4 0.175062 
-4 -0.0984781 
-4 -0.379979 
-4 -0.837584 
-4 0.904143 
-4 -0.162618 
-4 -0.44786 
-4 0.0373192 
-4 0.446481 
-4 -0.0333401 
-4 0.559874 
-4 0.712429 
-4 0.222006 
-4 0.1135 
-4 0.3647 
-4 -0.626826 
-4 -0.530143 
ZONE T="boundary1"
3.71069 1 
4 1 
0.200271 1 
0.0128479 1 
0.0761062 1 
-0.116916 1 
-0.0504104 1 
-1.47001 1 
3.22303 1 
0.846845 1 
0.640036 1 
0.540838 1 
-3.44242 1 
1.76778 1 
-4 1 
1.25735 1 
1.61896 1 
-2.23739 1 
-2.5274 1 
2.39721 1 
1.97524 1 
2.1827 1 
2.61172 1 
2.8182 1 
0.138189 1 
-0.183422 1 
-0.31885 1 
-0.251136 1 
-0.941691 1 
-0.469144 1 
-0.581372 1 
0.320956 1 
-0.393997 1 
-0.746832 1 
-0.800063 1 
-0.6936 1 
0.44164 1 
0.74344 1 
-3.72121 1 
-0.894482 1 
3.42138 1 
1.15497 1 
-1.1756 1 
-1.08225 1 
-1.27601 1 
-1.37641 1 
-1.5636 1 
-1.69968 1 
-1.83575 1 
1.05259 1 
0.949718 1 
1.36374 1 
1.47013 1 
3.02469 1 
-2.99794 1 
-3.17849 1 
-2.03657 1 
-2.8174 1 
-0.988901 1 
-1.03558 1 
3.85534 1 
-0.0836633 1 
0.590437 1 
1.69337 1 
-2.38239 1 
2.07897 1 
0.107147 1 
-0.0187812 1 
0.044477 1 
-0.150169 1 
-0.284993 1 
0.16923 1 
-0.525258 1 
-0.356423 1 
-0.43157 1 
-0.773447 1 
-0.637486 1 
0.381298 1 
0.260614 1 
0.491239 1 
0.795142 1 
0.691738 1 
-3.86061 1 
3.56603 1 
-1.12893 1 
-1.32621 1 
-1.51681 1 
-1.63164 1 
-1.42321 1 
-1.76771 1 
1.00115 1 
0.898281 1 
1.20616 1 
1.31055 1 
1.41694 1 
2.71496 1 
2.92145 1 
1.10378 1 
2.28995 1 
-3.31045 1 
1.87151 1 
2.50446 1 
-3.08822 1 
-1.93616 1 
-2.90767 1 
-2.13698 1 
-2.6724 1 
-0.720216 1 
-0.847272 1 
-0.217279 1 
-0.965296 1 
-1.05891 1 
-0.918087 1 
-1.01224 1 
-1.2258 1 
-3.58182 1 
3.12386 1 
1.54454 1 
3.3222 1 
ZONE T="boundary2"
4 -0.249507 
4 -0.219245 
4 -0.819543 
4 0.230976 
4 0.441372 
4 1 
4 0.620036 
4 0.530704 
4 0.810018 
4 0.103586 
4 -1 
4 -0.639085 
4 -0.549049 
4 -0.459013 
4 0.353778 
4 0.318192 
4 0.282606 
4 -0.0393176 
4 0.179347 
4 0.205162 
4 -0.340293 
4 -0.279769 
4 -0.106459 
4 -0.162852 
4 0.027824 
4 -0.399653 
4 -0.234376 
4 0.57537 
4 0.905009 
4 0.715027 
4 -0.729314 
4 -0.504031 
4 0.335985 
4 0.397575 
4 0.256791 
4 0.192254 
4 -0.134656 
4 -0.191048 
4 -0.0728884 
4 -0.00574679 
4 0.486038 
4 -0.909771 
4 0.218069 
4 0.141466 
4 0.300399 
4 0.0657048 
4 -0.264638 
4 -0.310031 
4 -0.369973 
4 -0.429333 
4 -0.594067 
ZONE T="boundary3"
-0.620492 -1 
-0.515784 -1 
-0.890253 -1 
-0.780397 -1 
-0.700445 -1 
-1.00011 -1 
1.04153 -1 
0.191949 -1 
2.94015 -1 
0.394312 -1 
-4 -1 
0.258118 -1 
0.324287 -1 
2.78741 -1 
-3.55344 -1 
1.60623 -1 
-2.16742 -1 
-2.35003 -1 
-1.56198 -1 
-1.41294 -1 
2.4138 -1 
-2.96247 -1 
-2.78838 -1 
3.65452 -1 
4 -1 
-1.95672 -1 
3.30904 -1 
2.30336 -1 
-3.13657 -1 
0.130615 -1 
0.6779 -1 
0.464338 -1 
0.571119 -1 
-0.272372 -1 
-0.183178 -1 
-0.0493653 -1 
0.0692817 -1 
0.00995823 -1 
-0.116272 -1 
-0.438675 -1 
-0.361566 -1 
0.821437 -1 
0.931484 -1 
1.14185 -1 
1.24217 -1 
-1.06606 -1 
-1.13201 -1 
1.4646 -1 
1.35339 -1 
1.74785 -1 
3.48178 -1 
-1.2639 -1 
1.97039 -1 
-1.74601 -1 
-2.53265 -1 
3.12459 -1 
2.19293 -1 
2.63466 -1 
-0.568138 -1 
-0.835325 -1 
-0.740421 -1 
0.291202 -1 
-3.77672 -1 
-2.25872 -1 
-1.48746 -1 
-2.87543 -1 
3.82726 -1 
-2.06207 -1 
2.35858 -1 
-3.345 -1 
0.161282 -1 
0.429325 -1 
0.3593 -1 
0.517728 -1 
0.225033 -1 
-0.227775 -1 
-0.660469 -1 
0.03962 -1 
-0.149725 -1 
0.0999485 -1 
-0.400121 -1 
-0.47723 -1 
0.749669 -1 
0.986507 -1 
1.09169 -1 
0.87646 -1 
1.19201 -1 
-1.03308 -1 
-1.09903 -1 
-0.945181 -1 
1.409 -1 
1.29778 -1 
1.67704 -1 
3.39541 -1 
-1.33842 -1 
1.85912 -1 
-1.654 -1 
-2.66051 -1 
-2.44134 -1 
-1.85137 -1 
3.03237 -1 
3.21681 -1 
-3.04952 -1 
2.08166 -1 
2.52423 -1 
3.56815 -1 
-0.0828184 -1 
-0.0197036 -1 
0.62451 -1 
-0.316969 -1 
-1.19795 -1 
2.24815 -1 
1.53542 -1 
2.86378 -1 
2.71103 -1 
ZONE T="boundary4"
0.471784 0.29324 
0.485675 0.284987 
-0.63187 0.0181708 
-0.634053 0.0411843 
0.547372 0.235532 
-0.495461 0.356192 
0.635114 0.0733801 
-0.428158 0.388965 
-0.446589 0.382162 
-0.366312 0.402443 
-0.344737 0.404304 
-0.634962 0.0644125 
-0.634543 0.087811 
-0.632749 0.111249 
-0.62954 0.134659 
-0.480531 0.365494 
-0.624892 0.157903 
-0.618814 0.180814 
-0.611965 0.201526 
-0.571612 0.280752 
-0.560203 0.296174 
0.638441 0.00901364 
0.584331 0.191844 
-0.603442 0.22295 
-0.387691 0.399252 
-0.548418 0.310163 
-0.523176 0.335017 
-0.509859 0.345883 
-0.535888 0.323272 
0.627708 0.10485 
0.535885 0.24662 
-0.464583 0.374046 
0.595682 0.174903 
-0.181855 0.389928 
0.51178 0.266906 
0.523971 0.257123 
-0.206659 0.393984 
0.557155 0.225271 
0.566578 0.214588 
-0.322754 0.404956 
-0.300215 0.404484 
-0.408081 0.394814 
-0.130758 0.381373 
-0.104543 0.377238 
-0.157 0.385738 
0.63191 0.0891287 
0.636976 -0.00711966 
-0.277528 0.403018 
-0.593691 0.243652 
0.639017 0.0251212 
0.638672 0.041248 
0.457689 0.300783 
0.36571 0.334543 
0.4185 0.318053 
0.391965 0.327181 
0.499177 0.276089 
0.13243 0.358405 
0.164737 0.357372 
0.196999 0.356088 
0.039057 0.362147 
0.0692501 0.36062 
-0.230493 0.397577 
0.258109 0.352025 
0.313139 0.345234 
0.339475 0.340484 
0.285646 0.349094 
0.227551 0.354403 
0.100905 0.359406 
-0.254269 0.400667 
0.606038 0.157054 
0.612159 0.144977 
0.637379 0.05734 
0.443303 0.307711 
-0.0768731 0.373256 
-0.0492828 0.36977 
0.00868791 0.364183 
-0.0202267 0.366675 
-0.582731 0.26348 
0.622614 0.120161 
0.478776 0.289193 
-0.633119 0.0296647 
-0.437435 0.385722 
-0.355546 0.403533 
-0.634921 0.0761174 
-0.631321 0.122981 
-0.488071 0.360962 
-0.615538 0.191222 
-0.622031 0.169409 
-0.56603 0.288556 
-0.607866 0.212306 
-0.516601 0.340553 
-0.529622 0.329242 
-0.45566 0.378263 
0.590138 0.183462 
-0.502743 0.351153 
0.517932 0.262085 
0.552313 0.230449 
0.575687 0.203399 
-0.333757 0.404777 
-0.311489 0.404854 
-0.418176 0.392066 
0.54169 0.241141 
-0.194253 0.391983 
-0.117651 0.379269 
-0.542256 0.316817 
-0.169426 0.387837 
-0.28887 0.403864 
-0.634671 0.0527945 
-0.633819 0.099546 
0.638962 0.0331866 
0.633631 0.0812779 
0.464777 0.297089 
0.405299 0.322824 
0.561918 0.219976 
0.492478 0.280618 
0.505531 0.271571 
0.529988 0.251941 
-0.397929 0.397203 
0.148585 0.357904 
0.180868 0.356778 
0.0541579 0.361329 
-0.218571 0.395829 
0.326327 0.342996 
0.299406 0.34729 
0.212276 0.355317 
0.242834 0.353315 
0.116672 0.358892 
-0.265895 0.401937 
0.629928 0.0970205 
-0.554419 0.303261 
0.609168 0.15105 
-0.472629 0.3699 
0.638841 0.017063 
0.637817 0.000937173 
0.638146 0.0493032 
0.636368 0.0653765 
-0.598727 0.23338 
-0.627395 0.14632 
-0.143879 0.383537 
-0.063079 0.371449 
-0.0907097 0.375191 
-0.00576714 0.365357 
0.352624 0.337669 
0.378883 0.33104 
0.0238732 0.363095 
0.0850771 0.359974 
0.271884 0.350664 
0.430983 0.313086 
-0.034755 0.368148 
0.601009 0.166065 
-0.377033 0.40102 
-0.588377 0.253661 
-0.577313 0.27221 
-0.242376 0.399195 
0.617684 0.132692 
0.625274 0.112543 
0.450531 0.304322 
ZONE T="boundary5"
0.564022 -0.216798 
0.553947 -0.239476 
-0.200941 -0.465167 
-0.224388 -0.455917 
-0.524554 -0.230652 
-0.484366 -0.279006 
-0.594664 -0.113759 
0.623253 -0.0709716 
-0.63187 0.0181708 
-0.370137 -0.377366 
-0.611394 -0.071023 
-0.584772 -0.134685 
-0.603546 -0.0925399 
0.603171 -0.126608 
0.593508 -0.149668 
-0.628467 -0.00457858 
-0.623889 -0.0270433 
-0.61819 -0.0491759 
-0.42449 -0.336093 
-0.246072 -0.446617 
-0.267474 -0.4367 
-0.455649 -0.308235 
-0.440291 -0.322409 
-0.329842 -0.403191 
-0.537266 -0.21329 
-0.151662 -0.482051 
-0.177224 -0.473713 
-0.49811 -0.263532 
-0.470252 -0.293855 
-0.511329 -0.247621 
-0.549996 -0.194691 
-0.562066 -0.175661 
-0.407226 -0.350111 
-0.389525 -0.363576 
0.527764 -0.293395 
0.631571 -0.0391943 
0.583511 -0.17265 
0.434372 -0.411966 
0.458395 -0.389295 
0.469752 -0.377094 
-0.573901 -0.15531 
0.0999761 -0.520443 
0.0706396 -0.519973 
0.0126201 -0.515868 
0.0413048 -0.518415 
-0.0439543 -0.507941 
-0.0159849 -0.512339 
-0.0717792 -0.50263 
0.219505 -0.509822 
0.129579 -0.519766 
0.189399 -0.514574 
0.15959 -0.51783 
0.421745 -0.422422 
0.338989 -0.472877 
0.309665 -0.485098 
0.279789 -0.495247 
0.395278 -0.441633 
0.446565 -0.400951 
0.480624 -0.364362 
0.367677 -0.458388 
0.491 -0.351126 
0.57378 -0.194713 
0.519339 -0.30836 
0.500974 -0.337271 
-0.308981 -0.415212 
0.634665 -0.023214 
0.636976 -0.00711966 
-0.288388 -0.42626 
0.543609 -0.261998 
0.61256 -0.102534 
-0.350312 -0.390524 
-0.0989169 -0.49654 
-0.125852 -0.489587 
0.2497 -0.503428 
0.559 -0.228142 
-0.212699 -0.46063 
-0.589835 -0.124276 
-0.599227 -0.1032 
0.598394 -0.138158 
-0.63032 0.0067753 
-0.621179 -0.038144 
-0.235263 -0.451344 
-0.256809 -0.441736 
-0.448027 -0.315384 
-0.530976 -0.222019 
-0.189114 -0.469528 
-0.491304 -0.271327 
-0.556117 -0.185231 
-0.379888 -0.37055 
-0.46301 -0.301104 
-0.432444 -0.329312 
-0.415915 -0.343171 
-0.477372 -0.286489 
0.627732 -0.0551644 
-0.398429 -0.356912 
0.588536 -0.161168 
0.464138 -0.383257 
-0.568087 -0.165545 
0.0853075 -0.520347 
0.0269528 -0.517265 
-0.0016962 -0.514225 
-0.0578876 -0.505398 
0.174516 -0.516373 
0.144597 -0.518959 
-0.579447 -0.145055 
0.29481 -0.490414 
-0.518006 -0.239187 
0.408712 -0.432308 
0.440527 -0.406525 
0.428114 -0.417262 
0.475255 -0.370787 
0.452543 -0.395188 
0.381644 -0.450288 
0.485879 -0.357799 
-0.164476 -0.477982 
0.578652 -0.183682 
0.510422 -0.322993 
-0.319459 -0.409283 
0.635922 -0.0151813 
0.496056 -0.34425 
-0.277969 -0.431556 
0.523613 -0.300914 
-0.504783 -0.255629 
0.568902 -0.205754 
0.548835 -0.250764 
0.633211 -0.0312218 
-0.54371 -0.204044 
0.618146 -0.0868303 
0.607961 -0.114605 
-0.626324 -0.0158388 
-0.614926 -0.0601398 
-0.607598 -0.0818269 
-0.340127 -0.396939 
-0.360277 -0.384024 
-0.298726 -0.420812 
0.324435 -0.479244 
-0.0853718 -0.499693 
-0.112412 -0.493171 
0.114783 -0.520253 
0.264807 -0.49956 
0.234648 -0.50683 
-0.0299867 -0.510255 
-0.138786 -0.485919 
0.204484 -0.512385 
0.0559668 -0.519328 
0.353469 -0.465904 
0.535898 -0.277811 
