ZONE T="boundary0"
-4 -0.387173 
-4 -0.332942 
-4 0.124374 
-4 0.217155 
-4 0.176715 
-4 0.257595 
-4 0.530196 
-4 0.392675 
-4 0.346835 
-4 -0.223544 
-4 -1 
-4 0.0720331 
-4 0.014238 
-4 -0.043557 
-4 0.438515 
-4 0.765098 
-4 0.647647 
-4 -0.476052 
-4 -0.564931 
-4 -0.278712 
-4 -0.105967 
-4 -0.168376 
-4 1 
-4 0.882549 
-4 -0.782466 
-4 -0.360058 
-4 0.196935 
-4 0.0982034 
-4 0.150544 
-4 0.0431355 
-4 -0.0146595 
-4 0.237375 
-4 0.302215 
-4 0.369755 
-4 0.484355 
-4 0.706372 
-4 -0.520492 
-4 -0.305827 
-4 -0.251128 
-4 -0.0747617 
-4 -0.137171 
-4 -0.19596 
-4 0.588921 
-4 0.941274 
-4 -0.673699 
-4 -0.891233 
-4 0.823823 
-4 -0.431613 
-4 0.415595 
ZONE T="boundary1"
3.80165 1 
3.60331 1 
-0.239154 1 
-0.286377 1 
-1.26421 1 
1.0564 1 
0.973415 1 
1.4703 1 
1.6362 1 
0.421007 1 
0.342308 1 
-3.66756 1 
-3.46176 1 
0.162389 1 
1.36354 1 
-0.0392148 1 
-0.852006 1 
1.98488 1 
1.25678 1 
1.15659 1 
-1.83931 1 
1.81054 1 
3.20662 1 
-2.01367 1 
-2.18803 1 
2.5079 1 
2.68258 1 
-2.36957 1 
-2.92671 1 
-2.73891 1 
-3.83378 1 
2.24639 1 
2.85726 1 
3.03194 1 
-2.55111 1 
0.499705 1 
0.0286197 1 
0.285316 1 
0.228324 1 
0.0964539 1 
-0.191931 1 
-0.393605 1 
-0.500833 1 
0.741037 1 
-0.620014 1 
-4 1 
0.890426 1 
4 1 
-0.964816 1 
-1.11451 1 
-0.739195 1 
-3.09133 1 
-1.37785 1 
-1.49149 1 
-1.6654 1 
3.40496 1 
-3.25596 1 
0.595473 1 
-0.115573 1 
0.840629 1 
0.790833 1 
0.691241 1 
-1.03966 1 
3.70248 1 
-0.262766 1 
1.01491 1 
1.55325 1 
0.381658 1 
-3.56466 1 
1.20669 1 
1.72337 1 
-2.10085 1 
2.59524 1 
-2.2788 1 
-2.83281 1 
-3.75067 1 
2.9446 1 
-2.64501 1 
0.313812 1 
0.129421 1 
0.195357 1 
0.460356 1 
0.25682 1 
-0.215543 1 
-0.560424 1 
-3.91689 1 
0.93192 1 
1.1065 1 
3.90083 1 
-0.908411 1 
-0.7956 1 
1.41692 1 
1.31016 1 
-3.00902 1 
-1.18936 1 
-1.32103 1 
-1.43467 1 
-1.57845 1 
1.89771 1 
-1.92649 1 
3.30579 1 
-2.46034 1 
2.37715 1 
-1.75236 1 
2.11563 1 
-3.17365 1 
3.11928 1 
-0.00529737 1 
0.547589 1 
-0.339991 1 
-0.447219 1 
0.0625368 1 
0.865528 1 
0.815731 1 
0.716139 1 
0.765935 1 
0.643357 1 
-0.679605 1 
-0.077394 1 
-0.153752 1 
2.76992 1 
3.50414 1 
-1.00224 1 
-1.07709 1 
-3.35886 1 
ZONE T="boundary2"
4 -0.415694 
4 -0.352803 
4 -0.604367 
4 -0.289441 
4 -0.231622 
4 -1 
4 0.143875 
4 -0.478585 
4 -0.109915 
4 0.0873119 
4 0.0152001 
4 0.200439 
4 -0.0569117 
4 0.281555 
4 0.240997 
4 -0.162919 
4 -0.260532 
4 0.565488 
4 0.489287 
4 0.782744 
4 1 
4 0.674116 
4 0.314438 
4 0.347321 
4 0.413087 
4 -0.384249 
4 -0.321122 
4 -0.541476 
4 0.051256 
4 0.261276 
4 -0.802184 
4 -0.197271 
4 -0.274986 
4 -0.0834134 
4 -0.136417 
4 -0.44714 
4 0.172157 
4 0.527388 
4 0.891372 
4 0.619802 
4 0.72843 
4 0.297997 
4 -0.246077 
4 0.220718 
4 0.115594 
4 -0.0208558 
4 0.380204 
4 0.451187 
4 0.33088 
ZONE T="boundary3"
2.32828 -1 
3.76993 -1 
4 -1 
2.63099 -1 
0.782529 -1 
0.896582 -1 
-0.777551 -1 
-0.961024 -1 
-0.869287 -1 
0.150597 -1 
-0.597597 -1 
-0.480431 -1 
0.0839647 -1 
0.3727 -1 
1.01063 -1 
1.13093 -1 
-0.687574 -1 
3.53986 -1 
1.35505 -1 
-1.04093 -1 
-4 -1 
-3.66457 -1 
-2.83627 -1 
-3.0827 -1 
-3.32914 -1 
-2.59484 -1 
-2.3534 -1 
-1.90435 -1 
-2.71555 -1 
-1.75154 -1 
-1.59874 -1 
0.0432436 -1 
-0.363266 -1 
-0.0629987 -1 
0.00252265 -1 
-0.12852 -1 
-0.247473 -1 
-0.187997 -1 
0.294965 -1 
0.476626 -1 
0.580552 -1 
-0.30537 -1 
-1.12083 -1 
0.68154 -1 
1.24299 -1 
1.63373 -1 
1.78085 -1 
1.92797 -1 
1.49439 -1 
-1.38875 -1 
-2.12887 -1 
2.78235 -1 
2.12813 -1 
3.23678 -1 
-3.49685 -1 
0.21723 -1 
-0.421849 -1 
-1.25479 -1 
2.93371 -1 
3.88497 -1 
2.47964 -1 
0.839555 -1 
-0.915156 -1 
-0.539014 -1 
0.953608 -1 
1.07078 -1 
-0.642585 -1 
-1.00098 -1 
-3.83228 -1 
-2.95949 -1 
-2.47412 -1 
-2.65519 -1 
-1.67514 -1 
0.0636041 -1 
-0.030238 -1 
-0.0957594 -1 
0.117281 -1 
-0.158258 -1 
0.333832 -1 
0.528589 -1 
-0.334318 -1 
0.631045 -1 
0.424663 -1 
1.29902 -1 
3.65489 -1 
1.70729 -1 
1.85441 -1 
-2.24114 -1 
-1.82794 -1 
2.70667 -1 
-2.77591 -1 
2.02805 -1 
2.2282 -1 
-3.20592 -1 
3.38832 -1 
-3.58071 -1 
-0.823419 -1 
-0.732562 -1 
0.0228833 -1 
0.183914 -1 
0.256097 -1 
-0.217735 -1 
-0.45114 -1 
-1.08088 -1 
-0.276421 -1 
-0.392557 -1 
-1.18781 -1 
0.732034 -1 
-3.41299 -1 
3.08524 -1 
2.85803 -1 
1.18696 -1 
1.56406 -1 
1.42472 -1 
-1.32177 -1 
-1.49375 -1 
-2.01661 -1 
ZONE T="boundary4"
0.602065 0.179661 
0.613272 0.153112 
0.223357 0.500557 
0.193915 0.503537 
-0.114976 0.456875 
0.282577 0.489561 
0.252985 0.495938 
-0.341809 0.348797 
-0.320411 0.361529 
-0.295672 0.375525 
0.646093 0.0476738 
0.640347 0.0740349 
-0.362956 0.335593 
-0.485317 0.241919 
-0.415822 0.299352 
-0.398474 0.311817 
-0.465843 0.259385 
-0.380829 0.323898 
-0.627344 0.0474635 
-0.616937 0.0715668 
-0.604838 0.0952668 
-0.591105 0.118503 
-0.559203 0.163248 
-0.544387 0.181126 
-0.528913 0.198438 
-0.575862 0.141168 
0.3703 0.458361 
-0.504283 0.223809 
-0.449539 0.273151 
-0.432877 0.286454 
-0.167858 0.436795 
-0.141562 0.447174 
0.578174 0.232982 
0.590415 0.206081 
-0.193958 0.425738 
-0.0611188 0.474011 
-0.0338165 0.481366 
-0.00624281 0.487851 
0.0216143 0.493413 
0.0496901 0.497981 
-0.088195 0.465824 
0.565411 0.259632 
-0.270643 0.388948 
-0.639668 0.0107718 
-0.648007 -0.026416 
-0.245349 0.401795 
0.632749 0.100376 
0.398494 0.443519 
0.341442 0.470903 
0.312153 0.481254 
0.42559 0.426424 
-0.642899 -0.00160608 
-0.219771 0.414071 
0.551242 0.286404 
0.497498 0.362655 
0.475413 0.385734 
0.535354 0.312666 
0.517513 0.338141 
0.0781189 0.501511 
0.135501 0.505105 
0.164629 0.505016 
0.106689 0.503906 
0.64973 0.0213296 
0.623623 0.126682 
0.651058 -0.00484211 
0.45138 0.407069 
-0.63601 0.0230382 
0.607737 0.166412 
0.208657 0.502238 
0.267831 0.492969 
-0.331142 0.355219 
-0.308081 0.368598 
0.643458 0.060904 
-0.407184 0.305636 
-0.389683 0.317906 
-0.622339 0.0595983 
-0.598147 0.106987 
-0.611076 0.0835108 
-0.536726 0.189851 
-0.551883 0.172261 
-0.567677 0.152316 
-0.494868 0.232938 
-0.441252 0.279859 
-0.457738 0.266325 
-0.371921 0.329791 
-0.42439 0.292958 
-0.154745 0.442067 
0.584339 0.21955 
-0.128304 0.452113 
-0.180943 0.431345 
-0.0474983 0.477795 
-0.0200581 0.484722 
0.03563 0.495826 
-0.101619 0.461443 
-0.475649 0.250731 
0.571887 0.246354 
-0.516743 0.211268 
-0.0746892 0.470018 
-0.283195 0.382307 
0.636746 0.0872599 
0.38454 0.45121 
0.326887 0.476327 
0.412212 0.435242 
-0.645671 -0.0139699 
-0.2069 0.419979 
0.558494 0.273111 
0.486685 0.374419 
-0.258032 0.395442 
0.526655 0.325565 
0.543502 0.299664 
0.355986 0.464893 
0.150066 0.505228 
0.179282 0.504455 
0.0923915 0.502855 
0.00765997 0.490754 
0.297433 0.485643 
0.238205 0.498453 
0.121089 0.504661 
-0.583644 0.129942 
0.628339 0.113579 
-0.352418 0.342254 
0.0638866 0.499884 
0.507738 0.350593 
0.650689 0.00825769 
0.618556 0.139936 
-0.232595 0.408005 
0.596282 0.192886 
0.463614 0.39665 
-0.637892 0.0169189 
-0.641337 0.00459712 
0.648184 0.0345377 
0.438682 0.417012 
-0.631884 0.0353211 
ZONE T="boundary5"
-0.613327 -0.247299 
-0.624349 -0.223721 
-0.633594 -0.199721 
-0.193982 -0.426015 
-0.223185 -0.429299 
-0.529564 -0.352058 
-0.652861 -0.0762702 
-0.652956 -0.0887401 
-0.651327 -0.0513197 
0.60807 -0.150387 
0.621124 -0.128144 
0.421193 -0.294689 
0.446079 -0.284043 
-0.641056 -0.175381 
-0.650556 -0.126065 
-0.652605 -0.101197 
-0.646709 -0.150808 
-0.312662 -0.431657 
-0.342683 -0.429101 
-0.430066 -0.408722 
-0.40173 -0.41772 
-0.372493 -0.424498 
-0.252753 -0.431505 
-0.282589 -0.432377 
-0.165208 -0.421897 
-0.108065 -0.411823 
-0.50712 -0.369055 
0.631921 -0.104955 
0.6268 -0.116686 
-0.585635 -0.292441 
0.6464 -0.0561179 
-0.136444 -0.417085 
-0.482971 -0.384266 
-0.0797064 -0.406207 
-0.45719 -0.397554 
-0.568849 -0.313588 
0.0331429 -0.382726 
0.00493632 -0.388573 
0.231523 -0.344726 
0.203322 -0.350042 
-0.0515026 -0.400402 
-0.60045 -0.270289 
-0.023296 -0.394494 
0.0614996 -0.376968 
0.118237 -0.365891 
0.0898108 -0.371366 
0.1466 -0.360554 
0.175014 -0.355286 
0.259581 -0.339225 
-0.550149 -0.333515 
0.342166 -0.32034 
0.369067 -0.31273 
0.287381 -0.333428 
0.315008 -0.327164 
0.395322 -0.30427 
0.493485 -0.258732 
0.575818 -0.191613 
0.557093 -0.210388 
-0.648007 -0.026416 
0.64369 -0.0686039 
0.640368 -0.0809183 
0.592899 -0.171581 
0.537055 -0.22781 
0.649964 -0.030722 
0.651058 -0.00484211 
-0.593263 -0.281518 
0.470371 -0.272003 
0.515805 -0.243949 
-0.619044 -0.23561 
-0.208576 -0.427781 
-0.652964 -0.0825068 
-0.652317 -0.0637855 
0.614855 -0.139418 
0.433704 -0.289531 
-0.637539 -0.18762 
-0.651804 -0.113653 
-0.648855 -0.138475 
-0.3277 -0.430621 
-0.415994 -0.413509 
-0.357636 -0.427066 
-0.267673 -0.432125 
-0.237965 -0.430555 
-0.518524 -0.360797 
0.629432 -0.110852 
-0.122248 -0.414507 
-0.179588 -0.424053 
-0.0938809 -0.40905 
-0.49521 -0.37692 
-0.470225 -0.391187 
-0.297639 -0.432232 
-0.577457 -0.303189 
0.0190398 -0.385638 
0.21743 -0.347401 
-0.0656007 -0.403323 
-0.607106 -0.25892 
-0.0373973 -0.397454 
-0.00917914 -0.391529 
0.0473223 -0.37983 
0.104025 -0.36861 
-0.443748 -0.403423 
0.132421 -0.363209 
0.189174 -0.352668 
0.245562 -0.342008 
-0.540051 -0.343005 
0.355648 -0.316646 
0.301212 -0.330366 
0.408311 -0.299631 
0.566627 -0.201178 
-0.649888 -0.0388425 
0.642106 -0.0747817 
0.0756568 -0.374148 
0.584561 -0.181774 
0.547218 -0.219273 
0.62403 -0.122449 
0.636442 -0.0930411 
-0.150818 -0.419565 
-0.644102 -0.163149 
0.648494 -0.0434641 
0.645123 -0.0623778 
0.382235 -0.308629 
0.32861 -0.323841 
0.273495 -0.336376 
-0.559705 -0.323748 
-0.387183 -0.421391 
0.160812 -0.357914 
0.600717 -0.161153 
0.65082 -0.0177957 
-0.652837 -0.09497 
-0.629179 -0.211805 
-0.596912 -0.275941 
-0.589505 -0.287018 
0.482029 -0.26555 
0.458311 -0.278204 
0.50476 -0.251523 
0.526556 -0.236055 
