ZONE T="boundary0"
-4 -0.486701 
-4 -0.378156 
-4 0.0132739 
-4 0.744969 
-4 0.489938 
-4 0.617453 
-4 -0.157863 
-4 0.872484 
-4 -0.0722944 
-4 -0.220353 
-4 -0.282843 
-4 0.100131 
-4 -0.3305 
-4 -0.595247 
-4 0.292821 
-4 0.232772 
-4 -0.797623 
-4 -0.696435 
-4 0.421405 
-4 0.352871 
-4 1 
-4 0.166451 
-4 -1 
-4 -0.432429 
-4 0.553696 
-4 0.808727 
-4 -0.0295103 
-4 -0.189108 
-4 -0.251598 
-4 -0.115079 
-4 0.0567026 
-4 -0.540974 
-4 0.262797 
-4 -0.747029 
-4 0.322846 
-4 0.387138 
-4 0.455671 
-4 0.681211 
-4 0.936242 
-4 0.199612 
-4 0.133291 
-4 -0.645841 
-4 -0.898812 
-4 -0.306672 
-4 -0.354328 
ZONE T="boundary1"
3.85045 1 
0.563199 1 
-0.839495 1 
0.0294845 1 
-0.0347604 1 
0.313803 1 
2.68943 1 
2.89912 1 
3.4018 1 
3.2553 1 
3.1088 1 
-0.631566 1 
-3.74413 1 
-0.949193 1 
2.55299 1 
-3.5017 1 
-3.25928 1 
4 1 
3.55135 1 
2.09588 1 
1.84117 1 
-2.25386 1 
-3.05945 1 
-2.5609 1 
1.58647 1 
-2.03907 1 
-2.71026 1 
-0.0990052 1 
-0.170439 1 
-0.241873 1 
-0.334985 1 
0.0972043 1 
0.476638 1 
-0.428097 1 
-0.529832 1 
0.164924 1 
0.239364 1 
0.942635 1 
0.743944 1 
0.649761 1 
-4 1 
-1.05889 1 
-0.735531 1 
1.42242 1 
1.04714 1 
1.15276 1 
1.3404 1 
1.25837 1 
-1.27135 1 
-1.38225 1 
-1.49314 1 
-2.85963 1 
-1.65871 1 
-1.57593 1 
-1.82428 1 
-2.40738 1 
2.41656 1 
2.25622 1 
3.7009 1 
0.838127 1 
-0.00263795 1 
2.79427 1 
3.18205 1 
-0.894344 1 
-3.38049 1 
3.92523 1 
3.47658 1 
1.96852 1 
-3.15936 1 
-2.63558 1 
-0.134722 1 
-0.206156 1 
-0.288429 1 
0.519919 1 
-0.478965 1 
0.131064 1 
0.39522 1 
-0.580699 1 
0.696852 1 
0.60648 1 
-3.87207 1 
-3.62292 1 
-1.00404 1 
-0.787513 1 
0.994888 1 
1.20556 1 
-1.16512 1 
-1.43769 1 
1.29938 1 
1.50444 1 
3.00396 1 
1.71382 1 
-2.78495 1 
-2.95954 1 
-1.7415 1 
-1.93168 1 
-2.33062 1 
-2.14646 1 
2.48477 1 
2.62121 1 
3.77568 1 
3.62613 1 
3.32855 1 
-0.0668828 1 
-0.381541 1 
0.276583 1 
0.202144 1 
-0.683548 1 
0.0633444 1 
0.890381 1 
1.09995 1 
-1.3268 1 
1.38141 1 
-2.48414 1 
-1.61732 1 
-1.53454 1 
0.791036 1 
2.17605 1 
2.33639 1 
ZONE T="boundary2"
4 -0.425301 
4 -0.345514 
4 -0.288565 
4 -0.174578 
4 0.316435 
4 0.242271 
4 0.370866 
4 -0.231617 
4 -0.114218 
4 0.171605 
4 -0.505089 
4 0.122326 
4 -0.7018 
4 -1 
4 1 
4 -0.0538578 
4 0.425297 
4 0.0730475 
4 0.588926 
4 0.794463 
4 -0.385408 
4 -0.31704 
4 0.279353 
4 0.343651 
4 0.206938 
4 0.146966 
4 -0.8509 
4 -0.0840377 
4 -0.144398 
4 -0.465195 
4 0.398082 
4 0.00959488 
4 0.507112 
4 0.691694 
4 -0.603444 
4 0.897231 
4 -0.260091 
4 -0.203097 
4 0.097687 
ZONE T="boundary3"
-1.58697 -1 
-1.47783 -1 
-0.880604 -1 
-0.688801 -1 
-0.819353 -1 
0.34384 -1 
0.258923 -1 
-0.356095 -1 
-0.496617 -1 
0.0118362 -1 
-1.06436 -1 
-0.941855 -1 
-0.269262 -1 
-0.117649 -1 
0.883501 -1 
0.785082 -1 
1.35267 -1 
1.449 -1 
0.0791697 -1 
0.585754 -1 
0.686663 -1 
3.76498 -1 
4 -1 
1.73799 -1 
2.16411 -1 
1.95105 -1 
3.52995 -1 
-2.34463 -1 
-2.15748 -1 
1.07097 -1 
1.21182 -1 
-1.36869 -1 
-1.98573 -1 
-1.81398 -1 
2.96015 -1 
3.24505 -1 
2.36312 -1 
2.56213 -1 
-3.07844 -1 
-2.80511 -1 
-2.66845 -1 
-2.53178 -1 
2.76114 -1 
-0.0529065 -1 
0.484845 -1 
0.146503 -1 
-0.193455 -1 
-0.592709 -1 
0.977234 -1 
0.202713 -1 
-1.21653 -1 
-1.14044 -1 
1.54533 -1 
-3.44423 -1 
-4 -1 
-3.72211 -1 
-1.70047 -1 
-3.58317 -1 
-3.26133 -1 
-1.5324 -1 
-0.754077 -1 
0.301382 -1 
-1.00311 -1 
0.834291 -1 
1.40083 -1 
0.636209 -1 
2.05758 -1 
-2.25106 -1 
1.14139 -1 
-1.89986 -1 
3.1026 -1 
2.46262 -1 
-2.94177 -1 
-2.60011 -1 
3.3875 -1 
-0.426356 -1 
0.414343 -1 
0.5353 -1 
0.112836 -1 
-0.0205351 -1 
-0.155552 -1 
-0.640755 -1 
-0.312678 -1 
-0.544663 -1 
0.0455029 -1 
0.230818 -1 
0.735872 -1 
1.0241 -1 
0.930368 -1 
1.28224 -1 
3.88249 -1 
-0.849978 -1 
-1.17848 -1 
-1.1024 -1 
1.64166 -1 
1.84452 -1 
-3.86106 -1 
-1.29261 -1 
-2.07161 -1 
-1.64372 -1 
2.66163 -1 
2.86065 -1 
2.26361 -1 
-2.43821 -1 
-3.5137 -1 
-3.16989 -1 
3.64746 -1 
-3.35278 -1 
-0.0852779 -1 
0.174608 -1 
-0.231359 -1 
-0.91123 -1 
1.49716 -1 
-3.65264 -1 
-1.75723 -1 
-1.42326 -1 
-2.73678 -1 
ZONE T="boundary4"
-0.533105 0.266494 
0.452695 0.302214 
0.444122 0.319132 
0.425922 0.352182 
0.416337 0.367866 
-0.383517 0.41484 
-0.326169 0.451712 
-0.305382 0.463244 
-0.629201 0.0485128 
-0.63226 0.0270333 
-0.624921 0.0700961 
-0.619456 0.0916825 
-0.587222 0.175601 
-0.596387 0.155798 
-0.566621 0.214255 
-0.577289 0.195067 
0.606328 0.0157795 
-0.555313 0.233098 
-0.401326 0.401677 
-0.462474 0.348798 
-0.448331 0.362223 
-0.499567 0.30928 
-0.475715 0.335461 
-0.433784 0.375232 
0.611642 -0.00148961 
0.615828 -0.018859 
-0.365281 0.427432 
-0.284216 0.474092 
-0.417767 0.388702 
-0.261988 0.484574 
-0.239418 0.494318 
-0.215683 0.50364 
-0.634079 0.00571676 
-0.544474 0.249962 
-0.166314 0.520195 
-0.0579161 0.544251 
-0.0291663 0.547929 
0.000310121 0.550518 
-0.605124 0.134635 
-0.522002 0.281573 
0.592247 0.0505233 
0.583694 0.0677643 
0.525515 0.163406 
0.435236 0.335792 
0.40634 0.382974 
0.347362 0.450766 
0.32533 0.46905 
0.36835 0.430229 
0.388475 0.407038 
0.562837 0.10426 
0.573586 0.0861549 
0.538628 0.142649 
0.46837 0.269796 
-0.34593 0.439887 
0.251181 0.512716 
0.30222 0.485272 
0.15891 0.541494 
0.191275 0.533883 
0.221626 0.524428 
0.277164 0.500026 
0.550854 0.123464 
0.599931 0.0329262 
0.61887 -0.0363889 
0.512678 0.184519 
-0.612839 0.113227 
0.484088 0.237222 
-0.19165 0.512163 
-0.140729 0.527351 
-0.0865527 0.53947 
-0.113735 0.533897 
0.49792 0.210532 
0.0313551 0.551915 
0.0622747 0.551889 
0.0946721 0.550245 
0.126647 0.546864 
0.448445 0.310696 
0.421193 0.360069 
-0.315824 0.457564 
-0.630879 0.0377927 
-0.622327 0.0809222 
-0.591903 0.165744 
-0.572038 0.204706 
-0.582346 0.185379 
-0.561043 0.223721 
-0.455453 0.355563 
-0.48783 0.322537 
-0.469144 0.342177 
-0.441107 0.368781 
0.613872 -0.01014 
-0.37445 0.421208 
-0.294844 0.468754 
-0.425829 0.382029 
-0.22759 0.499079 
-0.633323 0.0163865 
-0.549957 0.241569 
-0.043556 0.546229 
-0.0144375 0.549374 
-0.600874 0.145263 
-0.527614 0.274076 
0.588068 0.0591911 
0.439727 0.327491 
0.430637 0.344026 
0.411408 0.375472 
0.336526 0.460137 
0.378638 0.418847 
0.568275 0.095242 
-0.392476 0.40833 
-0.409598 0.395253 
0.460594 0.286046 
-0.355657 0.433738 
-0.510994 0.29559 
0.313932 0.477394 
-0.538857 0.258273 
0.175164 0.537969 
0.206539 0.529429 
0.236519 0.51886 
0.264291 0.506618 
-0.627205 0.059331 
0.60325 0.0243982 
0.596205 0.041775 
0.57873 0.0770075 
0.617492 -0.0275978 
0.609115 0.00718594 
0.556887 0.113882 
0.519041 0.173918 
-0.273146 0.479426 
-0.250743 0.489539 
-0.61628 0.102493 
0.544751 0.133056 
-0.203702 0.508002 
-0.179016 0.516288 
-0.609107 0.123974 
-0.336098 0.445879 
-0.153551 0.523882 
0.532047 0.153003 
-0.100167 0.536805 
-0.0722547 0.541996 
0.358059 0.44072 
0.476162 0.253475 
0.490887 0.223806 
-0.12726 0.530744 
0.0158294 0.55139 
0.0468201 0.552084 
0.289836 0.492901 
0.505183 0.197446 
0.0784901 0.551281 
0.142827 0.544431 
0.110689 0.54878 
0.397613 0.395176 
ZONE T="boundary5"
-0.534069 -0.23888 
-0.520963 -0.249565 
-0.628664 -0.0768736 
-0.624083 -0.0965927 
0.476663 -0.337357 
0.453561 -0.351423 
-0.631947 -0.0567217 
0.48851 -0.329125 
-0.633934 -0.0362255 
-0.634642 -0.0153844 
-0.546884 -0.227184 
-0.582228 -0.18609 
-0.592887 -0.169845 
-0.61819 -0.11585 
0.609335 -0.154152 
-0.5591 -0.214671 
0.499996 -0.320374 
-0.463156 -0.285033 
-0.447268 -0.292265 
-0.317323 -0.330105 
-0.336598 -0.325985 
-0.298034 -0.333979 
-0.25724 -0.341668 
-0.49326 -0.268634 
-0.235081 -0.345703 
-0.213009 -0.349699 
-0.0669766 -0.376778 
-0.041182 -0.381506 
0.0925711 -0.401924 
0.149984 -0.406875 
0.180082 -0.408146 
0.317399 -0.398551 
0.295566 -0.402076 
-0.189413 -0.353987 
-0.165926 -0.358297 
-0.11716 -0.367386 
-0.14149 -0.362831 
-0.0920447 -0.372101 
0.616612 -0.12409 
-0.478726 -0.277038 
-0.507395 -0.259451 
0.533054 -0.289836 
0.543481 -0.278056 
-0.374768 -0.316737 
-0.355734 -0.321562 
0.361441 -0.388554 
-0.277614 -0.33789 
-0.571075 -0.200811 
-0.412297 -0.30553 
-0.42991 -0.299257 
-0.393639 -0.311424 
-0.602477 -0.152711 
0.620949 -0.0891782 
0.619341 -0.106622 
0.572632 -0.23693 
0.584883 -0.214833 
-0.634079 0.00571676 
0.121188 -0.404773 
0.241885 -0.407297 
0.210335 -0.408354 
-0.610983 -0.134583 
0.0375914 -0.394687 
0.0110591 -0.390535 
0.273663 -0.404767 
0.339474 -0.394052 
0.406833 -0.373466 
-0.0153768 -0.386081 
0.430435 -0.363283 
0.442099 -0.357554 
0.511248 -0.310962 
0.384225 -0.381657 
0.522029 -0.301044 
0.621425 -0.071556 
0.558763 -0.258227 
0.595776 -0.191623 
0.600757 -0.179361 
0.612852 -0.141263 
0.605271 -0.166919 
0.61887 -0.0363889 
0.620737 -0.0539909 
0.0649992 -0.398554 
-0.527591 -0.244311 
-0.626541 -0.0867719 
0.465248 -0.344612 
-0.630471 -0.0668249 
-0.634449 -0.0258113 
-0.587701 -0.178058 
0.482631 -0.333304 
-0.621304 -0.106272 
-0.455254 -0.288738 
-0.326966 -0.32808 
-0.246157 -0.343692 
-0.0540833 -0.379156 
0.165022 -0.407635 
0.306498 -0.400421 
-0.177665 -0.356137 
-0.129322 -0.365105 
-0.633104 -0.0464902 
-0.470992 -0.281131 
-0.50039 -0.264135 
-0.514247 -0.254599 
0.538346 -0.284014 
-0.365265 -0.319206 
-0.307681 -0.332068 
-0.565199 -0.207833 
-0.421135 -0.302477 
-0.384222 -0.314149 
-0.438628 -0.295854 
-0.540561 -0.233121 
-0.553086 -0.221014 
0.620284 -0.0979115 
-0.597835 -0.161361 
-0.486048 -0.272927 
-0.267426 -0.33979 
-0.402993 -0.308557 
0.578943 -0.225986 
-0.346175 -0.323819 
0.135573 -0.405925 
0.22611 -0.407997 
-0.614753 -0.125279 
0.0243144 -0.392654 
0.257783 -0.406225 
-0.634517 -0.00483075 
0.284624 -0.403522 
0.350488 -0.391429 
0.328459 -0.39642 
-0.287825 -0.335954 
-0.00216715 -0.388341 
0.418715 -0.368563 
0.447857 -0.354539 
0.505677 -0.315733 
0.494302 -0.324813 
0.395585 -0.377719 
0.436291 -0.360468 
0.527616 -0.295511 
0.621332 -0.0803694 
0.516698 -0.306067 
0.565899 -0.247709 
0.598323 -0.185515 
0.551327 -0.268298 
0.611163 -0.147725 
0.607369 -0.160556 
0.618112 -0.115376 
-0.576773 -0.193539 
0.61995 -0.0451728 
0.621227 -0.0627661 
-0.0795117 -0.374446 
-0.104601 -0.369744 
0.372876 -0.385253 
-0.224041 -0.347701 
-0.153704 -0.360558 
-0.201206 -0.35184 
0.106865 -0.403435 
0.0787718 -0.400308 
-0.0282852 -0.383816 
0.195201 -0.408391 
0.0512827 -0.396678 
0.614859 -0.132703 
-0.606894 -0.143722 
0.603074 -0.173162 
0.590527 -0.203322 
