ZONE T="boundary0"
-4 -0.410282 
-4 -0.352412 
-4 -0.294541 
-4 0.185716 
-4 0.244988 
-4 0.316928 
-4 0.377452 
-4 0.818618 
-4 0.637236 
-4 0.437976 
-4 -0.0822898 
-4 1 
-4 -0.135958 
-4 -1 
-4 0.00665199 
-4 0.140655 
-4 0.0955937 
-4 0.537606 
-4 -0.242083 
-4 -0.472093 
-4 -0.533904 
-4 -0.189626 
-4 -0.650428 
-4 -0.766952 
-4 0.280958 
-4 0.34719 
-4 0.727927 
-4 0.909309 
-4 0.215352 
-4 0.118124 
-4 -0.0378189 
-4 0.163185 
-4 0.0511229 
-4 0.587421 
-4 -0.381347 
-4 -0.502999 
-4 -0.323476 
-4 -0.215855 
-4 -0.162792 
-4 -0.109124 
-4 -0.592166 
-4 -0.883476 
-4 0.407714 
-4 0.487791 
-4 -0.441188 
-4 -0.268312 
-4 -0.70869 
ZONE T="boundary1"
1.17836 1 
1.25148 1 
0.209361 1 
-4 1 
-0.145593 1 
0.00455485 1 
0.948904 1 
0.885603 1 
0.334972 1 
-0.0705193 1 
0.45313 1 
0.0742677 1 
3.28717 1 
3.82179 1 
3.64358 1 
1.32461 1 
-3.5438 1 
-3.75861 1 
-1.34946 1 
-1.23213 1 
-3.1042 1 
-3.32899 1 
-1.9212 1 
-2.36045 1 
2.1289 1 
1.99767 1 
3.46538 1 
2.82878 1 
2.94338 1 
1.56195 1 
1.77981 1 
1.44328 1 
-2.61993 1 
-2.87941 1 
0.395204 1 
0.511056 1 
0.577249 1 
0.143981 1 
0.754148 1 
0.698795 1 
0.643442 1 
0.27474 1 
0.819875 1 
1.0122 1 
-0.238884 1 
-0.192239 1 
-0.332175 1 
-0.285529 1 
-0.487126 1 
-0.538776 1 
-0.651049 1 
-0.894886 1 
-0.960668 1 
-0.435475 1 
-0.763321 1 
-0.707185 1 
1.38394 1 
-0.829104 1 
-1.46678 1 
-1.12929 1 
-1.69399 1 
3.05798 1 
2.52258 1 
2.26013 1 
2.67568 1 
1.09528 1 
-1.02645 1 
4 1 
1.21492 1 
0.917253 1 
0.0394113 1 
3.73269 1 
1.28805 1 
-3.65121 1 
-1.29079 1 
-3.2166 1 
-2.14082 1 
3.37627 1 
2.88608 1 
1.67088 1 
1.50262 1 
-2.49019 1 
-2.74967 1 
0.424167 1 
0.544153 1 
0.109124 1 
0.671118 1 
0.304856 1 
0.365088 1 
0.482093 1 
0.610346 1 
0.242051 1 
-0.108056 1 
-0.0329822 1 
0.787012 1 
0.726471 1 
-0.215561 1 
-0.308852 1 
-0.512951 1 
-0.594912 1 
-0.927777 1 
0.176671 1 
-0.383825 1 
-0.735253 1 
-0.861995 1 
3.55448 1 
1.88874 1 
-1.58039 1 
-1.40812 1 
-1.8076 1 
3.17257 1 
2.06329 1 
2.39136 1 
2.19451 1 
2.59913 1 
2.75223 1 
0.852739 1 
0.980554 1 
1.13682 1 
-0.4613 1 
-0.679117 1 
1.05374 1 
1.35428 1 
1.41361 1 
-0.168916 1 
-0.262207 1 
-0.796212 1 
-0.993559 1 
-1.07787 1 
-2.99181 1 
-3.4364 1 
-1.18071 1 
3.9109 1 
-3.87931 1 
3.00068 1 
ZONE T="boundary2"
4 -0.295365 
4 0.00955331 
4 0.0898623 
4 0.174779 
4 0.299242 
4 0.339785 
4 0.512735 
4 0.216739 
4 -0.58419 
4 -0.688143 
4 -1 
4 -0.792095 
4 0.383022 
4 0.42626 
4 0.258698 
4 -0.463257 
4 -0.40279 
4 -0.203994 
4 -0.159581 
4 -0.342324 
4 -0.0707557 
4 0.634551 
4 -0.248407 
4 -0.115169 
4 0.756367 
4 1 
4 0.878184 
4 0.0497078 
4 0.319513 
4 0.195759 
4 -0.636167 
4 -0.896048 
4 0.404641 
4 0.237719 
4 0.132321 
4 -0.433024 
4 -0.181788 
4 -0.318845 
4 -0.372557 
4 -0.0306012 
4 -0.523724 
4 -0.740119 
4 0.27897 
4 -0.271886 
4 -0.226201 
4 -0.137375 
4 -0.0929621 
4 0.361404 
4 0.469497 
4 0.573643 
4 0.695459 
4 0.939092 
4 0.817275 
ZONE T="boundary3"
-3.7424 -1 
-3.50373 -1 
-1.79331 -1 
-0.907521 -1 
1.207 -1 
-0.461396 -1 
-4 -1 
1.27985 -1 
1.35269 -1 
1.0518 -1 
-3.30254 -1 
-3.10135 -1 
-2.92546 -1 
1.49254 -1 
1.79833 -1 
4 -1 
2.21288 -1 
2.46149 -1 
2.61118 -1 
3.54923 -1 
3.32385 -1 
-2.347 -1 
-2.12669 -1 
-1.90637 -1 
-1.60083 -1 
-1.68025 -1 
-0.198032 -1 
0.294512 -1 
0.224925 -1 
-0.680345 -1 
-0.793933 -1 
-0.123052 -1 
-0.367204 -1 
-0.273013 -1 
-0.57087 -1 
-0.00235548 -1 
0.0764918 -1 
-1.0283 -1 
3.77462 -1 
0.433684 -1 
0.568343 -1 
0.703002 -1 
0.877402 -1 
-1.14907 -1 
1.96427 -1 
1.6324 -1 
2.76087 -1 
3.09847 -1 
-2.54829 -1 
-2.74958 -1 
-1.36254 -1 
-1.44197 -1 
-1.5214 -1 
0.155339 -1 
-1.25581 -1 
-3.62307 -1 
-3.8712 -1 
1.31627 -1 
-3.40314 -1 
-3.0134 -1 
2.33718 -1 
3.43654 -1 
-2.01653 -1 
-1.64054 -1 
0.259718 -1 
-0.737139 -1 
-0.160542 -1 
-0.4143 -1 
-0.235522 -1 
-0.320108 -1 
-0.625608 -1 
0.0370681 -1 
-0.967908 -1 
1.24342 -1 
1.1294 -1 
-0.850727 -1 
0.635673 -1 
0.364098 -1 
3.88731 -1 
1.42262 -1 
0.964602 -1 
0.790202 -1 
-1.08868 -1 
2.08857 -1 
1.71537 -1 
1.8813 -1 
2.92967 -1 
-2.64893 -1 
-2.44765 -1 
-2.23684 -1 
3.21116 -1 
-2.83752 -1 
-1.40226 -1 
-1.56111 -1 
-3.20194 -1 
2.53633 -1 
0.190132 -1 
-0.0627036 -1 
2.68602 -1 
0.501014 -1 
-0.516133 -1 
-1.30918 -1 
-1.20244 -1 
3.66192 -1 
1.56247 -1 
-1.48169 -1 
-1.84984 -1 
-1.73678 -1 
0.115915 -1 
ZONE T="boundary4"
-0.591384 0.266245 
-0.620036 0.0633605 
-0.601336 0.23886 
-0.606521 0.222064 
0.624633 0.150404 
0.604826 0.139283 
-0.621837 0.0804569 
0.649729 0.548342 
0.6629 0.537371 
0.591265 0.586607 
0.606531 0.577962 
0.489909 0.10157 
0.699647 0.499452 
0.68796 0.512948 
-0.62284 0.0980443 
-0.622995 0.115588 
-0.622282 0.133657 
-0.620711 0.15161 
-0.618254 0.169809 
0.755658 0.359308 
-0.615038 0.187538 
-0.611076 0.205079 
0.744442 0.419678 
-0.556617 0.335916 
-0.568611 0.314876 
-0.579658 0.293076 
0.467759 0.0982967 
-0.529607 0.376464 
-0.543596 0.356459 
-0.514713 0.39588 
-0.480322 0.434985 
-0.36692 0.527578 
-0.341628 0.542969 
-0.39137 0.511157 
-0.46093 0.454239 
-0.292633 0.568789 
-0.2677 0.580159 
-0.242352 0.59064 
-0.18685 0.610243 
-0.155779 0.619452 
-0.317399 0.556352 
-0.214782 0.600918 
-0.124401 0.627625 
-0.0549429 0.642201 
-0.0170492 0.648367 
0.0210152 0.653441 
0.0616601 0.657715 
0.67561 0.525646 
0.635827 0.558831 
0.265322 0.0902121 
0.233919 0.0859276 
0.724982 0.462707 
0.512125 0.105948 
0.53532 0.111837 
0.201996 0.0782355 
0.296016 0.0922348 
0.400179 0.0935727 
0.621559 0.568606 
0.476443 0.631766 
0.495346 0.626235 
0.433687 0.0950731 
0.717049 0.475663 
0.708652 0.487799 
0.560426 0.601824 
0.558486 0.119223 
0.102418 0.660883 
0.145305 0.663051 
0.188262 0.664029 
0.27746 0.662043 
0.232848 0.663744 
0.313229 0.65956 
0.414836 0.64599 
0.381953 0.651565 
0.457507 0.636722 
0.702601 0.216407 
0.643958 0.163035 
0.680282 0.192773 
0.662529 0.177126 
0.748476 0.299293 
0.752139 0.314536 
0.754526 0.329883 
0.527896 0.615166 
0.752688 0.387406 
0.732156 0.449272 
0.326152 0.0929404 
0.5818 0.12836 
-0.497983 0.415789 
-0.415744 0.493088 
-0.439487 0.473628 
0.721665 0.241808 
-0.0897921 0.635454 
0.348967 0.655972 
0.362823 0.0931049 
0.743386 0.283892 
0.737011 0.268911 
0.729823 0.255107 
-0.604006 0.230486 
0.614819 0.14468 
-0.621038 0.0718984 
0.656379 0.542939 
0.59894 0.582362 
0.693901 0.506291 
-0.622446 0.0892448 
-0.623022 0.106816 
-0.622748 0.124628 
-0.619588 0.160725 
-0.621602 0.142644 
-0.613147 0.19633 
-0.562739 0.325468 
-0.585734 0.279755 
0.478841 0.0998063 
-0.536714 0.36654 
-0.522266 0.386253 
-0.550225 0.346262 
-0.354361 0.535412 
-0.379239 0.519504 
-0.470737 0.444722 
-0.28022 0.574588 
-0.255073 0.58551 
-0.171355 0.614982 
-0.329582 0.54978 
-0.140124 0.623665 
-0.0360189 0.645426 
0.00196563 0.651036 
0.642837 0.553671 
0.249572 0.0884017 
0.523755 0.108723 
-0.574272 0.304046 
0.280643 0.0914351 
0.614093 0.573366 
0.501034 0.103616 
-0.616743 0.178692 
0.485913 0.629071 
0.450714 0.0964348 
0.712928 0.481793 
0.575976 0.594498 
0.628745 0.563799 
0.669328 0.531593 
0.546952 0.115346 
0.0820287 0.659435 
0.166779 0.663691 
0.255159 0.663078 
0.295351 0.660932 
0.398417 0.648931 
0.671554 0.184784 
0.46699 0.63431 
0.750466 0.306885 
0.753489 0.322193 
0.634404 0.156553 
0.681871 0.519387 
0.755645 0.344601 
0.511694 0.620935 
0.544264 0.608766 
0.65337 0.169915 
0.311062 0.0926996 
0.570214 0.123592 
-0.506461 0.405929 
-0.48926 0.425484 
-0.403667 0.502267 
-0.450325 0.46406 
-0.228613 0.595901 
-0.200855 0.605697 
-0.107129 0.63168 
-0.305077 0.562689 
-0.0723929 0.638958 
0.365475 0.653906 
0.38146 0.0932344 
0.344451 0.0930532 
0.436228 0.641652 
0.123854 0.662115 
0.0413231 0.655719 
0.210555 0.664057 
0.749171 0.403726 
0.73879 0.434704 
0.728667 0.456051 
0.593406 0.133614 
0.704224 0.493685 
0.754653 0.373432 
0.721109 0.469243 
-0.596573 0.252631 
-0.608879 0.213596 
0.746094 0.291541 
0.725859 0.248396 
0.712512 0.228829 
0.691765 0.204288 
-0.427738 0.483504 
0.416905 0.0941504 
0.217853 0.082552 
0.33111 0.65791 
0.733543 0.261944 
0.740357 0.276348 
ZONE T="boundary5"
-0.478942 -0.199084 
-0.330695 -0.324391 
-0.389622 -0.281093 
-0.208487 -0.390384 
-0.563099 -0.0929099 
-0.556068 -0.104021 
-0.582995 -0.0569988 
-0.589336 -0.0435934 
0.0718998 -0.165985 
-0.595197 -0.0299527 
-0.518223 -0.155258 
-0.177904 -0.401422 
-0.464714 -0.21352 
-0.50573 -0.169962 
-0.0796596 -0.417153 
-0.620036 0.0633605 
-0.54117 -0.125664 
-0.529909 -0.140665 
0.0693885 -0.144462 
-0.129956 -0.413275 
-0.146297 -0.410045 
-0.162632 -0.405962 
-0.600721 -0.0156214 
-0.223765 -0.383966 
-0.193087 -0.396254 
-0.240309 -0.376384 
-0.0962131 -0.416969 
-0.0476711 -0.413975 
-0.0634458 -0.416165 
-0.113011 -0.415657 
-0.375387 -0.292289 
-0.347453 -0.31287 
-0.36151 -0.302735 
-0.0155168 -0.405102 
0.000464651 -0.397996 
0.0674168 -0.111749 
-0.448726 -0.229075 
0.0676705 -0.0949148 
-0.272636 -0.359777 
-0.256691 -0.368256 
-0.301119 -0.34329 
-0.313711 -0.335465 
-0.288415 -0.350853 
-0.610309 0.0146412 
-0.418176 -0.25707 
-0.403639 -0.269566 
0.153858 0.0570325 
-0.617486 0.0467164 
-0.576438 -0.0697154 
-0.492892 -0.184278 
0.13882 0.0469377 
0.124702 0.0352437 
-0.605811 -0.000656535 
0.0396002 -0.369142 
0.0167373 -0.388365 
0.0321089 -0.376357 
0.0695973 -0.322518 
0.0647076 -0.333484 
0.046519 -0.36143 
0.0531135 -0.352871 
0.0590749 -0.343771 
0.0740496 -0.309701 
-0.0313144 -0.410271 
0.0812285 -0.260554 
0.0804475 -0.235627 
0.0775001 -0.29597 
0.0801183 -0.279075 
0.0690248 -0.0780475 
-0.614239 0.0305193 
0.071862 -0.0601636 
0.0762744 -0.0425907 
0.0747709 -0.186967 
-0.432493 -0.244232 
0.111737 0.0219553 
0.0775334 -0.207428 
0.09047 -0.00852614 
0.0824997 -0.0251646 
0.100302 0.00734915 
0.201996 0.0782355 
0.169595 0.0655719 
0.185651 0.0725712 
-0.55962 -0.0984903 
-0.586224 -0.0503251 
-0.592328 -0.0368007 
-0.471863 -0.206342 
-0.512026 -0.162657 
-0.535599 -0.133213 
-0.524119 -0.148007 
0.0705639 -0.155255 
-0.138138 -0.411768 
-0.15448 -0.408103 
-0.216146 -0.387238 
-0.200807 -0.393388 
-0.232062 -0.380244 
-0.0879271 -0.417205 
-0.0555244 -0.415225 
-0.104611 -0.416449 
-0.598029 -0.0228148 
-0.382533 -0.286731 
-0.354505 -0.30784 
-0.368474 -0.297549 
-0.00742051 -0.401761 
0.0680569 -0.12816 
-0.339105 -0.318684 
-0.264687 -0.364073 
-0.307431 -0.339408 
-0.294783 -0.347104 
-0.28055 -0.355367 
-0.410939 -0.26336 
-0.618858 0.0550237 
-0.485958 -0.191725 
0.131616 0.0412783 
0.146222 0.0521728 
-0.170284 -0.403772 
-0.248524 -0.372383 
-0.608141 0.00696808 
-0.322233 -0.329983 
0.00875535 -0.393429 
0.0359196 -0.372818 
0.0672588 -0.328062 
0.0498948 -0.357218 
0.0246237 -0.382618 
-0.569935 -0.0814139 
0.0431284 -0.365351 
0.0619915 -0.338693 
0.07196 -0.316175 
-0.0233434 -0.407874 
0.0811162 -0.248149 
0.0790081 -0.287588 
-0.579768 -0.0633851 
0.0681996 -0.0864748 
0.0674175 -0.103334 
-0.612362 0.0225581 
0.0702551 -0.0690726 
0.0738635 -0.0513303 
-0.0715318 -0.416809 
0.0733151 -0.176502 
-0.425364 -0.250689 
0.118045 0.0287802 
0.0761883 -0.197225 
0.0862639 -0.0167424 
0.095172 -0.000448057 
0.105825 0.0148153 
0.177556 0.0692376 
0.161635 0.0614831 
0.193774 0.0755542 
-0.615955 0.0385993 
-0.185513 -0.398911 
0.0759195 -0.302895 
-0.0394406 -0.412306 
-0.121491 -0.414593 
0.0791704 -0.0337875 
-0.39666 -0.275369 
0.0561776 -0.348384 
0.0808798 -0.269868 
-0.603343 -0.00816588 
-0.499354 -0.177163 
-0.548751 -0.11494 
0.0791876 -0.221577 
-0.440645 -0.236699 
-0.456757 -0.221343 
