ZONE T="boundary0"
-4 0.729106 
-4 0.31156 
-4 0.28579 
-4 -0.090882 
-4 0.337329 
-4 -0.148153 
-4 -0.205425 
-4 -1 
-4 1 
-4 0.238861 
-4 0.191932 
-4 0.262326 
-4 0.0625926 
-4 -0.479941 
-4 -0.561119 
-4 -0.249778 
-4 -0.119518 
-4 0.397771 
-4 0.458213 
-4 -0.78056 
-4 0.593659 
-4 0.864553 
-4 0.127262 
-4 -0.294131 
-4 -0.346447 
-4 -0.398763 
-4 0.298675 
-4 0.324444 
-4 -0.176789 
-4 -0.52053 
-4 -0.133836 
-4 -0.0141447 
-4 -0.67084 
-4 -0.89028 
-4 0.79683 
-4 0.250594 
-4 0.215397 
-4 0.274058 
-4 0.0949275 
-4 0.159597 
-4 -0.271954 
-4 -0.227601 
-4 -0.320289 
-4 -0.372605 
-4 -0.439352 
-4 0.36755 
-4 -0.1052 
-4 0.427992 
-4 0.525936 
-4 0.661383 
-4 0.932277 
ZONE T="boundary1"
-3.31909 1 
-3.13928 1 
1.88761 1 
0.927034 1 
4 1 
3.68855 1 
0.524149 1 
0.210336 1 
-0.983873 1 
0.621102 1 
-0.163932 1 
-1.12599 1 
-1.05493 1 
-0.572027 1 
-0.48335 1 
2.41208 1 
-0.745438 1 
0.822544 1 
-1.22388 1 
-1.82629 1 
-2.15336 1 
-3.64573 1 
3.53283 1 
3.37711 1 
3.18877 1 
2.06212 1 
1.28036 1 
1.40766 1 
-3.82287 1 
-4 1 
3.00044 1 
2.72815 1 
-2.77966 1 
-2.3766 1 
-0.238783 1 
-0.102805 1 
-0.660704 1 
-0.398492 1 
-0.313633 1 
0.018638 1 
-0.0416775 1 
0.0789535 1 
0.144645 1 
-0.830172 1 
0.282514 1 
0.354691 1 
0.43942 1 
-1.32177 1 
0.718054 1 
1.15306 1 
-1.43583 1 
-1.54989 1 
1.04005 1 
-1.68809 1 
1.71309 1 
1.56037 1 
2.2371 1 
-2.59985 1 
-2.95947 1 
-3.48241 1 
1.48401 1 
-3.22919 1 
3.84428 1 
0.572625 1 
-1.09046 1 
-0.527688 1 
-1.17493 1 
-1.98983 1 
3.61069 1 
3.28294 1 
1.97486 1 
1.34401 1 
-3.91143 1 
2.86429 1 
-2.26498 1 
-0.133368 1 
-0.616366 1 
-0.440921 1 
-0.201357 1 
-0.276208 1 
-0.0115197 1 
0.0487957 1 
-0.787805 1 
0.246425 1 
0.177491 1 
0.318602 1 
0.481785 1 
-0.703071 1 
0.397056 1 
-1.0194 1 
-0.907022 1 
3.45497 1 
0.770299 1 
-1.49286 1 
0.874789 1 
-1.75719 1 
1.63673 1 
-3.7343 1 
1.80035 1 
2.32459 1 
2.14961 1 
-2.48823 1 
-2.68975 1 
-2.86956 1 
-3.04938 1 
-0.356063 1 
-0.0722411 1 
0.111799 1 
0.669578 1 
0.98354 1 
3.09461 1 
-1.27283 1 
-1.3788 1 
-1.61899 1 
1.09655 1 
-3.40075 1 
-3.56407 1 
1.21671 1 
1.44583 1 
2.57011 1 
1.52219 1 
ZONE T="boundary2"
4 0.218972 
4 0.190332 
4 1 
4 0.364632 
4 0.811882 
4 -0.53426 
4 0.30489 
4 0.247611 
4 0.130825 
4 0.160578 
4 0.424375 
4 0.524069 
4 0.623764 
4 0.0713169 
4 -0.204653 
4 -0.162629 
4 -0.383746 
4 -0.338056 
4 -0.639085 
4 -0.429435 
4 -0.875 
4 -1 
4 -0.0036315 
4 -0.0785799 
4 -0.292367 
4 -0.246678 
4 -0.120604 
4 0.204652 
4 0.233291 
4 0.175455 
4 0.394504 
4 0.474222 
4 0.573917 
4 0.905941 
4 -0.183641 
4 -0.360901 
4 -0.586673 
4 -0.40659 
4 0.717823 
4 -0.481848 
4 -0.9375 
4 -0.757043 
4 0.145701 
4 0.276251 
4 0.334761 
4 0.101071 
4 0.0338427 
4 -0.0411057 
4 -0.269522 
4 -0.315212 
4 -0.225665 
4 -0.141617 
4 -0.0995921 
ZONE T="boundary3"
-3.44487 -1 
3.85032 -1 
-1.0981 -1 
-0.44902 -1 
1.59305 -1 
1.68616 -1 
-1.38119 -1 
0.383725 -1 
0.289269 -1 
-1.45323 -1 
3.40128 -1 
0.910412 -1 
-4 -1 
-3.72243 -1 
-1.98265 -1 
-1.79469 -1 
3.70064 -1 
-3.02447 -1 
1.96546 -1 
2.20346 -1 
3.17294 -1 
2.9446 -1 
-2.5667 -1 
-2.36866 -1 
-2.17061 -1 
-0.320773 -1 
-0.254326 -1 
-0.187879 -1 
-0.0539603 -1 
-0.12092 -1 
0.0117098 -1 
0.194814 -1 
0.136097 -1 
0.242042 -1 
0.0773799 -1 
-0.989438 -1 
-0.664916 -1 
0.502392 -1 
-0.556968 -1 
0.621059 -1 
0.765736 -1 
1.02169 -1 
1.13296 -1 
-1.30916 -1 
-1.20363 -1 
-0.772845 -1 
-1.62396 -1 
-0.880774 -1 
1.34148 -1 
1.46727 -1 
1.77926 -1 
4 -1 
2.44147 -1 
2.69304 -1 
1.63961 -1 
0.336497 -1 
-3.86122 -1 
-1.88867 -1 
-3.23467 -1 
-3.58365 -1 
2.08446 -1 
3.05877 -1 
-2.79558 -1 
-2.26963 -1 
-0.28755 -1 
-0.0874399 -1 
-0.154399 -1 
-0.0211253 -1 
0.165455 -1 
0.265655 -1 
0.106738 -1 
-1.04377 -1 
-0.502994 -1 
-0.384897 -1 
0.443059 -1 
0.561726 -1 
-0.610942 -1 
0.693398 -1 
0.838074 -1 
1.07733 -1 
-1.34518 -1 
-0.71888 -1 
-1.41721 -1 
-0.82681 -1 
-0.935106 -1 
-1.5386 -1 
-1.70933 -1 
-1.15087 -1 
-1.25639 -1 
1.23722 -1 
1.40437 -1 
1.73271 -1 
1.53016 -1 
1.87236 -1 
3.55096 -1 
3.77548 -1 
3.92516 -1 
-2.07663 -1 
2.32247 -1 
2.56725 -1 
2.81882 -1 
-0.221102 -1 
0.0445448 -1 
0.218428 -1 
-2.46768 -1 
0.96605 -1 
3.28711 -1 
ZONE T="boundary4"
-0.0977109 0.41541 
-0.0723492 0.421798 
0.619878 0.174053 
0.628844 0.145577 
0.565128 0.283425 
0.555654 0.29624 
-0.626356 -0.0207295 
-0.624188 0.00232461 
-0.620374 0.0252684 
0.641495 0.0594831 
0.641216 0.0452835 
0.641056 0.0737718 
0.457153 0.382642 
0.47164 0.373515 
-0.220158 0.377363 
-0.196231 0.385721 
-0.373974 0.310687 
-0.289607 0.350379 
-0.312103 0.340658 
-0.354944 0.320487 
-0.333625 0.330821 
0.589334 0.243774 
0.581917 0.257137 
-0.266941 0.359659 
-0.243626 0.368715 
-0.576326 0.134687 
-0.563958 0.153157 
-0.534155 0.189957 
0.638466 0.0172573 
-0.54956 0.172042 
0.632554 0.131122 
0.635636 0.116795 
-0.516713 0.208102 
-0.172161 0.393676 
-0.147612 0.401324 
-0.500411 0.223484 
-0.470225 0.248893 
-0.454954 0.260462 
-0.440169 0.270927 
-0.425087 0.280925 
-0.409054 0.290886 
-0.392769 0.300388 
-0.122915 0.408543 
-0.046456 0.427762 
-0.0204044 0.433176 
-0.485113 0.236809 
-0.614878 0.0480262 
0.485705 0.36375 
0.573982 0.270197 
0.64021 0.0312235 
0.0330886 0.442355 
0.363679 0.424444 
0.39582 0.412902 
0.535274 0.320094 
0.523608 0.331934 
0.545752 0.308394 
0.498776 0.353769 
0.511371 0.343211 
0.427371 0.398861 
0.0883948 0.44892 
0.145841 0.452299 
0.11707 0.451066 
0.205699 0.451679 
0.236225 0.449555 
0.299114 0.44078 
0.331445 0.433639 
0.0606746 0.446017 
0.614719 0.188032 
0.602882 0.216198 
0.639912 0.0881495 
0.638102 0.102439 
-0.598845 0.0924568 
-0.607701 0.0704495 
0.267376 0.445994 
0.00626682 0.438087 
0.175757 0.452549 
-0.588358 0.113913 
-0.0850467 0.418666 
0.624604 0.159891 
0.560467 0.289888 
-0.622487 0.0138296 
0.641446 0.0523808 
0.464447 0.378158 
-0.208212 0.381593 
-0.300879 0.345575 
-0.344315 0.325719 
0.585687 0.25049 
-0.570283 0.144016 
-0.556904 0.16271 
0.634168 0.123974 
-0.159904 0.397553 
-0.508646 0.215882 
-0.462637 0.254741 
-0.432665 0.275983 
-0.417106 0.285964 
-0.447602 0.265753 
-0.383406 0.305602 
-0.255303 0.364239 
-0.364488 0.315645 
-0.32289 0.335798 
-0.184213 0.38975 
-0.11033 0.412036 
-0.0334463 0.430541 
-0.0594194 0.424848 
-0.278295 0.355072 
-0.492823 0.230217 
-0.23191 0.373089 
-0.13528 0.404989 
0.478728 0.368712 
0.569631 0.276862 
0.639431 0.024228 
0.640805 0.0382463 
0.630768 0.138367 
0.379851 0.418956 
0.529513 0.326085 
0.540581 0.314305 
0.492296 0.358833 
-0.400943 0.295691 
0.505135 0.348563 
0.517557 0.337646 
0.411731 0.406187 
0.131449 0.4518 
-0.477719 0.242914 
0.220972 0.450778 
0.31533 0.437442 
0.0468679 0.444279 
0.617351 0.181063 
0.641364 0.0666296 
0.64057 0.080967 
0.636947 0.10963 
0.639088 0.095304 
-0.603473 0.0815327 
0.550774 0.302375 
0.0745232 0.447567 
0.102723 0.450104 
0.251821 0.447956 
0.283278 0.443591 
0.0196632 0.440304 
0.190731 0.452259 
-0.00708468 0.43571 
0.160797 0.452559 
0.347635 0.429297 
0.442429 0.391059 
-0.611494 0.0593024 
-0.593793 0.103278 
0.578017 0.263708 
-0.582522 0.124404 
-0.541984 0.181108 
-0.525557 0.199148 
-0.617833 0.0366961 
0.59632 0.230091 
0.609004 0.202201 
-0.625475 -0.00918428 
ZONE T="boundary5"
-0.554786 -0.268204 
-0.626917 -0.0438199 
-0.626356 -0.0207295 
-0.59912 -0.180776 
-0.607251 -0.158239 
-0.625919 -0.0668962 
-0.62341 -0.0898825 
-0.619433 -0.112795 
-0.541485 -0.288225 
-0.447308 -0.391295 
-0.468984 -0.371854 
-0.0687177 -0.530284 
-0.295937 -0.484749 
-0.268105 -0.495727 
-0.239797 -0.505253 
-0.323296 -0.472308 
-0.34999 -0.458485 
-0.0970428 -0.529922 
-0.125457 -0.528043 
-0.0129329 -0.526435 
-0.211386 -0.513222 
-0.182689 -0.519705 
-0.154129 -0.524625 
-0.589699 -0.203159 
-0.567103 -0.247613 
-0.501122 -0.338946 
-0.515501 -0.322295 
-0.528847 -0.30552 
-0.579036 -0.225404 
-0.400731 -0.42709 
-0.375924 -0.443329 
-0.486088 -0.355012 
-0.424649 -0.409643 
0.584216 -0.107485 
0.632777 -0.0101254 
0.591709 -0.097216 
0.638466 0.0172573 
0.624202 -0.0366375 
-0.614035 -0.135577 
0.612836 -0.0621568 
-0.0406885 -0.529122 
0.0679703 -0.509244 
0.0144783 -0.522221 
0.0414542 -0.516489 
0.119566 -0.490245 
0.0940781 -0.500469 
0.192885 -0.451058 
0.144576 -0.478547 
0.168946 -0.465497 
0.216388 -0.435323 
0.239557 -0.418359 
0.285018 -0.381443 
0.353574 -0.320438 
0.330418 -0.341374 
0.307839 -0.361559 
0.262504 -0.400261 
0.400296 -0.278333 
0.376645 -0.299575 
0.44817 -0.236219 
0.423947 -0.257327 
0.496582 -0.195189 
0.520314 -0.174605 
0.540415 -0.156035 
0.472462 -0.215553 
0.559608 -0.13658 
0.576351 -0.117454 
0.602865 -0.080093 
0.635984 0.00345352 
-0.626834 -0.0322708 
-0.603338 -0.169563 
-0.62661 -0.0553672 
-0.621599 -0.10137 
-0.458269 -0.381712 
-0.548255 -0.278294 
-0.28209 -0.490416 
-0.254011 -0.500672 
-0.336731 -0.465567 
-0.0828816 -0.530293 
-0.111261 -0.52917 
-0.197078 -0.516649 
-0.168439 -0.522349 
-0.59455 -0.192027 
-0.508395 -0.330693 
-0.584498 -0.214344 
-0.38843 -0.435367 
-0.493684 -0.347053 
-0.4128 -0.418519 
0.628845 -0.0235001 
-0.616904 -0.124226 
0.61885 -0.0495489 
-0.522258 -0.313975 
-0.0267921 -0.527972 
0.000801749 -0.524522 
-0.610804 -0.146956 
0.0547623 -0.513058 
0.106891 -0.495539 
0.132148 -0.484571 
0.181 -0.458428 
0.204721 -0.443325 
0.228052 -0.426956 
0.342004 -0.330912 
0.273817 -0.390922 
0.388463 -0.288937 
-0.561064 -0.25798 
0.436033 -0.246732 
0.50851 -0.184965 
0.365107 -0.309998 
-0.535256 -0.296938 
0.550144 -0.146439 
0.530454 -0.165416 
0.568131 -0.127153 
0.580328 -0.112506 
0.59743 -0.0887502 
0.588012 -0.102388 
0.634472 -0.00335844 
0.637318 0.0103379 
0.608012 -0.0712169 
-0.573197 -0.236577 
-0.477625 -0.363523 
-0.436094 -0.400612 
-0.309695 -0.478704 
-0.0546947 -0.529894 
0.0810847 -0.505045 
0.484535 -0.20538 
-0.225641 -0.50942 
-0.139814 -0.526522 
0.0280055 -0.519548 
0.156842 -0.472185 
0.2511 -0.409405 
0.29647 -0.371549 
0.460295 -0.225852 
0.319152 -0.351491 
0.412108 -0.267806 
-0.624849 -0.0784102 
-0.363054 -0.451073 
