ZONE T="boundary0"
-4 -0.404497 
-4 -0.332942 
-4 0.3764 
-4 0.325135 
-4 -0.223544 
-4 -0.278243 
-4 -0.476052 
-4 1 
-4 0.124374 
-4 0.170764 
-4 0.00920364 
-4 0.217155 
-4 0.271145 
-4 0.499207 
-4 0.427665 
-4 -0.673699 
-4 -0.164755 
-4 -1 
-4 0.713833 
-4 -0.836849 
-4 0.570749 
-4 -0.0483814 
-4 -0.105967 
-4 -0.36872 
-4 0.350768 
-4 -0.250894 
-4 0.147569 
-4 0.0667887 
-4 0.19396 
-4 0.29814 
-4 0.24415 
-4 0.463436 
-4 -0.440275 
-4 -0.574875 
-4 0.856916 
-4 -0.755274 
-4 0.402033 
-4 0.642291 
-4 -0.918425 
-4 -0.305593 
-4 -0.135361 
-4 -0.19415 
-4 -0.0195889 
-4 -0.077174 
-4 0.534978 
ZONE T="boundary1"
0.288507 1 
0.223853 1 
0.50824 1 
0.624638 1 
0.973415 1 
0.857226 1 
-0.393605 1 
-0.339545 1 
1.26007 1 
1.36354 1 
-3.73088 1 
-4 1 
-2.55424 1 
1.98488 1 
1.81054 1 
-2.91512 1 
-2.73891 1 
3.60331 1 
3.40496 1 
2.24639 1 
2.46449 1 
2.68258 1 
-3.46176 1 
-1.6654 1 
-2.36957 1 
-1.83931 1 
-2.10444 1 
0.159679 1 
0.0260138 1 
0.0955044 1 
0.430701 1 
0.353161 1 
-0.0434769 1 
-0.177364 1 
-0.11042 1 
-0.231424 1 
-0.285484 1 
-0.50681 1 
-0.620014 1 
0.741037 1 
-0.852006 1 
-0.73601 1 
3.80165 1 
4 1 
1.065 1 
-1.15194 1 
-1.03966 1 
1.15659 1 
2.9446 1 
-1.49149 1 
-1.37785 1 
1.49987 1 
-1.57845 1 
3.20662 1 
1.6362 1 
-3.27655 1 
-3.09133 1 
-1.26421 1 
0.25618 1 
0.566439 1 
-0.366575 1 
1.3118 1 
-3.86544 1 
1.89771 1 
-2.82702 1 
3.50414 1 
2.35544 1 
-3.59632 1 
-2.64658 1 
-1.97188 1 
0.0607591 1 
0.391931 1 
0.127592 1 
0.191766 1 
-0.00873161 1 
-0.143892 1 
-0.258454 1 
-0.0769486 1 
-0.312515 1 
0.320834 1 
-0.563412 1 
-0.450207 1 
0.682838 1 
-0.794008 1 
3.90083 1 
3.70248 1 
1.01921 1 
-0.945835 1 
1.1108 1 
-1.43467 1 
-1.0958 1 
1.4317 1 
2.57353 1 
-1.62192 1 
3.30579 1 
-2.46191 1 
2.81359 1 
1.72337 1 
1.56803 1 
-2.23701 1 
-3.36915 1 
2.11563 1 
-0.204394 1 
0.799131 1 
0.91532 1 
-0.678012 1 
1.20833 1 
-1.75236 1 
-1.53497 1 
3.07561 1 
-3.00323 1 
-3.18394 1 
-1.20807 1 
-1.32103 1 
0.46947 1 
ZONE T="boundary2"
4 -0.480871 
4 -0.43732 
4 -0.211725 
4 -0.109915 
4 0.311905 
4 -0.0473575 
4 0.0152001 
4 0.229048 
4 0.143875 
4 0.0795377 
4 -0.853352 
4 -0.706704 
4 -1 
4 -0.282932 
4 -0.259196 
4 -0.306667 
4 -0.393769 
4 0.482257 
4 0.200657 
4 0.366371 
4 0.257438 
4 0.674116 
4 0.578187 
4 -0.593788 
4 1 
4 0.837058 
4 -0.235461 
4 0.424314 
4 -0.459096 
4 -0.16082 
4 -0.0160787 
4 -0.780028 
4 -0.926676 
4 0.0473689 
4 -0.271064 
4 -0.350218 
4 0.339138 
4 0.284672 
4 0.243243 
4 0.626151 
4 0.530222 
4 -0.537329 
4 0.918529 
4 -0.223593 
4 -0.247328 
4 0.214852 
4 0.172266 
4 0.111707 
4 -0.2948 
4 -0.0786364 
4 0.395343 
4 -0.415545 
4 -0.650246 
4 0.755587 
4 0.453286 
ZONE T="boundary3"
2.16702 -1 
3.12317 -1 
-0.584003 -1 
-0.488452 -1 
0.150597 -1 
-0.18609 -1 
-0.778431 -1 
0.476626 -1 
0.580552 -1 
0.3727 -1 
-1.34078 -1 
-1.14786 -1 
-1.75154 -1 
-1.90435 -1 
-1.59874 -1 
3.42759 -1 
1.95449 -1 
1.72444 -1 
2.37956 -1 
1.36869 -1 
2.58096 -1 
2.78235 -1 
-2.3534 -1 
-3.14622 -1 
-3.00267 -1 
-2.85911 -1 
-3.28978 -1 
-1.46976 -1 
3.57069 -1 
3.875 -1 
4 -1 
-0.392901 -1 
-0.319792 -1 
0.782529 -1 
-0.125498 -1 
-0.246683 -1 
-0.00987754 -1 
-0.0676876 -1 
0.0703599 -1 
0.203347 -1 
0.256097 -1 
-0.681217 -1 
1.01063 -1 
-0.440676 -1 
-0.866769 -1 
-1.05148 -1 
-0.955107 -1 
0.896582 -1 
1.24299 -1 
-3.81132 -1 
-4 -1 
-3.62264 -1 
-1.67514 -1 
1.49439 -1 
0.68154 -1 
2.95276 -1 
-2.12887 -1 
-2.71555 -1 
3.27538 -1 
1.12681 -1 
3.71379 -1 
-0.536227 -1 
0.528589 -1 
-1.82794 -1 
1.83946 -1 
2.27329 -1 
2.06076 -1 
2.68165 -1 
-3.07444 -1 
3.9375 -1 
-0.356346 -1 
-0.155794 -1 
-0.283237 -1 
-0.216387 -1 
-0.0387826 -1 
0.0302411 -1 
-0.0965926 -1 
0.110479 -1 
0.229722 -1 
0.314398 -1 
0.424663 -1 
-0.632609 -1 
-0.416788 -1 
-0.8226 -1 
-1.24432 -1 
-1.00329 -1 
-1.53425 -1 
-0.729824 -1 
-3.90566 -1 
-3.71698 -1 
-1.63694 -1 
1.60941 -1 
0.732034 -1 
-1.40527 -1 
2.86756 -1 
-2.01661 -1 
1.30584 -1 
-3.218 -1 
-2.93089 -1 
-2.78733 -1 
3.19928 -1 
-2.53448 -1 
3.03797 -1 
-2.24114 -1 
1.06872 -1 
2.48026 -1 
3.7944 -1 
-3.45621 -1 
3.49914 -1 
3.35148 -1 
0.176972 -1 
0.631045 -1 
-0.464564 -1 
0.953608 -1 
-1.09967 -1 
-0.910938 -1 
1.1849 -1 
-1.71334 -1 
1.43154 -1 
0.839555 -1 
3.64224 -1 
ZONE T="boundary4"
-0.268715 0.439228 
-0.243163 0.451823 
-0.582038 0.15774 
-0.646599 -0.0129246 
-0.628613 0.0611169 
-0.636309 0.0364598 
-0.619274 0.0856411 
0.633301 0.0313397 
0.625316 0.0570647 
-0.642313 0.0117644 
0.319714 0.469077 
0.346612 0.453332 
-0.516778 0.246254 
-0.639517 0.0241458 
-0.466035 0.299923 
-0.363418 0.382739 
-0.383792 0.368346 
-0.608345 0.109966 
-0.566863 0.181076 
-0.553362 0.200139 
-0.535482 0.22354 
-0.499385 0.265919 
-0.109393 0.501306 
-0.0816122 0.508268 
-0.481286 0.284937 
-0.293814 0.425807 
-0.434241 0.328592 
-0.417758 0.342281 
-0.450351 0.314466 
0.615257 0.082573 
-0.342638 0.396548 
-0.40094 0.355528 
-0.31847 0.411569 
-0.164014 0.484342 
-0.190786 0.474414 
-0.136878 0.493317 
0.148436 0.521994 
0.177532 0.5176 
-0.0535029 0.514177 
0.00344033 0.522648 
0.0321738 0.525119 
-0.025184 0.518978 
0.530999 0.237188 
0.515478 0.26461 
0.546018 0.210599 
0.119255 0.524866 
-0.21718 0.463562 
-0.595891 0.13404 
0.23539 0.503826 
0.206515 0.511587 
0.420946 0.393368 
0.397433 0.415393 
0.292114 0.482678 
0.372627 0.435396 
0.499387 0.291653 
0.463245 0.344577 
0.482066 0.318404 
0.0901839 0.526292 
0.0611786 0.526357 
0.263917 0.494243 
0.603315 0.108133 
0.590166 0.133231 
0.575845 0.158774 
0.63898 0.00541427 
0.642183 -0.0205534 
0.442891 0.369671 
0.561162 0.184245 
-0.255993 0.445631 
-0.632656 0.0488463 
-0.624128 0.0734469 
0.629568 0.0442826 
0.333305 0.461452 
-0.640966 0.017966 
-0.637963 0.0303152 
-0.373657 0.375615 
-0.613983 0.0978797 
-0.574583 0.169494 
-0.560194 0.190665 
-0.544533 0.211925 
-0.508168 0.256163 
-0.0955355 0.504918 
-0.473716 0.292486 
-0.281321 0.43262 
-0.426045 0.33549 
-0.442344 0.321584 
-0.458245 0.30725 
0.620506 0.0699037 
-0.353078 0.389717 
-0.409392 0.348958 
-0.177445 0.479496 
-0.150488 0.488952 
0.163016 0.51999 
0.0177959 0.524036 
-0.0393665 0.516719 
0.523276 0.250919 
0.53849 0.223875 
-0.490425 0.275511 
0.133867 0.523614 
-0.230223 0.457802 
-0.306201 0.418788 
-0.330616 0.404155 
-0.0675859 0.511359 
-0.60228 0.122085 
0.221013 0.507922 
0.409386 0.4046 
0.306032 0.47612 
0.359784 0.44461 
-0.204031 0.469101 
0.507536 0.278198 
0.49087 0.305128 
-0.0108893 0.52096 
-0.526231 0.234981 
0.104731 0.525753 
0.046672 0.525898 
0.249731 0.499259 
0.192068 0.514797 
0.278113 0.488696 
-0.589112 0.145975 
0.583072 0.146033 
0.60946 0.0954313 
-0.392406 0.361991 
0.640892 -0.0075291 
0.432116 0.381714 
0.0756843 0.52649 
0.568521 0.171511 
0.596858 0.120738 
-0.123173 0.497438 
0.553573 0.197403 
0.453258 0.357288 
0.385212 0.42563 
-0.644666 -0.000546656 
0.636431 0.0184418 
0.472828 0.331623 
ZONE T="boundary5"
0.052151 -0.379396 
0.0236639 -0.379251 
-0.328711 -0.373497 
-0.492011 -0.327938 
-0.358145 -0.36978 
-0.38696 -0.364683 
0.136996 -0.379017 
0.165129 -0.37833 
-0.589486 -0.244706 
-0.581722 -0.254663 
-0.646599 -0.0129246 
-0.64914 -0.0375418 
-0.649912 -0.0620394 
-0.63475 -0.157485 
-0.641336 -0.134145 
-0.646038 -0.110408 
-0.648887 -0.0863418 
0.629613 -0.122062 
0.636482 -0.0973325 
-0.555771 -0.282497 
-0.414941 -0.358042 
-0.269036 -0.377643 
-0.239028 -0.378549 
-0.120603 -0.378952 
-0.20924 -0.378965 
-0.179456 -0.379082 
-0.150001 -0.379041 
0.62529 -0.134234 
-0.514932 -0.31442 
-0.573553 -0.264251 
-0.603601 -0.224064 
-0.61587 -0.20256 
-0.536208 -0.299253 
-0.0624509 -0.378882 
-0.0914922 -0.378886 
0.0805113 -0.379458 
-0.0336355 -0.378953 
-0.467628 -0.339712 
0.482664 -0.30375 
0.50476 -0.289041 
0.221044 -0.375517 
0.193101 -0.377201 
-0.00489999 -0.379087 
0.108837 -0.37936 
0.248726 -0.373179 
-0.298956 -0.376038 
0.276385 -0.37005 
0.303686 -0.366048 
0.357549 -0.354887 
0.330873 -0.36101 
0.435001 -0.328593 
0.409715 -0.338795 
0.4592 -0.317012 
0.525789 -0.272576 
0.545427 -0.254517 
0.38398 -0.347484 
0.640919 -0.0720763 
0.642833 -0.0464483 
0.580411 -0.214232 
0.563612 -0.235029 
0.595627 -0.192391 
0.609035 -0.169672 
0.62042 -0.146199 
0.639011 -0.0847617 
0.642183 -0.0205534 
-0.626258 -0.180335 
0.602554 -0.181162 
-0.441854 -0.349752 
0.0379098 -0.37933 
-0.372593 -0.367425 
0.151063 -0.378722 
-0.585657 -0.249726 
-0.648086 -0.025214 
-0.638276 -0.145883 
-0.647693 -0.0984051 
-0.401009 -0.361578 
-0.343454 -0.371804 
-0.254035 -0.378169 
-0.224134 -0.378805 
-0.164726 -0.379073 
-0.135299 -0.378998 
-0.564867 -0.273575 
-0.57769 -0.259502 
-0.546178 -0.291094 
-0.0769674 -0.378875 
-0.0480388 -0.378908 
0.066333 -0.379442 
0.493849 -0.296602 
0.207075 -0.376436 
0.00938476 -0.379168 
-0.194346 -0.379051 
0.23489 -0.374439 
-0.284004 -0.376943 
0.179116 -0.377828 
0.122917 -0.379225 
0.29005 -0.368169 
0.344243 -0.358099 
0.422433 -0.333887 
-0.649626 -0.0742033 
0.515436 -0.281017 
0.471048 -0.310589 
0.535786 -0.263741 
0.370808 -0.351352 
0.642196 -0.0592833 
0.572192 -0.224781 
0.627522 -0.128172 
0.622922 -0.140243 
0.637823 -0.0910619 
0.640043 -0.0784302 
0.633343 -0.109776 
0.396904 -0.343317 
-0.31385 -0.374901 
0.447194 -0.323001 
0.262565 -0.371721 
0.0946752 -0.379435 
-0.106044 -0.378913 
-0.649748 -0.0497868 
0.317302 -0.363666 
-0.0192645 -0.379014 
0.554697 -0.244942 
-0.621289 -0.191555 
-0.609953 -0.213436 
-0.630735 -0.168998 
0.599145 -0.186808 
0.642829 -0.0334903 
-0.643919 -0.122326 
-0.596756 -0.23453 
0.588216 -0.203451 
0.605851 -0.17545 
-0.479943 -0.334069 
-0.503619 -0.321419 
-0.525739 -0.307068 
-0.454842 -0.344974 
-0.428477 -0.354128 
0.614977 -0.158055 
