ZONE T="boundary0"
-4 -0.835473 
-4 -0.00715307 
-4 0.261326 
-4 0.32285 
-4 0.384375 
-4 0.666525 
-4 0.555367 
-4 0.222838 
-4 0.469871 
-4 0.184349 
-4 0.128546 
-4 0.0727425 
-4 -0.564476 
-4 -0.670946 
-4 -0.35475 
-4 -0.197428 
-4 -0.234221 
-4 -0.0870487 
-4 0.777683 
-4 -1 
-4 1 
-4 -0.160635 
-4 -0.123842 
-4 -0.294485 
-4 -0.406378 
-4 -0.458005 
-4 0.292088 
-4 0.610946 
-4 0.512619 
-4 0.203594 
-4 0.427123 
-4 0.242082 
-4 0.100644 
-4 0.156448 
-4 -0.617711 
-4 0.0327947 
-4 -0.215824 
-4 -0.0471009 
-4 0.722104 
-4 -0.917736 
-4 -0.753209 
-4 0.888842 
-4 -0.179031 
-4 -0.105445 
-4 -0.142238 
-4 -0.324618 
-4 -0.380564 
-4 -0.432192 
-4 -0.51124 
-4 -0.264353 
-4 0.353613 
ZONE T="boundary1"
3.63534 1 
4 1 
0.563346 1 
-0.221972 1 
-0.284182 1 
0.34228 1 
-0.599318 1 
-0.671767 1 
-0.101297 1 
0.633962 1 
0.697116 1 
0.202497 1 
1.04503 1 
0.966291 1 
0.823911 1 
-1.282 1 
-0.843343 1 
-0.883507 1 
3.45301 1 
-1.93426 1 
-3.65275 1 
3.04983 1 
2.82898 1 
3.27068 1 
1.87249 1 
1.66925 1 
-3.09418 1 
-3.37347 1 
-2.67864 1 
2.45056 1 
2.63977 1 
0.49273 1 
0.417505 1 
0.76027 1 
0.138841 1 
-0.403947 1 
-0.465408 1 
-0.526869 1 
0.272389 1 
0.075185 1 
-0.0428335 1 
-0.159761 1 
-0.344064 1 
-0.803179 1 
0.0161757 1 
-0.737473 1 
0.887552 1 
0.926921 1 
-0.963834 1 
-0.92367 1 
1.11959 1 
-1.03554 1 
-1.38788 1 
1.19415 1 
-3.82638 1 
-1.10724 1 
-1.19462 1 
1.38148 1 
1.28782 1 
1.45342 1 
-1.49376 1 
-1.68946 1 
-1.59161 1 
-1.81186 1 
-2.2091 1 
-2.44387 1 
-4 1 
2.07572 1 
-3.51311 1 
2.26314 1 
1.52536 1 
3.81767 1 
-0.253077 1 
-0.635543 1 
0.665539 1 
-0.863425 1 
3.16025 1 
2.9394 1 
1.77087 1 
-2.88641 1 
2.54516 1 
0.455117 1 
0.379892 1 
0.728693 1 
0.598654 1 
-0.434677 1 
-0.496138 1 
-0.563093 1 
0.528038 1 
0.107013 1 
0.170669 1 
-0.130529 1 
-0.190866 1 
-0.314123 1 
0.237443 1 
-0.0720655 1 
0.307334 1 
0.0456804 1 
-0.70462 1 
-0.0133289 1 
-0.770326 1 
0.792091 1 
0.907237 1 
1.00566 1 
0.855731 1 
-0.943752 1 
1.08231 1 
-0.823261 1 
-0.374005 1 
-1.15093 1 
1.33465 1 
1.41745 1 
-1.44082 1 
-1.33494 1 
-1.64053 1 
-1.87306 1 
-1.54269 1 
-1.75066 1 
3.54417 1 
-2.07168 1 
-2.32649 1 
-2.56126 1 
-3.73956 1 
-3.91319 1 
1.9741 1 
-3.44329 1 
2.35685 1 
2.73437 1 
-3.58293 1 
2.16943 1 
1.59731 1 
-1.07139 1 
0.946606 1 
-0.903589 1 
-0.999686 1 
1.15687 1 
1.24098 1 
1.48939 1 
-1.23831 1 
-3.23382 1 
3.36184 1 
ZONE T="boundary2"
4 -0.681775 
4 -0.5757 
4 -0.337338 
4 -0.28565 
4 0.282789 
4 0.390678 
4 1 
4 -0.0885499 
4 0.128704 
4 0.0457204 
4 -0.0372633 
4 -1 
4 -0.78785 
4 0.181735 
4 0.810208 
4 0.620416 
4 -0.186899 
4 -0.139837 
4 -0.259806 
4 -0.396929 
4 -0.456519 
4 -0.233962 
4 0.450543 
4 0.53548 
4 0.330813 
4 0.234766 
4 -0.628737 
4 -0.311494 
4 0.00422855 
4 -0.893925 
4 0.905104 
4 0.715312 
4 -0.163368 
4 -0.426724 
4 -0.367134 
4 -0.51611 
4 0.420611 
4 0.493011 
4 0.360745 
4 0.577948 
4 0.258778 
4 0.155219 
4 0.20825 
4 -0.734812 
4 -0.210431 
4 -0.272728 
4 -0.246884 
4 -0.0629066 
4 -0.114193 
4 0.306801 
4 0.0872122 
ZONE T="boundary3"
-3.20275 -1 
-3.38873 -1 
-0.6632 -1 
3.29111 -1 
3.64556 -1 
1.13275 -1 
1.24704 -1 
4 -1 
-1.14595 -1 
-1.02881 -1 
0.895183 -1 
0.236957 -1 
0.339441 -1 
0.501323 -1 
1.75002 -1 
1.88723 -1 
-3.78735 -1 
-3.5747 -1 
-2.76825 -1 
-2.36197 -1 
2.36108 -1 
2.19261 -1 
-2.9855 -1 
-2.17191 -1 
0.0140204 -1 
-0.231711 -1 
0.134473 -1 
-0.106432 -1 
-4 -1 
0.779194 -1 
0.663205 -1 
1.01397 -1 
1.36133 -1 
1.48707 -1 
1.61281 -1 
-0.746023 -1 
-0.35699 -1 
2.89019 -1 
-1.25306 -1 
-1.46506 -1 
-1.36016 -1 
-0.91167 -1 
0.582264 -1 
2.03992 -1 
2.70987 -1 
2.52955 -1 
-1.98185 -1 
-1.7759 -1 
-1.56995 -1 
-1.67292 -1 
-0.468683 -1 
-0.580377 -1 
-3.29574 -1 
3.46833 -1 
1.1899 -1 
-1.08738 -1 
0.288199 -1 
0.420382 -1 
1.81863 -1 
-3.68103 -1 
-2.56511 -1 
-2.87687 -1 
3.82278 -1 
-0.0462057 -1 
-3.48171 -1 
0.837189 -1 
1.07336 -1 
1.30419 -1 
0.954576 -1 
1.54994 -1 
-0.704612 -1 
3.09065 -1 
-1.19951 -1 
-1.41261 -1 
-0.970241 -1 
0.622735 -1 
2.11626 -1 
1.96358 -1 
2.61971 -1 
-0.828847 -1 
-1.87887 -1 
-3.09413 -1 
-2.07688 -1 
-3.89368 -1 
-0.294351 -1 
-0.169071 -1 
-1.62144 -1 
2.44531 -1 
-2.26694 -1 
2.27684 -1 
0.185715 -1 
2.80003 -1 
0.0742465 -1 
0.541793 -1 
0.7212 -1 
1.4242 -1 
-1.30661 -1 
-0.412837 -1 
1.68141 -1 
-0.52453 -1 
-0.621788 -1 
-1.5175 -1 
-1.72441 -1 
ZONE T="boundary4"
-0.761321 0.192526 
-0.782109 0.273474 
-0.781184 0.25843 
-0.78051 0.304638 
-0.781881 0.288935 
-0.778075 0.320262 
-0.767044 0.204226 
-0.774599 0.336011 
0.655673 0.538816 
0.640411 0.548927 
-0.745011 0.410967 
-0.642684 0.536687 
-0.617684 0.556543 
-0.664803 0.516566 
-0.732544 0.432604 
-0.490151 0.624616 
-0.422099 0.645393 
-0.388721 0.652859 
-0.589324 0.575979 
-0.319122 0.663995 
-0.282714 0.667907 
-0.771855 0.216348 
-0.775989 0.22974 
-0.102251 -0.0727748 
-0.0686859 -0.0775638 
-0.085494 -0.0753309 
-0.0346348 -0.0810708 
0.00442086 -0.0834264 
0.232082 -0.0635742 
0.146685 -0.0774544 
0.118817 -0.0803633 
0.203283 -0.069073 
0.174465 -0.0737484 
0.33731 -0.0366776 
0.299188 -0.0476422 
0.260723 -0.0573028 
0.722602 0.478057 
0.775129 0.309206 
0.771307 0.289779 
0.765635 0.402809 
0.771253 0.383838 
-0.770909 0.349271 
-0.766608 0.36235 
0.532684 0.0434833 
0.598294 0.0826332 
0.668499 0.136898 
0.649339 0.120366 
0.686211 0.153738 
0.702856 0.171293 
-0.779067 0.243484 
0.776903 0.328419 
0.334623 0.646139 
0.367982 0.640854 
0.401204 0.634806 
0.431715 0.628442 
0.215719 0.660127 
0.258071 0.655879 
0.296399 0.651374 
0.592371 0.575348 
0.624896 0.558273 
0.559706 0.589733 
0.525608 0.602419 
0.494011 0.612454 
-0.24625 0.670784 
-0.128837 0.674809 
-0.0456551 0.67427 
-0.00310907 0.673198 
0.0409159 0.67159 
-0.0882517 0.674826 
0.173288 0.66373 
0.750705 0.436558 
0.75879 0.420129 
0.732535 0.465259 
0.74203 0.451325 
0.764974 0.269264 
0.77681 0.346394 
0.756257 0.24879 
0.775106 0.363965 
0.712076 0.490131 
0.670288 0.52813 
0.6986 0.503868 
0.684555 0.516572 
-0.755895 0.388915 
0.745069 0.228056 
0.629213 0.104527 
-0.71839 0.454 
0.0450483 -0.0840136 
0.718074 0.189253 
-0.702567 0.47503 
0.732003 0.207863 
-0.685101 0.495542 
0.0920527 -0.0823767 
0.462028 0.62122 
-0.354015 0.659083 
-0.557257 0.594642 
-0.45529 0.636287 
-0.207852 0.672875 
-0.169468 0.674166 
0.377931 -0.0234554 
0.084885 0.669494 
0.129118 0.666882 
0.566118 0.0623639 
0.49843 0.026046 
0.478575 0.0167046 
0.458524 0.00778582 
-0.523867 0.610928 
0.418008 -0.00879369 
-0.781793 0.265944 
-0.781333 0.2968 
-0.779419 0.31247 
-0.764297 0.198322 
-0.776456 0.328163 
0.648099 0.543957 
-0.630356 0.546827 
-0.65391 0.526804 
-0.405451 0.649313 
-0.603682 0.566515 
-0.300933 0.666092 
-0.774057 0.223004 
-0.0938792 -0.074093 
-0.015123 -0.0824691 
0.132763 -0.0790101 
0.188891 -0.0715126 
0.217702 -0.0664219 
-0.0516797 -0.0794853 
0.279998 -0.0526384 
0.773468 0.299443 
0.768665 0.393389 
-0.768832 0.355833 
0.659016 0.12852 
0.694652 0.162403 
0.776259 0.31879 
0.351317 0.643585 
0.416481 0.631725 
0.277245 0.65371 
0.236904 0.65809 
0.315525 0.648855 
0.509863 0.607607 
0.576151 0.582796 
-0.02438 0.673795 
0.632702 0.55368 
0.754908 0.428422 
0.727663 0.471732 
0.746496 0.444017 
0.768414 0.279437 
0.777066 0.337408 
0.760867 0.258919 
0.776155 0.355199 
0.717423 0.484167 
-0.780277 0.250937 
0.663044 0.53356 
0.762393 0.411541 
0.705445 0.497105 
0.677496 0.522443 
-0.769567 0.210242 
0.737396 0.458369 
0.691668 0.51032 
-0.750637 0.400029 
0.773427 0.373949 
0.750886 0.238303 
0.639362 0.112338 
-0.738948 0.421881 
-0.725632 0.443408 
0.024729 -0.0839551 
-0.710639 0.464632 
0.67746 0.145208 
-0.675124 0.506215 
0.446899 0.624946 
0.47806 0.616986 
-0.693991 0.485416 
0.384612 0.637932 
-0.371399 0.656146 
-0.33659 0.661691 
-0.573468 0.58561 
0.542744 0.59631 
-0.438753 0.64105 
-0.264491 0.669464 
-0.227056 0.671939 
-0.149153 0.674573 
0.35768 -0.0302481 
-0.108544 0.674889 
-0.0669518 0.674616 
0.0629038 0.670603 
-0.188662 0.673612 
0.19451 0.662003 
0.318295 -0.0423197 
0.0189062 0.672455 
0.515647 0.0345895 
0.151209 0.665377 
0.107006 0.668253 
0.468573 0.0121935 
-0.782139 0.281208 
-0.777663 0.236583 
-0.0770958 -0.076488 
-0.772833 0.342665 
0.738723 0.217839 
0.725186 0.198448 
0.710595 0.180163 
-0.540709 0.603082 
-0.507122 0.618046 
-0.472809 0.630713 
0.608794 0.567115 
0.438348 -0.000701823 
0.398037 -0.0163066 
0.549509 0.0527336 
0.488527 0.0213211 
0.613911 0.0933585 
0.582336 0.0722947 
0.0685584 -0.0835012 
0.105442 -0.0814661 
0.160585 -0.0756995 
0.246422 -0.0605334 
-0.761535 0.375744 
ZONE T="boundary5"
-0.761321 0.192526 
-0.551523 0.0688709 
-0.660987 0.105951 
-0.651285 0.101766 
-0.572879 0.075236 
-0.562171 0.0720426 
-0.26629 -0.0312479 
-0.633958 0.0949995 
-0.641466 0.0978327 
-0.618978 0.08971 
-0.734762 0.155959 
-0.741917 0.163969 
-0.669576 0.109951 
-0.678023 0.1142 
-0.273855 -0.0286987 
-0.281395 -0.0261149 
-0.41394 0.0230096 
-0.406533 0.0202486 
-0.601381 0.0839562 
-0.591238 0.0807936 
-0.582043 0.0779908 
-0.292393 -0.0222749 
-0.626411 0.0922802 
-0.611523 0.0872226 
-0.365568 0.00477038 
-0.356168 0.00120905 
-0.337009 -0.00600385 
-0.346598 -0.0024037 
-0.327434 -0.00957045 
-0.3833 0.011495 
-0.374958 0.00833265 
-0.441536 0.033097 
-0.391638 0.014649 
-0.257532 -0.0341428 
-0.310598 -0.0157533 
-0.303344 -0.0183747 
-0.156072 -0.0623576 
-0.166574 -0.0599392 
-0.490843 0.0500362 
-0.24874 -0.0369844 
-0.470585 0.0432664 
-0.503147 0.0540157 
-0.755293 0.182229 
-0.462568 0.0405127 
-0.52576 0.0610917 
-0.51441 0.057576 
-0.538588 0.0649927 
-0.399084 0.0174549 
-0.45203 0.0368304 
-0.421356 0.0257541 
-0.23858 -0.0401839 
-0.12408 -0.0689528 
-0.134824 -0.0668687 
-0.478635 0.0459893 
-0.696694 0.124963 
-0.706363 0.131462 
-0.317834 -0.0131116 
-0.748682 0.172566 
-0.720402 0.142378 
-0.727699 0.148918 
-0.713439 0.136719 
-0.431434 0.0294459 
-0.69191 0.122 
-0.177027 -0.0574106 
-0.187434 -0.0547743 
-0.197755 -0.0520449 
-0.685038 0.118002 
-0.102251 -0.0727748 
-0.113186 -0.0709297 
-0.145525 -0.064661 
-0.20803 -0.0492168 
-0.218224 -0.0463043 
-0.228372 -0.0433027 
-0.656151 0.103824 
-0.567524 0.0736373 
-0.637717 0.0964009 
-0.738401 0.15991 
-0.665295 0.10792 
-0.673816 0.112042 
-0.277626 -0.0274114 
-0.410236 0.0216311 
-0.596311 0.0823646 
-0.577462 0.0766098 
-0.586641 0.0793863 
-0.286897 -0.0242038 
-0.622698 0.090984 
-0.615253 0.0884569 
-0.556846 0.0704573 
-0.360868 0.00298886 
-0.341805 -0.00420635 
-0.332223 -0.00779052 
-0.379129 0.00991439 
-0.370263 0.00655146 
-0.387469 0.0130731 
-0.261914 -0.0327023 
-0.270074 -0.0299782 
-0.306972 -0.017067 
-0.161327 -0.061163 
-0.253139 -0.035571 
-0.496991 0.0520367 
-0.7584 0.187325 
-0.466575 0.0418942 
-0.520082 0.0593413 
-0.508775 0.0558042 
-0.351384 -0.000599058 
-0.395361 0.0160532 
-0.44678 0.0349707 
-0.417647 0.0243842 
-0.129456 -0.0679268 
-0.646387 0.099769 
-0.484735 0.0480237 
-0.701571 0.12815 
-0.314217 -0.0144352 
-0.457297 0.0386792 
-0.752072 0.177341 
-0.532171 0.0630496 
-0.322636 -0.0113452 
-0.630189 0.0936265 
-0.474608 0.0446326 
-0.724093 0.145602 
-0.426393 0.0276051 
-0.745369 0.168215 
-0.694311 0.123467 
-0.402808 0.0188534 
-0.297871 -0.0203327 
-0.182234 -0.0561062 
-0.436483 0.0312773 
-0.709929 0.134054 
-0.716953 0.13951 
-0.731279 0.152391 
-0.545053 0.0669363 
-0.171804 -0.0586891 
-0.192598 -0.0534228 
-0.681544 0.116075 
-0.107721 -0.0718691 
-0.118636 -0.0699579 
-0.150802 -0.0635242 
-0.213131 -0.0477725 
-0.202897 -0.0506435 
-0.223302 -0.0448149 
-0.243664 -0.0385946 
-0.606456 0.0855754 
-0.23348 -0.0417544 
-0.140178 -0.0657805 
-0.68849 0.119974 
