ZONE T="boundary0"
-4 -0.353895 
-4 -0.312597 
-4 -0.271298 
-4 -0.0808769 
-4 -0.132836 
-4 0.642995 
-4 0.383871 
-4 0.437491 
-4 0.327261 
-4 0.49111 
-4 -0.202067 
-4 -0.586836 
-4 0.0618218 
-4 -1 
-4 1 
-4 0.273195 
-4 0.219129 
-4 0.567052 
-4 0.152561 
-4 -0.0289175 
-4 -0.236683 
-4 -0.421852 
-4 -0.489809 
-4 -0.683863 
-4 -0.841932 
-4 0.821497 
-4 -0.106857 
-4 0.410681 
-4 0.355566 
-4 -0.167452 
-4 0.246162 
-4 0.529081 
-4 0.185845 
-4 -0.0548972 
-4 -0.333246 
-4 -0.387874 
-4 -0.291947 
-4 -0.45583 
-4 0.300228 
-4 0.0164521 
-4 0.464301 
-4 -0.63535 
-4 -0.538323 
-4 -0.762898 
-4 -0.920966 
-4 0.910749 
-4 -0.219375 
-4 -0.25399 
-4 0.107191 
-4 0.605023 
-4 0.732246 
ZONE T="boundary1"
-3.27109 1 
1.50979 1 
1.71251 1 
1.91522 1 
3.55989 1 
3.75 1 
0.0144999 1 
-0.239636 1 
-0.185663 1 
-0.053144 1 
1.37535 1 
1.44257 1 
-1.17913 1 
-3.55075 1 
-0.584051 1 
-0.685044 1 
-0.887202 1 
-1.48784 1 
-1.59376 1 
-3.01294 1 
-2.09135 1 
-2.29597 1 
-3.77537 1 
-4 1 
2.91128 1 
3.23559 1 
-2.75479 1 
-2.52538 1 
4 1 
0.304106 1 
0.227647 1 
0.154895 1 
-0.492803 1 
-0.293609 1 
-0.347582 1 
0.0821437 1 
0.55026 1 
0.744359 1 
-0.786037 1 
-0.988367 1 
0.380566 1 
0.465413 1 
1.2656 1 
-1.08375 1 
-1.28053 1 
-1.38192 1 
1.05266 1 
1.15585 1 
0.949462 1 
-1.88673 1 
-1.74025 1 
2.65412 1 
2.15609 1 
-0.401554 1 
-0.119404 1 
0.84691 1 
2.52554 1 
2.39696 1 
2.27653 1 
1.81387 1 
3.65495 1 
-0.212649 1 
-0.019322 1 
1.40896 1 
-0.634547 1 
-3.14201 1 
-2.19366 1 
-3.88769 1 
3.07343 1 
3.875 1 
0.265877 1 
-0.266622 1 
0.0483218 1 
0.64731 1 
-0.538427 1 
-0.735541 1 
-0.937784 1 
0.422989 1 
-0.83662 1 
-1.13144 1 
-1.33123 1 
-1.03606 1 
1.10425 1 
1.47618 1 
1.61115 1 
1.00106 1 
-1.5408 1 
1.21073 1 
1.32048 1 
-1.43488 1 
-1.81349 1 
-1.667 1 
-3.66306 1 
-3.41092 1 
2.7827 1 
2.03566 1 
-2.64009 1 
-2.88387 1 
-1.98904 1 
3.39774 1 
-2.41068 1 
0.342336 1 
0.191271 1 
0.11852 1 
-0.374568 1 
-0.447178 1 
-0.0862737 1 
0.507837 1 
0.795635 1 
-0.320595 1 
0.898186 1 
2.46125 1 
2.21631 1 
2.33675 1 
2.58983 1 
-1.22983 1 
-0.152533 1 
ZONE T="boundary2"
4 -0.40192 
4 -0.729314 
4 -0.344827 
4 -0.21162 
4 -0.163912 
4 0.167896 
4 -0.0180465 
4 -0.0909791 
4 -0.459013 
4 -1 
4 -0.819543 
4 1 
4 0.0602936 
4 0.138634 
4 -0.278224 
4 -0.549049 
4 0.241804 
4 0.45958 
4 0.536783 
4 0.334413 
4 0.768392 
4 0.286449 
4 0.310431 
4 0.197158 
4 0.382378 
4 0.420979 
4 -0.639085 
4 -0.373373 
4 -0.187766 
4 -0.0545128 
4 -0.909771 
4 -0.311525 
4 -0.244922 
4 -0.504031 
4 -0.127445 
4 0.498182 
4 0.0994637 
4 0.0211235 
4 -0.430467 
4 0.652587 
4 0.884196 
4 -0.774428 
4 0.264126 
4 0.322422 
4 0.219481 
4 0.153265 
4 0.182527 
4 0.358396 
4 0.401678 
4 0.29844 
4 0.44028 
4 -0.594067 
4 -0.6842 
ZONE T="boundary3"
-3.63269 -1 
-0.703843 -1 
-1.17656 -1 
0.372828 -1 
0.463265 -1 
-0.11259 -1 
-0.175 -1 
-4 -1 
-0.482151 -1 
-0.967127 -1 
-3.26538 -1 
-1.50576 -1 
1.63406 -1 
1.96259 -1 
2.13688 -1 
-2.13216 -1 
4 -1 
2.63466 -1 
2.93217 -1 
2.38577 -1 
-2.79605 -1 
-1.95243 -1 
-1.7727 -1 
-0.237411 -1 
-0.0520124 -1 
0.00856505 -1 
0.207359 -1 
0.132327 -1 
0.0704458 -1 
-0.565064 -1 
0.680403 -1 
0.571834 -1 
-0.784606 -1 
-1.06888 -1 
-0.865369 -1 
-0.399237 -1 
-0.318324 -1 
0.92068 -1 
0.800541 -1 
-1.28424 -1 
1.00241 -1 
1.08415 -1 
1.24762 -1 
2.78342 -1 
1.36371 -1 
1.47981 -1 
3.22968 -1 
3.59294 -1 
1.78831 -1 
-1.395 -1 
-2.35066 -1 
-2.56915 -1 
3.41131 -1 
-3.03071 -1 
3.79647 -1 
0.282392 -1 
1.16588 -1 
0.418047 -1 
-0.143795 -1 
-3.81634 -1 
-3.44903 -1 
2.04974 -1 
-0.0217237 -1 
0.101386 -1 
0.0395055 -1 
-0.634453 -1 
-0.744224 -1 
0.51755 -1 
-1.01801 -1 
0.626119 -1 
-0.916248 -1 
-0.440694 -1 
-0.523607 -1 
-0.35878 -1 
-0.206206 -1 
0.860611 -1 
-1.12272 -1 
0.740472 -1 
-1.2304 -1 
1.04328 -1 
2.8578 -1 
2.26132 -1 
2.51022 -1 
1.42176 -1 
3.08093 -1 
1.71118 -1 
-1.33962 -1 
-1.45038 -1 
-1.63923 -1 
-1.86256 -1 
-2.0423 -1 
-2.4599 -1 
3.3205 -1 
3.50213 -1 
-2.6826 -1 
-2.91338 -1 
-3.14805 -1 
3.69471 -1 
0.169843 -1 
-0.0823011 -1 
-0.824987 -1 
0.32761 -1 
0.244875 -1 
-0.277867 -1 
1.55693 -1 
1.30567 -1 
2.70904 -1 
0.961547 -1 
1.12502 -1 
1.20675 -1 
1.87545 -1 
-2.24141 -1 
3.89824 -1 
ZONE T="boundary4"
-0.229584 0.367623 
-0.20801 0.375415 
-0.615805 0.0201999 
-0.611022 0.0414748 
-0.621043 -0.0228081 
-0.474119 0.239223 
0.629911 0.135926 
0.626109 0.152403 
0.63296 0.119227 
-0.312359 0.334182 
-0.29245 0.3428 
-0.527152 0.190191 
-0.541288 0.174187 
-0.350912 0.31618 
-0.332129 0.325187 
0.635138 0.1027 
-0.140013 0.397772 
-0.116653 0.404682 
0.60569 0.213548 
0.61226 0.196717 
-0.619136 -0.00124902 
0.597036 0.233303 
0.590366 0.246994 
-0.604791 0.0624295 
-0.597118 0.0829971 
-0.577649 0.122486 
-0.588042 0.103062 
0.484191 0.369102 
0.583239 0.260315 
-0.566976 0.139762 
-0.554606 0.157372 
-0.369518 0.306744 
0.470026 0.378548 
-0.500626 0.216476 
-0.487237 0.228336 
-0.418464 0.278795 
-0.433125 0.269305 
0.52404 0.336556 
-0.386651 0.297531 
0.632123 0.0208903 
-0.403563 0.287861 
-0.271806 0.351326 
-0.251052 0.359517 
-0.185687 0.38312 
-0.163254 0.390503 
-0.0922366 0.411471 
-0.0162655 0.429572 
-0.0420518 0.423962 
-0.513586 0.204157 
0.634672 0.0369428 
0.636229 0.0531446 
0.636815 0.0695357 
0.557457 0.299463 
0.546865 0.312515 
0.497916 0.358986 
-0.447046 0.25971 
0.511265 0.348099 
0.39177 0.416946 
0.618197 0.179646 
0.364933 0.425985 
0.418501 0.406065 
0.445291 0.392965 
-0.460684 0.249707 
0.567369 0.285834 
0.53576 0.324827 
0.125538 0.449314 
0.156103 0.450802 
0.0663941 0.443511 
0.187991 0.451165 
0.30981 0.439576 
0.33794 0.433412 
0.250778 0.447982 
0.219979 0.450224 
0.281696 0.444296 
0.636443 0.086059 
0.575549 0.273327 
-0.0676735 0.417837 
0.0107042 0.434818 
0.0378472 0.439427 
0.0951081 0.446792 
-0.218811 0.371557 
-0.613594 0.0308764 
0.628102 0.144185 
-0.302422 0.338535 
-0.534323 0.18228 
-0.341543 0.320733 
0.634154 0.110977 
-0.128347 0.401273 
0.609053 0.205163 
-0.617649 0.00950183 
0.593762 0.240178 
0.601474 0.223475 
-0.60113 0.0727771 
-0.583006 0.112858 
-0.560922 0.148658 
-0.360242 0.311518 
0.477163 0.373907 
-0.493981 0.222463 
-0.425828 0.274103 
-0.378112 0.302191 
-0.322265 0.329733 
-0.395139 0.292754 
-0.261444 0.355461 
-0.174484 0.386852 
-0.282145 0.347105 
-0.151648 0.394181 
-0.104461 0.408129 
-0.0291754 0.426834 
-0.608085 0.0520037 
-0.520444 0.197247 
-0.572439 0.131201 
0.635574 0.0450305 
0.552247 0.306059 
0.491114 0.364126 
-0.440119 0.264559 
0.633522 0.0288951 
0.62238 0.16609 
0.432014 0.399755 
0.562503 0.292714 
0.541392 0.318742 
0.529974 0.330765 
0.504659 0.353626 
0.140811 0.450192 
0.172043 0.45114 
0.323914 0.436676 
0.235389 0.449272 
0.351486 0.429881 
0.58687 0.253691 
0.615311 0.18821 
0.635904 0.0943876 
0.636644 0.0613345 
0.636747 0.0777989 
0.631537 0.127594 
0.579466 0.266863 
0.571531 0.279627 
-0.079971 0.414709 
-0.0548797 0.420962 
-0.196863 0.379308 
-0.240333 0.36361 
0.0242591 0.437206 
-0.00279813 0.432273 
0.0807364 0.445256 
0.378418 0.421663 
0.405223 0.411721 
0.11031 0.448178 
0.0521041 0.441566 
0.29578 0.442103 
0.457792 0.385985 
0.203988 0.450864 
-0.411043 0.283378 
0.517727 0.34241 
-0.592749 0.093105 
-0.548065 0.165872 
-0.46744 0.244515 
-0.480719 0.23383 
-0.620265 -0.0120144 
-0.453901 0.254759 
-0.507162 0.210376 
0.266258 0.446324 
ZONE T="boundary5"
-0.474319 -0.367613 
-0.347721 -0.465825 
-0.326889 -0.477399 
-0.425628 -0.411969 
-0.407527 -0.426142 
-0.538934 -0.288672 
-0.560952 -0.252896 
-0.550096 -0.271347 
-0.459014 -0.382645 
-0.621561 -0.0444018 
-0.621043 -0.0228081 
-0.62073 -0.0659905 
-0.571064 -0.234034 
-0.604769 -0.151488 
-0.610576 -0.130268 
-0.615196 -0.108943 
0.618577 -0.0256383 
-0.213785 -0.523477 
-0.238649 -0.515587 
-0.261665 -0.507203 
-0.284347 -0.497885 
-0.30581 -0.488057 
-0.10797 -0.54412 
-0.0805602 -0.546083 
-0.188651 -0.530258 
-0.527088 -0.305553 
-0.135374 -0.540756 
-0.162089 -0.536145 
-0.488416 -0.352734 
-0.514824 -0.321688 
-0.50197 -0.337367 
-0.388079 -0.440183 
-0.443168 -0.397115 
-0.580831 -0.213982 
-0.368089 -0.453442 
-0.589757 -0.193552 
-0.597815 -0.172586 
-0.618596 -0.0874971 
0.612177 -0.0404253 
0.632123 0.0208903 
-0.0253414 -0.545627 
-0.052858 -0.54661 
0.0295255 -0.538883 
0.00229696 -0.543058 
0.0830246 -0.525463 
0.056461 -0.533035 
0.109301 -0.516057 
0.134739 -0.504969 
0.184274 -0.477086 
0.159779 -0.491974 
0.208178 -0.460321 
0.231572 -0.441665 
0.254421 -0.421277 
0.277024 -0.399131 
0.496257 -0.177104 
0.369303 -0.298234 
0.427504 -0.238174 
0.407368 -0.258063 
0.345665 -0.324336 
0.472127 -0.197828 
0.515099 -0.160672 
0.550769 -0.12679 
0.533473 -0.143869 
0.596616 -0.068988 
0.582627 -0.0895075 
0.604804 -0.0549615 
0.567145 -0.108851 
0.624074 -0.0104065 
0.628582 0.00507528 
0.299784 -0.375188 
0.388198 -0.277937 
0.322154 -0.350592 
0.448028 -0.219069 
-0.337361 -0.471714 
-0.416645 -0.419142 
-0.555618 -0.262177 
-0.621473 -0.0336021 
-0.621311 -0.0552036 
-0.607812 -0.140917 
-0.613032 -0.119638 
-0.226258 -0.519668 
-0.250199 -0.511512 
-0.295125 -0.493075 
-0.3164 -0.482831 
-0.0942747 -0.545278 
-0.533093 -0.29717 
-0.148756 -0.538611 
-0.175402 -0.533358 
-0.508468 -0.329586 
-0.544602 -0.280065 
-0.521031 -0.313677 
-0.397873 -0.433259 
-0.451157 -0.389951 
-0.576047 -0.224057 
-0.434469 -0.404626 
-0.357966 -0.459734 
-0.593909 -0.183116 
-0.601424 -0.16208 
-0.617049 -0.0982452 
0.61549 -0.0330829 
-0.495262 -0.345112 
-0.0390906 -0.54631 
0.0159434 -0.541176 
0.0698024 -0.529465 
0.122108 -0.51073 
0.147363 -0.498688 
0.196351 -0.468901 
-0.481433 -0.360236 
0.243119 -0.431626 
0.417373 -0.248041 
0.357449 -0.311248 
-0.566098 -0.243513 
0.484194 -0.187455 
0.505713 -0.168923 
-0.201253 -0.527006 
0.524352 -0.152343 
0.542217 -0.135428 
0.589828 -0.0793933 
0.608599 -0.0477509 
0.60081 -0.0620352 
0.575057 -0.0993194 
0.621445 -0.0180673 
0.62645 -0.00270286 
0.630477 0.0129532 
-0.466735 -0.375199 
-0.585403 -0.203815 
0.559086 -0.117942 
-0.273052 -0.502659 
-0.37815 -0.446911 
-0.0667101 -0.546533 
0.0962384 -0.520982 
0.220003 -0.451174 
0.288486 -0.387249 
-0.12169 -0.54261 
-0.0115014 -0.544544 
0.0430383 -0.536171 
0.172142 -0.48474 
0.26583 -0.410329 
0.397738 -0.267945 
0.378714 -0.288048 
0.333911 -0.337467 
0.460025 -0.208373 
0.311011 -0.362935 
-0.619822 -0.0767605 
0.437704 -0.228537 
