ZONE T="boundary0"
-4 -0.203547 
-4 -0.239073 
-4 -0.28575 
-4 -0.0927524 
-4 -0.168022 
-4 0.209236 
-4 0.233992 
-4 0.258748 
-4 0.295313 
-4 0.640151 
-4 0.331878 
-4 0.0103565 
-4 -0.0411979 
-4 -0.56689 
-4 -0.666322 
-4 -0.467458 
-4 -0.833161 
-4 1 
-4 0.543231 
-4 0.446311 
-4 0.161351 
-4 0.113466 
-4 0.389095 
-4 -0.332427 
-4 -0.399943 
-4 -1 
-4 0.820075 
-4 -0.22131 
-4 -0.130387 
-4 0.221614 
-4 0.27703 
-4 -0.0669752 
-4 -0.616606 
-4 -0.517174 
-4 0.494771 
-4 0.137408 
-4 0.24637 
-4 0.360486 
-4 -0.309088 
-4 -0.262411 
-4 -0.366185 
-4 -0.4337 
-4 -0.185785 
-4 -0.0154207 
-4 0.061911 
-4 0.185293 
-4 0.417703 
-4 -0.91658 
-4 -0.749741 
-4 0.313595 
-4 0.591691 
-4 0.910038 
-4 0.730113 
ZONE T="boundary1"
1.18582 1 
1.29251 1 
2.62505 1 
0.0201825 1 
3.55003 1 
-2.1542 1 
-0.626734 1 
-0.418515 1 
-0.850276 1 
-2.3634 1 
3.25677 1 
-2.81375 1 
-3.19276 1 
-3.65955 1 
-4 1 
2.82695 1 
3.04186 1 
1.90616 1 
2.42315 1 
2.16466 1 
1.76038 1 
-0.249454 1 
-0.323332 1 
0.145665 1 
-0.175577 1 
-0.109453 1 
-0.513698 1 
-0.0433298 1 
0.279488 1 
0.515038 1 
0.351341 1 
3.77502 1 
3.88751 1 
0.0836947 1 
0.207635 1 
0.61083 1 
0.706622 1 
0.945564 1 
1.06569 1 
0.826093 1 
-0.73977 1 
-0.960782 1 
-1.07705 1 
-1.19331 1 
4 1 
-1.6358 1 
-1.53025 1 
-1.4247 1 
-1.7904 1 
-1.945 1 
-3.48932 1 
1.5069 1 
1.3992 1 
1.61459 1 
-2.58858 1 
-3.06642 1 
-3.31909 1 
-1.30901 1 
1.23917 1 
-2.2588 1 
-3.82977 1 
2.93441 1 
2.2939 1 
1.83327 1 
-0.142515 1 
-0.212516 1 
-0.286393 1 
-0.466106 1 
-0.370923 1 
-0.0763916 1 
-0.0115736 1 
0.433189 1 
3.83126 1 
0.11468 1 
0.243562 1 
0.562934 1 
0.658726 1 
1.00563 1 
0.766357 1 
-0.683252 1 
-0.570216 1 
-0.905529 1 
-0.795023 1 
-1.13518 1 
3.94375 1 
-1.01891 1 
-1.58302 1 
-1.47747 1 
-1.7131 1 
-1.8677 1 
3.4034 1 
3.14932 1 
3.66252 1 
1.45305 1 
1.12576 1 
1.68749 1 
1.56075 1 
-3.57443 1 
2.03541 1 
-2.47599 1 
-2.70116 1 
-2.94009 1 
-2.0496 1 
2.5241 1 
2.726 1 
0.0519386 1 
0.17665 1 
0.315415 1 
-3.40421 1 
-1.25116 1 
0.885828 1 
-1.36685 1 
-3.12959 1 
-3.25593 1 
1.34586 1 
ZONE T="boundary2"
4 -0.429435 
4 -0.255367 
4 -0.291 
4 0.120381 
4 0.163252 
4 0.214695 
4 0.188974 
4 0.352788 
4 0.594371 
4 -1 
4 0.0775095 
4 0.266485 
4 -0.00823299 
4 0.490835 
4 -0.200661 
4 -0.145956 
4 -0.326634 
4 -0.378035 
4 -0.53426 
4 -0.819543 
4 0.387299 
4 -0.639085 
4 0.695778 
4 0.797185 
4 0.898593 
4 1 
4 0.318276 
4 -0.273183 
4 0.141816 
4 0.201834 
4 0.176113 
4 0.0989451 
4 0.24059 
4 0.0346383 
4 0.542603 
4 -0.0770947 
4 -0.352334 
4 -0.308817 
4 0.439067 
4 -0.586673 
4 0.645074 
4 0.746482 
4 0.949296 
4 -0.481848 
4 -0.909771 
4 -0.729314 
4 0.847889 
4 -0.403735 
4 0.292381 
4 0.370043 
4 0.335532 
4 -0.173309 
4 -0.228014 
ZONE T="boundary3"
-1.35058 -1 
2.20081 -1 
2.04937 -1 
3.76341 -1 
-0.188891 -1 
1.36964 -1 
-1.10149 -1 
1.6325 -1 
-0.368068 -1 
-0.496812 -1 
-0.601428 -1 
-3.48978 -1 
-3.74489 -1 
-1.22604 -1 
1.01824 -1 
-2.44342 -1 
-3.14252 -1 
4 -1 
-1.82121 -1 
2.51544 -1 
3.52683 -1 
3.29024 -1 
-1.57057 -1 
-2.05844 -1 
2.86614 -1 
3.05366 -1 
-2.59117 -1 
-2.80897 -1 
0.085315 -1 
0.153821 -1 
-0.252225 -1 
-0.125557 -1 
-0.0543739 -1 
-0.706045 -1 
0.344258 -1 
0.479143 -1 
0.546585 -1 
0.614028 -1 
0.724183 -1 
0.834339 -1 
0.0168089 -1 
0.926287 -1 
-0.996354 -1 
-0.891216 -1 
1.24425 -1 
1.13124 -1 
1.49503 -1 
-4 -1 
-1.46057 -1 
1.76996 -1 
1.90967 -1 
2.35226 -1 
-3.02676 -1 
-2.29566 -1 
2.67862 -1 
-3.25827 -1 
0.24904 -1 
0.296649 -1 
-0.79863 -1 
2.12509 -1 
-0.43244 -1 
-0.54912 -1 
-3.61734 -1 
-1.16377 -1 
3.88171 -1 
3.40854 -1 
-1.69589 -1 
2.9599 -1 
-2.70007 -1 
-2.51729 -1 
0.119568 -1 
-0.310147 -1 
-0.157224 -1 
-0.220558 -1 
-0.0899652 -1 
-0.653737 -1 
0.512864 -1 
0.669106 -1 
0.779261 -1 
-0.0187825 -1 
0.972261 -1 
0.4117 -1 
-0.943785 -1 
1.18774 -1 
0.880313 -1 
-1.28831 -1 
-1.04892 -1 
1.30694 -1 
3.64512 -1 
-1.40558 -1 
1.70123 -1 
-1.51557 -1 
1.97952 -1 
2.27653 -1 
-2.91786 -1 
-2.17705 -1 
1.56376 -1 
-1.93982 -1 
2.77238 -1 
2.59703 -1 
-2.36954 -1 
-3.37403 -1 
-3.87245 -1 
1.83981 -1 
2.43385 -1 
0.20143 -1 
0.272844 -1 
0.320453 -1 
0.580307 -1 
-0.844923 -1 
-0.752338 -1 
0.0510619 -1 
1.07474 -1 
3.17195 -1 
-3.20039 -1 
-3.08464 -1 
1.43233 -1 
ZONE T="boundary4"
-0.626969 0.0359667 
-0.302195 0.433215 
-0.324576 0.420941 
-0.561307 0.194379 
-0.345933 0.408263 
0.637065 -0.0191248 
0.630195 0.0254135 
-0.631416 0.0124342 
-0.634503 -0.0110451 
0.633258 0.0105674 
0.626396 0.0402399 
-0.621164 0.0595283 
0.374448 0.438436 
-0.421108 0.35485 
0.621887 0.0550733 
-0.366837 0.394867 
-0.614031 0.082995 
-0.595879 0.129457 
-0.605587 0.106338 
-0.573954 0.172892 
0.56877 0.171369 
-0.547816 0.215356 
-0.584984 0.152238 
-0.533561 0.235831 
-0.518574 0.255778 
0.474201 0.338817 
0.494217 0.309142 
-0.492139 0.287333 
-0.478944 0.301554 
-0.505633 0.271777 
-0.437068 0.341407 
-0.465297 0.315355 
-0.404735 0.367795 
-0.279404 0.444725 
-0.386014 0.381644 
-0.255781 0.455668 
-0.2318 0.465814 
-0.207051 0.475324 
-0.156145 0.492018 
-0.130045 0.499168 
-0.0760389 0.511096 
-0.103135 0.505585 
-0.0200926 0.519518 
0.00879594 0.522318 
-0.451379 0.32859 
0.452725 0.366317 
0.402617 0.416649 
0.42849 0.392785 
0.635552 -0.00426019 
0.388753 0.427865 
0.314548 0.47361 
0.344941 0.457429 
0.511702 0.279672 
0.440848 0.379839 
0.067588 0.524688 
0.0973969 0.524111 
0.0377321 0.524051 
0.128206 0.522175 
0.252032 0.498289 
0.283325 0.487235 
0.555993 0.195593 
0.54218 0.222054 
0.616778 0.0697207 
0.581425 0.147181 
0.593479 0.123258 
0.604795 0.099056 
-0.181998 0.484007 
0.15877 0.518815 
-0.0481264 0.515792 
0.189655 0.513845 
0.220757 0.507079 
0.528415 0.248623 
-0.313439 0.427174 
-0.335309 0.414693 
-0.633126 0.00071452 
-0.624226 0.0477853 
0.628381 0.0328485 
0.624221 0.0476806 
-0.617753 0.0713072 
-0.600876 0.117957 
-0.609959 0.0947195 
-0.567742 0.1837 
-0.554661 0.204931 
-0.590567 0.140911 
-0.540779 0.225657 
-0.356443 0.401655 
0.484448 0.324149 
-0.485599 0.294496 
-0.498954 0.279613 
-0.472175 0.308508 
-0.429141 0.348191 
-0.290848 0.439066 
-0.37648 0.388334 
-0.412971 0.361385 
-0.243833 0.460841 
-0.267639 0.450296 
-0.219465 0.470673 
-0.143124 0.495701 
-0.0896091 0.508454 
-0.0056593 0.52105 
-0.512171 0.263832 
-0.629356 0.0242294 
-0.44427 0.335051 
-0.458388 0.322025 
0.463711 0.352771 
0.415803 0.404998 
0.634499 0.00316846 
0.631817 0.0180093 
0.636407 -0.0116821 
-0.395433 0.374798 
0.395745 0.422334 
0.359893 0.448248 
0.329905 0.465825 
0.381657 0.433229 
0.503142 0.294521 
0.434736 0.386378 
0.446854 0.37314 
0.0824978 0.524554 
-0.579576 0.162622 
0.267775 0.49303 
0.299065 0.480716 
0.549068 0.208809 
0.619402 0.0624212 
0.575126 0.159285 
0.59925 0.111207 
0.611019 0.0844812 
-0.169104 0.48812 
0.562379 0.183476 
-0.526161 0.245874 
-0.116616 0.502489 
0.0232578 0.52332 
0.0526591 0.524518 
-0.19456 0.479769 
-0.0341244 0.517777 
0.112815 0.523317 
0.143511 0.520678 
0.58752 0.135249 
-0.0621017 0.513564 
0.174247 0.516531 
0.236465 0.502928 
0.520178 0.264214 
0.205256 0.510683 
0.535307 0.23534 
ZONE T="boundary5"
-0.633088 -0.103459 
-0.635528 -0.0806466 
-0.617166 -0.170076 
-0.608919 -0.191489 
-0.623932 -0.148215 
0.637065 -0.0191248 
-0.636222 -0.0344116 
-0.636566 -0.0576388 
-0.634503 -0.0110451 
0.538249 -0.258938 
0.548863 -0.24802 
0.629245 -0.106607 
-0.629233 -0.125983 
0.623085 -0.127081 
-0.575935 -0.251224 
-0.587886 -0.232793 
-0.291087 -0.380452 
-0.31754 -0.379426 
-0.330681 -0.378523 
-0.343785 -0.377318 
0.637674 -0.0487043 
0.637775 -0.0339625 
-0.27771 -0.380633 
-0.183135 -0.378274 
-0.237495 -0.380186 
-0.155657 -0.377167 
-0.522012 -0.309257 
-0.506606 -0.320867 
0.610105 -0.158789 
-0.536664 -0.296534 
0.632533 -0.0923588 
-0.55016 -0.283071 
-0.562811 -0.268595 
-0.128229 -0.37616 
0.575842 -0.215463 
0.636764 -0.0633547 
-0.478121 -0.338439 
-0.489079 -0.332217 
0.527322 -0.269215 
-0.100423 -0.375336 
-0.0727368 -0.374771 
-0.443848 -0.354233 
-0.044657 -0.374481 
0.0115462 -0.374683 
-0.0167166 -0.374465 
0.0397196 -0.375068 
0.0681266 -0.375535 
0.182204 -0.375876 
0.153494 -0.376284 
0.124994 -0.376269 
0.0964628 -0.375975 
0.239871 -0.373185 
0.210948 -0.374898 
0.268803 -0.370578 
-0.395114 -0.369011 
0.297792 -0.366902 
0.355551 -0.355644 
0.384042 -0.34773 
0.439623 -0.326458 
0.412224 -0.338019 
0.504029 -0.288298 
0.515939 -0.278985 
0.559029 -0.236619 
0.591315 -0.19281 
0.604259 -0.170424 
0.615494 -0.146848 
0.635047 -0.0779255 
-0.599178 -0.212394 
-0.210306 -0.379332 
0.326695 -0.361991 
-0.264325 -0.380629 
-0.369672 -0.373912 
-0.466897 -0.344188 
-0.45548 -0.349444 
-0.419794 -0.362512 
0.466262 -0.312812 
0.479151 -0.305206 
0.491711 -0.297066 
-0.634485 -0.0920743 
-0.613224 -0.180855 
-0.620731 -0.159204 
-0.636566 -0.0460246 
0.543616 -0.253538 
-0.636221 -0.0691527 
-0.63134 -0.114754 
-0.626764 -0.137144 
-0.304321 -0.38006 
-0.337237 -0.37796 
0.637826 -0.0413335 
-0.284399 -0.380567 
-0.556609 -0.275941 
-0.543527 -0.289918 
-0.141939 -0.376644 
0.63732 -0.0560351 
-0.483633 -0.335388 
-0.0865759 -0.375019 
-0.58207 -0.242113 
-0.0586924 -0.37459 
-0.00258086 -0.374548 
0.0539244 -0.375298 
0.110728 -0.376149 
0.225412 -0.374143 
0.254344 -0.372003 
-0.52945 -0.303023 
0.36985 -0.351893 
0.398208 -0.343102 
0.532844 -0.264138 
0.521686 -0.274165 
0.554005 -0.242373 
0.597999 -0.181739 
0.612863 -0.152847 
0.607241 -0.164636 
0.633889 -0.0851587 
0.630985 -0.0995044 
0.626361 -0.116902 
0.619469 -0.137032 
0.636006 -0.0706513 
-0.593711 -0.222694 
-0.635532 -0.0227179 
0.637521 -0.0265382 
-0.569534 -0.260032 
-0.169393 -0.377716 
-0.196718 -0.378817 
0.0256355 -0.37486 
0.196576 -0.375468 
0.167848 -0.376142 
0.34116 -0.359004 
0.312267 -0.36461 
-0.114321 -0.375718 
-0.250908 -0.380471 
0.0822952 -0.375766 
0.139242 -0.37632 
0.283311 -0.368883 
0.426023 -0.332481 
-0.223898 -0.379796 
-0.0306825 -0.374441 
-0.51441 -0.315194 
0.567622 -0.226192 
-0.356758 -0.375793 
-0.461215 -0.346875 
-0.472542 -0.341372 
-0.407518 -0.365978 
-0.431907 -0.358603 
-0.604228 -0.202027 
0.472747 -0.309075 
-0.324115 -0.37901 
-0.382439 -0.371663 
-0.449691 -0.351896 
-0.271019 -0.380652 
0.49792 -0.292749 
0.453073 -0.319894 
0.510036 -0.28371 
0.583788 -0.204281 
-0.497948 -0.326702 
0.485473 -0.301204 
