ZONE T="boundary0"
-4 -0.486701 
-4 -0.378156 
-4 0.0132739 
-4 0.744969 
-4 0.489938 
-4 0.617453 
-4 -0.157863 
-4 0.872484 
-4 -0.0722944 
-4 -0.220353 
-4 -0.282843 
-4 0.100131 
-4 -0.3305 
-4 -0.595247 
-4 0.292821 
-4 0.232772 
-4 -0.797623 
-4 -0.696435 
-4 0.421405 
-4 0.352871 
-4 1 
-4 0.166451 
-4 -1 
-4 -0.432429 
-4 0.553696 
-4 0.808727 
-4 -0.0295103 
-4 -0.189108 
-4 -0.251598 
-4 -0.115079 
-4 0.0567026 
-4 -0.540974 
-4 0.262797 
-4 -0.747029 
-4 0.322846 
-4 0.387138 
-4 0.455671 
-4 0.681211 
-4 0.936242 
-4 0.199612 
-4 0.133291 
-4 -0.645841 
-4 -0.898812 
-4 -0.306672 
-4 -0.354328 
ZONE T="boundary1"
3.85045 1 
0.563199 1 
-0.839495 1 
0.0294845 1 
-0.0347604 1 
0.313803 1 
2.68943 1 
2.89912 1 
3.4018 1 
3.2553 1 
3.1088 1 
-0.631566 1 
-3.74413 1 
-0.949193 1 
2.55299 1 
-3.5017 1 
-3.25928 1 
4 1 
3.55135 1 
2.09588 1 
1.84117 1 
-2.25386 1 
-3.05945 1 
-2.5609 1 
1.58647 1 
-2.03907 1 
-2.71026 1 
-0.0990052 1 
-0.170439 1 
-0.241873 1 
-0.334985 1 
0.0972043 1 
0.476638 1 
-0.428097 1 
-0.529832 1 
0.164924 1 
0.239364 1 
0.942635 1 
0.743944 1 
0.649761 1 
-4 1 
-1.05889 1 
-0.735531 1 
1.42242 1 
1.04714 1 
1.15276 1 
1.3404 1 
1.25837 1 
-1.27135 1 
-1.38225 1 
-1.49314 1 
-2.85963 1 
-1.65871 1 
-1.57593 1 
-1.82428 1 
-2.40738 1 
2.41656 1 
2.25622 1 
3.7009 1 
0.838127 1 
-0.00263795 1 
2.79427 1 
3.18205 1 
-0.894344 1 
-3.38049 1 
3.92523 1 
3.47658 1 
1.96852 1 
-3.15936 1 
-2.63558 1 
-0.134722 1 
-0.206156 1 
-0.288429 1 
0.519919 1 
-0.478965 1 
0.131064 1 
0.39522 1 
-0.580699 1 
0.696852 1 
0.60648 1 
-3.87207 1 
-3.62292 1 
-1.00404 1 
-0.787513 1 
0.994888 1 
1.20556 1 
-1.16512 1 
-1.43769 1 
1.29938 1 
1.50444 1 
3.00396 1 
1.71382 1 
-2.78495 1 
-2.95954 1 
-1.7415 1 
-1.93168 1 
-2.33062 1 
-2.14646 1 
2.48477 1 
2.62121 1 
3.77568 1 
3.62613 1 
3.32855 1 
-0.0668828 1 
-0.381541 1 
0.276583 1 
0.202144 1 
-0.683548 1 
0.0633444 1 
0.890381 1 
1.09995 1 
-1.3268 1 
1.38141 1 
-2.48414 1 
-1.61732 1 
-1.53454 1 
0.791036 1 
2.17605 1 
2.33639 1 
ZONE T="boundary2"
4 -0.425301 
4 -0.345514 
4 -0.288565 
4 -0.174578 
4 0.316435 
4 0.242271 
4 0.370866 
4 -0.231617 
4 -0.114218 
4 0.171605 
4 -0.505089 
4 0.122326 
4 -0.7018 
4 -1 
4 1 
4 -0.0538578 
4 0.425297 
4 0.0730475 
4 0.588926 
4 0.794463 
4 -0.385408 
4 -0.31704 
4 0.279353 
4 0.343651 
4 0.206938 
4 0.146966 
4 -0.8509 
4 -0.0840377 
4 -0.144398 
4 -0.465195 
4 0.398082 
4 0.00959488 
4 0.507112 
4 0.691694 
4 -0.603444 
4 0.897231 
4 -0.260091 
4 -0.203097 
4 0.097687 
ZONE T="boundary3"
-1.58697 -1 
-1.47783 -1 
-0.880604 -1 
-0.688801 -1 
-0.819353 -1 
0.34384 -1 
0.258923 -1 
-0.356095 -1 
-0.496617 -1 
0.0118362 -1 
-1.06436 -1 
-0.941855 -1 
-0.269262 -1 
-0.117649 -1 
0.883501 -1 
0.785082 -1 
1.35267 -1 
1.449 -1 
0.0791697 -1 
0.585754 -1 
0.686663 -1 
3.76498 -1 
4 -1 
1.73799 -1 
2.16411 -1 
1.95105 -1 
3.52995 -1 
-2.34463 -1 
-2.15748 -1 
1.07097 -1 
1.21182 -1 
-1.36869 -1 
-1.98573 -1 
-1.81398 -1 
2.96015 -1 
3.24505 -1 
2.36312 -1 
2.56213 -1 
-3.07844 -1 
-2.80511 -1 
-2.66845 -1 
-2.53178 -1 
2.76114 -1 
-0.0529065 -1 
0.484845 -1 
0.146503 -1 
-0.193455 -1 
-0.592709 -1 
0.977234 -1 
0.202713 -1 
-1.21653 -1 
-1.14044 -1 
1.54533 -1 
-3.44423 -1 
-4 -1 
-3.72211 -1 
-1.70047 -1 
-3.58317 -1 
-3.26133 -1 
-1.5324 -1 
-0.754077 -1 
0.301382 -1 
-1.00311 -1 
0.834291 -1 
1.40083 -1 
0.636209 -1 
2.05758 -1 
-2.25106 -1 
1.14139 -1 
-1.89986 -1 
3.1026 -1 
2.46262 -1 
-2.94177 -1 
-2.60011 -1 
3.3875 -1 
-0.426356 -1 
0.414343 -1 
0.5353 -1 
0.112836 -1 
-0.0205351 -1 
-0.155552 -1 
-0.640755 -1 
-0.312678 -1 
-0.544663 -1 
0.0455029 -1 
0.230818 -1 
0.735872 -1 
1.0241 -1 
0.930368 -1 
1.28224 -1 
3.88249 -1 
-0.849978 -1 
-1.17848 -1 
-1.1024 -1 
1.64166 -1 
1.84452 -1 
-3.86106 -1 
-1.29261 -1 
-2.07161 -1 
-1.64372 -1 
2.66163 -1 
2.86065 -1 
2.26361 -1 
-2.43821 -1 
-3.5137 -1 
-3.16989 -1 
3.64746 -1 
-3.35278 -1 
-0.0852779 -1 
0.174608 -1 
-0.231359 -1 
-0.91123 -1 
1.49716 -1 
-3.65264 -1 
-1.75723 -1 
-1.42326 -1 
-2.73678 -1 
ZONE T="boundary4"
-0.530909 0.262568 
0.463915 0.308979 
0.455395 0.32569 
0.436975 0.358231 
0.427147 0.373623 
-0.380327 0.410329 
-0.322896 0.447003 
-0.302106 0.458481 
-0.629873 0.0443161 
-0.633329 0.0227044 
-0.625224 0.0660097 
-0.619417 0.0876838 
-0.586044 0.171764 
-0.595456 0.151947 
-0.564985 0.210403 
-0.575878 0.191229 
0.607968 0.0192424 
-0.553461 0.229221 
-0.398188 0.397239 
-0.459635 0.344628 
-0.445405 0.357991 
-0.497016 0.30526 
-0.472969 0.331348 
-0.430781 0.370935 
0.613027 0.00186629 
0.61699 -0.0155764 
-0.362051 0.422851 
-0.280948 0.469285 
-0.414691 0.384335 
-0.25874 0.479733 
-0.236199 0.489458 
-0.212502 0.498777 
-0.635571 0.00122621 
-0.542439 0.246061 
-0.163224 0.515383 
-0.0549855 0.539879 
-0.0262423 0.543762 
0.00325403 0.546605 
-0.604469 0.130752 
-0.519674 0.277622 
0.594543 0.054324 
0.586404 0.071807 
0.531886 0.169525 
0.44645 0.342111 
0.416835 0.388418 
0.355639 0.454302 
0.332825 0.471881 
0.377425 0.434445 
0.398325 0.411908 
0.566669 0.108985 
0.576816 0.0905159 
0.54402 0.148277 
0.479149 0.276849 
-0.342672 0.435239 
0.25657 0.513341 
0.308967 0.487383 
0.162744 0.539901 
0.195537 0.532993 
0.2264 0.524271 
0.28319 0.50139 
0.555419 0.128629 
0.601868 0.0365317 
0.619834 -0.0331498 
0.520094 0.191076 
-0.612481 0.109296 
0.493917 0.244352 
-0.188512 0.507315 
-0.137688 0.522601 
-0.0835958 0.534933 
-0.11074 0.529238 
0.506606 0.217481 
0.0343563 0.548323 
0.0653787 0.548676 
0.0979433 0.547499 
0.130155 0.544653 
0.459705 0.317362 
0.432135 0.365976 
-0.312548 0.452826 
-0.631746 0.0335329 
-0.622456 0.0768823 
-0.590847 0.161901 
-0.570513 0.200862 
-0.58105 0.181542 
-0.559298 0.219858 
-0.45257 0.351362 
-0.485178 0.318473 
-0.466351 0.338037 
-0.43814 0.364516 
0.615142 -0.0068244 
-0.371238 0.416662 
-0.291571 0.463967 
-0.422788 0.377697 
-0.224389 0.494215 
-0.634599 0.0119803 
-0.548011 0.237681 
-0.0406313 0.541954 
-0.0115071 0.545328 
-0.600078 0.141398 
-0.525351 0.270139 
0.590563 0.0631071 
0.450984 0.333934 
0.441783 0.350214 
0.422068 0.381076 
0.34441 0.463325 
0.38811 0.423398 
0.571796 0.099779 
-0.38931 0.403855 
-0.406489 0.39085 
0.471651 0.292974 
-0.352412 0.429123 
-0.508551 0.291609 
0.321048 0.479868 
-0.536739 0.25436 
0.179199 0.536718 
0.211045 0.528899 
0.241588 0.519089 
0.269989 0.50761 
-0.627689 0.0551924 
0.605033 0.0279278 
0.598315 0.0454727 
0.58169 0.0812024 
0.618553 -0.02434 
0.610623 0.0105911 
0.561074 0.118823 
0.52593 0.180265 
-0.269887 0.4746 
-0.247508 0.484686 
-0.616079 0.0985307 
0.549719 0.138451 
-0.200542 0.503143 
-0.175902 0.511455 
-0.608598 0.120069 
-0.332831 0.4412 
-0.150486 0.519098 
0.537919 0.15888 
-0.0971922 0.532203 
-0.0693128 0.537538 
0.366737 0.444602 
0.486535 0.260601 
0.500174 0.230873 
-0.124242 0.526036 
0.0187971 0.54763 
0.0498668 0.548674 
0.296215 0.494638 
0.513241 0.20422 
0.0816698 0.548292 
0.146487 0.542519 
0.11407 0.546292 
0.407802 0.400342 
ZONE T="boundary5"
-0.541692 -0.248352 
-0.528737 -0.259277 
-0.632098 -0.0823241 
-0.628043 -0.102376 
0.474252 -0.33105 
0.451126 -0.344754 
-0.634864 -0.061879 
0.486129 -0.323014 
-0.636354 -0.0411262 
-0.636585 -0.0200623 
-0.554291 -0.236337 
-0.588657 -0.194008 
-0.598883 -0.1773 
-0.62268 -0.122004 
0.609113 -0.150598 
-0.566237 -0.223451 
0.497659 -0.31446 
-0.470988 -0.294851 
-0.455029 -0.301881 
-0.324161 -0.335126 
-0.343599 -0.331947 
-0.304698 -0.338004 
-0.263481 -0.343491 
-0.501149 -0.278574 
-0.24106 -0.346318 
-0.218703 -0.349133 
-0.0705215 -0.370087 
-0.0443798 -0.374138 
0.0905545 -0.392794 
0.148139 -0.397648 
0.178259 -0.398971 
0.315288 -0.390235 
0.293526 -0.393568 
-0.19478 -0.352206 
-0.170947 -0.355374 
-0.121441 -0.362377 
-0.146145 -0.358811 
-0.0959468 -0.366189 
0.616722 -0.120717 
-0.486605 -0.286964 
-0.515255 -0.269319 
0.530947 -0.284523 
0.541492 -0.272946 
-0.382062 -0.324346 
-0.362885 -0.328391 
0.359184 -0.380685 
-0.284075 -0.340823 
-0.57788 -0.209169 
-0.419851 -0.314387 
-0.437575 -0.308548 
-0.401066 -0.319712 
-0.607999 -0.159712 
0.621398 -0.085926 
0.619624 -0.103321 
0.571202 -0.232449 
0.583808 -0.210659 
-0.635571 0.00122621 
0.119279 -0.395558 
0.239992 -0.3984 
0.208495 -0.399289 
-0.615998 -0.141145 
0.0352245 -0.385971 
0.0084532 -0.382162 
0.27169 -0.396085 
0.337289 -0.385951 
0.40445 -0.366142 
-0.0182602 -0.378159 
0.428013 -0.356277 
0.439667 -0.350714 
0.508969 -0.305247 
0.381898 -0.374051 
0.519825 -0.295525 
0.622039 -0.0683309 
0.557015 -0.25343 
0.595057 -0.187729 
0.600212 -0.175592 
0.612778 -0.137796 
0.604891 -0.163265 
0.619834 -0.0331498 
0.621521 -0.0507707 
0.0628311 -0.389587 
-0.535298 -0.253912 
-0.630236 -0.0923838 
0.46282 -0.338123 
-0.633645 -0.0721238 
-0.636626 -0.0305964 
-0.593918 -0.185744 
0.480234 -0.327096 
-0.625529 -0.112236 
-0.463054 -0.298467 
-0.333886 -0.33358 
-0.25227 -0.34491 
-0.0574507 -0.372111 
0.163192 -0.398427 
0.304423 -0.392007 
-0.18286 -0.353775 
-0.13379 -0.360577 
-0.635769 -0.0515144 
-0.478852 -0.291014 
-0.508271 -0.27405 
-0.522071 -0.264399 
0.536295 -0.278803 
-0.372488 -0.326437 
-0.314434 -0.336597 
-0.572176 -0.216404 
-0.428746 -0.311564 
-0.391584 -0.32211 
-0.446344 -0.305321 
-0.548085 -0.242441 
-0.560364 -0.229985 
0.620651 -0.0946374 
-0.603598 -0.168587 
-0.493937 -0.282871 
-0.273779 -0.34217 
-0.410486 -0.317144 
0.577689 -0.221661 
-0.353252 -0.330224 
0.133701 -0.396696 
0.224247 -0.39901 
-0.619507 -0.131633 
0.0218336 -0.384097 
0.255853 -0.39743 
-0.636231 -0.00941113 
0.282619 -0.394925 
0.348266 -0.383442 
0.326311 -0.388209 
-0.294389 -0.339437 
-0.00490689 -0.380179 
0.41631 -0.361396 
0.445422 -0.347784 
0.503367 -0.309918 
0.491941 -0.318801 
0.393229 -0.370252 
0.433863 -0.353545 
0.525457 -0.290096 
0.621864 -0.0771333 
0.514455 -0.30045 
0.564301 -0.24307 
0.597693 -0.181685 
0.549451 -0.263344 
0.611016 -0.144217 
0.607069 -0.156953 
0.61831 -0.112042 
-0.583396 -0.201678 
0.620822 -0.0419461 
0.621925 -0.0595462 
-0.0832326 -0.368129 
-0.108691 -0.364269 
0.370583 -0.377513 
-0.22988 -0.347722 
-0.158542 -0.357075 
-0.206739 -0.350659 
0.104908 -0.394253 
0.0766848 -0.391249 
-0.0313215 -0.376156 
0.193374 -0.399265 
0.0490209 -0.387824 
0.614878 -0.129286 
-0.612165 -0.1505 
0.602613 -0.169452 
0.589634 -0.199293 
