ZONE T="boundary0"
-4 0.124374 
-4 0.176715 
-4 0.217155 
-4 0.257595 
-4 0.647647 
-4 0.530196 
-4 0.765098 
-4 1 
-4 0.325135 
-4 -0.105967 
-4 -0.043557 
-4 -0.168376 
-4 -1 
-4 0.0720331 
-4 0.392675 
-4 -0.476052 
-4 -0.564931 
-4 -0.278712 
-4 -0.251128 
-4 -0.223544 
-4 -0.673699 
-4 -0.782466 
-4 -0.305827 
-4 -0.332942 
-4 -0.387173 
-4 0.014238 
-4 0.196935 
-4 0.588921 
-4 0.882549 
-4 0.291365 
-4 0.0982034 
-4 0.237375 
-4 0.358905 
-4 0.461435 
-4 -0.520492 
-4 -0.0747617 
-4 -0.137171 
-4 -0.619315 
-4 -0.891233 
-4 -0.26492 
-4 -0.19596 
-4 -0.319385 
-4 -0.237336 
-4 -0.360058 
-4 -0.29227 
-4 0.150544 
-4 0.0431355 
-4 -0.431613 
-4 -0.0146595 
-4 -0.728082 
-4 0.706372 
ZONE T="boundary1"
-4 1 
1.15659 1 
-0.0434769 1 
-0.115573 1 
0.353161 1 
0.285316 1 
-0.239154 1 
0.973415 1 
0.223853 1 
-1.03966 1 
-0.177364 1 
-0.31638 1 
-0.393605 1 
-3.66756 1 
-3.46176 1 
4 1 
0.840629 1 
-2.18803 1 
3.60331 1 
3.40496 1 
1.36354 1 
2.5079 1 
0.50824 1 
0.741037 1 
0.595473 1 
0.668255 1 
0.162389 1 
0.0955044 1 
0.0286197 1 
0.421007 1 
-0.73601 1 
-0.620014 1 
-0.50681 1 
1.065 1 
1.26007 1 
1.6362 1 
1.49987 1 
-1.26421 1 
-1.37785 1 
-1.49149 1 
-0.852006 1 
-0.945835 1 
-1.6654 1 
-1.83931 1 
3.20662 1 
2.85726 1 
3.03194 1 
-3.25596 1 
-2.36957 1 
-2.55111 1 
1.81054 1 
-1.15194 1 
2.24639 1 
1.98488 1 
-3.09133 1 
-2.73891 1 
-2.92671 1 
2.68258 1 
-0.0795251 1 
0.319239 1 
0.254585 1 
-0.146469 1 
-0.354992 1 
-3.56466 1 
0.907022 1 
3.80165 1 
3.50414 1 
0.790833 1 
0.631864 1 
0.193121 1 
0.0620621 1 
0.464623 1 
0.387084 1 
-0.450207 1 
-0.563412 1 
-0.678012 1 
1.01921 1 
1.3118 1 
1.1108 1 
1.56803 1 
1.4317 1 
-1.43467 1 
-0.89892 1 
-1.75236 1 
2.9446 1 
-3.35886 1 
-2.46034 1 
2.11563 1 
-2.01367 1 
-2.2788 1 
3.11928 1 
-2.64501 1 
2.59524 1 
-3.83378 1 
3.30579 1 
1.72337 1 
-2.83281 1 
-0.208259 1 
-0.277767 1 
0.128947 1 
-0.00742853 1 
0.551856 1 
1.20833 1 
2.37715 1 
-3.00902 1 
-3.17365 1 
-0.794008 1 
-1.0958 1 
-1.20807 1 
-1.32103 1 
-0.99275 1 
-1.57845 1 
1.89771 1 
2.76992 1 
0.704646 1 
ZONE T="boundary2"
4 -0.306667 
4 -0.211725 
4 0.0152001 
4 0.200439 
4 0.143875 
4 0.418304 
4 0.489287 
4 0.314438 
4 0.281555 
4 -0.162919 
4 -0.478585 
4 -0.352803 
4 0.837058 
4 1 
4 -1 
4 -0.739293 
4 0.347321 
4 0.0873119 
4 -0.260532 
4 -0.109915 
4 -0.0569117 
4 0.674116 
4 -0.608939 
4 0.172157 
4 0.453796 
4 -0.415694 
4 0.918529 
4 -0.869646 
4 0.33088 
4 0.115594 
4 -0.283599 
4 -0.187322 
4 -0.0834134 
4 -0.236128 
4 0.051256 
4 -0.136417 
4 -0.0208558 
4 0.581702 
4 0.755587 
4 -0.674116 
4 -0.543762 
4 0.297997 
4 0.382813 
4 0.240997 
4 -0.329735 
ZONE T="boundary3"
-1.75154 -1 
-1.90435 -1 
-0.363266 -1 
0.150597 -1 
0.0839647 -1 
1.12681 -1 
1.24299 -1 
-1.04093 -1 
-0.955107 -1 
-0.687574 -1 
-0.778431 -1 
-1.34078 -1 
-1.25479 -1 
-2.89913 -1 
-2.71555 -1 
3.53986 -1 
3.75 -1 
4 -1 
-1.59874 -1 
-4 -1 
-3.74843 -1 
-3.28978 -1 
-3.0827 -1 
-3.49685 -1 
2.37956 -1 
2.12813 -1 
2.93371 -1 
3.23678 -1 
1.95449 -1 
2.63099 -1 
1.78085 -1 
-0.480431 -1 
0.0432436 -1 
-0.0629987 -1 
0.00252265 -1 
-0.12852 -1 
-0.187997 -1 
-0.30537 -1 
-0.247473 -1 
0.21723 -1 
-0.584003 -1 
-0.869287 -1 
1.01063 -1 
-1.14786 -1 
0.782529 -1 
0.68154 -1 
0.580552 -1 
0.896582 -1 
-1.51275 -1 
0.476626 -1 
1.49439 -1 
1.36869 -1 
-1.42676 -1 
-2.12887 -1 
-2.53448 -1 
-2.3534 -1 
2.78235 -1 
0.256097 -1 
0.294965 -1 
0.3727 -1 
-1.82794 -1 
1.1849 -1 
-0.998017 -1 
-0.733002 -1 
-1.29778 -1 
-2.80734 -1 
3.64493 -1 
-1.67514 -1 
-3.87421 -1 
-3.18624 -1 
2.25384 -1 
3.08524 -1 
2.04131 -1 
2.50528 -1 
1.86767 -1 
0.0636042 -1 
0.022883 -1 
-0.030238 -1 
-0.158258 -1 
-0.0957594 -1 
-0.421849 -1 
-0.334318 -1 
-0.217735 -1 
0.117281 -1 
-0.532217 -1 
-0.635788 -1 
-0.912197 -1 
1.06872 -1 
-1.09439 -1 
0.732034 -1 
0.631045 -1 
0.953608 -1 
3.875 -1 
0.528589 -1 
1.43154 -1 
1.30584 -1 
1.63762 -1 
-1.46976 -1 
-2.01661 -1 
-2.62502 -1 
-2.24114 -1 
-2.44394 -1 
3.38832 -1 
-3.39332 -1 
-3.62264 -1 
2.85803 -1 
2.70667 -1 
0.275531 -1 
0.183914 -1 
0.236664 -1 
-0.276421 -1 
0.333832 -1 
0.424663 -1 
-0.823859 -1 
0.839555 -1 
-1.20132 -1 
-1.38377 -1 
-1.55575 -1 
-2.99092 -1 
ZONE T="boundary4"
-0.00752727 0.49037 
-0.246811 0.404493 
-0.221259 0.416827 
-0.648015 -0.0258762 
-0.14304 0.449989 
-0.604934 0.0959125 
-0.591252 0.119211 
-0.627376 0.048031 
-0.36414 0.337781 
-0.399529 0.313789 
-0.381957 0.325976 
-0.616996 0.0721662 
-0.642907 -0.00106701 
-0.636025 0.0235861 
-0.639679 0.0113139 
-0.559486 0.164131 
-0.343071 0.351098 
-0.321726 0.363944 
-0.576071 0.141954 
-0.297055 0.378047 
-0.544741 0.182101 
0.563312 0.258517 
0.576134 0.23182 
-0.529344 0.199517 
-0.466608 0.260914 
-0.504844 0.225063 
-0.485999 0.243294 
-0.433792 0.288203 
-0.416814 0.301209 
-0.450385 0.274786 
-0.272068 0.391569 
-0.195451 0.428535 
-0.169357 0.439608 
-0.0625061 0.476702 
-0.0351393 0.483983 
0.645103 0.0466311 
0.639198 0.0729706 
-0.0896104 0.468579 
-0.11644 0.459666 
0.0203987 0.495822 
0.549145 0.285358 
0.311101 0.481869 
0.340319 0.471303 
0.0485191 0.50026 
0.397169 0.443498 
0.424138 0.426205 
0.369085 0.458548 
0.0770029 0.503647 
0.105623 0.505887 
0.533305 0.31171 
0.515548 0.337291 
0.495644 0.361933 
0.134478 0.506917 
0.163639 0.506648 
0.192946 0.50498 
0.222395 0.501803 
0.281574 0.490391 
0.252012 0.496978 
0.622058 0.125796 
0.600265 0.1785 
0.611633 0.15196 
0.631438 0.0992834 
0.648892 0.0202988 
0.588483 0.204904 
0.473688 0.385161 
0.650367 -0.00587266 
0.449792 0.406664 
-0.234071 0.410735 
-0.598266 0.107664 
-0.390777 0.319931 
-0.631906 0.0358811 
-0.641347 0.00513739 
-0.637904 0.0174656 
-0.332433 0.357578 
-0.567921 0.153149 
-0.611151 0.0841335 
-0.309432 0.371068 
-0.552201 0.173188 
0.569811 0.245211 
-0.537118 0.190876 
-0.495491 0.234251 
-0.425344 0.29476 
-0.442133 0.281551 
-0.458544 0.267906 
-0.353643 0.344499 
-0.284601 0.38488 
-0.408208 0.30755 
-0.20839 0.422759 
-0.182439 0.434154 
-0.156233 0.444885 
-0.0488517 0.480452 
0.642389 0.0598542 
-0.0760891 0.472743 
-0.103057 0.464219 
0.00641165 0.493219 
-0.129773 0.454919 
0.556392 0.272024 
0.3258 0.476835 
-0.58382 0.130688 
-0.0213601 0.487292 
-0.517239 0.212429 
-0.476375 0.252182 
0.0344383 0.498172 
0.410826 0.43512 
0.383271 0.451292 
0.0913016 0.504915 
0.541427 0.298655 
0.505829 0.3498 
0.524648 0.324654 
-0.259477 0.398104 
0.120045 0.506559 
0.14906 0.506952 
0.207691 0.503584 
0.354818 0.465186 
0.296406 0.486366 
0.237237 0.499597 
0.0627444 0.502094 
0.606014 0.165258 
0.626902 0.112594 
-0.373079 0.331924 
0.594411 0.191718 
0.178303 0.505994 
0.649925 0.0072297 
0.266842 0.493904 
0.484898 0.373766 
0.61695 0.138919 
0.582346 0.21838 
0.46196 0.396157 
0.437165 0.416697 
-0.622382 0.060183 
-0.645677 -0.0134271 
0.635516 0.0861852 
0.64727 0.0335041 
ZONE T="boundary5"
-0.529235 -0.350204 
-0.506747 -0.366948 
0.370174 -0.314757 
0.343285 -0.322256 
-0.372139 -0.421038 
-0.593121 -0.280343 
-0.600332 -0.269184 
-0.650585 -0.12544 
-0.65263 -0.100605 
-0.649897 -0.038294 
-0.648015 -0.0258762 
-0.652879 -0.075704 
0.631765 -0.106119 
-0.646737 -0.15014 
-0.62432 -0.222843 
-0.633595 -0.198928 
0.537654 -0.229616 
-0.613256 -0.246317 
0.608161 -0.151708 
0.621091 -0.129378 
-0.549871 -0.331889 
-0.342371 -0.425425 
-0.456773 -0.394895 
-0.401341 -0.414508 
-0.282354 -0.428403 
-0.312392 -0.427807 
0.422214 -0.296821 
0.396389 -0.306368 
-0.193754 -0.421992 
-0.252539 -0.427459 
-0.223137 -0.425252 
-0.136121 -0.413303 
0.640084 -0.0820278 
-0.585467 -0.29119 
-0.568626 -0.312164 
0.593115 -0.173004 
-0.164915 -0.417962 
-0.651339 -0.0507707 
-0.482567 -0.381889 
-0.0509049 -0.397367 
-0.0792204 -0.402877 
-0.107651 -0.408238 
-0.0226074 -0.391802 
0.20454 -0.350669 
0.494306 -0.26076 
0.471273 -0.274097 
0.557564 -0.212059 
0.57616 -0.193154 
-0.641075 -0.174657 
0.232715 -0.345704 
0.00572262 -0.386261 
0.0340343 -0.38082 
0.11934 -0.365296 
0.0908703 -0.370327 
0.0624668 -0.375493 
0.14777 -0.360387 
0.260794 -0.340503 
0.316181 -0.328911 
0.288546 -0.33497 
0.447046 -0.286172 
0.645986 -0.0571871 
-0.429654 -0.405782 
0.649414 -0.0317651 
0.626706 -0.117883 
0.643342 -0.0696915 
0.176188 -0.355535 
0.650367 -0.00587266 
0.516524 -0.245879 
-0.518172 -0.358819 
0.356762 -0.318622 
-0.596783 -0.2748 
-0.651832 -0.113041 
-0.64901 -0.0320777 
-0.629168 -0.210967 
-0.648885 -0.137825 
-0.607015 -0.257875 
0.614885 -0.140693 
-0.357294 -0.423494 
-0.386803 -0.418053 
-0.297377 -0.428314 
0.409359 -0.301749 
-0.267441 -0.428108 
-0.652978 -0.0881568 
-0.577264 -0.301852 
-0.589349 -0.285806 
-0.559456 -0.322223 
0.636222 -0.0941762 
-0.150507 -0.415699 
-0.652332 -0.0632235 
-0.46981 -0.38867 
-0.0650602 -0.400136 
-0.121878 -0.410816 
0.482896 -0.267613 
0.567037 -0.202779 
-0.179322 -0.420066 
0.218631 -0.348209 
-0.0367562 -0.394586 
0.0198756 -0.383526 
-0.0934305 -0.405586 
0.105103 -0.367795 
0.076665 -0.372891 
0.133554 -0.362831 
0.246762 -0.343142 
0.383324 -0.310696 
0.329756 -0.325678 
0.30238 -0.332017 
0.434702 -0.291664 
0.459251 -0.280318 
0.274681 -0.337793 
0.584842 -0.183251 
0.623967 -0.123664 
0.629307 -0.112032 
0.644741 -0.0634557 
0.64179 -0.07588 
0.648013 -0.0445183 
-0.00844401 -0.389024 
0.190365 -0.353111 
-0.327401 -0.426854 
-0.208432 -0.423739 
-0.237827 -0.4265 
-0.494819 -0.37468 
0.048247 -0.378138 
0.161979 -0.357959 
0.600871 -0.162521 
-0.618997 -0.234679 
0.6502 -0.0188303 
-0.650673 -0.0445249 
-0.443328 -0.400624 
-0.415586 -0.410433 
0.547758 -0.221007 
0.527223 -0.237921 
0.505538 -0.253503 
-0.539748 -0.341266 
-0.637552 -0.18686 
-0.644128 -0.16245 
