ZONE T="boundary0"
-4 -0.346038 
-4 -0.0742958 
-4 0.0184122 
-4 0.436991 
-4 0.524354 
-4 -0.262124 
-4 -0.234152 
-4 -0.578485 
-4 -0.675168 
-4 -0.837584 
-4 1 
-4 0.611718 
-4 0.708788 
-4 0.11112 
-4 0.15159 
-4 -0.194188 
-4 0.298894 
-4 -0.318066 
-4 0.367943 
-4 -0.154224 
-4 -0.481801 
-4 -1 
-4 0.805859 
-4 -0.413919 
-4 -0.290095 
-4 0.19206 
-4 0.245477 
-4 0.333419 
-4 0.0647662 
-4 -0.0279418 
-4 0.480673 
-4 -0.248138 
-4 0.660253 
-4 0.131355 
-4 -0.21417 
-4 -0.332052 
-4 -0.626826 
-4 -0.530143 
-4 -0.918792 
-4 -0.756376 
-4 0.902929 
-4 -0.44786 
-4 -0.379979 
-4 -0.276109 
-4 -0.304081 
-4 -0.174206 
-4 -0.11426 
-4 0.171825 
-4 0.218769 
-4 0.272186 
-4 0.350681 
-4 0.402467 
-4 0.568036 
-4 0.757324 
-4 0.316157 
-4 0.0879432 
-4 0.0415892 
ZONE T="boundary1"
0.715975 1 
-0.0464503 1 
1.16177 1 
1.26105 1 
-0.323196 1 
-0.253789 1 
3.29853 1 
3.0647 1 
1.0625 1 
-1.45009 1 
4 1 
-0.964713 1 
-1.07128 1 
3.76618 1 
0.832177 1 
-1.17784 1 
-1.31396 1 
2.39485 1 
2.17869 1 
3.53235 1 
-1.83575 1 
1.98517 1 
1.79166 1 
1.61629 1 
-3.6042 1 
-4 1 
-3.41271 1 
-2.4807 1 
-3.22122 1 
2.61416 1 
-3.00253 1 
0.0834471 1 
0.153828 1 
-0.389672 1 
-0.456148 1 
-0.543356 1 
-0.115416 1 
-0.738505 1 
-0.184382 1 
-0.630565 1 
0.0184984 1 
0.224209 1 
0.337215 1 
0.524997 1 
0.45022 1 
-0.851609 1 
0.599773 1 
-1.38202 1 
-1.56375 1 
-1.67742 1 
0.947337 1 
1.35099 1 
-1.99408 1 
1.44093 1 
-2.23739 1 
-2.78384 1 
-2.63227 1 
2.83943 1 
1.21141 1 
-0.288492 1 
3.18161 1 
1.11214 1 
-1.01799 1 
3.88309 1 
-1.2459 1 
2.28677 1 
1.88842 1 
1.70398 1 
-3.8021 1 
-3.50846 1 
0.118638 1 
-0.42291 1 
-0.499752 1 
-0.0809332 1 
-0.219085 1 
-0.586961 1 
-0.0139759 1 
0.189018 1 
0.487609 1 
0.393718 1 
-1.12456 1 
0.562385 1 
-1.34799 1 
-1.41605 1 
-1.62059 1 
0.889757 1 
1.30602 1 
-1.91491 1 
0.774076 1 
1.00492 1 
-1.75659 1 
-3.31696 1 
-3.11187 1 
-2.11573 1 
-2.89319 1 
-2.70806 1 
2.08193 1 
2.50451 1 
-2.35905 1 
2.95206 1 
3.64926 1 
3.41544 1 
2.72679 1 
1.52861 1 
-2.55649 1 
-0.356434 1 
-0.149899 1 
-0.795057 1 
-0.908161 1 
-0.684535 1 
0.0509728 1 
0.280712 1 
-1.50692 1 
0.657874 1 
1.39596 1 
ZONE T="boundary2"
4 -0.560467 
4 -0.377522 
4 -0.481848 
4 0.16927 
4 0.11247 
4 0.0556704 
4 0.386511 
4 0.244549 
4 0.308269 
4 0.539884 
4 0.693256 
4 -0.0227917 
4 0.463197 
4 -0.0620228 
4 -0.639085 
4 -0.819543 
4 1 
4 -1 
4 -0.101254 
4 -0.254739 
4 -0.177997 
4 -0.139625 
4 -0.316131 
4 -0.429685 
4 0.14087 
4 0.276409 
4 0.61657 
4 0.206909 
4 0.0164393 
4 0.50154 
4 -0.0424073 
4 -0.729314 
4 0.846628 
4 -0.521157 
4 0.34739 
4 0.424854 
4 0.0840703 
4 -0.216368 
4 -0.12044 
4 -0.346826 
4 -0.285435 
4 -0.158811 
4 -0.599776 
4 -0.909771 
4 -0.0816383 
ZONE T="boundary3"
-3.78563 -1 
-3.57126 -1 
-1.29992 -1 
-0.352811 -1 
-0.110266 -1 
0.756388 -1 
-1.20786 -1 
-0.184678 -1 
-1.44525 -1 
-1.1158 -1 
1.01499 -1 
1.13272 -1 
1.45282 -1 
1.57758 -1 
-1.57539 -1 
-2.68998 -1 
-2.12543 -1 
3.07871 -1 
3.30904 -1 
-3.14252 -1 
-1.70552 -1 
-1.91547 -1 
-2.47934 -1 
2.32918 -1 
3.53936 -1 
4 -1 
1.91812 -1 
2.1339 -1 
2.52446 -1 
2.80159 -1 
0.257319 -1 
0.0785829 -1 
0.145302 -1 
0.387896 -1 
0.614028 -1 
0.500962 -1 
0.20131 -1 
-0.0492009 -1 
0.0118643 -1 
-0.259089 -1 
0.885691 -1 
-0.30595 -1 
-0.446533 -1 
1.25044 -1 
-0.658654 -1 
-0.552593 -1 
-0.780103 -1 
-0.901552 -1 
-1.00867 -1 
1.35163 -1 
-4 -1 
1.70235 -1 
-3.35689 -1 
-2.90062 -1 
-3.67844 -1 
-1.16183 -1 
1.07386 -1 
1.5152 -1 
-1.51032 -1 
3.19387 -1 
-1.8105 -1 
-2.30238 -1 
3.76968 -1 
2.02601 -1 
2.66302 -1 
0.111942 -1 
0.322608 -1 
0.557495 -1 
0.173306 -1 
-0.0186683 -1 
0.444429 -1 
0.82104 -1 
0.950343 -1 
-0.28252 -1 
-0.399672 -1 
0.685208 -1 
1.19158 -1 
-0.605623 -1 
-0.840828 -1 
-0.719378 -1 
-1.06224 -1 
-0.955114 -1 
-1.37259 -1 
-1.25389 -1 
1.40222 -1 
1.30103 -1 
-3.89281 -1 
1.81023 -1 
-3.2497 -1 
2.42682 -1 
-3.02157 -1 
2.23154 -1 
1.63996 -1 
-2.02045 -1 
-3.46407 -1 
2.94015 -1 
3.4242 -1 
0.229315 -1 
-0.499563 -1 
-0.32938 -1 
-0.147472 -1 
-0.0797335 -1 
0.0452236 -1 
-0.221883 -1 
-1.64045 -1 
-2.7953 -1 
-2.58466 -1 
ZONE T="boundary4"
0.640889 -0.00676614 
0.643185 -0.0217794 
0.616218 0.0654016 
-0.618305 0.025019 
0.628704 0.0373549 
0.63366 0.0228375 
-0.421038 0.425685 
-0.520807 0.32602 
-0.609596 0.140337 
-0.617456 0.0936784 
-0.596063 0.186843 
-0.588068 0.20799 
-0.60351 0.16367 
-0.544782 0.291898 
-0.567913 0.251838 
-0.578501 0.230125 
-0.438809 0.411462 
-0.533147 0.309204 
-0.556309 0.273027 
-0.508822 0.341093 
-0.496298 0.355715 
-0.454466 0.397866 
-0.483197 0.369936 
-0.317045 0.488082 
-0.269552 0.506827 
-0.245049 0.514417 
-0.293727 0.497968 
-0.469597 0.383674 
-0.219817 0.520818 
-0.0894376 0.53168 
-0.115791 0.532493 
-0.194393 0.525848 
-0.0627516 0.529253 
-0.0364086 0.525226 
-0.0098011 0.519457 
-0.402696 0.439138 
-0.38249 0.452642 
0.334703 0.302838 
0.359733 0.284588 
0.290119 0.337001 
0.309782 0.321677 
0.270556 0.352573 
0.223941 0.390138 
0.559964 0.140118 
0.538968 0.159213 
0.516802 0.176934 
0.490528 0.195884 
0.463583 0.214063 
0.435263 0.232761 
0.383244 0.267993 
0.0684194 0.491945 
0.0421898 0.502989 
0.0162785 0.512078 
0.0939813 0.479353 
0.11945 0.465007 
0.251081 0.368271 
0.196687 0.411574 
0.573736 0.125842 
0.637717 0.00812659 
0.622925 0.0514625 
0.586669 0.110683 
0.594563 0.100336 
0.644631 -0.0369468 
0.608749 0.0788387 
-0.361715 0.465201 
-0.33963 0.477187 
-0.168363 0.529537 
-0.619468 0.0476212 
-0.142308 0.531756 
0.406763 0.251837 
0.144915 0.448922 
0.170585 0.431092 
-0.619193 0.07052 
-0.614256 0.116966 
0.642145 -0.0142548 
0.631291 0.0301354 
-0.592189 0.197464 
-0.606719 0.152048 
-0.573331 0.241043 
-0.583412 0.219114 
-0.429998 0.418667 
-0.56224 0.262504 
-0.502626 0.348461 
-0.514883 0.333612 
-0.446702 0.404739 
-0.489811 0.362885 
-0.257346 0.510779 
-0.281693 0.502551 
-0.476458 0.376866 
-0.232472 0.517785 
-0.305444 0.493169 
-0.102607 0.53228 
-0.0495519 0.527441 
-0.0230643 0.522551 
-0.527062 0.317675 
-0.411937 0.432509 
-0.392668 0.446006 
0.347189 0.293653 
0.299932 0.329307 
0.280323 0.344765 
0.528005 0.16823 
0.477105 0.205039 
0.449433 0.223407 
0.503766 0.186549 
-0.462099 0.390843 
0.0553791 0.497671 
0.0292952 0.507735 
0.106798 0.472356 
0.237518 0.379228 
0.210356 0.400925 
0.260815 0.36041 
0.635797 0.0155141 
0.625918 0.0444538 
0.590673 0.105555 
0.619674 0.0584841 
0.639412 0.000705079 
0.601903 0.089759 
0.644014 -0.0293517 
0.61258 0.0721765 
0.54963 0.149859 
0.322213 0.312195 
-0.350742 0.471326 
-0.207136 0.523504 
-0.181401 0.527873 
-0.328401 0.482771 
-0.619066 0.0363125 
-0.372172 0.459041 
-0.599943 0.175308 
-0.155348 0.53083 
-0.0760769 0.530669 
0.0812786 0.485837 
0.37147 0.276243 
0.394989 0.259873 
-0.129053 0.532318 
0.00328993 0.515971 
0.132265 0.457123 
0.157826 0.440143 
0.183697 0.42144 
0.421 0.242248 
0.566951 0.133083 
0.580321 0.118369 
-0.619511 0.0590744 
-0.618505 0.0821143 
-0.616034 0.105348 
-0.550652 0.282528 
-0.539054 0.300612 
-0.612099 0.128687 
ZONE T="boundary5"
-0.343447 -0.329099 
-0.591944 -0.0818806 
-0.599847 -0.061416 
-0.534138 -0.176905 
-0.321888 -0.340347 
-0.52012 -0.193365 
-0.618305 0.025019 
-0.611771 -0.0190677 
-0.606471 -0.0404582 
-0.572388 -0.121371 
-0.582778 -0.101878 
0.642379 -0.0979812 
0.639987 -0.113235 
-0.416231 -0.284762 
-0.491893 -0.222682 
-0.505437 -0.209163 
-0.197708 -0.393911 
-0.217846 -0.386335 
-0.277308 -0.361574 
-0.237848 -0.378417 
-0.0741398 -0.432171 
-0.0999153 -0.425342 
-0.125424 -0.417986 
-0.15074 -0.4101 
-0.257649 -0.370175 
-0.174312 -0.40223 
-0.29971 -0.351224 
-0.477832 -0.235829 
-0.463379 -0.248516 
-0.364722 -0.317259 
-0.431778 -0.273613 
-0.382691 -0.3066 
-0.400379 -0.295429 
-0.61573 0.00278158 
-0.44778 -0.261338 
0.560271 -0.302965 
0.00470742 -0.449207 
-0.560808 -0.140355 
0.624916 -0.17219 
0.615548 -0.19858 
0.143141 -0.464008 
0.114592 -0.462651 
0.0866966 -0.460442 
0.0589257 -0.457411 
0.0317379 -0.453667 
0.171759 -0.464405 
-0.548069 -0.158836 
0.201071 -0.463756 
0.260025 -0.458913 
0.230368 -0.461969 
0.289919 -0.454452 
-0.0481817 -0.438428 
0.438064 -0.405663 
0.631458 -0.150514 
0.350015 -0.440698 
0.320007 -0.448424 
0.379909 -0.431076 
0.465715 -0.389687 
0.479131 -0.380801 
0.528636 -0.339534 
0.492156 -0.37135 
0.51689 -0.350763 
0.504756 -0.361334 
0.539829 -0.327773 
0.409271 -0.419472 
0.550354 -0.315602 
0.645045 -0.0674447 
0.644079 -0.0827025 
0.569694 -0.289693 
0.605026 -0.224238 
0.578491 -0.275963 
0.636953 -0.128423 
0.645241 -0.0521967 
0.644631 -0.0369468 
-0.0218253 -0.444134 
0.592507 -0.250772 
-0.596054 -0.0717082 
-0.332703 -0.334793 
-0.527223 -0.185215 
-0.609291 -0.0298035 
-0.577727 -0.1117 
-0.587513 -0.0919477 
-0.603324 -0.0509877 
0.641265 -0.10562 
-0.498721 -0.21598 
-0.207793 -0.390166 
-0.0870482 -0.428827 
-0.138104 -0.414109 
-0.18603 -0.398127 
-0.162546 -0.406222 
-0.470654 -0.24223 
-0.51286 -0.20134 
-0.484914 -0.229312 
-0.354125 -0.323255 
-0.424047 -0.279248 
-0.391574 -0.301079 
-0.617195 0.0138813 
-0.373741 -0.31199 
-0.43983 -0.267544 
-0.310831 -0.345852 
-0.408343 -0.290153 
-0.247767 -0.37434 
-0.455632 -0.254993 
0.620397 -0.185444 
0.128859 -0.463446 
0.100634 -0.461653 
0.0453167 -0.455631 
-0.541221 -0.167961 
0.186416 -0.464218 
0.215727 -0.463009 
-0.613925 -0.00817301 
0.274997 -0.45686 
-0.0611806 -0.435373 
0.628312 -0.161389 
0.335065 -0.444774 
0.452048 -0.39795 
0.47247 -0.385315 
0.522829 -0.345217 
0.510883 -0.356118 
0.485694 -0.376146 
0.394688 -0.425523 
0.423795 -0.412834 
0.534302 -0.33372 
0.545164 -0.321751 
-0.566733 -0.130945 
-0.554565 -0.149682 
0.644656 -0.0750786 
0.555388 -0.309343 
0.565062 -0.296386 
0.574173 -0.28288 
0.498511 -0.366412 
0.634351 -0.139504 
0.643318 -0.0903509 
-0.288537 -0.356462 
-0.227864 -0.382419 
-0.267498 -0.36592 
0.638546 -0.120844 
0.645039 -0.0445663 
0.645241 -0.0598209 
0.157446 -0.46433 
0.018206 -0.451525 
-0.00857683 -0.446752 
0.305001 -0.451634 
-0.112691 -0.421732 
0.585735 -0.2635 
0.072798 -0.459027 
0.245212 -0.460602 
-0.0350227 -0.441359 
0.610437 -0.211472 
0.59896 -0.237598 
0.365037 -0.43612 
