ZONE T="boundary0"
-4 -0.35475 
-4 -0.324618 
-4 -0.197428 
-4 0.777683 
-4 0.222838 
-4 0.184349 
-4 0.555367 
-4 0.261326 
-4 0.32285 
-4 0.384375 
-4 -0.245957 
-4 -0.294485 
-4 -0.0870487 
-4 -0.00715307 
-4 1 
-4 -0.406378 
-4 -0.458005 
-4 -0.564476 
-4 -0.142238 
-4 0.0727425 
-4 0.469871 
-4 -0.670946 
-4 -1 
-4 -0.835473 
-4 -0.339684 
-4 0.203594 
-4 0.666525 
-4 0.292088 
-4 -0.270221 
-4 -0.0471009 
-4 0.888842 
-4 -0.432192 
-4 -0.51124 
-4 -0.169833 
-4 0.128546 
-4 0.242082 
-4 0.427123 
-4 -0.617711 
-4 -0.380564 
-4 0.512619 
-4 -0.917736 
-4 -0.309552 
-4 -0.221692 
-4 0.353613 
-4 0.0327947 
-4 -0.753209 
-4 -0.114643 
ZONE T="boundary1"
-3.82638 1 
-3.65275 1 
1.49681 1 
1.61214 1 
4 1 
3.62571 1 
-0.92367 1 
0.874331 1 
0.817965 1 
-0.343877 1 
-0.406213 1 
-0.88172 1 
0.0795178 1 
-0.283102 1 
-0.222326 1 
1.2037 1 
0.208421 1 
1.12824 1 
-1.96986 1 
-1.81033 1 
3.25142 1 
-4 1 
-2.28587 1 
1.87249 1 
-3.19976 1 
1.38148 1 
-0.755869 1 
-0.678124 1 
-0.162212 1 
0.756669 1 
0.275281 1 
0.141562 1 
0.0174738 1 
-1.19462 1 
0.99174 1 
0.930696 1 
-0.979604 1 
-1.03554 1 
-0.83977 1 
-0.102098 1 
-0.0423119 1 
-0.468549 1 
0.560328 1 
0.627851 1 
0.489007 1 
0.346483 1 
0.417686 1 
-0.534464 1 
-0.600379 1 
1.05278 1 
0.695373 1 
-1.6508 1 
2.55222 1 
2.25963 1 
-1.29256 1 
-1.52065 1 
3.04811 1 
2.8448 1 
-2.12786 1 
-2.92394 1 
-3.42626 1 
1.29259 1 
1.74232 1 
2.06606 1 
-2.46699 1 
-2.64811 1 
-1.11508 1 
-1.07531 1 
-1.3905 1 
-1.24359 1 
2.69851 1 
1.55448 1 
3.81285 1 
0.846148 1 
-0.375045 1 
-0.902695 1 
-0.252714 1 
-1.8901 1 
3.43856 1 
-3.91319 1 
1.43915 1 
-0.716997 1 
-0.192269 1 
0.787317 1 
0.174991 1 
0.241851 1 
0.0484958 1 
0.11054 1 
0.961218 1 
-1.00757 1 
-0.132155 1 
-0.0722048 1 
-0.012419 1 
-0.313489 1 
-0.437381 1 
0.59409 1 
0.524668 1 
0.453347 1 
0.382085 1 
-0.567422 1 
-0.639252 1 
-0.501507 1 
1.02226 1 
0.902513 1 
0.726021 1 
1.09051 1 
2.40593 1 
3.14976 1 
-2.04886 1 
-3.06185 1 
-3.31301 1 
1.33703 1 
1.8074 1 
2.16285 1 
-2.37643 1 
-3.5395 1 
-3.73956 1 
1.67723 1 
-2.20687 1 
-2.55755 1 
-2.78602 1 
-1.58573 1 
-1.73057 1 
-0.860745 1 
0.661612 1 
0.310882 1 
-0.951637 1 
-1.09519 1 
-1.05542 1 
-1.34153 1 
-1.26807 1 
-1.15485 1 
-1.45557 1 
-1.21911 1 
-0.79782 1 
1.16597 1 
1.24815 1 
2.77165 1 
2.62536 1 
2.94645 1 
1.96927 1 
ZONE T="boundary2"
4 -0.396929 
4 -0.337338 
4 -0.681775 
4 -0.262119 
4 0.232262 
4 0.185627 
4 1 
4 -0.137725 
4 0.399906 
4 0.463079 
4 -0.569147 
4 0.825805 
4 -0.299729 
4 -0.186899 
4 0.138991 
4 0.336734 
4 0.557344 
4 0.65161 
4 -0.0885499 
4 -0.456519 
4 -1 
4 0.0252207 
4 -0.367134 
4 0.208944 
4 0.431493 
4 0.912902 
4 -0.280924 
4 -0.224509 
4 -0.318533 
4 0.284498 
4 0.604477 
4 -0.113137 
4 0.162309 
4 0.738707 
4 -0.625461 
4 -0.512833 
4 -0.840887 
4 0.0821059 
4 -0.0316646 
4 0.36832 
4 -0.162312 
4 -0.426724 
4 0.510212 
ZONE T="boundary3"
-3.69436 -1 
-1.97391 -1 
-0.545824 -1 
-0.6632 -1 
0.552931 -1 
0.663205 -1 
1.13275 -1 
1.24704 -1 
-0.328985 -1 
0.779194 -1 
2.00569 -1 
-3.54154 -1 
-3.38873 -1 
1.88723 -1 
-1.51654 -1 
-1.36016 -1 
-0.428448 -1 
-2.15997 -1 
3.72255 -1 
3.47978 -1 
3.23701 -1 
-1.27733 -1 
2.32981 -1 
2.53547 -1 
-3.05826 -1 
-3.22349 -1 
-0.229521 -1 
-0.1106 -1 
0.247314 -1 
0.00832165 -1 
4 -1 
0.442656 -1 
0.344985 -1 
0.895183 -1 
-0.846006 -1 
0.127818 -1 
-0.937409 -1 
-1.19449 -1 
-4 -1 
1.01397 -1 
1.36133 -1 
1.62428 -1 
-1.11165 -1 
-1.02881 -1 
-1.67292 -1 
-1.82341 -1 
3.0532 -1 
2.12415 -1 
2.86939 -1 
-2.34604 -1 
-2.72779 -1 
-2.53691 -1 
2.70243 -1 
-0.604512 -1 
0.608068 -1 
1.1899 -1 
0.7212 -1 
-3.46514 -1 
-1.43835 -1 
-2.06694 -1 
3.60116 -1 
-1.31874 -1 
2.43264 -1 
-3.14088 -1 
-0.170061 -1 
-0.0511391 -1 
3.86127 -1 
0.497793 -1 
0.29615 -1 
0.837189 -1 
-0.754603 -1 
0.187566 -1 
-0.279253 -1 
-0.891708 -1 
-1.23591 -1 
-3.84718 -1 
1.07336 -1 
1.30419 -1 
1.49281 -1 
-1.07023 -1 
-3.30611 -1 
1.75576 -1 
-1.59473 -1 
-1.89866 -1 
-1.74817 -1 
2.06492 -1 
2.9613 -1 
-2.253 -1 
-3.61795 -1 
-2.63235 -1 
-2.44147 -1 
2.61895 -1 
2.22698 -1 
1.94646 -1 
-2.89302 -1 
3.35839 -1 
3.1451 -1 
-0.487136 -1 
-0.378716 -1 
0.393821 -1 
0.0680698 -1 
0.954576 -1 
-1.15307 -1 
-0.983111 -1 
2.78591 -1 
ZONE T="boundary4"
-0.745643 0.265894 
-0.710668 0.495835 
-0.734637 0.239687 
-0.67538 0.536347 
-0.653653 0.555426 
-0.758807 0.325149 
-0.756876 0.309808 
-0.754012 0.294805 
-0.75975 0.340528 
-0.759702 0.356141 
-0.750289 0.280281 
-0.740498 0.252653 
-0.758869 0.369374 
-0.757322 0.382485 
-0.724367 0.474897 
-0.728563 0.227838 
-0.702912 0.506099 
-0.69471 0.516005 
-0.566596 0.607518 
-0.532065 0.621146 
-0.497178 0.632146 
-0.461172 0.641144 
-0.392215 0.65327 
-0.356667 0.657525 
-0.0750018 -0.0805608 
-0.0380647 -0.0809603 
-0.321018 0.660764 
-0.283954 0.663252 
-0.426991 0.647883 
-0.721934 0.216228 
-0.108904 -0.0791256 
0.0433181 -0.0779005 
-0.00109076 -0.0802149 
-0.0919606 -0.0799745 
0.0876355 -0.0741436 
0.378057 -0.0161065 
0.478925 0.0203777 
-0.75188 0.409259 
0.507752 0.0330851 
0.534883 0.0461964 
0.60103 0.0839587 
0.616741 0.0944283 
0.652344 0.120966 
0.671577 0.137303 
0.568619 0.0643074 
0.70603 0.171451 
0.689343 0.154 
0.721279 0.189341 
0.774583 0.289906 
0.463608 0.620075 
0.432055 0.627201 
0.214331 0.655825 
0.172438 0.65872 
0.294355 0.648451 
0.332455 0.643859 
0.25618 0.652309 
0.61024 0.567533 
0.626464 0.558786 
0.52652 0.602181 
0.366441 0.63902 
-0.246866 0.66502 
-0.128438 0.66727 
-0.0876777 0.667181 
-0.00255977 0.665917 
-0.0451093 0.666722 
0.0849525 0.663168 
0.128708 0.661185 
0.0412059 0.664732 
0.657495 0.539472 
0.67224 0.528837 
0.753504 0.437238 
0.761693 0.420756 
0.725075 0.478824 
0.735118 0.466009 
0.744724 0.452046 
0.76825 0.26934 
0.780145 0.32868 
0.780016 0.346727 
0.759524 0.248833 
0.778262 0.36437 
0.714436 0.490904 
-0.744909 0.431556 
-0.735779 0.453401 
0.642104 0.549518 
0.768633 0.403373 
0.774338 0.384326 
0.778394 0.309395 
-0.628543 0.573807 
0.68664 0.517315 
0.700822 0.504634 
-0.599616 0.591291 
0.74832 0.228089 
0.735233 0.207911 
0.449687 0.00862237 
0.40031 0.633373 
0.49476 0.611899 
0.414091 -0.00433239 
0.144251 -0.0673664 
0.560817 0.589797 
-0.208035 0.66625 
0.338234 -0.0277315 
-0.169213 0.666968 
0.298023 -0.0381455 
0.249471 -0.0491126 
0.200512 -0.0585201 
0.577369 0.582989 
0.593698 0.575659 
-0.664729 0.546127 
-0.757964 0.317464 
-0.755562 0.302284 
-0.759401 0.332833 
-0.759852 0.348337 
-0.752262 0.287515 
-0.737653 0.246131 
-0.758185 0.375941 
-0.717754 0.485523 
-0.759376 0.362764 
-0.748076 0.273052 
-0.698865 0.511097 
-0.549464 0.614659 
-0.514715 0.626928 
-0.479241 0.636898 
-0.374458 0.655538 
-0.0565365 -0.0809079 
-0.302492 0.662108 
-0.409629 0.65074 
-0.725312 0.221996 
-0.706848 0.501011 
0.021123 -0.0792447 
-0.100434 -0.0795833 
-0.754973 0.395953 
0.493393 0.0266079 
0.608924 0.089135 
0.66206 0.129016 
0.584959 0.07391 
0.697807 0.162609 
-0.743163 0.259238 
-0.731668 0.233727 
0.713786 0.180283 
0.551864 0.0550418 
0.44786 0.623765 
0.193389 0.657343 
0.313417 0.646255 
0.275276 0.650464 
0.618395 0.563239 
-0.108057 0.667271 
-0.0663925 0.666996 
0.106833 0.662232 
0.150577 0.660017 
0.235262 0.654151 
-0.685279 0.526398 
0.0630809 0.664 
0.664931 0.534243 
0.75776 0.429077 
0.730192 0.472491 
0.749243 0.444718 
0.771692 0.279538 
0.780292 0.337705 
0.764141 0.258978 
0.779338 0.355568 
0.719839 0.484938 
-0.740595 0.442587 
-0.748654 0.420492 
0.634332 0.554234 
0.649856 0.544582 
0.765345 0.412137 
0.771708 0.393916 
0.779514 0.319015 
0.776741 0.299601 
-0.641303 0.564893 
0.679515 0.52317 
0.707737 0.497876 
0.740034 0.459105 
0.693822 0.511077 
0.77655 0.374397 
-0.614274 0.582865 
0.754146 0.238339 
0.728404 0.198514 
-0.0195757 -0.0807264 
0.0654922 -0.0761959 
0.680567 0.145537 
0.464353 0.0143848 
-0.338853 0.65926 
0.349461 0.641533 
0.383393 0.636305 
0.479221 0.616131 
0.510693 0.607214 
0.431946 0.00199063 
-0.583284 0.599756 
0.115979 -0.0710215 
-0.265413 0.664216 
0.416203 0.630398 
0.543754 0.596228 
-0.227452 0.665706 
0.396122 -0.0103621 
0.358194 -0.0220769 
-0.148825 0.667172 
0.0193244 0.66537 
-0.188624 0.666667 
0.318169 -0.0330859 
-0.0238336 0.666362 
0.273796 -0.0438287 
0.225033 -0.05401 
0.172426 -0.0631969 
-0.0834829 -0.0803001 
-0.730319 0.464282 
0.741964 0.217877 
0.521376 0.0395198 
-0.44412 0.644704 
0.634797 0.107353 
0.602006 0.571672 
0.56912 0.586456 
0.585563 0.579392 
ZONE T="boundary5"
-0.715408 0.205819 
-0.515039 0.0367772 
-0.526138 0.0429687 
-0.537156 0.0493212 
-0.607087 0.0953675 
-0.600687 0.0906632 
-0.386835 -0.0217218 
-0.613437 0.100156 
-0.288372 -0.0521713 
-0.6446 0.125701 
-0.650637 0.131118 
-0.656595 0.136641 
-0.563162 0.0651958 
-0.570924 0.0701954 
-0.484686 0.0208363 
-0.473884 0.0154946 
-0.555351 0.0602906 
-0.495421 0.0263139 
-0.695072 0.177947 
-0.688539 0.17008 
-0.594411 0.0861613 
-0.579543 0.0759018 
-0.588094 0.0817349 
-0.546283 0.0547465 
-0.370049 -0.0277614 
-0.324093 -0.0424961 
-0.333407 -0.03972 
-0.342684 -0.0368495 
-0.163158 -0.0745534 
-0.394672 -0.0187794 
-0.630026 0.113293 
-0.378968 -0.024597 
-0.50526 0.0314864 
-0.401627 -0.0161019 
-0.280917 -0.0539991 
-0.22556 -0.0655655 
-0.235719 -0.063703 
-0.273442 -0.0557664 
-0.317028 -0.0445311 
-0.309944 -0.0465114 
-0.351908 -0.0338904 
-0.264744 -0.0577411 
-0.466754 0.0120602 
-0.459595 0.00868361 
-0.29918 -0.0494048 
-0.408558 -0.0133718 
-0.415413 -0.0106101 
-0.450153 0.0043392 
-0.422245 -0.00779697 
-0.431476 -0.00389781 
-0.440662 9.47238e-05 
-0.215373 -0.0673186 
-0.637361 0.119427 
-0.205056 -0.0689783 
-0.701977 0.186773 
-0.675599 0.155645 
-0.669253 0.149041 
-0.662979 0.142774 
-0.152552 -0.0756764 
-0.708605 0.195824 
-0.681809 0.162397 
-0.621782 0.106645 
-0.721934 0.216228 
-0.14175 -0.0767036 
-0.130932 -0.0776168 
-0.119925 -0.0784288 
-0.108904 -0.0791256 
-0.194713 -0.0705267 
-0.256021 -0.0596338 
-0.245886 -0.0617236 
-0.184241 -0.0719786 
-0.173745 -0.073318 
-0.361093 -0.0308386 
-0.520599 0.0398535 
-0.610269 0.0977516 
-0.647629 0.128397 
-0.56705 0.0676841 
-0.479294 0.0181485 
-0.559263 0.062732 
-0.490063 0.0235581 
-0.691832 0.173991 
-0.591258 0.0839393 
-0.653627 0.133866 
-0.575242 0.0730337 
-0.550826 0.057504 
-0.541728 0.0520197 
-0.33805 -0.0382967 
-0.390757 -0.0202591 
-0.398152 -0.0174474 
-0.284646 -0.0530929 
-0.230643 -0.0646481 
-0.277181 -0.0548905 
-0.313488 -0.0455282 
-0.3473 -0.0353817 
-0.269095 -0.0567641 
-0.463178 0.0103646 
-0.470323 0.0137701 
-0.531658 0.046125 
-0.500348 0.0288856 
-0.382905 -0.023168 
-0.411989 -0.0119975 
-0.45488 0.00649884 
-0.426866 -0.00585925 
-0.436074 -0.00191333 
-0.633706 0.116344 
-0.374513 -0.0261902 
-0.328754 -0.0411201 
-0.603894 0.0930055 
-0.418832 -0.00921002 
-0.597555 0.0884032 
-0.320563 -0.0435205 
-0.583828 0.0788031 
-0.293781 -0.0508042 
-0.304567 -0.0479741 
-0.672443 0.152325 
-0.405096 -0.0147435 
-0.666131 0.145892 
-0.640994 0.122547 
-0.712052 0.20079 
-0.678722 0.159003 
-0.617623 0.103382 
-0.685198 0.166216 
-0.625918 0.10995 
-0.698558 0.182333 
-0.659801 0.139692 
-0.147153 -0.0762044 
-0.12543 -0.0780373 
-0.114416 -0.0787915 
-0.157857 -0.0751289 
-0.718721 0.210991 
-0.199887 -0.0697665 
-0.220469 -0.0664558 
-0.210217 -0.0681624 
-0.705327 0.191272 
-0.260385 -0.0586978 
-0.240806 -0.0627272 
-0.250956 -0.0606926 
-0.189479 -0.0712669 
-0.178995 -0.0726624 
-0.168454 -0.0739499 
-0.510157 0.0341171 
-0.136342 -0.0771744 
-0.445413 0.00220432 
-0.365576 -0.0293111 
-0.356505 -0.0323762 
