ZONE T="boundary0"
-4 -0.666322 
-4 0.844687 
-4 0.21904 
-4 0.285947 
-4 0.378749 
-4 -0.467458 
-4 -0.56689 
-4 -1 
-4 0.16508 
-4 0.11112 
-4 0.00325509 
-4 0.0571876 
-4 0.689374 
-4 0.611718 
-4 -0.325967 
-4 -0.295362 
-4 -0.203547 
-4 -0.100146 
-4 -0.396713 
-4 -0.264757 
-4 1 
-4 -0.234152 
-4 -0.151847 
-4 0.534061 
-4 0.252494 
-4 0.332348 
-4 -0.517174 
-4 -0.833161 
-4 0.1381 
-4 0.0302214 
-4 0.19206 
-4 0.650546 
-4 -0.310665 
-4 -0.432086 
-4 -0.28006 
-4 -0.616606 
-4 0.922344 
-4 -0.249455 
-4 -0.36134 
-4 -0.125996 
-4 0.0841539 
-4 -0.0484455 
-4 0.57289 
-4 0.767031 
-4 0.456405 
-4 -0.177697 
-4 -0.21885 
ZONE T="boundary1"
-3.75 1 
-3.6042 1 
-0.630565 1 
-0.738505 1 
1.79166 1 
1.6208 1 
-0.0446355 1 
-0.112045 1 
-0.851083 1 
-1.17784 1 
-1.81631 1 
-1.99408 1 
-2.17184 1 
-2.4807 1 
1.96252 1 
3.875 1 
3.75 1 
-2.78384 1 
-2.98403 1 
2.39485 1 
2.61416 1 
3.52297 1 
3.29595 1 
2.17869 1 
-2.37775 1 
-0.333985 1 
-0.256719 1 
-0.522624 1 
0.212577 1 
0.300668 1 
0.388759 1 
0.599773 1 
-0.964713 1 
0.0829237 1 
0.14775 1 
-0.179454 1 
0.0191441 1 
-1.07834 1 
-1.27733 1 
0.715975 1 
0.832177 1 
-1.44594 1 
-1.36164 1 
-1.53853 1 
-1.63113 1 
1.0625 1 
0.947337 1 
-3.22122 1 
1.44093 1 
1.53086 1 
1.26105 1 
4 1 
3.0647 1 
-3.4584 1 
-4 1 
2.83346 1 
1.16177 1 
1.35099 1 
-2.58365 1 
-3.6771 1 
-0.684535 1 
1.70623 1 
-0.0783401 1 
-0.794794 1 
-2.08296 1 
3.8125 1 
-2.88394 1 
2.50451 1 
3.40946 1 
2.0706 1 
-2.2748 1 
-0.295352 1 
0.344713 1 
0.494266 1 
-0.907898 1 
0.115337 1 
-0.145749 1 
0.0510339 1 
-0.428305 1 
0.256622 1 
-1.02153 1 
-1.22758 1 
-1.12809 1 
-0.576595 1 
-1.40379 1 
-1.58483 1 
-1.31948 1 
0.657874 1 
1.00492 1 
-3.10263 1 
-1.72372 1 
1.4859 1 
3.9375 1 
3.18032 1 
-3.33981 1 
-3.5313 1 
2.28677 1 
2.94908 1 
2.72381 1 
1.11214 1 
3.63649 1 
-2.68375 1 
-1.9052 1 
1.87709 1 
-0.0127457 1 
-0.218087 1 
0.180163 1 
-1.49224 1 
1.21141 1 
-2.42922 1 
-2.53218 1 
1.57583 1 
1.39596 1 
-3.875 1 
1.30602 1 
0.774076 1 
0.889757 1 
ZONE T="boundary2"
4 -0.290174 
4 -0.325609 
4 -1 
4 -0.819543 
4 -0.254739 
4 0.350622 
4 -0.182217 
4 -0.0202904 
4 -0.429435 
4 -0.53426 
4 0.0495091 
4 -0.639085 
4 0.490835 
4 -0.0900899 
4 -0.218478 
4 0.213753 
4 0.131631 
4 -0.377522 
4 0.282188 
4 0.695778 
4 0.847889 
4 1 
4 -0.307892 
4 -0.909771 
4 -0.481848 
4 -0.586673 
4 -0.136154 
4 -0.200348 
4 -0.272457 
4 -0.236609 
4 0.0146094 
4 -0.0551901 
4 0.172692 
4 -0.403479 
4 0.0905701 
4 0.420729 
4 0.316405 
4 0.593307 
4 -0.729314 
4 0.923945 
4 0.771834 
4 -0.351565 
4 0.24797 
ZONE T="boundary3"
-1.79932 -1 
-1.70552 -1 
-1.61172 -1 
4 -1 
-1.20786 -1 
-0.259089 -1 
-0.21327 -1 
0.387896 -1 
-0.304908 -1 
0.0768095 -1 
0.0154706 -1 
-0.0530809 -1 
0.500962 -1 
-0.446533 -1 
-1.37259 -1 
-1.29992 -1 
-1.44525 -1 
-0.552593 -1 
-4 -1 
-3.48978 -1 
1.91812 -1 
2.1339 -1 
3.75573 -1 
3.51147 -1 
3.07871 -1 
-3.14252 -1 
-2.10247 -1 
-2.29996 -1 
2.32918 -1 
2.52446 -1 
2.80159 -1 
-1.95089 -1 
0.213794 -1 
0.614028 -1 
-0.121632 -1 
0.779261 -1 
0.289439 -1 
0.138148 -1 
-0.167451 -1 
-0.658654 -1 
0.898748 -1 
1.01824 -1 
-0.901552 -1 
-0.780103 -1 
1.13124 -1 
1.49503 -1 
1.24425 -1 
-1.1158 -1 
-1.00867 -1 
-2.81999 -1 
1.70235 -1 
-2.49746 -1 
1.36964 -1 
-2.65872 -1 
-1.75242 -1 
-1.65862 -1 
-0.23618 -1 
-0.281999 -1 
0.04614 -1 
-0.0188052 -1 
-0.37572 -1 
-1.33625 -1 
-0.499563 -1 
-3.74489 -1 
2.02601 -1 
3.6336 -1 
3.29509 -1 
-2.20122 -1 
2.42682 -1 
2.94015 -1 
0.557495 -1 
-0.0873566 -1 
0.444429 -1 
0.251616 -1 
0.107479 -1 
-0.144542 -1 
-0.605623 -1 
0.696644 -1 
0.839004 -1 
0.958491 -1 
-0.840828 -1 
1.07474 -1 
-1.06224 -1 
-0.955114 -1 
-0.719378 -1 
-1.25389 -1 
-1.16183 -1 
-1.40892 -1 
-1.52849 -1 
3.87787 -1 
-1.8751 -1 
-2.98125 -1 
-3.31615 -1 
-2.02668 -1 
1.59869 -1 
2.23154 -1 
2.66302 -1 
1.81023 -1 
-2.39871 -1 
1.43233 -1 
-2.73935 -1 
0.338667 -1 
0.175971 -1 
-0.190361 -1 
1.18774 -1 
1.30694 -1 
-2.57809 -1 
ZONE T="boundary4"
-0.371005 0.441496 
-0.391541 0.427837 
0.628865 0.00680242 
0.632556 -0.00775566 
-0.627551 0.0168753 
0.583344 0.0980278 
0.597847 0.0764244 
0.605614 0.0630745 
-0.410237 0.41433 
0.637349 -0.0372314 
0.484414 0.204423 
-0.622491 0.0856004 
-0.617848 0.1088 
-0.625667 0.0624731 
-0.611759 0.13203 
-0.586285 0.19902 
-0.575499 0.220881 
-0.551148 0.263253 
-0.53878 0.281895 
-0.563774 0.242317 
-0.526415 0.298977 
-0.487742 0.344892 
-0.500817 0.33045 
-0.513387 0.315578 
-0.428409 0.400132 
-0.444479 0.38661 
-0.474135 0.358943 
-0.327597 0.466738 
-0.304771 0.478225 
-0.256797 0.498773 
-0.232012 0.507617 
-0.281217 0.488899 
-0.206433 0.515552 
-0.180584 0.522385 
-0.154001 0.5282 
-0.460065 0.37254 
-0.0724313 0.538516 
-0.0444404 0.539414 
-0.127252 0.532832 
-0.0998615 0.536314 
-0.0165661 0.538917 
0.0118224 0.536925 
-0.627353 0.039551 
-0.604275 0.155174 
-0.595478 0.178116 
0.612689 0.0493082 
0.635378 -0.0224209 
0.377186 0.320637 
0.395851 0.29964 
0.179354 0.488878 
0.357124 0.342932 
0.33679 0.364884 
-0.349942 0.454328 
0.562518 0.124291 
0.549012 0.139463 
0.528828 0.160532 
0.508076 0.181143 
0.437536 0.253168 
0.46091 0.22825 
0.067943 0.528247 
0.0964763 0.521198 
0.0398798 0.533405 
0.285723 0.414952 
0.206453 0.473878 
0.124329 0.512418 
0.151981 0.50168 
0.62431 0.0211989 
0.618887 0.0354348 
0.414509 0.27867 
0.311364 0.390877 
0.575391 0.108577 
0.23323 0.456581 
0.259784 0.43683 
-0.381341 0.434769 
0.630816 -0.000448836 
0.590801 0.0873675 
0.601814 0.0697993 
-0.400953 0.421171 
-0.620343 0.0972352 
-0.624258 0.0740617 
-0.614971 0.120459 
-0.545062 0.272639 
-0.569747 0.231659 
-0.581011 0.210009 
-0.557575 0.252854 
-0.532681 0.290497 
-0.494341 0.337726 
-0.507166 0.323068 
-0.436503 0.393441 
-0.480997 0.351974 
-0.316242 0.472597 
-0.24445 0.503324 
-0.269058 0.493963 
-0.293049 0.483683 
-0.193544 0.519106 
-0.167323 0.525438 
-0.452334 0.379643 
-0.0584397 0.539137 
-0.113575 0.53473 
-0.00235739 0.538112 
-0.51998 0.30734 
-0.626693 0.051026 
-0.600025 0.166702 
0.63647 -0.0298111 
0.386526 0.310143 
0.347009 0.353957 
-0.338833 0.460647 
0.367184 0.331808 
0.555834 0.131938 
0.539013 0.150085 
0.496233 0.192762 
0.449151 0.240631 
0.0822638 0.524945 
0.0258764 0.53536 
0.193027 0.481612 
0.165772 0.495513 
0.626691 0.0140346 
0.609243 0.0562397 
0.6217 0.0283565 
0.634073 -0.0150669 
0.615883 0.0424153 
0.324191 0.378 
0.579412 0.103337 
-0.41939 0.407317 
0.569043 0.116508 
-0.467156 0.365799 
-0.590998 0.188619 
-0.360537 0.448016 
-0.608176 0.143653 
-0.140651 0.530664 
-0.0304987 0.539342 
0.405174 0.289146 
0.110471 0.517031 
0.138241 0.507279 
-0.219263 0.51172 
-0.0861578 0.537575 
0.0539491 0.531031 
0.425987 0.265879 
0.219981 0.465459 
0.272906 0.426083 
0.24666 0.446924 
-0.627638 0.0282154 
0.472601 0.216263 
0.298684 0.403074 
0.518492 0.170874 
ZONE T="boundary5"
-0.373795 -0.311566 
-0.353093 -0.320609 
0.314384 -0.425663 
-0.444155 -0.274524 
-0.0220203 -0.417592 
-0.535846 -0.200758 
-0.520812 -0.215785 
-0.613593 -0.0701264 
-0.619274 -0.0490189 
-0.626263 -0.00547716 
-0.627551 0.0168753 
0.43048 -0.387741 
0.457927 -0.373273 
0.54319 -0.30499 
-0.564083 -0.167282 
-0.606483 -0.0907101 
-0.411203 -0.293311 
-0.176165 -0.380776 
-0.506852 -0.228473 
-0.200173 -0.373844 
-0.220892 -0.367609 
-0.241561 -0.361142 
-0.282485 -0.347521 
-0.305786 -0.339194 
-0.0744767 -0.406671 
-0.100468 -0.400609 
-0.0483716 -0.412336 
-0.126328 -0.394186 
-0.152083 -0.387421 
0.626875 -0.147805 
-0.477229 -0.252205 
-0.461604 -0.263242 
0.632117 -0.126384 
-0.492438 -0.240515 
0.509198 -0.33762 
0.52108 -0.32724 
0.637349 -0.0372314 
0.63847 -0.0521161 
-0.262055 -0.354467 
-0.623498 -0.0274709 
-0.427889 -0.28417 
-0.328959 -0.330407 
-0.394258 -0.301925 
0.402033 -0.400147 
0.610865 -0.194125 
0.615833 -0.181512 
0.599924 -0.218663 
-0.550084 -0.184896 
0.620402 -0.168749 
-0.597948 -0.110768 
0.141187 -0.437471 
0.113162 -0.435838 
0.0312935 -0.426654 
0.00446594 -0.42237 
0.0856495 -0.433452 
0.0582554 -0.430356 
-0.588016 -0.130239 
0.1693 -0.438243 
0.197984 -0.438071 
0.255699 -0.434471 
0.22669 -0.436854 
0.28494 -0.430793 
0.373132 -0.41048 
0.343787 -0.418955 
0.471302 -0.365181 
0.484328 -0.356542 
0.496974 -0.347354 
0.53245 -0.316327 
0.553356 -0.293169 
0.634881 -0.11162 
0.636935 -0.0967698 
0.638237 -0.0818786 
0.563061 -0.280707 
0.579708 -0.255977 
0.638757 -0.0669975 
-0.576718 -0.149083 
0.586791 -0.243909 
0.572168 -0.267764 
-0.363473 -0.316156 
-0.528427 -0.208369 
-0.616617 -0.0596212 
-0.627094 0.00568894 
0.444342 -0.38077 
-0.610218 -0.0804792 
-0.210541 -0.370754 
-0.231235 -0.364405 
-0.294153 -0.34341 
-0.0874844 -0.403688 
-0.0352087 -0.415022 
-0.188179 -0.377345 
-0.139217 -0.390845 
-0.164134 -0.384134 
-0.469471 -0.257802 
0.629665 -0.137135 
-0.5139 -0.222203 
0.5152 -0.332499 
0.638014 -0.044665 
-0.484893 -0.246437 
-0.625068 -0.0164968 
-0.419583 -0.288809 
-0.317395 -0.334861 
-0.384063 -0.306824 
-0.436064 -0.279419 
0.416367 -0.394197 
0.613397 -0.187836 
0.605571 -0.206473 
-0.499706 -0.234567 
-0.557224 -0.176199 
-0.272281 -0.351029 
-0.402761 -0.29768 
-0.60239 -0.100812 
-0.11341 -0.397442 
-0.341056 -0.325586 
0.127167 -0.436758 
0.0178669 -0.424582 
0.0719412 -0.431989 
0.183641 -0.438283 
0.212342 -0.437598 
0.270339 -0.432797 
0.387666 -0.405548 
-0.251817 -0.357836 
0.32913 -0.422508 
-0.621572 -0.0382804 
-0.543077 -0.192927 
0.464656 -0.369295 
0.623787 -0.158322 
0.503141 -0.342555 
0.52683 -0.321851 
0.490701 -0.352017 
0.548344 -0.299141 
0.635999 -0.104207 
0.537888 -0.310722 
0.558285 -0.286998 
0.633585 -0.119017 
0.477861 -0.36093 
-0.452938 -0.268974 
0.638716 -0.0595541 
0.637681 -0.089332 
0.638596 -0.0744409 
-0.570551 -0.158286 
0.59356 -0.231392 
-0.00878997 -0.420044 
0.155239 -0.437969 
0.299693 -0.428411 
0.358522 -0.414936 
0.575998 -0.261908 
0.0447623 -0.428582 
0.0993962 -0.434737 
0.241206 -0.435812 
-0.0614365 -0.409556 
-0.59315 -0.120588 
-0.582527 -0.139756 
0.618169 -0.175149 
0.567693 -0.27429 
0.583304 -0.249977 
