ZONE T="boundary0"
-4 -0.416822 
-4 -0.244648 
-4 -0.154079 
-4 -0.203547 
-4 0.543231 
-4 0.875 
-4 0.0361338 
-4 0.255014 
-4 0.186107 
-4 -0.10461 
-4 -0.833161 
-4 -0.666322 
-4 0.771616 
-4 0.11112 
-4 -0.366185 
-4 -0.325967 
-4 -0.28575 
-4 -0.467458 
-4 -0.56689 
-4 -1 
-4 0.433576 
-4 0.323921 
-4 1 
-4 0.378749 
-4 -0.178813 
-4 0.22056 
-4 -0.224098 
-4 -0.749741 
-4 0.823308 
-4 -0.346076 
-4 -0.129344 
-4 -0.0342381 
-4 -0.44214 
-4 -0.517174 
-4 -0.391503 
-4 -0.616606 
-4 -0.91658 
-4 0.657423 
-4 0.488404 
-4 0.9375 
-4 -0.265199 
-4 -0.305858 
-4 0.073627 
-4 0.148613 
-4 0.289467 
-4 0.406162 
-4 0.351335 
ZONE T="boundary1"
-2.79592 1 
-3.00326 1 
1.26105 1 
1.1791 1 
-3.87233 1 
1.96252 1 
4 1 
0.380287 1 
1.343 1 
0.481085 1 
0.599773 1 
-0.630565 1 
-0.738505 1 
-0.963661 1 
-1.36164 1 
-1.27733 1 
0.718461 1 
0.832177 1 
0.945893 1 
1.0625 1 
3.47196 1 
-3.34104 1 
-3.74466 1 
-1.44594 1 
1.5069 1 
-1.9723 1 
-2.58858 1 
3.0647 1 
3.29595 1 
3.64797 1 
-1.7904 1 
2.17869 1 
2.83346 1 
2.61416 1 
-3.17215 1 
-0.0446355 1 
0.212577 1 
0.254504 1 
0.0191441 1 
0.0829237 1 
-0.112045 1 
-0.179454 1 
-0.256719 1 
-0.333985 1 
-0.522624 1 
0.14775 1 
-0.428305 1 
0.296432 1 
-0.851083 1 
-0.794794 1 
-1.07834 1 
-1.19303 1 
1.6208 1 
-1.53025 1 
-1.66032 1 
-2.1542 1 
-2.37139 1 
2.39485 1 
1.73471 1 
-4 1 
-2.89959 1 
1.22008 1 
1.30203 1 
0.430686 1 
0.540429 1 
-0.684535 1 
-1.31948 1 
0.775319 1 
1.0042 1 
0.889035 1 
-3.54285 1 
-1.40379 1 
3.82399 1 
3.38395 1 
2.0706 1 
2.72381 1 
0.23354 1 
0.0510339 1 
-0.0127457 1 
-0.145749 1 
-0.0783401 1 
-0.295352 1 
-0.576595 1 
0.180163 1 
-0.475464 1 
0.338359 1 
-0.822939 1 
-0.907372 1 
-1.021 1 
0.659117 1 
-1.13568 1 
1.1208 1 
1.42495 1 
1.56385 1 
-1.48809 1 
-1.72536 1 
-1.88135 1 
-3.0877 1 
-3.25659 1 
-2.69225 1 
-2.47998 1 
-2.06325 1 
-2.2628 1 
2.50451 1 
-3.8085 1 
-3.93617 1 
3.55997 1 
3.18032 1 
2.94908 1 
1.84861 1 
-0.381145 1 
0.275468 1 
0.115337 1 
-0.218087 1 
-0.76665 1 
-1.23518 1 
2.28677 1 
1.67775 1 
-1.59529 1 
ZONE T="boundary2"
4 -0.360218 
4 -0.291 
4 -0.228014 
4 -0.0342234 
4 0.797185 
4 1 
4 -0.145956 
4 -0.0900899 
4 0.0495091 
4 0.133242 
4 0.186916 
4 -0.639085 
4 0.213753 
4 0.594371 
4 0.490835 
4 -0.53426 
4 -0.429435 
4 -1 
4 -0.819543 
4 0.24059 
4 0.313945 
4 0.277268 
4 0.387299 
4 0.350622 
4 0.695778 
4 -0.325609 
4 -0.259507 
4 0.898593 
4 -0.186985 
4 0.0913753 
4 0.160079 
4 -0.0621566 
4 -0.118023 
4 0.542603 
4 0.00764285 
4 -0.909771 
4 -0.586673 
4 -0.729314 
4 0.227172 
4 0.200335 
4 0.258929 
4 0.295606 
4 0.368961 
4 0.439067 
4 -0.394826 
4 -0.481848 
4 0.746482 
4 0.645074 
4 0.332284 
ZONE T="boundary3"
-1.69253 -1 
-1.34331 -1 
-0.700029 -1 
0.138148 -1 
0.779261 -1 
0.880313 -1 
0.696644 -1 
0.0154706 -1 
0.085315 -1 
-0.446533 -1 
-0.518547 -1 
-0.188891 -1 
-0.374518 -1 
-0.281705 -1 
-3.48978 -1 
0.614028 -1 
2.52446 -1 
1.24425 -1 
3.46768 -1 
3.73384 -1 
2.88449 -1 
3.07819 -1 
2.35813 -1 
-1.1112 -1 
1.70235 -1 
1.90967 -1 
2.1339 -1 
-2.52995 -1 
-2.31182 -1 
-2.83623 -1 
-1.89312 -1 
-2.0937 -1 
-2.68309 -1 
-0.0543739 -1 
-0.121632 -1 
0.190982 -1 
0.289439 -1 
0.387896 -1 
0.500962 -1 
-0.235298 -1 
1.01824 -1 
1.13124 -1 
1.36964 -1 
4 -1 
-0.897492 -1 
-0.798761 -1 
-1.00434 -1 
-4 -1 
-3.14252 -1 
-1.22725 -1 
-1.51792 -1 
1.49503 -1 
1.59869 -1 
-3.74489 -1 
-3.31615 -1 
3.27294 -1 
2.69079 -1 
0.338667 -1 
0.829787 -1 
0.0503928 -1 
-0.609288 -1 
-0.328112 -1 
-0.48254 -1 
3.60076 -1 
2.98134 -1 
1.80601 -1 
2.24601 -1 
-2.42088 -1 
-2.20276 -1 
-2.60652 -1 
-0.0194517 -1 
-0.155262 -1 
0.111732 -1 
0.24021 -1 
0.444429 -1 
-0.212094 -1 
-0.410526 -1 
0.949274 -1 
0.737953 -1 
0.655336 -1 
1.18774 -1 
1.30694 -1 
-0.848126 -1 
-0.950918 -1 
-1.05777 -1 
-1.16922 -1 
-1.43061 -1 
-1.60523 -1 
1.65052 -1 
-2.98937 -1 
-1.79282 -1 
-3.61734 -1 
-3.40297 -1 
-3.22933 -1 
3.17556 -1 
-1.99341 -1 
-3.87245 -1 
2.02178 -1 
2.60762 -1 
2.44129 -1 
0.314053 -1 
-0.0880031 -1 
-0.258501 -1 
0.557495 -1 
0.363282 -1 
-0.749395 -1 
1.07474 -1 
-2.75966 -1 
2.78764 -1 
-1.28528 -1 
1.43233 -1 
3.86692 -1 
1.54686 -1 
3.37031 -1 
0.164565 -1 
ZONE T="boundary4"
-0.584441 0.190994 
-0.560439 0.234039 
-0.572884 0.212737 
-0.63369 0.00843341 
0.625567 0.010573 
0.629303 -0.00397788 
-0.632347 0.0313373 
-0.547167 0.254855 
0.413548 0.32691 
0.396662 0.348308 
0.632192 -0.0186025 
0.634241 -0.0333445 
-0.629539 0.0544293 
-0.619589 0.100931 
-0.612506 0.124178 
-0.625275 0.0776696 
-0.604083 0.147297 
-0.594403 0.170176 
-0.534288 0.273386 
-0.520658 0.291409 
-0.363907 0.431357 
-0.342232 0.444469 
-0.508062 0.306823 
-0.481754 0.335877 
-0.468126 0.349529 
-0.494931 0.321808 
-0.403801 0.404066 
-0.421375 0.390589 
-0.453515 0.363258 
-0.273296 0.479305 
-0.296898 0.468474 
-0.384111 0.418077 
-0.172501 0.514381 
-0.198404 0.506986 
-0.145822 0.520899 
-0.438462 0.376519 
-0.24884 0.489422 
-0.0636293 0.534214 
-0.0352396 0.536458 
0.581048 0.103352 
-0.118942 0.526368 
-0.320069 0.456756 
0.429976 0.305061 
0.384974 0.362373 
0.309519 0.436674 
0.282391 0.456775 
0.361165 0.388928 
0.335826 0.414001 
0.513421 0.191984 
0.531517 0.169295 
0.549403 0.146716 
0.451413 0.275491 
0.492832 0.218524 
0.472686 0.245793 
-0.00686078 0.537468 
0.0800873 0.532375 
0.1098 0.527523 
0.0221897 0.537183 
0.0510595 0.535518 
0.168114 0.512614 
0.197098 0.502178 
0.138979 0.521011 
0.565661 0.125295 
0.620999 0.0250038 
0.615603 0.0393253 
-0.224024 0.498602 
0.594998 0.0809931 
-0.0913423 0.530855 
0.225877 0.489514 
0.254316 0.474456 
0.60255 0.0673332 
0.609482 0.0533443 
-0.566765 0.223448 
0.627536 0.00332513 
-0.633201 0.0198956 
0.405175 0.337671 
0.633321 -0.0259574 
-0.631121 0.042904 
-0.616207 0.112602 
-0.62758 0.0660801 
-0.608446 0.135791 
-0.589534 0.180637 
-0.599385 0.158795 
-0.527565 0.282465 
-0.578777 0.201925 
-0.353132 0.438016 
-0.553907 0.244512 
-0.514428 0.29917 
-0.474995 0.342756 
-0.488399 0.328895 
-0.412646 0.397402 
-0.460877 0.356452 
-0.394021 0.411162 
-0.185487 0.510807 
-0.159192 0.51777 
-0.42998 0.383628 
-0.261116 0.48448 
-0.0494432 0.535488 
-0.132407 0.523765 
-0.331209 0.450717 
-0.285148 0.474001 
-0.501561 0.314371 
-0.446042 0.369948 
0.390856 0.355376 
0.296133 0.446986 
0.421816 0.316025 
0.34869 0.401681 
0.52246 0.180621 
0.5405 0.158027 
0.440747 0.290314 
0.503066 0.205186 
0.462037 0.260626 
-0.54082 0.264183 
0.0949803 0.530158 
0.0366383 0.536526 
0.182692 0.507639 
-0.30854 0.462725 
-0.37407 0.424809 
0.557613 0.136061 
0.623381 0.0178209 
0.618395 0.0322013 
0.63085 -0.0112682 
-0.211253 0.502917 
-0.622598 0.08934 
0.588193 0.0922794 
-0.0210526 0.537119 
0.00766948 0.537495 
0.124438 0.524482 
0.153612 0.517042 
0.573482 0.114411 
-0.236475 0.494129 
-0.0775003 0.532676 
0.0655965 0.534134 
0.211596 0.496102 
0.268514 0.465887 
-0.105162 0.52875 
0.322866 0.425582 
0.24023 0.482251 
0.606098 0.0603812 
0.482689 0.232089 
0.37324 0.37582 
0.612629 0.046374 
0.598847 0.0742033 
ZONE T="boundary5"
-0.551291 -0.213496 
-0.536432 -0.228555 
-0.631939 -0.036546 
-0.633557 -0.0142063 
-0.63369 0.00843341 
0.574825 -0.247876 
0.547756 -0.283663 
-0.610526 -0.121667 
-0.601421 -0.141631 
-0.590834 -0.160936 
0.635353 -0.0776466 
0.635809 -0.0629025 
0.4651 -0.352043 
0.451759 -0.359633 
-0.476787 -0.274487 
-0.458953 -0.284863 
-0.413722 -0.306468 
-0.389939 -0.315765 
-0.158263 -0.374729 
-0.131878 -0.379992 
-0.207688 -0.364451 
-0.230734 -0.359442 
-0.250326 -0.355042 
-0.269924 -0.350477 
-0.184671 -0.369309 
-0.292527 -0.344959 
-0.0523738 -0.394781 
-0.0789694 -0.390041 
-0.105423 -0.385109 
-0.0257402 -0.399262 
-0.492681 -0.264109 
0.635444 -0.0481356 
0.478122 -0.343916 
0.490791 -0.335247 
-0.508058 -0.25289 
-0.522524 -0.241128 
0.50307 -0.326038 
0.515038 -0.316188 
0.617271 -0.163195 
0.623935 -0.142668 
-0.340452 -0.331979 
0.526525 -0.305802 
-0.425256 -0.301502 
-0.436661 -0.296252 
-0.365642 -0.324176 
0.634241 -0.0333445 
0.612535 -0.175664 
0.607362 -0.187962 
-0.624231 -0.0800482 
-0.628835 -0.0584938 
-0.565232 -0.197459 
-0.578781 -0.179536 
0.137824 -0.417603 
0.110093 -0.415932 
0.0824856 -0.413594 
0.0551924 -0.41069 
0.00109382 -0.403455 
0.0280052 -0.407278 
-0.315094 -0.3391 
0.194166 -0.418596 
0.165949 -0.418528 
0.280439 -0.412529 
0.222837 -0.417697 
0.251535 -0.41572 
0.309533 -0.407971 
0.33859 -0.401914 
-0.618133 -0.101112 
0.367609 -0.394175 
0.424451 -0.373144 
0.396227 -0.384657 
0.537413 -0.294979 
0.582191 -0.236224 
0.632057 -0.107047 
0.634095 -0.0923796 
0.629275 -0.121603 
0.557674 -0.271699 
0.567031 -0.259241 
0.595924 -0.211797 
-0.54398 -0.221137 
-0.632936 -0.0253897 
-0.606158 -0.131731 
-0.596306 -0.151379 
0.635682 -0.0702763 
0.458467 -0.355905 
-0.467938 -0.279791 
-0.40188 -0.311244 
-0.145073 -0.37738 
-0.219212 -0.361966 
-0.260128 -0.352782 
-0.196181 -0.366897 
-0.281232 -0.347755 
-0.065677 -0.39244 
-0.118654 -0.382571 
-0.171468 -0.372038 
-0.484801 -0.269399 
0.63573 -0.055515 
0.484503 -0.339649 
-0.515369 -0.247102 
-0.529563 -0.234932 
0.509111 -0.321181 
0.620764 -0.152983 
-0.430975 -0.298914 
-0.377827 -0.32008 
-0.447889 -0.290716 
0.610002 -0.181834 
-0.572169 -0.188617 
-0.626724 -0.069311 
-0.353074 -0.328172 
0.123949 -0.416856 
0.0688281 -0.41221 
0.0415884 -0.409043 
-0.30382 -0.342076 
-0.012332 -0.401401 
0.180053 -0.418675 
0.208501 -0.418275 
-0.240532 -0.357259 
0.324099 -0.405134 
-0.621372 -0.090634 
0.353153 -0.398255 
0.438231 -0.366645 
-0.558394 -0.205588 
0.471653 -0.348047 
0.532034 -0.300455 
0.520843 -0.311062 
0.496981 -0.33071 
0.542653 -0.289383 
0.633171 -0.0997254 
-0.630577 -0.0475462 
0.552788 -0.277741 
0.57856 -0.242083 
0.570984 -0.253596 
0.562426 -0.265525 
0.630757 -0.114341 
-0.500444 -0.2586 
0.634948 -0.04073 
0.634823 -0.0850203 
0.626786 -0.132179 
-0.584978 -0.170344 
-0.0390641 -0.397056 
0.151879 -0.418167 
0.29501 -0.410424 
0.266001 -0.414281 
0.381992 -0.389643 
-0.327791 -0.335614 
0.0145399 -0.405416 
0.237191 -0.416849 
-0.0922005 -0.387599 
0.0962788 -0.414842 
-0.614518 -0.111458 
-0.633809 -0.00288767 
0.614959 -0.169452 
0.589261 -0.224126 
-0.419505 -0.304019 
0.601833 -0.199971 
0.410438 -0.379146 
