ZONE T="boundary0"
-4 -0.276868 
-4 -0.373464 
-4 -0.423693 
-4 -0.0454457 
-4 -0.138782 
-4 -0.224959 
-4 -0.181871 
-4 0.498303 
-4 0.598146 
-4 -0.323234 
-4 0.251949 
-4 0.307728 
-4 0.399288 
-4 0.20143 
-4 1 
-4 0.353508 
-4 0.0332924 
-4 0.697989 
-4 -0.493075 
-4 -0.562457 
-4 0.15673 
-4 0.112031 
-4 -0.701221 
-4 -0.85061 
-4 -1 
-4 -0.398578 
-4 -0.0921137 
-4 -0.250914 
-4 -0.203415 
-4 0.548224 
-4 -0.300051 
-4 0.279838 
-4 0.226689 
-4 0.330618 
-4 -0.00607667 
-4 0.848994 
-4 -0.348349 
-4 -0.160326 
-4 0.376398 
-4 0.448795 
-4 0.648067 
-4 -0.458384 
-4 -0.527766 
-4 0.13438 
-4 -0.631839 
-4 -0.925305 
-4 0.0726615 
-4 0.17908 
-4 -0.775916 
ZONE T="boundary1"
-4 1 
-3.74908 1 
2.25189 1 
2.43987 1 
2.1579 1 
2.60363 1 
-0.120697 1 
-0.183198 1 
-1.24455 1 
-1.0928 1 
-0.308898 1 
0.071578 1 
0.462657 1 
0.369168 1 
-0.848082 1 
0.211194 1 
-0.912793 1 
-0.977504 1 
-1.37226 1 
-1.6524 1 
1.89368 1 
1.72347 1 
-1.98193 1 
-1.80484 1 
3.32266 1 
2.95096 1 
2.76739 1 
-2.59949 1 
1.31935 1 
2.0639 1 
3.13453 1 
-3.05885 1 
-2.82917 1 
-3.49816 1 
-0.37579 1 
0.00669123 1 
-0.246048 1 
-0.0581955 1 
0.141386 1 
-0.442682 1 
-0.562917 1 
-0.683151 1 
-0.765616 1 
0.556146 1 
0.662269 1 
0.768393 1 
-1.49997 1 
1.5785 1 
1.43354 1 
1.20516 1 
0.987959 1 
1.09656 1 
0.878176 1 
-2.15901 1 
-2.37925 1 
3.51078 1 
-0.623034 1 
-0.502799 1 
3.875 1 
3.75 1 
4 1 
-3.87454 1 
2.34588 1 
2.20489 1 
2.52175 1 
-0.151948 1 
-1.16867 1 
0.415913 1 
-0.945148 1 
1.80858 1 
-1.89338 1 
2.85918 1 
1.97879 1 
3.04275 1 
-2.71433 1 
-3.27851 1 
-0.342344 1 
-0.214623 1 
-0.0894462 1 
-0.277473 1 
0.106482 1 
0.0391346 1 
-0.409236 1 
-0.724384 1 
-1.03515 1 
0.290181 1 
0.17629 1 
0.509401 1 
0.609208 1 
0.715331 1 
-1.43611 1 
-1.3084 1 
-3.62362 1 
-2.94401 1 
1.50602 1 
1.65098 1 
1.26225 1 
1.04226 1 
1.15086 1 
0.823284 1 
-2.26913 1 
-2.48937 1 
2.68551 1 
3.41672 1 
-0.592975 1 
-0.653092 1 
-0.0257522 1 
-0.472741 1 
-0.532858 1 
-0.806849 1 
-0.880437 1 
0.933067 1 
-2.07047 1 
-1.57619 1 
-1.72862 1 
2.1109 1 
1.37644 1 
3.22859 1 
3.8125 1 
3.9375 1 
3.63039 1 
ZONE T="boundary2"
4 -0.311644 
4 -0.213731 
4 -0.181093 
4 -0.0847991 
4 0.0562274 
4 -0.623204 
4 -0.497606 
4 -0.0142858 
4 0.320368 
4 0.294686 
4 0.217639 
4 0.269003 
4 -0.748803 
4 0.62293 
4 -0.404625 
4 -1 
4 0.87431 
4 0.364586 
4 0.408804 
4 0.243321 
4 0.136933 
4 0.177286 
4 0.49724 
4 -0.132946 
4 -0.246369 
4 -0.358134 
4 0.560085 
4 0.74862 
4 1 
4 -0.197412 
4 -0.560405 
4 0.0209708 
4 0.307527 
4 -0.686004 
4 -0.874401 
4 0.386695 
4 0.256162 
4 0.157109 
4 0.0965803 
4 0.197462 
4 0.23048 
4 0.453022 
4 -0.15702 
4 -0.279006 
4 -0.38138 
4 -0.451115 
4 -0.334889 
4 -0.23005 
4 -0.108873 
4 0.281844 
4 0.342477 
4 -0.0495424 
4 0.528663 
4 0.591508 
4 0.685775 
4 0.811465 
4 0.937155 
ZONE T="boundary3"
-3.73016 -1 
-3.86508 -1 
-1.93511 -1 
-1.77233 -1 
-1.53456 -1 
-0.750184 -1 
-0.640133 -1 
-0.349135 -1 
-0.146488 -1 
1.22431 -1 
-0.860236 -1 
-0.976155 -1 
-2.09789 -1 
-2.28051 -1 
2.87723 -1 
3.03952 -1 
3.21767 -1 
2.31499 -1 
-2.46312 -1 
1.32492 -1 
-2.93265 -1 
-2.69788 -1 
-3.19649 -1 
1.89453 -1 
2.51497 -1 
0.414931 -1 
0.0359183 -1 
0.1838 -1 
0.109859 -1 
-0.0174296 -1 
0.56709 -1 
0.300578 -1 
-0.0707775 -1 
0.491011 -1 
-0.209328 -1 
-0.272169 -1 
0.66062 -1 
0.754151 -1 
-0.533117 -1 
1.12369 -1 
-0.4261 -1 
0.944453 -1 
1.0042 -1 
0.884708 -1 
-4 -1 
1.56928 -1 
1.4471 -1 
1.06394 -1 
4 -1 
-1.21333 -1 
-1.09207 -1 
2.10476 -1 
1.7319 -1 
3.84895 -1 
3.54686 -1 
3.39581 -1 
-3.46032 -1 
-1.33459 -1 
2.71494 -1 
0.819429 -1 
3.69791 -1 
-3.79762 -1 
-1.85372 -1 
-1.65345 -1 
-0.695159 -1 
-0.918195 -1 
-2.0165 -1 
-2.1892 -1 
2.95837 -1 
-2.81527 -1 
-3.06457 -1 
2.41498 -1 
0.146829 -1 
0.00924436 -1 
0.0728886 -1 
0.357755 -1 
-0.108633 -1 
-0.0441036 -1 
-0.177908 -1 
-0.240749 -1 
0.452971 -1 
0.613855 -1 
0.707385 -1 
-0.310652 -1 
-0.387618 -1 
0.242189 -1 
0.974325 -1 
-0.479609 -1 
-0.586625 -1 
-3.93254 -1 
1.27461 -1 
1.50819 -1 
1.174 -1 
1.03407 -1 
-1.1527 -1 
1.99964 -1 
1.65059 -1 
1.81322 -1 
3.92448 -1 
-2.37181 -1 
-3.59524 -1 
-3.3284 -1 
-1.43457 -1 
3.30674 -1 
2.79609 -1 
2.61495 -1 
-2.5805 -1 
3.12859 -1 
0.52905 -1 
0.852068 -1 
0.78679 -1 
0.91458 -1 
1.09381 -1 
1.38601 -1 
3.77343 -1 
3.62238 -1 
3.47134 -1 
-0.80521 -1 
-1.27396 -1 
2.20988 -1 
-1.03411 -1 
ZONE T="boundary4"
-0.138303 0.422922 
0.197467 0.19278 
-0.574698 0.263077 
-0.587633 0.0581255 
-0.590742 0.149082 
-0.58853 0.179438 
0.448174 0.149153 
0.475021 0.129793 
-0.585153 0.0396214 
-0.590735 0.0959057 
-0.591318 0.115003 
-0.579803 0.239054 
-0.130536 0.443256 
-0.21486 0.650415 
-0.33917 0.619784 
-0.406569 0.566999 
-0.391119 0.581332 
0.0918796 0.170306 
-0.584331 0.212811 
0.403453 0.172918 
0.418851 0.165795 
-0.561599 0.310389 
-0.568651 0.286801 
0.387623 0.179202 
-0.553607 0.333721 
-0.504174 0.439517 
-0.534117 0.381357 
-0.491475 0.460583 
0.221802 0.196095 
-0.46445 0.500227 
-0.47803 0.481108 
-0.11796 0.483081 
-0.450203 0.518745 
-0.436138 0.535624 
-0.421484 0.551841 
-0.0613321 0.162239 
-0.0300603 0.157001 
0.000701787 0.15632 
-0.374485 0.595257 
-0.114587 0.499192 
-0.357347 0.608008 
-0.14693 0.400608 
0.0622774 0.164036 
-0.155095 0.377686 
-0.114543 0.556276 
-0.129463 0.5954 
-0.124257 0.585745 
-0.123604 0.463257 
-0.196483 0.646428 
-0.112938 0.546031 
-0.143969 0.614552 
-0.277801 0.646212 
-0.298803 0.639511 
-0.234919 0.651856 
-0.255875 0.650499 
-0.112005 0.524811 
-0.153764 0.623789 
-0.165757 0.632556 
-0.135978 0.605061 
-0.179831 0.640208 
-0.120139 0.576081 
-0.116936 0.566303 
-0.319107 0.630701 
-0.122096 0.580971 
-0.544316 0.357747 
-0.162276 0.352953 
-0.167362 0.326106 
0.49918 0.108255 
0.246711 0.198253 
0.352689 0.189707 
0.317334 0.196137 
-0.112743 0.512896 
-0.112111 0.535892 
0.553354 0.040283 
0.567289 0.0168615 
0.519574 0.0863389 
0.121596 0.177193 
0.151751 0.184048 
0.537623 0.0634479 
0.281445 0.198855 
-0.168959 0.298142 
-0.165601 0.267686 
-0.156051 0.23822 
-0.519699 0.411094 
-0.140841 0.212797 
-0.0921068 0.173442 
-0.120595 0.191759 
0.0317681 0.159017 
-0.589832 0.164275 
0.461864 0.139824 
-0.586471 0.0488632 
-0.591108 0.105452 
-0.577367 0.251091 
-0.398924 0.574262 
0.411204 0.169462 
-0.565244 0.298631 
0.395584 0.176168 
-0.571797 0.274971 
-0.557716 0.322095 
-0.497921 0.450112 
0.209607 0.194571 
-0.471327 0.490734 
-0.44325 0.527256 
-0.484848 0.470912 
-0.428892 0.543812 
-0.0458032 0.158982 
-0.014693 0.156181 
-0.38289 0.588413 
-0.366004 0.601768 
-0.142641 0.411793 
-0.126749 0.590641 
-0.126952 0.45324 
-0.205582 0.648746 
-0.113643 0.55118 
-0.288372 0.64315 
-0.24539 0.651526 
-0.159612 0.628363 
-0.188028 0.643613 
-0.172654 0.636617 
-0.1326 0.600319 
-0.118437 0.571232 
-0.329236 0.625463 
-0.12315 0.583371 
-0.414105 0.559506 
-0.549079 0.345781 
-0.1652 0.339608 
-0.34835 0.614061 
-0.15892 0.365398 
-0.224842 0.651486 
-0.589508 0.0769897 
0.433751 0.157873 
-0.457414 0.509559 
-0.15113 0.389202 
-0.591286 0.132047 
-0.134367 0.433089 
0.370313 0.184959 
-0.120605 0.473147 
-0.116124 0.491126 
-0.121091 0.578539 
-0.11564 0.561322 
-0.111959 0.530364 
-0.112435 0.540979 
-0.148729 0.619317 
-0.112268 0.51886 
-0.113539 0.506043 
-0.139846 0.60992 
0.509619 0.0975116 
0.487377 0.119319 
0.136645 0.180674 
-0.309042 0.635352 
0.545681 0.0519891 
-0.266878 0.648702 
-0.582195 0.225955 
0.560483 0.028663 
0.234234 0.197339 
0.26406 0.198926 
0.106729 0.173721 
-0.168671 0.312157 
-0.539329 0.369602 
0.299418 0.197945 
0.335099 0.1934 
-0.161635 0.252689 
0.0770915 0.167053 
-0.167997 0.282836 
-0.527088 0.396317 
-0.149171 0.225069 
-0.0770014 0.167057 
-0.131305 0.20171 
-0.586651 0.196154 
0.528822 0.0750611 
0.01626 0.157307 
-0.106902 0.181741 
-0.512106 0.425403 
0.0470521 0.161294 
0.17451 0.188736 
ZONE T="boundary5"
-0.558761 -0.0652036 
-0.564428 -0.0484447 
-0.585153 0.0396214 
-0.582089 0.0214177 
-0.225057 -0.451576 
-0.243084 -0.441028 
-0.574289 -0.0141268 
-0.261574 -0.429555 
-0.279743 -0.417598 
-0.143785 -0.49218 
-0.120937 -0.501761 
0.313511 -0.571432 
0.273886 -0.573193 
-0.360679 -0.354704 
-0.377471 -0.339301 
-0.186692 -0.472088 
-0.166341 -0.481973 
-0.320939 -0.387718 
-0.341089 -0.371543 
-0.0953787 -0.511621 
0.635827 -0.429485 
-0.206762 -0.461675 
-0.423881 -0.29112 
-0.439235 -0.272937 
0.37447 -0.564854 
0.353751 -0.56766 
0.663267 -0.378252 
-0.531769 -0.12927 
-0.546074 -0.0978565 
0.64966 -0.178394 
0.656444 -0.198776 
-0.484837 -0.210703 
-0.393777 -0.32339 
-0.409086 -0.30749 
-0.300585 -0.402985 
-0.469731 -0.232723 
0.611652 -0.458351 
0.59063 -0.0291939 
0.676058 -0.319903 
0.673606 -0.340032 
-0.5163 -0.158979 
-0.500193 -0.186627 
0.672373 -0.259279 
0.667969 -0.238901 
0.171702 -0.569941 
0.140669 -0.566896 
0.0485068 -0.552327 
0.0790445 -0.558083 
0.0180397 -0.545634 
-0.0121868 -0.538018 
0.395099 -0.561413 
-0.0695204 -0.520727 
0.46008 -0.545646 
0.517876 -0.52346 
0.487216 -0.536374 
0.642494 -0.158064 
0.533099 -0.5159 
0.547974 -0.507643 
0.583993 -0.483177 
0.566343 -0.496058 
0.432985 -0.553218 
0.598193 -0.471262 
0.646406 -0.413292 
0.62426 -0.444406 
0.65564 -0.396103 
0.634924 -0.137444 
0.579557 -0.00625378 
0.669276 -0.359625 
0.675352 -0.279788 
0.676602 -0.299903 
-0.453941 -0.254243 
0.238482 -0.573283 
0.567289 0.0168615 
0.627114 -0.116831 
0.600566 -0.0513952 
0.618692 -0.0952562 
0.609987 -0.0737081 
0.662557 -0.218762 
-0.0409978 -0.529811 
0.10976 -0.562938 
0.205055 -0.572166 
-0.561658 -0.0568455 
-0.583697 0.0305069 
-0.234104 -0.446359 
-0.252368 -0.435353 
-0.270699 -0.423637 
-0.132394 -0.497049 
0.293708 -0.572541 
-0.369134 -0.347067 
-0.155099 -0.487156 
-0.331081 -0.379714 
-0.108195 -0.506786 
-0.215942 -0.456682 
0.364121 -0.566334 
-0.539138 -0.113662 
-0.552656 -0.0816228 
0.653105 -0.188569 
-0.401493 -0.315499 
-0.385686 -0.331409 
-0.431638 -0.282096 
-0.47737 -0.221772 
-0.569627 -0.0313625 
0.675074 -0.329998 
-0.5084 -0.172893 
0.670322 -0.249059 
0.156174 -0.568534 
0.0637537 -0.555318 
0.333655 -0.569808 
0.00289638 -0.541943 
-0.310824 -0.395434 
-0.0824836 -0.516268 
-0.290222 -0.410374 
0.502673 -0.530219 
0.473718 -0.541215 
0.646116 -0.168218 
0.540586 -0.51186 
0.384798 -0.563215 
0.575282 -0.489773 
0.446583 -0.549612 
0.525529 -0.519764 
0.591189 -0.477334 
-0.350955 -0.363206 
0.605034 -0.464923 
0.618084 -0.451494 
0.651212 -0.404799 
0.638739 -0.147746 
-0.196762 -0.466948 
0.671676 -0.349882 
0.666488 -0.36901 
-0.416549 -0.299364 
0.676559 -0.30991 
0.67406 -0.269506 
-0.446667 -0.263652 
0.641285 -0.421499 
-0.461925 -0.243548 
0.256184 -0.573406 
0.57355 0.00536687 
0.631045 -0.12713 
0.595667 -0.0402673 
0.622932 -0.106035 
0.659572 -0.208749 
0.585191 -0.0176808 
-0.0266242 -0.534024 
-0.176549 -0.477097 
0.614376 -0.0844706 
0.605329 -0.0625333 
-0.492623 -0.198734 
-0.524221 -0.144222 
0.125199 -0.565031 
0.0943838 -0.560623 
-0.0552952 -0.52538 
0.188369 -0.571189 
0.0332474 -0.549096 
0.221763 -0.572866 
0.630188 -0.437058 
0.659654 -0.387264 
0.676194 -0.289833 
0.665366 -0.228806 
0.557253 -0.502 
0.414109 -0.557623 
-0.578478 0.00358235 
