ZONE T="boundary0"
-4 -0.224469 
-4 -0.27931 
-4 0.461647 
-4 0.329178 
-4 0.819653 
-4 0.639307 
-4 0.550477 
-4 0.173348 
-4 -0.127165 
-4 -0.175817 
-4 -0.334151 
-4 -0.562647 
-4 0.00506581 
-4 -0.661241 
-4 0.226661 
-4 -0.399103 
-4 -0.464054 
-4 0.120034 
-4 0.0625497 
-4 0.27792 
-4 -0.83062 
-4 -1 
-4 1 
-4 0.395412 
-4 0.72948 
-4 -0.151491 
-4 -0.0610496 
-4 -0.306731 
-4 -0.431578 
-4 -0.25189 
-4 0.146691 
-4 0.200005 
-4 -0.611944 
-4 0.594892 
-4 0.506062 
-4 -0.74593 
-4 -0.513351 
-4 -0.91531 
-4 -0.366627 
-4 0.252291 
-4 0.303549 
-4 -0.200143 
-4 0.0338078 
-4 0.0912917 
-4 0.909827 
ZONE T="boundary1"
1.53248 1 
1.09795 1 
1.21221 1 
0.315248 1 
0.263246 1 
-3.85444 1 
0.471254 1 
-0.127504 1 
0.715681 1 
0.197383 1 
1.32646 1 
0.974284 1 
0.850615 1 
-1.26261 1 
-0.970009 1 
-1.5817 1 
-2.77394 1 
2.22887 1 
2.01555 1 
-3.0762 1 
3.39063 1 
2.42383 1 
-2.23129 1 
-2.36507 1 
3.09688 1 
2.85783 1 
0.419252 1 
0.36725 1 
0.593467 1 
0.13152 1 
0.000101067 1 
0.0658104 1 
-0.0637015 1 
-0.203674 1 
-0.279844 1 
-0.667101 1 
-0.448626 1 
-0.557863 1 
-0.768145 1 
-0.869188 1 
-1.07083 1 
-1.35436 1 
-1.44611 1 
-1.16672 1 
1.42947 1 
-1.71729 1 
-3.47301 1 
-3.70887 1 
1.80223 1 
3.84219 1 
4 1 
-2.0975 1 
-2.63263 1 
-1.9074 1 
3.68438 1 
2.61879 1 
3.24375 1 
-2.91525 1 
-3.23715 1 
-0.364235 1 
-4 1 
1.90889 1 
1.15508 1 
0.289247 1 
0.91245 1 
1.26933 1 
2.12221 1 
-2.29818 1 
2.97736 1 
0.393251 1 
0.532361 1 
0.230314 1 
0.164451 1 
0.341249 1 
0.0329557 1 
-0.165589 1 
-0.241759 1 
0.445253 1 
-0.503245 1 
0.783148 1 
0.654574 1 
-0.717623 1 
1.03612 1 
-1.40024 1 
-1.21466 1 
-1.11877 1 
1.37796 1 
-1.02042 1 
-1.64949 1 
-0.919598 1 
-0.0318002 1 
-0.0956028 1 
-0.612482 1 
-0.818666 1 
-1.30848 1 
-3.59094 1 
-1.5139 1 
1.48097 1 
1.66736 1 
3.92109 1 
-2.49885 1 
-1.81234 1 
-2.00245 1 
3.5375 1 
-2.1644 1 
2.32635 1 
2.73831 1 
2.52131 1 
3.17031 1 
3.31719 1 
-2.84459 1 
-2.70328 1 
-3.35508 1 
-3.15667 1 
0.0986651 1 
-0.32204 1 
-0.40643 1 
-3.92722 1 
1.96222 1 
1.85556 1 
-3.78165 1 
-2.99572 1 
3.76328 1 
ZONE T="boundary2"
4 -0.323976 
4 -0.284474 
4 -0.442484 
4 0.353017 
4 -0.0382499 
4 -0.109962 
4 -0.642162 
4 -0.821081 
4 -1 
4 -0.230078 
4 -0.181675 
4 -0.363479 
4 -0.542323 
4 0.141741 
4 0.0517454 
4 0.181706 
4 0.221671 
4 0.65976 
4 0.404432 
4 0.752553 
4 1 
4 0.301602 
4 0.261636 
4 0.4857 
4 0.566967 
4 -0.304225 
4 -0.0741061 
4 -0.731621 
4 -0.91054 
4 -0.205876 
4 -0.145819 
4 -0.257276 
4 -0.343728 
4 -0.402982 
4 -0.592242 
4 -0.492403 
4 0.00674775 
4 0.161723 
4 0.281619 
4 0.201688 
4 0.096743 
4 0.378725 
4 0.445066 
4 0.526334 
4 0.706156 
4 0.613364 
4 0.327309 
4 0.241654 
4 0.876276 
ZONE T="boundary3"
-3.81711 -1 
-3.63421 -1 
-1.39611 -1 
-2.23777 -1 
-2.00069 -1 
2.75528 -1 
3.04786 -1 
-1.05598 -1 
-0.940314 -1 
-1.23611 -1 
-0.829073 -1 
0.115576 -1 
0.0411062 -1 
0.292295 -1 
-0.722584 -1 
-0.153174 -1 
0.526224 -1 
0.411534 -1 
-0.48676 -1 
-1.14604 -1 
-0.215356 -1 
0.640914 -1 
-3.18277 -1 
-3.01802 -1 
4 -1 
3.875 -1 
3.6845 -1 
3.36899 -1 
1.76742 -1 
1.53784 -1 
0.86152 -1 
1.98319 -1 
2.19896 -1 
2.47712 -1 
-1.76362 -1 
3.20843 -1 
-2.4583 -1 
-2.67883 -1 
-0.277862 -1 
-0.620847 -1 
-0.0909913 -1 
-0.0249426 -1 
0.190047 -1 
-0.340367 -1 
-1.57986 -1 
-4 -1 
0.751217 -1 
1.08828 -1 
0.974898 -1 
1.43539 -1 
1.33294 -1 
1.21061 -1 
-3.49087 -1 
-3.34753 -1 
-2.84842 -1 
-3.72566 -1 
-2.11923 -1 
2.90157 -1 
-0.998146 -1 
0.0783413 -1 
0.468879 -1 
0.351915 -1 
-1.10101 -1 
-0.775829 -1 
0.583569 -1 
-3.10039 -1 
3.9375 -1 
3.52674 -1 
1.65263 -1 
3.77975 -1 
2.09108 -1 
1.8753 -1 
2.6162 -1 
-1.88216 -1 
3.12814 -1 
-2.34803 -1 
2.33804 -1 
-0.246609 -1 
-0.671716 -1 
-0.553803 -1 
-0.884693 -1 
-0.0579669 -1 
-0.122082 -1 
0.00808181 -1 
0.241171 -1 
-0.309114 -1 
-0.413563 -1 
0.152811 -1 
-1.31611 -1 
-1.48799 -1 
-3.90855 -1 
0.696066 -1 
0.806369 -1 
1.03159 -1 
-1.19108 -1 
1.38416 -1 
0.918209 -1 
1.27177 -1 
1.14944 -1 
-1.67174 -1 
-3.26515 -1 
-2.56857 -1 
1.48661 -1 
-3.4192 -1 
-3.56254 -1 
-0.184265 -1 
3.28871 -1 
-2.76363 -1 
-2.93322 -1 
ZONE T="boundary4"
-0.280484 0.398592 
0.529376 0.329008 
0.518585 0.342305 
0.648691 0.000175541 
0.485359 0.376802 
0.473852 0.386922 
0.645997 0.0494486 
0.64777 0.0328919 
0.636027 0.0990619 
0.648674 0.0165354 
0.579642 0.245942 
-0.593726 0.0859181 
0.507234 0.355086 
-0.549204 0.168704 
-0.559877 0.152017 
-0.619602 -0.00264571 
-0.615049 0.0197411 
-0.491617 0.242083 
-0.6092 0.0420341 
-0.602084 0.0641118 
-0.586614 0.102167 
-0.578577 0.11871 
-0.569898 0.134929 
-0.26138 0.407895 
-0.242055 0.416738 
-0.53697 0.18632 
-0.524099 0.203468 
0.566329 0.27212 
-0.475732 0.259006 
0.608933 0.178706 
-0.44252 0.290681 
-0.45924 0.275328 
-0.407669 0.319415 
-0.389641 0.332832 
-0.37173 0.345329 
-0.35347 0.3573 
-0.335511 0.368384 
-0.221438 0.425576 
-0.200606 0.433907 
-0.298997 0.389018 
-0.317272 0.378994 
-0.425257 0.305416 
-0.178114 0.442255 
-0.131156 0.457618 
-0.1067 0.464558 
-0.0809836 0.471099 
-0.622869 -0.0251132 
0.617861 0.155547 
0.626101 0.132152 
0.441428 0.411534 
0.549448 0.300642 
0.643423 0.0659326 
-0.000769196 0.486652 
-0.0280021 0.482187 
0.419923 0.425215 
0.397793 0.437475 
0.372089 0.449722 
0.320562 0.468903 
0.345907 0.460286 
0.539714 0.315051 
0.461965 0.396568 
0.0865211 0.495299 
0.116695 0.496218 
0.179091 0.494492 
0.147918 0.495986 
0.0277584 0.490435 
0.294494 0.476301 
-0.155408 0.450025 
0.239398 0.487685 
0.268165 0.482415 
0.0563937 0.493303 
0.592125 0.218687 
0.600701 0.198768 
0.64006 0.0825717 
-0.508211 0.223083 
-0.0550846 0.476917 
0.209317 0.491758 
0.524054 0.335717 
0.479656 0.38192 
0.646987 0.0411813 
0.648796 0.0083554 
0.496515 0.366166 
-0.554619 0.160411 
-0.617483 0.00857902 
-0.61228 0.0309278 
0.64833 0.0247195 
-0.598052 0.0750706 
-0.582678 0.110479 
-0.574315 0.126861 
-0.59025 0.0940775 
-0.251743 0.412374 
-0.543171 0.177571 
-0.450951 0.283082 
-0.398708 0.326195 
-0.362642 0.351379 
-0.211048 0.429805 
-0.28977 0.393861 
-0.308166 0.384062 
-0.344527 0.362901 
-0.416521 0.312489 
-0.53061 0.194951 
-0.231774 0.421221 
-0.118952 0.46117 
-0.0938649 0.467919 
-0.605794 0.0531214 
-0.189388 0.438154 
-0.48375 0.250615 
-0.621394 -0.0138571 
0.622079 0.143883 
0.558156 0.286542 
0.644806 0.0577052 
-0.564972 0.143523 
-0.0144022 0.484521 
0.430782 0.418542 
0.333292 0.464761 
0.385038 0.443801 
-0.326426 0.373747 
0.512981 0.34876 
0.534621 0.322087 
-0.380732 0.339146 
0.467956 0.391804 
0.451816 0.404216 
0.408948 0.431509 
0.101604 0.495895 
0.163513 0.495401 
0.0134797 0.488657 
0.307575 0.472765 
-0.166786 0.446212 
0.253813 0.48522 
-0.27096 0.403301 
0.613471 0.167154 
0.596455 0.208745 
0.604862 0.188755 
0.641831 0.0742699 
-0.516248 0.213352 
0.638122 0.0908357 
0.631324 0.115683 
0.544658 0.307899 
-0.143308 0.453903 
-0.467563 0.267245 
0.585989 0.232363 
-0.0680548 0.474099 
-0.433953 0.298125 
-0.5 0.232659 
0.0420646 0.491985 
0.071449 0.494433 
0.19422 0.493287 
0.224381 0.489894 
0.359076 0.455197 
0.132308 0.496256 
0.281365 0.479511 
0.573153 0.259118 
-0.0415629 0.479651 
ZONE T="boundary5"
-0.109275 -0.446744 
-0.0839747 -0.438813 
-0.624849 -0.0475645 
0.48201 -0.251116 
0.457215 -0.264383 
-0.61589 -0.158936 
-0.610407 -0.180867 
-0.539881 -0.324854 
-0.259241 -0.470178 
-0.284219 -0.468952 
-0.426114 -0.425309 
-0.625556 -0.0700153 
-0.625002 -0.0923888 
-0.184181 -0.464369 
-0.209202 -0.467787 
0.648691 0.000175541 
-0.623199 -0.114685 
0.598283 -0.149622 
-0.62016 -0.136856 
-0.553132 -0.306332 
-0.309113 -0.465998 
-0.381736 -0.446454 
-0.40478 -0.436444 
-0.333762 -0.461267 
0.578125 -0.174745 
-0.234199 -0.469757 
-0.159268 -0.459645 
0.639519 -0.0632729 
0.519664 -0.22684 
-0.134243 -0.453707 
0.58852 -0.162481 
-0.497698 -0.372052 
-0.512389 -0.357309 
-0.526543 -0.341484 
-0.586823 -0.245714 
-0.576636 -0.266733 
0.645965 -0.0319971 
-0.482296 -0.385916 
-0.446724 -0.412679 
-0.464874 -0.399871 
0.634886 -0.0785586 
-0.0587136 -0.430212 
0.531707 -0.217819 
0.020027 -0.401342 
0.0469888 -0.391491 
0.0751925 -0.381538 
0.193264 -0.34559 
0.162428 -0.354074 
0.103487 -0.372044 
0.132955 -0.362752 
0.224017 -0.337601 
0.287446 -0.321735 
0.255804 -0.329635 
0.37233 -0.298111 
0.351496 -0.304494 
0.392991 -0.291196 
0.319588 -0.313417 
0.412505 -0.284004 
0.43178 -0.276142 
0.622943 -0.107995 
0.555741 -0.197463 
0.567188 -0.186391 
0.507312 -0.235414 
-0.622869 -0.0251132 
-0.603735 -0.202616 
-0.595895 -0.224186 
0.629385 -0.0933931 
0.643199 -0.0477986 
0.607361 -0.136156 
0.615703 -0.122066 
0.543935 -0.207897 
0.64779 -0.0160202 
-0.358134 -0.45471 
-0.565324 -0.287075 
-0.00687407 -0.411328 
-0.0328029 -0.420906 
-0.0966008 -0.442869 
0.469711 -0.257939 
-0.613295 -0.169939 
-0.271744 -0.469776 
-0.625436 -0.0812068 
-0.196674 -0.466249 
-0.624256 -0.10355 
-0.618175 -0.147927 
-0.296695 -0.467694 
-0.393349 -0.44166 
-0.321482 -0.463856 
-0.246721 -0.470168 
-0.22169 -0.468958 
0.593489 -0.156119 
-0.505142 -0.364781 
-0.581872 -0.256295 
-0.121732 -0.450337 
-0.436525 -0.419171 
-0.490091 -0.379091 
-0.415542 -0.431061 
-0.146729 -0.45681 
-0.171701 -0.462159 
-0.455896 -0.406415 
0.0335 -0.396388 
0.0610767 -0.386465 
0.177834 -0.349766 
0.118205 -0.367325 
0.147676 -0.358343 
0.271631 -0.325698 
0.361931 -0.301362 
0.382684 -0.294726 
0.303533 -0.317631 
-0.533322 -0.333259 
0.422177 -0.280161 
0.561528 -0.191995 
0.49479 -0.24348 
-0.59995 -0.213452 
0.572728 -0.180637 
-0.621832 -0.125793 
0.644701 -0.0399187 
0.583402 -0.168682 
0.626275 -0.100743 
0.619427 -0.115084 
0.537872 -0.21292 
0.602918 -0.142954 
0.637319 -0.0709512 
0.641476 -0.0555637 
0.632247 -0.0860175 
0.611637 -0.129173 
0.646995 -0.0240222 
0.444577 -0.27044 
-0.473689 -0.393026 
-0.519572 -0.349493 
0.402776 -0.287678 
-0.624017 -0.0363257 
-0.370011 -0.450798 
0.33557 -0.309056 
-0.625361 -0.0587857 
0.648357 -0.00792892 
-0.559363 -0.296791 
-0.546637 -0.315688 
-0.607211 -0.191786 
-0.34601 -0.458213 
0.00657469 -0.406328 
-0.0198333 -0.416134 
-0.0713253 -0.434578 
-0.0457456 -0.425602 
0.0893249 -0.376729 
0.208633 -0.341549 
0.23991 -0.333596 
-0.591495 -0.235009 
-0.571125 -0.276987 
0.513526 -0.231182 
0.525726 -0.222386 
0.549892 -0.202746 
