ZONE T="boundary0"
-4 -0.4366 
-4 -0.358605 
-4 -0.329067 
-4 -0.210519 
-4 -0.299528 
-4 -0.255024 
-4 -0.0444888 
-4 -0.135396 
-4 0.682737 
-4 0.258652 
-4 0.23575 
-4 0.00757719 
-4 0.29173 
-4 -1 
-4 1 
-4 -0.514595 
-4 -0.172957 
-4 -0.635946 
-4 -0.57527 
-4 0.113345 
-4 0.0596431 
-4 0.167046 
-4 0.324809 
-4 -0.757297 
-4 0.841368 
-4 0.189948 
-4 0.212849 
-4 0.390967 
-4 0.536852 
-4 0.463909 
-4 -0.397602 
-4 -0.277276 
-4 -0.0899422 
-4 0.247201 
-4 0.275191 
-4 -0.475597 
-4 -0.154177 
-4 -0.605608 
-4 0.086494 
-4 -0.0184558 
-4 0.0336102 
-4 -0.696622 
-4 -0.544933 
-4 -0.878649 
-4 0.920684 
-4 0.178497 
-4 0.2243 
-4 0.201398 
-4 0.140196 
-4 0.30827 
-4 0.357888 
-4 -0.343836 
-4 -0.314298 
-4 -0.232771 
-4 -0.191738 
-4 0.500381 
-4 0.609794 
-4 0.427438 
-4 0.762052 
ZONE T="boundary1"
-3.19676 1 
-3.52536 1 
-1.4783 1 
1.12959 1 
1.22838 1 
-0.0816297 1 
-0.0130993 1 
0.270993 1 
0.0525607 1 
-0.756091 1 
-0.857671 1 
0.4392 1 
0.194607 1 
-0.36055 1 
3.57642 1 
-0.613082 1 
-0.524816 1 
-1.36522 1 
-3.02964 1 
0.880369 1 
0.756914 1 
-2.0386 1 
1.42595 1 
1.32716 1 
-2.65751 1 
-2.4525 1 
-4 1 
-3.76268 1 
-2.86252 1 
3.04363 1 
3.23943 1 
2.82706 1 
2.61048 1 
2.19992 1 
1.98615 1 
1.77237 1 
-2.24555 1 
0.118221 1 
-0.938537 1 
-0.684587 1 
-0.436549 1 
-0.480683 1 
-0.217356 1 
-0.284552 1 
-0.15016 1 
-1.13577 1 
0.633459 1 
0.53633 1 
1.00498 1 
3.85881 1 
4 1 
-1.6034 1 
-1.72851 1 
-1.25214 1 
-1.0194 1 
-1.88356 1 
3.43523 1 
1.52473 1 
1.64855 1 
2.4052 1 
3.71761 1 
0.355097 1 
-3.36106 1 
1.17898 1 
-0.806881 1 
-0.0473645 1 
-0.568949 1 
-1.42176 1 
0.818642 1 
1.37655 1 
-3.1132 1 
-2.55501 1 
-3.88134 1 
3.14153 1 
2.71877 1 
1.87926 1 
-2.34903 1 
2.09303 1 
0.156414 1 
-0.648835 1 
-0.720339 1 
-0.250954 1 
-0.115895 1 
-0.322551 1 
0.695187 1 
0.584895 1 
0.487765 1 
0.942675 1 
1.27777 1 
3.9294 1 
1.06729 1 
-1.66596 1 
-1.07759 1 
-1.30868 1 
-2.76002 1 
-1.96108 1 
-1.80603 1 
3.33733 1 
1.58664 1 
-2.94608 1 
2.50784 1 
3.78821 1 
3.50583 1 
3.64702 1 
2.93534 1 
-2.14208 1 
-3.64402 1 
0.0197307 1 
-0.502749 1 
-0.458616 1 
-0.39855 1 
-0.183758 1 
0.313045 1 
0.397149 1 
0.2328 1 
0.0853908 1 
-0.978969 1 
-0.898104 1 
1.47534 1 
1.71046 1 
-1.54085 1 
-1.19396 1 
2.30256 1 
ZONE T="boundary2"
4 -0.432244 
4 -0.502987 
4 -0.361501 
4 -0.321678 
4 -0.836809 
4 -0.673619 
4 -0.281854 
4 0.200885 
4 0.275448 
4 0.364452 
4 0.468836 
4 0.416644 
4 0.634189 
4 0.551512 
4 0.148645 
4 -1 
4 0.0964056 
4 -0.588303 
4 -0.0997347 
4 -0.00166455 
4 0.817094 
4 1 
4 -0.190794 
4 -0.145265 
4 -0.236324 
4 -0.0506996 
4 -0.467615 
4 -0.341589 
4 -0.755214 
4 -0.301766 
4 0.238167 
4 0.44274 
4 0.59285 
4 0.174765 
4 0.31995 
4 -0.545645 
4 0.390548 
4 0.0473705 
4 0.725641 
4 0.908547 
4 0.510174 
4 -0.630961 
4 -0.918405 
4 -0.396873 
4 0.122525 
4 -0.1225 
4 -0.0261821 
4 -0.0752172 
4 -0.259089 
4 -0.168029 
4 -0.213559 
ZONE T="boundary3"
-1.6831 -1 
-1.54119 -1 
-0.900569 -1 
1.31972 -1 
1.20497 -1 
-2.15829 -1 
-4 -1 
-3.74631 -1 
-0.554349 -1 
-0.446494 -1 
-1.27159 -1 
-1.14389 -1 
1.55977 -1 
1.43447 -1 
-3.30873 -1 
3.50218 -1 
3.33624 -1 
-2.93518 -1 
-3.12483 -1 
-2.54342 -1 
-2.74552 -1 
2.02792 -1 
2.41662 -1 
4 -1 
3.66812 -1 
3.16508 -1 
-2.34132 -1 
2.70527 -1 
0.0959606 -1 
0.159344 -1 
-0.26373 -1 
-0.185114 -1 
0.361596 -1 
0.423486 -1 
-0.662203 -1 
0.299705 -1 
0.491021 -1 
0.558557 -1 
-0.0369607 -1 
0.229525 -1 
0.715766 -1 
-0.309421 -1 
-0.106498 -1 
-0.355112 -1 
0.0325768 -1 
-3.49262 -1 
0.972761 -1 
-0.781386 -1 
0.844263 -1 
-1.02223 -1 
-1.39928 -1 
1.68506 -1 
1.08887 -1 
1.85649 -1 
2.99391 -1 
-1.97526 -1 
-1.61215 -1 
1.26235 -1 
-3.87315 -1 
-0.500421 -1 
-1.20774 -1 
1.49712 -1 
3.41921 -1 
-3.03 -1 
-2.64447 -1 
2.22227 -1 
3.83406 -1 
3.25066 -1 
-2.84035 -1 
0.127653 -1 
-0.224422 -1 
0.392541 -1 
-0.608276 -1 
0.330651 -1 
0.524789 -1 
0.264615 -1 
0.637161 -1 
-0.400803 -1 
-0.00219194 -1 
0.0642687 -1 
-3.61946 -1 
0.457253 -1 
-0.721794 -1 
0.780015 -1 
0.908512 -1 
-0.840977 -1 
-0.9614 -1 
-1.47024 -1 
1.03081 -1 
1.77078 -1 
1.3771 -1 
1.62241 -1 
1.94221 -1 
3.58515 -1 
-3.21678 -1 
-3.40067 -1 
2.56094 -1 
2.84959 -1 
-1.82918 -1 
-2.2498 -1 
-2.06678 -1 
-2.44237 -1 
-0.145806 -1 
-0.0717294 -1 
-0.286576 -1 
-0.332267 -1 
0.194435 -1 
-1.08306 -1 
-1.33544 -1 
1.14692 -1 
3.0795 -1 
ZONE T="boundary4"
-0.173287 0.355265 
-0.148743 0.355287 
-0.617771 0.172513 
-0.482796 0.325652 
-0.635183 0.00871291 
-0.637496 0.0697089 
-0.630886 0.125576 
-0.623172 0.156304 
-0.423732 0.346142 
-0.438764 0.342212 
-0.285405 0.357449 
-0.636984 0.0289591 
-0.30481 0.357566 
-0.324132 0.357352 
-0.264421 0.357076 
0.585912 0.192313 
0.596714 0.171046 
-0.57497 0.251187 
-0.636119 0.0900417 
-0.63395 0.10794 
-0.603991 0.204599 
-0.40833 0.349416 
-0.392768 0.352038 
0.560501 0.231745 
-0.611312 0.18882 
0.54617 0.249781 
0.5365 0.260624 
-0.585707 0.236172 
-0.376358 0.354144 
-0.563457 0.265165 
-0.0958104 0.356576 
-0.122178 0.355715 
0.460611 0.320006 
0.472088 0.313215 
-0.19796 0.35555 
-0.220662 0.356012 
-0.551275 0.278002 
0.044788 0.366867 
0.0730384 0.369374 
0.515922 0.280691 
0.52636 0.270985 
-0.525094 0.300343 
-0.51126 0.309872 
-0.497234 0.318233 
-0.468335 0.332019 
-0.243421 0.356574 
-0.359809 0.355674 
0.573821 0.212503 
-0.637771 0.0493049 
0.443197 0.329226 
-0.595288 0.220759 
0.314452 0.368617 
0.33777 0.364433 
-0.342032 0.356753 
0.381823 0.353359 
0.403577 0.346114 
0.359844 0.359441 
-0.538376 0.289798 
-0.45358 0.337545 
0.505081 0.289869 
0.425443 0.337438 
0.483287 0.305976 
0.129117 0.373698 
0.101064 0.371693 
0.184846 0.376173 
0.156921 0.375231 
0.623236 0.0423323 
0.623228 0.0635912 
0.291065 0.371803 
0.239565 0.375747 
0.212151 0.376381 
0.265295 0.374266 
0.618199 0.105842 
0.612888 0.127731 
0.605601 0.149808 
0.621637 0.021288 
0.618488 0.000207323 
0.621568 0.0846503 
-0.067898 0.357949 
-0.0401993 0.359732 
0.0164448 0.364327 
-0.011794 0.361914 
-0.161007 0.355234 
-0.627398 0.14104 
-0.431276 0.344266 
-0.636208 0.0188279 
-0.314474 0.357508 
-0.274912 0.357287 
0.591506 0.181777 
-0.635148 0.0990069 
-0.632533 0.11678 
-0.400566 0.350805 
-0.607765 0.196763 
-0.614657 0.180714 
-0.620581 0.164447 
-0.580464 0.24377 
0.553487 0.240885 
-0.636948 0.0798883 
-0.384577 0.353168 
-0.569335 0.258276 
-0.108984 0.356091 
0.466384 0.316666 
-0.209306 0.355762 
-0.557479 0.271691 
0.0589105 0.368132 
0.521198 0.275898 
-0.51826 0.305222 
-0.490076 0.322052 
-0.475615 0.328939 
-0.416054 0.347864 
0.541397 0.255258 
-0.368094 0.354977 
0.567317 0.222234 
-0.232037 0.356287 
-0.504317 0.314163 
-0.185617 0.355373 
-0.253918 0.356834 
0.32613 0.366654 
0.580036 0.20251 
-0.599764 0.212746 
0.392746 0.349883 
0.451967 0.324736 
0.348833 0.362064 
0.510555 0.285342 
-0.333087 0.357107 
0.477723 0.309652 
-0.295108 0.357542 
0.414572 0.341938 
0.115082 0.372744 
0.623438 0.0529605 
0.30277 0.370328 
0.225854 0.376178 
0.252431 0.375121 
0.198492 0.376373 
-0.637769 0.0595119 
0.531492 0.265864 
-0.446206 0.339972 
0.615766 0.116838 
0.609466 0.138841 
-0.54493 0.284013 
-0.461 0.334882 
0.620248 0.0107196 
0.622632 0.0317946 
-0.637507 0.03913 
-0.350928 0.356279 
0.494357 0.298154 
-0.13545 0.355447 
0.370868 0.356537 
0.278186 0.373164 
0.601356 0.160509 
-0.0818432 0.357206 
-0.0540394 0.358793 
0.0306173 0.365591 
-0.025989 0.360785 
0.0870457 0.370563 
0.170875 0.375785 
0.14301 0.37453 
0.00233073 0.363098 
-0.590618 0.228541 
-0.531827 0.295183 
0.620094 0.0952776 
0.622605 0.0741352 
0.434373 0.333448 
ZONE T="boundary5"
0.546209 -0.1877 
-0.437386 -0.347815 
-0.560246 -0.199257 
-0.570483 -0.18185 
-0.47955 -0.306506 
-0.628733 -0.0312559 
-0.635183 0.00871291 
-0.632419 -0.0113614 
-0.618781 -0.0703353 
-0.605614 -0.108449 
-0.612587 -0.0895043 
-0.624176 -0.050909 
-0.580282 -0.163886 
-0.292889 -0.447986 
-0.272109 -0.458579 
-0.405474 -0.374703 
-0.42201 -0.361183 
-0.352291 -0.412997 
-0.313328 -0.43677 
-0.332997 -0.425179 
-0.597884 -0.127171 
-0.370606 -0.400632 
0.414426 -0.428377 
-0.157108 -0.504318 
-0.181757 -0.496198 
-0.132221 -0.511666 
-0.105927 -0.518535 
-0.20517 -0.487674 
-0.250363 -0.468841 
-0.228306 -0.478438 
0.600978 -0.0621278 
0.593041 -0.0825564 
-0.516024 -0.263602 
-0.527345 -0.24853 
-0.549484 -0.21636 
-0.538632 -0.232591 
-0.452345 -0.333997 
-0.388525 -0.38772 
-0.466157 -0.32045 
0.371414 -0.464085 
-0.492119 -0.292605 
-0.504248 -0.278342 
0.434601 -0.406915 
0.45327 -0.383371 
0.393481 -0.44723 
0.0359046 -0.540553 
0.0673625 -0.542009 
-0.0233845 -0.534392 
-0.0514822 -0.529948 
-0.0794393 -0.524554 
0.537075 -0.209434 
0.282055 -0.510432 
0.0987537 -0.542147 
0.132219 -0.540759 
0.255834 -0.519186 
-0.589449 -0.145614 
0.229049 -0.526409 
0.328122 -0.490232 
0.305398 -0.501039 
0.350161 -0.477935 
0.444157 -0.395366 
0.468295 -0.361142 
0.475383 -0.349425 
0.488176 -0.325933 
0.608029 -0.0414308 
0.6139 -0.0207203 
0.565295 -0.14505 
0.555684 -0.166192 
0.528416 -0.231071 
0.519962 -0.252807 
0.584207 -0.103338 
0.511674 -0.273762 
0.574933 -0.124012 
0.618488 0.000207323 
0.502982 -0.294464 
0.00622657 -0.538018 
0.19742 -0.53297 
0.165376 -0.537693 
-0.565432 -0.190592 
-0.63392 -0.00133789 
-0.609195 -0.0990096 
-0.626563 -0.0411053 
-0.621582 -0.0606487 
-0.28254 -0.453361 
-0.413795 -0.368006 
-0.323207 -0.431049 
-0.342692 -0.419162 
-0.601839 -0.117846 
-0.361496 -0.406884 
-0.169464 -0.500355 
-0.119101 -0.515207 
-0.193496 -0.492025 
-0.429748 -0.354556 
-0.261276 -0.463793 
-0.239371 -0.473723 
0.597104 -0.0723758 
-0.52174 -0.256106 
-0.554927 -0.207846 
-0.533043 -0.240599 
-0.397049 -0.381275 
-0.472906 -0.313528 
-0.575458 -0.172908 
-0.459301 -0.327274 
-0.498239 -0.285519 
0.424735 -0.417866 
0.404142 -0.438022 
-0.485887 -0.299602 
0.0516299 -0.541442 
-0.065482 -0.527369 
0.1155 -0.541657 
-0.444918 -0.340962 
-0.593752 -0.13643 
0.242496 -0.522987 
0.316846 -0.495815 
0.339244 -0.484268 
-0.584947 -0.154789 
-0.379616 -0.394245 
0.439438 -0.401193 
0.460969 -0.372393 
0.471886 -0.355315 
0.448773 -0.389417 
0.481943 -0.337778 
0.611111 -0.0311157 
0.560471 -0.155607 
0.293798 -0.505909 
0.269014 -0.515008 
0.52418 -0.241937 
0.588692 -0.0929721 
0.532705 -0.220235 
0.515853 -0.263303 
-0.510194 -0.271016 
0.541594 -0.198542 
0.579607 -0.113687 
0.604627 -0.0518191 
-0.144692 -0.508089 
-0.63069 -0.021327 
-0.544112 -0.224511 
-0.615783 -0.0799495 
0.360908 -0.471197 
-0.216774 -0.483146 
0.507396 -0.284147 
0.550908 -0.176923 
-0.303152 -0.442456 
0.570123 -0.134529 
0.382612 -0.455879 
0.495807 -0.31032 
0.0210568 -0.539424 
-0.0085929 -0.536339 
-0.0927065 -0.521651 
0.213289 -0.529929 
0.181436 -0.535554 
-0.0374503 -0.532289 
0.0830618 -0.542246 
0.148823 -0.539444 
0.616362 -0.0102929 
