ZONE T="boundary0"
-4 -0.212096 
-4 -0.180849 
-4 1 
-4 0.764048 
-4 0.528095 
-4 0.434499 
-4 -0.00198961 
-4 0.0616526 
-4 -0.791455 
-4 -0.687183 
-4 -0.333073 
-4 -0.272585 
-4 -0.302829 
-4 0.199976 
-4 0.175082 
-4 0.22487 
-4 0.282886 
-4 0.3877 
-4 0.340902 
-4 0.646071 
-4 -0.427647 
-4 -0.0871088 
-4 -0.149602 
-4 0.253878 
-4 0.125295 
-4 -0.38036 
-4 -0.505278 
-4 -0.58291 
-4 -1 
-4 -0.196473 
-4 0.882024 
-4 0.481297 
-4 0.0298315 
-4 -0.739319 
-4 0.187529 
-4 0.364301 
-4 0.587083 
-4 0.705059 
-4 -0.0445492 
-4 -0.118356 
-4 0.239374 
-4 0.268382 
-4 0.150188 
-4 0.0934737 
-4 0.411099 
-4 0.311894 
-4 0.212423 
-4 -0.317951 
-4 -0.24234 
-4 -0.356717 
-4 -0.287707 
-4 -0.404003 
-4 -0.466463 
-4 -0.544094 
-4 -0.635046 
-4 -0.895728 
-4 -0.165226 
ZONE T="boundary1"
4 1 
3.83573 1 
-1.01222 1 
-1.1234 1 
0.720408 1 
0.619995 1 
-4 1 
-0.150362 1 
-0.0110444 1 
0.0522748 1 
0.187831 1 
0.120053 1 
0.820821 1 
-1.87936 1 
-1.69469 1 
-2.01464 1 
-2.14992 1 
3.67147 1 
3.34294 1 
1.25765 1 
2.84427 1 
-2.61289 1 
-2.8053 1 
-3.16419 1 
1.4463 1 
1.57748 1 
1.70866 1 
2.32966 1 
2.01916 1 
2.17441 1 
-3.78505 1 
3.0936 1 
1.86391 1 
-0.22636 1 
0.243821 1 
0.299812 1 
-0.288872 1 
-0.351385 1 
0.515893 1 
0.411792 1 
-0.0743636 1 
-0.486452 1 
-0.586248 1 
-0.686044 1 
0.929567 1 
1.03831 1 
1.14798 1 
-1.34896 1 
1.35197 1 
-0.793547 1 
-0.901049 1 
-3.57011 1 
-1.23618 1 
-1.51002 1 
-3.36715 1 
2.58696 1 
-2.42048 1 
3.91787 1 
-1.06781 1 
0.670201 1 
0.0206152 1 
0.153942 1 
-1.78703 1 
-2.08228 1 
3.5072 1 
-2.70909 1 
1.64307 1 
2.09678 1 
2.96893 1 
1.78628 1 
0.0861639 1 
0.271817 1 
-0.188361 1 
-0.320129 1 
0.355802 1 
-0.042704 1 
-0.112363 1 
-0.418918 1 
-0.636146 1 
-0.53635 1 
0.215826 1 
0.463843 1 
0.770614 1 
0.875194 1 
0.567944 1 
0.98394 1 
-3.89253 1 
1.20281 1 
1.09315 1 
1.30481 1 
-0.847298 1 
-0.956636 1 
-1.29257 1 
1.94153 1 
-1.42949 1 
-1.60236 1 
3.7536 1 
-2.98474 1 
-3.26567 1 
-3.46863 1 
2.71561 1 
-2.2852 1 
-2.51668 1 
3.21827 1 
-1.947 1 
2.25203 1 
-0.257616 1 
-0.739795 1 
-3.67758 1 
1.39914 1 
1.51189 1 
2.45831 1 
-1.17979 1 
ZONE T="boundary2"
4 -0.109228 
4 0.189872 
4 0.222202 
4 0.745376 
4 1 
4 0.254533 
4 -0.0181802 
4 0.0728674 
4 0.13137 
4 -1 
4 -0.766362 
4 -0.532725 
4 0.362083 
4 -0.22765 
4 -0.168439 
4 -0.284316 
4 0.618064 
4 0.490753 
4 -0.436853 
4 -0.340982 
4 0.28142 
4 0.308308 
4 0.335196 
4 0.426418 
4 0.206037 
4 0.872688 
4 0.238367 
4 0.0273436 
4 0.160621 
4 -0.883181 
4 0.102118 
4 -0.063704 
4 -0.138833 
4 -0.255983 
4 -0.198045 
4 0.554409 
4 -0.484789 
4 -0.649543 
4 0.294864 
4 0.348639 
4 0.267976 
4 0.321752 
4 0.394251 
4 -0.312649 
4 0.458585 
4 -0.388918 
4 0.68172 
ZONE T="boundary3"
-3.52151 -1 
-3.36202 -1 
-1.8299 -1 
-1.63418 -1 
1.64587 -1 
1.77942 -1 
-0.0991233 -1 
-0.162446 -1 
0.182208 -1 
0.258305 -1 
0.322816 -1 
-1.48404 -1 
-2.24079 -1 
-2.02563 -1 
-1.14729 -1 
1.98757 -1 
3.23407 -1 
3.44158 -1 
-2.88892 -1 
-2.45595 -1 
4 -1 
3.72079 -1 
-0.508319 -1 
-0.644196 -1 
0.472156 -1 
0.556985 -1 
0.387327 -1 
-0.28328 -1 
0.0351551 -1 
-0.0358008 -1 
-0.222863 -1 
0.674281 -1 
0.791578 -1 
-3.8405 -1 
-0.3958 -1 
-0.780073 -1 
-3.68101 -1 
-1.03588 -1 
-0.907979 -1 
1.30144 -1 
1.51232 -1 
-1.25869 -1 
-1.37137 -1 
1.20244 -1 
3.02655 -1 
2.40343 -1 
2.19572 -1 
2.81885 -1 
2.61114 -1 
-3.12547 -1 
0.106111 -1 
0.947507 -1 
0.869543 -1 
1.15294 -1 
1.02547 -1 
1.10344 -1 
-4 -1 
-3.44176 -1 
-1.73204 -1 
1.71265 -1 
-0.130785 -1 
0.290561 -1 
-2.13321 -1 
3.33783 -1 
-2.67243 -1 
3.8604 -1 
-0.576258 -1 
0.514571 -1 
0.429742 -1 
0.220257 -1 
-0.000322864 -1 
-0.192654 -1 
0.73293 -1 
0.615633 -1 
-0.33954 -1 
-0.971932 -1 
1.40688 -1 
1.57909 -1 
-1.20299 -1 
-1.55911 -1 
-1.31503 -1 
-2.34837 -1 
-1.92777 -1 
1.25194 -1 
2.29958 -1 
2.9227 -1 
3.13031 -1 
2.50729 -1 
1.8835 -1 
2.09165 -1 
-3.60126 -1 
3.58119 -1 
-3.24374 -1 
-0.0674621 -1 
0.0706331 -1 
0.355072 -1 
0.14416 -1 
-0.253071 -1 
0.83056 -1 
0.908525 -1 
1.17769 -1 
-0.712134 -1 
0.98649 -1 
-0.844026 -1 
-1.09159 -1 
-0.452059 -1 
1.12819 -1 
2.71499 -1 
-3.76076 -1 
-3.92025 -1 
-1.4277 -1 
-3.0072 -1 
1.06445 -1 
ZONE T="boundary4"
-0.590644 0.1889 
0.394816 0.277178 
-0.612378 0.121446 
-0.437082 0.399938 
-0.607706 0.139602 
0.334192 0.349415 
-0.621893 0.0214175 
-0.406977 0.424278 
-0.391371 0.435716 
-0.358609 0.457412 
-0.34147 0.467621 
0.371154 0.304977 
0.347776 0.333091 
-0.59732 0.171683 
-0.61619 0.10316 
-0.619399 0.0825313 
-0.621427 0.0619636 
-0.507172 0.328368 
-0.574781 0.223879 
-0.583332 0.205858 
0.626326 -0.00646469 
0.620679 0.0120585 
-0.565602 0.241589 
-0.622257 0.0415782 
-0.466088 0.373215 
-0.544104 0.277945 
-0.532354 0.295353 
0.613672 0.0300789 
-0.519924 0.312294 
-0.480217 0.358831 
-0.49384 0.343974 
-0.422224 0.412346 
0.505814 0.166416 
-0.375412 0.446659 
-0.322947 0.477841 
-0.304092 0.487427 
-0.555212 0.259974 
-0.262786 0.505742 
-0.240349 0.51424 
-0.451806 0.386813 
-0.217618 0.521864 
-0.142642 0.540309 
-0.116418 0.544394 
-0.168746 0.535031 
-0.0610844 0.548966 
-0.0322809 0.549102 
0.633325 -0.0441386 
0.630516 -0.0251263 
0.605181 0.0479032 
0.320527 0.365598 
0.287213 0.402933 
0.304056 0.384519 
0.268434 0.422092 
0.44207 0.225998 
0.422373 0.246442 
0.408486 0.26166 
0.462263 0.206371 
0.484023 0.186242 
-0.00373232 0.547635 
0.0250012 0.544455 
0.0817194 0.532654 
0.108669 0.524169 
0.248481 0.440701 
0.227979 0.457899 
0.159685 0.502159 
0.0536941 0.539452 
0.134773 0.513947 
0.594863 0.0660158 
0.582817 0.0840333 
0.569621 0.101208 
0.539099 0.134778 
0.522663 0.150775 
-0.283599 0.496959 
-0.193297 0.528957 
0.183281 0.488974 
0.554768 0.118367 
0.206047 0.474201 
-0.0887323 0.547376 
-0.399219 0.430058 
-0.350081 0.462585 
0.359448 0.319018 
-0.614392 0.112326 
-0.617937 0.0928682 
-0.610145 0.130551 
-0.620559 0.0722621 
-0.594064 0.180323 
-0.579138 0.214907 
0.623677 0.00285098 
-0.570268 0.232774 
-0.62199 0.0517773 
-0.587064 0.197412 
-0.538316 0.286707 
0.617342 0.0211345 
-0.487093 0.351461 
-0.500576 0.33623 
-0.414648 0.418372 
-0.473214 0.366083 
-0.383434 0.44125 
-0.367054 0.452103 
-0.313559 0.482714 
-0.560495 0.250831 
-0.251608 0.510099 
-0.459003 0.380073 
-0.129552 0.5425 
-0.0466826 0.549232 
-0.513622 0.320389 
0.632096 -0.0346059 
-0.526221 0.303883 
-0.444497 0.393436 
-0.429702 0.406201 
0.609589 0.0390695 
0.32738 0.357524 
0.2957 0.393788 
0.277918 0.412609 
0.312339 0.375102 
0.432138 0.236133 
0.401622 0.269392 
0.415392 0.254015 
-0.622224 0.0314955 
0.494925 0.176333 
0.0106593 0.546262 
0.0952649 0.528639 
0.238346 0.449444 
0.147328 0.508267 
0.25857 0.431522 
0.600187 0.0570547 
0.576351 0.0927237 
-0.549749 0.269015 
0.340993 0.34126 
-0.332252 0.472809 
-0.602818 0.155742 
0.514272 0.15863 
-0.273232 0.501444 
0.530942 0.142839 
-0.293888 0.492286 
-0.205493 0.525536 
-0.181053 0.532122 
-0.155723 0.537815 
0.382926 0.291023 
-0.229019 0.518162 
0.547021 0.126657 
0.0393878 0.542183 
0.0677629 0.536286 
0.171591 0.495764 
0.194781 0.481774 
-0.0749173 0.548346 
0.473102 0.196254 
-0.0179953 0.548572 
0.121807 0.519283 
-0.102592 0.546055 
0.217136 0.466222 
0.628595 -0.0157557 
0.588997 0.0751307 
0.562311 0.10989 
0.452094 0.216107 
ZONE T="boundary5"
0.58642 -0.25174 
0.627646 -0.140043 
-0.519744 -0.200657 
-0.613757 -0.0371114 
-0.617623 -0.0179777 
-0.311164 -0.332758 
-0.595513 -0.0919231 
-0.587304 -0.109253 
-0.5325 -0.187339 
-0.506491 -0.213381 
-0.493149 -0.225247 
-0.602679 -0.0741027 
-0.608765 -0.055839 
-0.45094 -0.257951 
-0.435699 -0.268243 
-0.544969 -0.173063 
-0.249671 -0.357134 
-0.27057 -0.349207 
-0.290923 -0.341147 
-0.330578 -0.324312 
-0.349847 -0.31548 
-0.0930445 -0.407058 
-0.140112 -0.393761 
-0.162728 -0.386844 
0.622996 -0.159237 
-0.228678 -0.364772 
-0.116637 -0.400583 
-0.207006 -0.37234 
0.554068 -0.301226 
-0.621893 0.0214175 
-0.620344 0.00155959 
-0.556766 -0.158113 
-0.386396 -0.297211 
-0.403402 -0.287872 
-0.368221 -0.306572 
-0.465338 -0.24753 
-0.420151 -0.278033 
-0.479399 -0.236643 
0.63121 -0.120839 
-0.578092 -0.126057 
0.617426 -0.178087 
-0.567843 -0.142433 
0.0914268 -0.442302 
0.120419 -0.444932 
0.0625739 -0.438818 
0.242995 -0.445097 
0.0352581 -0.434768 
0.00809452 -0.430052 
0.212685 -0.446861 
0.18241 -0.447381 
0.151367 -0.446718 
0.633325 -0.0441386 
0.295098 -0.438839 
0.269087 -0.442502 
0.318715 -0.434502 
0.633618 -0.101703 
-0.0178802 -0.424935 
-0.0437056 -0.419289 
-0.0684416 -0.413386 
0.34223 -0.42914 
0.388792 -0.415019 
0.413677 -0.405255 
0.506364 -0.349614 
0.486512 -0.364792 
0.541572 -0.315984 
0.438175 -0.393846 
0.365613 -0.422671 
0.525217 -0.332858 
0.634823 -0.0824554 
0.565742 -0.28557 
0.576525 -0.269066 
0.595347 -0.233968 
0.603548 -0.215562 
0.610862 -0.197056 
0.634745 -0.0632848 
0.462766 -0.38029 
-0.18524 -0.379628 
-0.615836 -0.0275737 
-0.591538 -0.100649 
-0.526195 -0.194067 
-0.499874 -0.219374 
-0.611404 -0.046513 
-0.443361 -0.26316 
-0.513181 -0.207085 
-0.599231 -0.0830667 
-0.53882 -0.180276 
-0.280761 -0.345215 
-0.340235 -0.319946 
-0.151432 -0.390341 
-0.239187 -0.360987 
-0.217854 -0.368591 
-0.621268 0.0114773 
-0.550963 -0.165664 
-0.394931 -0.2926 
-0.377338 -0.30195 
0.625446 -0.14967 
-0.458181 -0.252799 
-0.359059 -0.311078 
-0.472413 -0.242144 
-0.411814 -0.283017 
0.629563 -0.130466 
-0.32089 -0.32858 
-0.605861 -0.0650168 
0.620322 -0.168695 
0.076987 -0.440663 
0.0216615 -0.432491 
0.197549 -0.447271 
0.135884 -0.44596 
0.282111 -0.440808 
0.306928 -0.436792 
-0.0308077 -0.422177 
-0.0807569 -0.410274 
-0.0560874 -0.416393 
0.401307 -0.410322 
0.496574 -0.357381 
0.426018 -0.399748 
0.353959 -0.426044 
-0.562412 -0.150348 
0.377251 -0.418992 
0.515949 -0.341414 
0.533549 -0.32457 
0.634376 -0.0920885 
0.547933 -0.308701 
0.560027 -0.293489 
0.599549 -0.22481 
0.590993 -0.242909 
-0.260134 -0.353207 
0.614249 -0.187608 
0.632559 -0.111289 
0.581597 -0.260474 
-0.301061 -0.336995 
-0.58282 -0.117722 
0.634206 -0.0536984 
0.634947 -0.0728689 
-0.619132 -0.00822941 
-0.104854 -0.403866 
-0.128388 -0.397215 
0.256053 -0.443928 
0.227849 -0.44614 
0.474788 -0.37277 
-0.196135 -0.376018 
-0.173996 -0.383273 
0.330501 -0.43195 
0.105912 -0.443728 
0.166884 -0.447196 
-0.00490722 -0.427563 
0.450592 -0.387288 
0.0489023 -0.43688 
-0.486322 -0.231003 
-0.427963 -0.273199 
-0.573085 -0.134318 
0.571261 -0.277401 
0.607303 -0.206347 
