ZONE T="boundary0"
-4 -0.425422 
-4 0.519075 
-4 0.400288 
-4 -0.356969 
-4 -0.379787 
-4 0.344812 
-4 -0.671219 
-4 -1 
-4 0.639307 
-4 0.759538 
-4 1 
-4 -0.295283 
-4 -0.334151 
-4 -0.548321 
-4 -0.17868 
-4 0.289336 
-4 0.255928 
-4 0.0886117 
-4 0.189112 
-4 0.021519 
-4 0.155704 
-4 -0.0785804 
-4 -0.256416 
-4 -0.217548 
-4 0.22252 
-4 0.459682 
-4 -0.368378 
-4 0.37255 
-4 -0.83561 
-4 0.579191 
-4 0.879769 
-4 -0.314717 
-4 -0.60977 
-4 0.699422 
-4 -0.0285307 
-4 -0.402605 
-4 -0.34556 
-4 -0.486872 
-4 -0.27585 
-4 -0.198114 
-4 -0.236982 
-4 -0.12863 
-4 0.317074 
-4 0.239224 
-4 0.272632 
-4 0.172408 
-4 0.205816 
-4 0.0550653 
-4 0.122158 
ZONE T="boundary1"
-3.45576 1 
-3.16679 1 
3.30363 1 
3.14784 1 
-0.189753 1 
-1.17054 1 
0.0654571 1 
0.000101067 1 
-0.300811 1 
0.884955 1 
0.32891 1 
-0.377581 1 
-0.55971 1 
-0.665068 1 
-1.0692 1 
1.08443 1 
0.984691 1 
-1.74323 1 
3.72971 1 
-2.29113 1 
-2.51838 1 
1.5672 1 
-2.89632 1 
2.70133 1 
-4 1 
3.45943 1 
-3.72788 1 
1.98682 1 
2.26086 1 
-0.127504 1 
-0.454352 1 
0.13152 1 
-0.065255 1 
0.650432 1 
0.55666 1 
0.462889 1 
0.263246 1 
0.197582 1 
0.767694 1 
-0.769508 1 
-0.873949 1 
1.32581 1 
1.20512 1 
-0.971575 1 
-1.27189 1 
-1.46967 1 
-1.37078 1 
-1.60645 1 
-1.90356 1 
-2.06389 1 
1.77701 1 
1.44651 1 
2.86775 1 
1.6721 1 
4 1 
2.53491 1 
-3.03156 1 
-2.70735 1 
3.22574 1 
0.0327791 1 
-0.245282 1 
-0.339196 1 
-0.612389 1 
1.03456 1 
-2.40476 1 
-3.31128 1 
-3.59182 1 
2.12384 1 
-0.158629 1 
-0.415966 1 
-0.0963795 1 
0.603546 1 
0.230414 1 
0.0984884 1 
0.395899 1 
0.709063 1 
0.509775 1 
-0.821729 1 
0.826325 1 
1.26547 1 
1.14477 1 
0.934823 1 
-0.922762 1 
-1.02039 1 
-1.22121 1 
-1.11987 1 
-1.42022 1 
-1.53806 1 
-1.32133 1 
-1.82339 1 
-1.67484 1 
-1.98372 1 
1.88191 1 
-3.86394 1 
1.38616 1 
-2.17751 1 
3.00779 1 
1.61965 1 
3.59457 1 
2.78454 1 
3.38153 1 
3.86486 1 
-3.09917 1 
-2.61286 1 
-2.96394 1 
-2.80184 1 
2.61812 1 
0.164551 1 
-0.507031 1 
-0.0325769 1 
-0.717288 1 
0.296078 1 
1.50685 1 
1.72456 1 
2.39789 1 
ZONE T="boundary2"
4 -0.33887 
4 -0.390677 
4 -0.30811 
4 0.195918 
4 0.172552 
4 0.266014 
4 -0.27735 
4 -0.230078 
4 0.329717 
4 0.39342 
4 -0.182806 
4 0.219283 
4 0.120844 
4 0.146698 
4 0.476282 
4 0.559144 
4 -0.442484 
4 -0.542323 
4 0.0691353 
4 -0.00730051 
4 0.779572 
4 1 
4 -0.158039 
4 -0.133271 
4 -0.0837363 
4 -0.821081 
4 -0.642162 
4 -1 
4 -0.364773 
4 0.184235 
4 -0.253714 
4 0.361568 
4 -0.206442 
4 0.207601 
4 0.159625 
4 -0.41658 
4 -0.492403 
4 0.0309174 
4 0.669358 
4 0.889786 
4 0.133771 
4 0.242649 
4 0.297865 
4 -0.32349 
4 -0.29273 
4 0.517713 
4 0.0949896 
4 0.434851 
4 -0.145655 
4 -0.170423 
4 -0.108504 
4 -0.0455184 
4 -0.592242 
4 -0.731621 
4 -0.91054 
ZONE T="boundary3"
-3.75614 -1 
-3.51228 -1 
3.17366 -1 
2.93667 -1 
3.58683 -1 
0.644258 -1 
0.745605 -1 
0.9701 -1 
1.08612 -1 
-0.46515 -1 
-0.374511 -1 
-0.283871 -1 
-0.878448 -1 
-0.76843 -1 
0.0313062 -1 
-0.568486 -1 
-4 -1 
-2.9994 -1 
-1.11342 -1 
-0.988466 -1 
1.32301 -1 
-2.85326 -1 
-1.78673 -1 
-1.63298 -1 
3.79341 -1 
-2.68622 -1 
-2.51918 -1 
-2.33736 -1 
-1.47923 -1 
1.93523 -1 
-3.32891 -1 
-0.0882342 -1 
-0.0227336 -1 
0.310188 -1 
0.256711 -1 
-0.668458 -1 
0.0853453 -1 
0.14429 -1 
0.203234 -1 
-0.218803 -1 
-0.153735 -1 
0.42655 -1 
0.542912 -1 
0.857852 -1 
-1.23837 -1 
-1.3588 -1 
1.75533 -1 
1.59961 -1 
1.44389 -1 
1.20214 -1 
2.20991 -1 
2.30471 -1 
-1.97113 -1 
2.60488 -1 
-2.15554 -1 
2.11512 -1 
2.71548 -1 
-3.14553 -1 
2.49429 -1 
4 -1 
-3.63421 -1 
3.05516 -1 
0.694932 -1 
1.02811 -1 
-0.329191 -1 
-0.823439 -1 
-1.05094 -1 
-1.70985 -1 
-2.42827 -1 
3.38024 -1 
-0.0554839 -1 
0.283449 -1 
-0.516818 -1 
-0.618472 -1 
0.173762 -1 
0.0583258 -1 
0.229973 -1 
-0.186269 -1 
-0.120984 -1 
0.368369 -1 
0.484731 -1 
-0.419831 -1 
-0.718444 -1 
0.801729 -1 
-0.933457 -1 
-1.1759 -1 
0.913976 -1 
-1.29859 -1 
3.69012 -1 
-3.87807 -1 
1.67747 -1 
1.38345 -1 
1.26258 -1 
-1.55611 -1 
2.25731 -1 
-2.92633 -1 
-1.87893 -1 
-2.76974 -1 
-2.06334 -1 
-2.6027 -1 
2.16252 -1 
1.84528 -1 
2.02517 -1 
0.00428611 -1 
0.114818 -1 
-0.251337 -1 
0.593585 -1 
2.82607 -1 
1.14413 -1 
1.52175 -1 
-1.41902 -1 
-2.24645 -1 
-3.23722 -1 
-3.42059 -1 
-3.07246 -1 
2.3995 -1 
2.66018 -1 
2.54959 -1 
3.89671 -1 
ZONE T="boundary4"
-0.629569 -0.0172116 
0.586059 0.245303 
0.571547 0.268507 
-0.574233 0.153898 
-0.562528 0.170185 
-0.388842 0.306811 
-0.535801 0.20149 
-0.408349 0.296777 
-0.252788 0.361622 
-0.272342 0.354894 
0.634343 0.124939 
-0.549988 0.185728 
-0.482698 0.249129 
0.641429 0.0776441 
-0.620762 0.0489706 
-0.61474 0.0706003 
-0.607166 0.0918246 
-0.600431 0.107521 
0.630433 0.14051 
0.620969 0.170212 
0.625765 0.156161 
0.562554 0.281134 
-0.583893 0.138754 
-0.59277 0.123018 
0.640731 0.0308243 
0.638685 0.0154165 
0.317465 0.426745 
-0.625228 0.0270418 
-0.464857 0.262235 
-0.446485 0.274519 
-0.369067 0.316244 
-0.427621 0.286019 
-0.349803 0.32483 
-0.330378 0.332975 
-0.232327 0.368365 
-0.311151 0.340601 
-0.211796 0.374849 
-0.189766 0.381509 
-0.29182 0.347889 
-0.167663 0.387893 
-0.120304 0.400573 
-0.0704865 0.412384 
-0.044659 0.417845 
-0.0187062 0.422843 
0.035207 0.431526 
0.0633058 0.435064 
-0.0954538 0.406667 
0.292062 0.431646 
0.483835 0.356995 
0.459344 0.37278 
-0.517503 0.219626 
-0.526789 0.210694 
0.641859 0.0462871 
0.266545 0.435471 
-0.144031 0.394392 
-0.628151 0.00496078 
0.639891 0.093469 
0.637531 0.109148 
0.416207 0.395005 
-0.500437 0.234804 
0.393881 0.404233 
0.368217 0.413239 
0.542299 0.305703 
0.531014 0.317536 
0.55298 0.293345 
0.519312 0.328686 
0.507097 0.339281 
0.438143 0.384496 
0.180879 0.441337 
0.150838 0.441163 
0.121136 0.439984 
0.238781 0.438488 
0.0915385 0.43788 
0.342326 0.42079 
0.642089 0.0619831 
0.599223 0.220768 
0.610526 0.196496 
0.61569 0.184089 
0.00818272 0.427472 
0.210952 0.440408 
0.579014 0.257037 
-0.568497 0.162125 
-0.262575 0.358291 
-0.543001 0.193704 
-0.617943 0.0598381 
-0.603904 0.0997176 
0.623429 0.163209 
0.567122 0.274872 
-0.58844 0.130946 
-0.596705 0.11532 
-0.579164 0.14639 
-0.623187 0.0380445 
-0.455737 0.268477 
-0.398635 0.301872 
-0.378987 0.311597 
-0.43711 0.280364 
-0.340111 0.328953 
-0.35946 0.320594 
-0.242568 0.365026 
-0.320781 0.336831 
-0.200791 0.378214 
-0.282093 0.351427 
-0.178724 0.384735 
-0.0575858 0.41517 
-0.0316955 0.420404 
0.0492439 0.433382 
-0.107891 0.403667 
-0.418033 0.291486 
0.304789 0.429333 
0.471739 0.36512 
-0.3015 0.344284 
-0.522179 0.215194 
-0.556364 0.178041 
0.641408 0.0385466 
0.279322 0.433687 
-0.132178 0.397523 
-0.629045 -0.00611421 
-0.155858 0.391182 
0.638811 0.101323 
0.639823 0.0231043 
0.405105 0.399767 
0.381112 0.408916 
0.536729 0.311688 
0.547715 0.299589 
0.513266 0.334054 
0.636033 0.117063 
0.525229 0.32318 
0.448831 0.378796 
0.135981 0.440694 
0.252677 0.437121 
0.329929 0.423909 
-0.222071 0.371638 
0.641868 0.0698174 
0.632476 0.132747 
0.605039 0.208709 
0.613152 0.190311 
0.642087 0.0541327 
0.640767 0.0855663 
0.427249 0.389905 
0.557838 0.287295 
-0.0829823 0.409575 
0.495644 0.348372 
0.35532 0.417182 
0.0774113 0.436567 
0.106328 0.439043 
0.0216822 0.429574 
0.224875 0.43958 
0.165856 0.441382 
-0.00527503 0.425227 
-0.473851 0.255782 
-0.626879 0.0160255 
-0.611143 0.0812792 
-0.491651 0.24207 
-0.53133 0.206126 
0.592827 0.233135 
-0.509062 0.227319 
0.628182 0.14836 
0.618388 0.177171 
0.195919 0.441016 
ZONE T="boundary5"
-0.420039 -0.40679 
-0.398996 -0.422093 
-0.559105 -0.254506 
-0.571212 -0.233764 
-0.625271 -0.0835126 
-0.628078 -0.0614948 
-0.629569 -0.0172116 
-0.629528 -0.0393689 
-0.60916 -0.148774 
-0.615772 -0.127157 
-0.621152 -0.105414 
-0.582393 -0.212622 
-0.200327 -0.512583 
-0.227059 -0.505146 
-0.304826 -0.475739 
-0.253398 -0.49652 
-0.27936 -0.486703 
0.327282 -0.365357 
0.303041 -0.387325 
-0.329789 -0.463628 
-0.0633515 -0.530919 
-0.0909829 -0.529854 
-0.146047 -0.52376 
-0.173339 -0.518788 
-0.118632 -0.527452 
-0.472765 -0.361558 
-0.488256 -0.34601 
-0.503368 -0.32962 
-0.546086 -0.274708 
-0.377299 -0.436482 
-0.353852 -0.450587 
-0.456692 -0.376513 
-0.438671 -0.392017 
0.398139 -0.296389 
-0.592428 -0.191501 
-0.601362 -0.170227 
0.382758 -0.311679 
0.621596 -0.0438014 
0.599934 -0.0852895 
0.591251 -0.0984162 
0.638685 0.0154165 
0.635734 0.000221752 
0.560556 -0.136946 
-0.517811 -0.312647 
0.526091 -0.172537 
0.502042 -0.195417 
-0.0355538 -0.530616 
-0.00792843 -0.528909 
0.101319 -0.507162 
0.455775 -0.239299 
0.478893 -0.217167 
0.0471375 -0.521097 
0.0197586 -0.525738 
0.0744826 -0.514884 
0.154192 -0.486822 
0.128102 -0.497746 
0.205174 -0.460079 
0.179898 -0.474263 
0.230105 -0.444232 
0.25468 -0.426776 
0.351063 -0.34277 
0.366968 -0.327267 
0.278961 -0.407773 
0.413461 -0.281117 
0.434594 -0.260097 
0.571324 -0.124477 
0.615154 -0.0579744 
0.607964 -0.0717265 
0.631894 -0.0147116 
0.627163 -0.029428 
0.581568 -0.111663 
-0.532397 -0.293962 
0.54939 -0.149057 
-0.409601 -0.414555 
-0.565269 -0.244199 
-0.62684 -0.0725253 
-0.629728 -0.0282912 
-0.612609 -0.138009 
-0.62337 -0.0944934 
-0.213734 -0.509016 
-0.240276 -0.500982 
-0.292154 -0.481365 
0.315237 -0.376428 
-0.317376 -0.469825 
-0.0771723 -0.530555 
-0.15972 -0.521432 
-0.13236 -0.525766 
-0.576914 -0.223252 
-0.480585 -0.353858 
-0.552711 -0.264681 
-0.365655 -0.443666 
-0.464799 -0.369111 
-0.429429 -0.399496 
-0.447759 -0.384356 
-0.597021 -0.180917 
-0.605396 -0.15955 
0.595671 -0.0919059 
0.637323 0.00779594 
-0.510675 -0.321206 
0.514117 -0.184025 
-0.0217295 -0.52994 
0.467301 -0.228188 
0.0334793 -0.523604 
0.0879544 -0.511215 
0.141223 -0.492475 
0.167132 -0.48073 
0.217741 -0.452324 
-0.587527 -0.202117 
0.339226 -0.354119 
0.359031 -0.335034 
0.26692 -0.417409 
0.390454 -0.304037 
0.405802 -0.288753 
-0.495893 -0.337889 
0.445162 -0.249667 
0.374873 -0.319481 
-0.618613 -0.116323 
-0.388225 -0.429404 
0.611651 -0.0648997 
0.604036 -0.0785606 
0.624483 -0.0366558 
0.618475 -0.0509342 
0.633925 -0.00727448 
0.629637 -0.0221057 
0.576511 -0.118122 
-0.525207 -0.303385 
-0.539351 -0.284412 
-0.628976 -0.0504437 
-0.186867 -0.515839 
-0.0494498 -0.530942 
0.114777 -0.502651 
0.242496 -0.435658 
-0.341893 -0.457242 
-0.266434 -0.491758 
-0.10482 -0.528818 
0.00593653 -0.527508 
0.0608526 -0.518184 
0.192631 -0.467351 
0.291091 -0.397661 
0.555018 -0.143042 
0.565995 -0.130759 
0.537861 -0.160916 
0.586483 -0.105098 
0.424023 -0.270596 
0.490463 -0.206278 
