ZONE T="boundary0"
-4 -0.337647 
-4 -0.396582 
-4 0.120917 
-4 0.212955 
-4 0.280491 
-4 0.319603 
-4 0.770395 
-4 1 
-4 0.398134 
-4 0.0428663 
-4 -0.0814288 
-4 -0.127673 
-4 -0.0351845 
-4 0.469462 
-4 -0.459925 
-4 0.54079 
-4 0.18453 
-4 0.24138 
-4 -0.30818 
-4 -0.203193 
-4 -0.649954 
-4 -0.523268 
-4 -0.824977 
-4 -1 
-4 -0.240952 
-4 -0.278712 
-4 -0.367115 
-4 0.885198 
-4 -0.104551 
-4 0.433798 
-4 0.198742 
-4 0.152724 
-4 0.260935 
-4 0.358869 
-4 0.00384091 
-4 0.0818917 
-4 0.505126 
-4 -0.0583067 
-4 -0.586611 
-4 -0.737465 
-4 -0.912488 
-4 0.655593 
-4 0.300047 
-4 0.227167 
-4 -0.491597 
-4 -0.428254 
-4 -0.259832 
-4 -0.165433 
-4 -0.222072 
-4 -0.322913 
-4 -0.293446 
ZONE T="boundary1"
-4 1 
0.0941428 1 
0.0246067 1 
2.58725 1 
0.389049 1 
0.156384 1 
0.303837 1 
-0.185865 1 
0.827299 1 
0.479973 1 
1.10562 1 
0.995208 1 
0.570896 1 
-2.60063 1 
3.61581 1 
3.80791 1 
-2.07532 1 
-2.20152 1 
3.23163 1 
-1.08882 1 
-1.20848 1 
-1.32814 1 
-1.46092 1 
-2.45394 1 
-3.15403 1 
2.73594 1 
1.95933 1 
1.77746 1 
-3.41392 1 
-3.67382 1 
-1.7714 1 
-0.0449295 1 
-0.253086 1 
-0.320307 1 
-0.396796 1 
-0.473285 1 
-0.520811 1 
-0.663388 1 
0.218624 1 
-0.115397 1 
0.261231 1 
-0.714601 1 
-0.765815 1 
4 1 
-0.817029 1 
-0.868242 1 
3.42372 1 
-1.03367 1 
0.699097 1 
-0.923386 1 
0.911253 1 
-1.59369 1 
1.32739 1 
1.21603 1 
1.43875 1 
-3.83691 1 
1.60811 1 
2.1412 1 
-2.95067 1 
2.28988 1 
-2.74732 1 
2.43857 1 
-1.94911 1 
-0.568336 1 
-0.978529 1 
1.52343 1 
0.0593748 1 
0.434511 1 
1.05041 1 
3.71186 1 
-2.13842 1 
-1.14865 1 
-1.39453 1 
2.98378 1 
1.86839 1 
-3.54387 1 
-0.286696 1 
-0.497048 1 
-0.43504 1 
0.346443 1 
0.125263 1 
-0.0101614 1 
0.187504 1 
-0.0801634 1 
0.525434 1 
0.239928 1 
-0.219476 1 
-0.358551 1 
-0.150631 1 
-0.740208 1 
-0.842636 1 
3.32768 1 
-0.688995 1 
0.634997 1 
0.869276 1 
0.763198 1 
-1.26831 1 
-1.52731 1 
0.95323 1 
1.16083 1 
1.27171 1 
-3.28398 1 
-3.75536 1 
-3.91845 1 
2.05027 1 
2.21554 1 
-2.67397 1 
-2.32773 1 
-2.52728 1 
2.36423 1 
3.51977 1 
-1.68255 1 
-1.86026 1 
-2.01221 1 
3.90395 1 
-0.544573 1 
-0.615862 1 
0.282534 1 
-0.950958 1 
-0.895814 1 
-1.06124 1 
-1.0061 1 
-0.791422 1 
2.51291 1 
1.56577 1 
1.48109 1 
2.6616 1 
1.38307 1 
1.69278 1 
-3.05235 1 
-2.84899 1 
ZONE T="boundary2"
4 -0.807204 
4 -0.614407 
4 0.0720678 
4 0.125077 
4 0.279703 
4 0.479059 
4 -0.137349 
4 -0.00329278 
4 -0.446459 
4 0.408712 
4 0.860264 
4 0.254299 
4 0.344208 
4 0.549406 
4 0.634967 
4 0.720527 
4 1 
4 0.20349 
4 0.228894 
4 0.178086 
4 -0.0786534 
4 -0.196045 
4 -0.305849 
4 -0.250947 
4 -0.376154 
4 -0.530433 
4 -1 
4 0.311955 
4 -0.710805 
4 0.267001 
4 0.37646 
4 0.514233 
4 0.443886 
4 0.592187 
4 0.677747 
4 0.930132 
4 0.216192 
4 -0.0409731 
4 0.0985723 
4 0.0343875 
4 -0.278398 
4 -0.411307 
4 -0.57242 
4 -0.488446 
4 -0.166697 
4 -0.108001 
4 0.790395 
4 -0.903602 
4 0.328081 
4 0.295829 
4 0.151581 
4 0.241597 
4 0.190788 
4 -0.341002 
4 -0.223496 
ZONE T="boundary3"
-1.21545 -1 
1.35168 -1 
1.27761 -1 
1.44246 -1 
-0.185136 -1 
-0.124817 -1 
1.53325 -1 
0.13587 -1 
0.00320224 -1 
0.31611 -1 
-1.47938 -1 
-1.39731 -1 
-0.991488 -1 
-0.867315 -1 
2.00208 -1 
-3.51989 -1 
-3.75994 -1 
-3.01061 -1 
-3.26525 -1 
3.27031 -1 
3.0698 -1 
2.83578 -1 
-2.39468 -1 
-1.7258 -1 
-1.60259 -1 
3.47082 -1 
3.73541 -1 
2.1886 -1 
0.0695362 -1 
-0.0608076 -1 
0.18093 -1 
0.22599 -1 
-0.332159 -1 
-0.245455 -1 
1.01046 -1 
0.950948 -1 
1.107 -1 
1.20355 -1 
0.445116 -1 
0.380613 -1 
0.539841 -1 
4 -1 
-0.747081 -1 
-0.626847 -1 
1.67441 -1 
1.81557 -1 
-1.11566 -1 
-1.31523 -1 
-4 -1 
-0.522855 -1 
2.39517 -1 
2.60175 -1 
-2.17705 -1 
-1.95143 -1 
0.891438 -1 
-2.6123 -1 
0.634566 -1 
-0.418862 -1 
0.82722 -1 
0.763002 -1 
-2.81146 -1 
1.31465 -1 
-0.154977 -1 
-1.43835 -1 
-0.929402 -1 
-3.63992 -1 
3.17006 -1 
-1.6642 -1 
3.60312 -1 
0.102703 -1 
0.0363692 -1 
-0.0288026 -1 
0.20346 -1 
-0.215296 -1 
-0.0928125 -1 
0.980703 -1 
1.15527 -1 
0.412864 -1 
0.492478 -1 
3.86771 -1 
-0.686964 -1 
1.48786 -1 
1.60383 -1 
1.39707 -1 
1.74499 -1 
1.24058 -1 
-1.05357 -1 
-1.16555 -1 
-1.35627 -1 
-1.26534 -1 
-3.87997 -1 
1.90883 -1 
2.95279 -1 
2.49846 -1 
3.37057 -1 
-2.06424 -1 
-2.28586 -1 
-1.83861 -1 
-3.13793 -1 
0.921193 -1 
2.29188 -1 
2.09534 -1 
-2.50349 -1 
-0.288807 -1 
0.1584 -1 
0.348362 -1 
0.27105 -1 
0.587203 -1 
-0.470858 -1 
-0.375511 -1 
0.698784 -1 
1.05873 -1 
0.859329 -1 
0.795111 -1 
-1.54099 -1 
-0.574851 -1 
-2.91104 -1 
-2.71188 -1 
-0.807198 -1 
-3.39257 -1 
2.71876 -1 
ZONE T="boundary4"
-0.475123 0.37953 
-0.0728183 0.513688 
-0.625738 0.0482658 
-0.625568 0.0605547 
0.653275 -0.0193358 
-0.624981 0.0728843 
-0.622538 0.0977825 
-0.624832 0.0239776 
-0.618401 0.122856 
0.156458 0.418412 
0.131573 0.433617 
-0.261867 0.503346 
-0.612581 0.148011 
-0.600765 0.185714 
-0.593521 0.204487 
-0.585539 0.222948 
-0.575752 0.243308 
-0.565121 0.26321 
-0.607093 0.166991 
-0.339356 0.474447 
0.0312055 0.484358 
0.0564061 0.473531 
0.00570704 0.49386 
-0.387907 0.447877 
-0.0996383 0.5172 
-0.49453 0.359659 
-0.433312 0.416067 
-0.411023 0.432601 
-0.454688 0.398363 
-0.548764 0.290208 
-0.2882 0.495257 
-0.314074 0.485599 
-0.180967 0.517818 
-0.208136 0.514662 
-0.0463496 0.5086 
-0.0201013 0.501953 
-0.153788 0.519286 
-0.126617 0.519073 
-0.235127 0.509831 
-0.530719 0.316129 
0.18227 0.402001 
0.207923 0.385341 
0.234972 0.367714 
0.408104 0.26304 
0.378778 0.280002 
-0.513229 0.338364 
0.437209 0.245996 
0.562525 0.158593 
0.541048 0.177136 
0.492096 0.212235 
0.517011 0.195308 
0.464852 0.229386 
0.0815827 0.461352 
0.106372 0.448138 
0.600202 0.117247 
0.651804 -0.0060826 
0.646828 0.0202149 
0.639139 0.0458747 
0.628771 0.0706757 
0.654092 -0.0327361 
-0.363995 0.461849 
0.615827 0.0944066 
0.26208 0.350265 
0.290731 0.332267 
0.349139 0.297203 
0.31949 0.314748 
0.582602 0.138368 
-0.625705 0.054411 
-0.625326 0.066722 
-0.620673 0.110353 
-0.625493 0.036114 
0.144057 0.426082 
-0.615688 0.135479 
-0.59724 0.195138 
-0.589619 0.213756 
-0.570545 0.253317 
-0.580751 0.233179 
0.0438696 0.479093 
-0.0862017 0.515647 
-0.484957 0.369722 
-0.422279 0.424484 
-0.444118 0.407357 
-0.557159 0.27684 
-0.46503 0.389081 
-0.275094 0.499498 
-0.326796 0.480205 
-0.399569 0.440397 
-0.194576 0.516449 
-0.0331777 0.505464 
-0.301208 0.490618 
-0.1402 0.519389 
-0.248546 0.506791 
-0.0595464 0.511339 
-0.113113 0.518343 
-0.539944 0.30331 
0.169393 0.410252 
0.195108 0.393688 
-0.609945 0.157532 
-0.522125 0.327366 
0.393445 0.271529 
0.422674 0.254548 
0.551949 0.168053 
0.504643 0.203903 
0.529164 0.186399 
0.478534 0.220905 
-0.167389 0.518762 
0.094037 0.454857 
0.0690592 0.467575 
0.0185169 0.489272 
0.221442 0.37652 
-0.00714215 0.498082 
-0.221668 0.512453 
0.649656 0.00713038 
-0.60403 0.176387 
-0.623967 0.0853538 
0.634279 0.0584107 
0.653766 -0.026031 
0.652623 -0.0127 
0.119027 0.440971 
-0.351765 0.468322 
0.608297 0.10602 
-0.504023 0.349138 
-0.376048 0.455029 
0.276376 0.341219 
0.248507 0.35896 
0.33429 0.305934 
0.451061 0.237742 
0.363948 0.288583 
0.305081 0.323457 
0.64332 0.0331457 
0.622601 0.0827062 
0.572774 0.14869 
0.591641 0.128007 
ZONE T="boundary5"
0.646174 -0.113043 
0.639282 -0.139541 
0.157173 -0.460564 
0.128905 -0.459988 
-0.561396 -0.153517 
-0.5745 -0.133191 
0.382191 -0.424855 
0.354778 -0.434027 
-0.435125 -0.279412 
0.460447 -0.387431 
-0.59644 -0.0908342 
-0.624832 0.0239776 
0.547989 -0.314109 
0.447951 -0.394741 
0.435214 -0.40161 
-0.618152 -0.0233809 
0.651093 -0.0863551 
0.18546 -0.460198 
-0.203686 -0.394027 
-0.176246 -0.403267 
-0.23124 -0.384037 
-0.258551 -0.373391 
-0.0107308 -0.444792 
-0.0383531 -0.439557 
-0.312523 -0.349921 
-0.285689 -0.362021 
0.270594 -0.452752 
0.24224 -0.456369 
-0.338711 -0.337182 
-0.0660124 -0.433625 
-0.0935081 -0.427054 
-0.121146 -0.419779 
-0.148603 -0.411887 
-0.456515 -0.263288 
-0.476757 -0.246508 
-0.514088 -0.211079 
-0.486446 -0.237908 
-0.495942 -0.229096 
-0.546908 -0.173289 
-0.53111 -0.192478 
-0.364498 -0.323604 
-0.38285 -0.313214 
-0.4182 -0.29114 
-0.400912 -0.302307 
0.29886 -0.447885 
0.557136 -0.303157 
0.574057 -0.280221 
0.484535 -0.371542 
0.32695 -0.441676 
-0.586197 -0.112286 
-0.605193 -0.0688687 
-0.612445 -0.0463628 
0.213881 -0.458822 
0.100795 -0.458531 
0.0170312 -0.449342 
0.072759 -0.456241 
0.0448384 -0.453166 
0.40907 -0.414068 
0.507288 -0.353963 
0.620475 -0.192036 
0.630645 -0.165871 
0.581826 -0.26828 
0.518017 -0.344637 
0.6538 -0.0595627 
0.53839 -0.324702 
0.608945 -0.217981 
0.59612 -0.243515 
0.654092 -0.0327361 
-0.622294 8.50744e-05 
0.642951 -0.12635 
0.143037 -0.46039 
-0.568104 -0.143454 
0.36855 -0.429635 
0.441612 -0.39823 
-0.189992 -0.398725 
-0.244928 -0.378797 
-0.0245579 -0.442259 
-0.299148 -0.356065 
0.256436 -0.454709 
-0.0797791 -0.430418 
-0.0522003 -0.436673 
-0.134897 -0.41591 
-0.162449 -0.407655 
-0.466732 -0.255014 
-0.491218 -0.233528 
-0.554296 -0.163508 
-0.53914 -0.182991 
-0.373709 -0.318471 
-0.426712 -0.285347 
-0.409599 -0.296791 
-0.325665 -0.343651 
0.284754 -0.450478 
0.565825 -0.291857 
-0.580515 -0.122831 
-0.615495 -0.0349208 
0.228073 -0.457734 
0.114844 -0.459366 
0.0587881 -0.4548 
0.00313584 -0.447155 
-0.522716 -0.201885 
0.171318 -0.460502 
0.199677 -0.459641 
-0.217492 -0.389113 
0.312943 -0.444952 
0.395713 -0.419666 
0.422244 -0.408052 
0.454231 -0.391141 
0.496079 -0.362969 
0.472636 -0.379706 
0.340914 -0.438035 
0.625723 -0.179017 
-0.107348 -0.423495 
0.512698 -0.349352 
0.652734 -0.072988 
0.528402 -0.334872 
0.543243 -0.319454 
-0.445914 -0.271474 
-0.391921 -0.307827 
0.577998 -0.274287 
0.552618 -0.308679 
0.635154 -0.152769 
0.614858 -0.205074 
0.602693 -0.230829 
-0.60901 -0.0576775 
-0.601 -0.0799247 
-0.591495 -0.101644 
0.0309223 -0.451345 
-0.272157 -0.367794 
0.0867686 -0.457488 
0.65426 -0.0461528 
0.589178 -0.256016 
-0.620425 -0.0116836 
-0.623768 0.0120095 
-0.505118 -0.220192 
-0.481626 -0.242234 
0.648891 -0.0997466 
-0.351662 -0.330502 
