ZONE T="boundary0"
-4 -0.353568 
-4 -0.424735 
-4 -0.13053 
-4 -0.184903 
-4 0.391761 
-4 0.291875 
-4 0.542672 
-4 0.657004 
-4 -0.495903 
-4 -0.841161 
-4 1 
-4 0.316846 
-4 0.341818 
-4 0.105375 
-4 0.0454944 
-4 -0.0425175 
-4 0.165255 
-4 -0.296422 
-4 -0.239277 
-4 -0.682323 
-4 0.771336 
-4 -1 
-4 0.228565 
-4 0.26022 
-4 0.19691 
-4 -0.389152 
-4 -0.157716 
-4 0.599838 
-4 0.467217 
-4 0.30436 
-4 0.0754346 
-4 -0.0865235 
-4 0.00148843 
-4 -0.324995 
-4 -0.460319 
-4 -0.267849 
-4 -0.589113 
-4 -0.920581 
-4 -0.761742 
-4 0.885668 
-4 0.329332 
-4 0.276047 
-4 0.244392 
-4 0.181083 
-4 0.135315 
-4 0.212738 
-4 0.366789 
-4 -0.21209 
-4 0.71417 
ZONE T="boundary1"
1.69863 1 
-2.08569 1 
-2.30017 1 
1.3296 1 
1.20988 1 
-0.0645625 1 
-1.68921 1 
-3.13712 1 
-2.84683 1 
2.5168 1 
1.09017 1 
1.87137 1 
-3.37094 1 
-3.60476 1 
2.0441 1 
3.09767 1 
2.89122 1 
-4 1 
-3.80238 1 
2.28045 1 
3.30413 1 
3.52712 1 
-1.42922 1 
-0.661849 1 
0.217388 1 
-0.19481 1 
-0.129686 1 
-0.350054 1 
0.142418 1 
0.0674467 1 
-0.272432 1 
0.404441 1 
-0.774643 1 
-0.890812 1 
-0.499304 1 
-0.549055 1 
0.310915 1 
0.513939 1 
-0.605452 1 
-1.12854 1 
4 1 
3.7501 1 
0.972883 1 
0.623438 1 
0.739518 1 
-1.35121 1 
-1.23988 1 
-1.50722 1 
-1.59822 1 
1.60637 1 
1.42186 1 
-1.00967 1 
-1.8712 1 
-2.52118 1 
2.70401 1 
-0.449554 1 
0.855598 1 
1.51411 1 
-2.19293 1 
1.26974 1 
-2.99197 1 
1.785 1 
-3.48785 1 
2.99445 1 
-3.90119 1 
3.41563 1 
-0.162248 1 
0.104932 1 
-0.233621 1 
-0.832727 1 
-0.718246 1 
-0.524179 1 
0.357678 1 
0.264152 1 
0.0014421 1 
0.45919 1 
3.87505 1 
0.681478 1 
-1.29554 1 
-1.46822 1 
-1.18421 1 
1.6525 1 
1.15003 1 
1.03153 1 
1.37573 1 
-1.06911 1 
2.16228 1 
-3.25403 1 
-1.78021 1 
-1.97844 1 
-2.684 1 
2.39863 1 
3.2009 1 
3.63861 1 
-3.70357 1 
1.95774 1 
-0.311243 1 
-0.0971245 1 
-0.399804 1 
0.179903 1 
-0.950243 1 
-0.577253 1 
-0.474429 1 
-0.63365 1 
0.568689 1 
0.914241 1 
0.797558 1 
-2.41067 1 
1.56024 1 
-1.64372 1 
-1.55272 1 
-1.39022 1 
1.46799 1 
2.79761 1 
2.6104 1 
ZONE T="boundary2"
4 0.204228 
4 0.150679 
4 -0.00996765 
4 0.370015 
4 0.320603 
4 0.742357 
4 -0.308636 
4 -0.698277 
4 -0.849139 
4 0.27119 
4 0.237709 
4 0.0971303 
4 0.549125 
4 0.45957 
4 -0.0837694 
4 -0.233104 
4 -0.195337 
4 -0.479624 
4 -0.39413 
4 -0.588951 
4 -1 
4 0.645741 
4 1 
4 -0.12067 
4 -0.27087 
4 -0.351383 
4 -0.157571 
4 0.177454 
4 0.345309 
4 -0.773708 
4 0.25445 
4 0.220969 
4 0.123905 
4 0.504348 
4 0.0435813 
4 -0.214221 
4 -0.436877 
4 -0.643614 
4 -0.534288 
4 -0.924569 
4 0.694049 
4 0.871179 
4 -0.0468685 
4 -0.10222 
4 -0.251987 
4 -0.33001 
4 -0.289753 
4 -0.176454 
4 -0.372757 
4 0.295896 
4 0.414793 
4 0.597433 
4 -0.139121 
ZONE T="boundary3"
-1.47015 -1 
-2.05531 -1 
-1.84845 -1 
-0.54312 -1 
-0.429731 -1 
1.68727 -1 
1.52967 -1 
0.228759 -1 
1.00687 -1 
-0.349975 -1 
-0.270218 -1 
-1.27072 -1 
-0.135685 -1 
0.475475 -1 
0.372704 -1 
-0.656509 -1 
-0.834436 -1 
2.07126 -1 
3.73934 -1 
-3.57877 -1 
-3.78939 -1 
-2.36195 -1 
-2.20863 -1 
2.3139 -1 
2.55653 -1 
-2.76292 -1 
-2.56243 -1 
3.2012 -1 
3.33994 -1 
0.300731 -1 
-0.0796999 -1 
-0.0237152 -1 
0.0991012 -1 
0.037693 -1 
-0.202951 -1 
0.16393 -1 
0.578245 -1 
0.695562 -1 
0.75422 -1 
0.812879 -1 
4 -1 
1.08411 -1 
1.16136 -1 
0.909875 -1 
-1.0485 -1 
-0.941468 -1 
-1.15961 -1 
-1.37044 -1 
-1.64158 -1 
3.47868 -1 
-4 -1 
1.26672 -1 
1.37208 -1 
-3.22727 -1 
-1.74501 -1 
2.92373 -1 
-2.99509 -1 
2.74013 -1 
3.06247 -1 
-1.95188 -1 
-0.486426 -1 
1.60847 -1 
0.424089 -1 
-0.745473 -1 
1.87927 -1 
-3.68408 -1 
-2.28529 -1 
-2.13197 -1 
2.43521 -1 
-2.66268 -1 
3.27057 -1 
0.264745 -1 
0.336718 -1 
-0.0517076 -1 
0.0683971 -1 
0.00698889 -1 
-0.107692 -1 
-0.236585 -1 
-0.169318 -1 
-0.389853 -1 
-0.310096 -1 
0.131516 -1 
0.52686 -1 
0.636904 -1 
0.78355 -1 
1.12274 -1 
0.958373 -1 
-0.599815 -1 
-0.994984 -1 
-0.887952 -1 
-1.10405 -1 
-1.21516 -1 
-1.32058 -1 
-1.55587 -1 
3.60901 -1 
1.04549 -1 
1.21404 -1 
1.45088 -1 
-3.40302 -1 
-3.89469 -1 
3.86967 -1 
-1.6933 -1 
-2.879 -1 
-3.11118 -1 
3.13183 -1 
2.9931 -1 
2.19258 -1 
0.196344 -1 
0.861377 -1 
0.724891 -1 
-1.79673 -1 
-1.4203 -1 
1.3194 -1 
3.40931 -1 
-2.46219 -1 
2.64833 -1 
2.83193 -1 
ZONE T="boundary4"
-0.163197 0.480533 
-0.138862 0.475452 
0.402891 0.27604 
0.430516 0.264744 
-0.619601 0.0263177 
-0.621556 0.0482406 
-0.394022 0.449547 
0.558961 0.18386 
0.576397 0.166362 
-0.584338 0.245597 
-0.446264 0.417893 
-0.49533 0.376054 
-0.510415 0.360156 
-0.33868 0.471663 
-0.604691 0.190424 
-0.609655 0.172422 
0.647614 0.00829231 
-0.616871 0.137907 
-0.621761 0.0928299 
-0.622287 0.070419 
-0.59205 0.227057 
-0.598998 0.208153 
-0.256138 0.486457 
-0.233333 0.487095 
-0.479491 0.391076 
-0.4632 0.404961 
-0.574667 0.266122 
-0.277578 0.484542 
-0.563964 0.286071 
-0.42923 0.429504 
-0.411674 0.440131 
-0.114701 0.469111 
-0.524867 0.343234 
-0.551221 0.306968 
0.648685 -0.00891789 
-0.375975 0.457944 
-0.357476 0.46534 
-0.298938 0.48132 
-0.210576 0.486342 
-0.318913 0.477078 
0.632514 0.0755279 
0.625979 0.0916269 
-0.0902837 0.461501 
-0.186803 0.484124 
-0.538452 0.325536 
0.3816 0.283899 
0.457609 0.252136 
0.360108 0.291269 
0.287266 0.314027 
0.260177 0.322333 
0.606435 0.127687 
0.592548 0.147277 
0.514809 0.21885 
0.537449 0.202265 
0.0686371 0.394526 
0.0407887 0.407093 
0.124654 0.370397 
0.0966299 0.382208 
0.0136306 0.419393 
0.232851 0.330969 
0.31417 0.305828 
0.205418 0.340073 
0.337231 0.298666 
0.61847 0.107103 
0.642253 0.0424131 
0.645467 0.0255089 
0.63791 0.0592042 
0.648734 -0.0263204 
-0.619959 0.115348 
-0.0650244 0.452506 
-0.0392039 0.442325 
-0.0134333 0.431402 
0.486695 0.236507 
0.152751 0.359202 
0.179095 0.349339 
-0.151005 0.478157 
0.416762 0.270542 
-0.620731 0.0372669 
0.567846 0.175283 
-0.502974 0.368206 
-0.607268 0.181451 
-0.613624 0.155245 
-0.622183 0.08163 
-0.595624 0.217644 
-0.244745 0.486953 
-0.471436 0.398128 
-0.266875 0.48566 
-0.588291 0.236369 
-0.569446 0.27617 
-0.420522 0.434939 
-0.126754 0.47243 
-0.51775 0.351792 
-0.557741 0.296614 
-0.487508 0.383672 
-0.454817 0.411543 
-0.40291 0.444959 
-0.437823 0.423814 
-0.622078 0.0593265 
0.648279 -0.000304149 
-0.348121 0.468633 
-0.385054 0.45387 
-0.288284 0.483094 
-0.221955 0.486889 
-0.328835 0.474515 
0.629381 0.0836328 
-0.102463 0.46544 
-0.174984 0.482495 
-0.544957 0.316338 
-0.579631 0.255923 
0.392271 0.28004 
-0.366776 0.461771 
0.444139 0.258616 
0.370874 0.287638 
0.273724 0.318159 
0.599701 0.137634 
0.526269 0.210761 
0.548384 0.193284 
0.054705 0.400789 
0.110624 0.376235 
0.0272124 0.413254 
0.246511 0.326608 
-0.308956 0.479344 
0.300727 0.309932 
0.219127 0.335461 
0.325712 0.30227 
0.61268 0.117531 
0.643996 0.0339875 
0.64022 0.0508452 
0.646676 0.0169181 
0.648836 -0.0176182 
-0.618572 0.126651 
-0.19868 0.485411 
-0.0776241 0.457125 
-0.0520871 0.447516 
0.348685 0.29501 
-0.621018 0.104104 
-0.531772 0.334476 
0.000111027 0.425442 
0.0826176 0.38832 
0.165908 0.3542 
0.472268 0.244558 
0.192247 0.344639 
-0.0263008 0.436935 
0.138682 0.364722 
0.500902 0.227939 
0.635347 0.0674114 
0.622351 0.0994276 
-0.601934 0.199319 
0.584672 0.156993 
ZONE T="boundary5"
-0.616461 0.00472871 
-0.540619 -0.173179 
-0.552984 -0.15476 
-0.442518 -0.282673 
0.559124 -0.296717 
-0.619601 0.0263177 
-0.600305 -0.0579271 
-0.606775 -0.0374165 
-0.592804 -0.0780356 
-0.564347 -0.136142 
-0.61217 -0.0165367 
0.584375 -0.250094 
-0.203597 -0.425375 
-0.180074 -0.434351 
-0.226862 -0.415789 
-0.249589 -0.405712 
-0.336145 -0.360081 
-0.315454 -0.372134 
-0.106481 -0.458055 
-0.0811888 -0.464741 
-0.055077 -0.470886 
-0.131564 -0.450698 
-0.155936 -0.442841 
-0.471799 -0.254958 
-0.485862 -0.240312 
-0.500153 -0.224489 
-0.527612 -0.19095 
-0.513954 -0.208213 
-0.394012 -0.321692 
-0.356482 -0.347428 
-0.375436 -0.334846 
-0.427325 -0.295717 
-0.410866 -0.308965 
-0.45729 -0.269143 
-0.574786 -0.117162 
0.612937 -0.1822 
0.625235 -0.147549 
0.619277 -0.164937 
0.567944 -0.2819 
0.576372 -0.266312 
0.60621 -0.199505 
0.645941 -0.0611081 
0.647797 -0.0437401 
0.437117 -0.418006 
0.416927 -0.429753 
0.112285 -0.492213 
0.0826925 -0.490753 
0.0541955 -0.488387 
-0.0287852 -0.476306 
0.141912 -0.492622 
0.234599 -0.486472 
0.172674 -0.491879 
-0.584284 -0.0977909 
0.266864 -0.481356 
0.396264 -0.440301 
0.36417 -0.454144 
0.455863 -0.405637 
0.47399 -0.392121 
0.497213 -0.372132 
0.508292 -0.361335 
0.518927 -0.350064 
0.599184 -0.216692 
0.591963 -0.233481 
0.529699 -0.337608 
0.539929 -0.324658 
0.549702 -0.311093 
0.635488 -0.113115 
0.63972 -0.0957807 
0.630652 -0.130304 
-0.272031 -0.395032 
-0.293903 -0.383884 
0.643216 -0.0785049 
0.648734 -0.0263204 
0.331524 -0.465504 
0.299073 -0.474467 
0.0257982 -0.485115 
-0.00156609 -0.481111 
0.203373 -0.489882 
-0.546899 -0.164035 
-0.603674 -0.0477133 
-0.61818 0.0155027 
-0.609612 -0.0270115 
-0.191865 -0.42994 
-0.238259 -0.410826 
-0.325842 -0.366181 
-0.0938581 -0.461482 
-0.068155 -0.467904 
-0.143776 -0.446849 
-0.168034 -0.438675 
-0.215261 -0.420659 
-0.493068 -0.232457 
-0.534202 -0.182128 
-0.596682 -0.0680285 
-0.507118 -0.216407 
-0.34636 -0.35383 
-0.384774 -0.328341 
-0.434973 -0.289255 
-0.419148 -0.302407 
-0.402486 -0.315392 
-0.464602 -0.262109 
-0.366005 -0.341207 
-0.569676 -0.126712 
0.622307 -0.156261 
0.61615 -0.173584 
0.646979 -0.0524354 
0.427104 -0.424022 
0.0974825 -0.491611 
0.0684343 -0.489685 
0.157298 -0.492403 
-0.579651 -0.107533 
0.250765 -0.48412 
-0.478886 -0.247689 
0.406666 -0.435165 
0.380348 -0.447526 
-0.449959 -0.275968 
0.485804 -0.382365 
0.446577 -0.411954 
0.513668 -0.355756 
0.595614 -0.225104 
0.54489 -0.31793 
0.502809 -0.366792 
-0.558768 -0.145514 
0.465025 -0.399012 
-0.61446 -0.00593207 
0.534885 -0.33119 
0.637685 -0.104469 
-0.119048 -0.45446 
0.554492 -0.303958 
0.563612 -0.289356 
0.580442 -0.258238 
0.588222 -0.241813 
0.572235 -0.274149 
0.602734 -0.208114 
0.609612 -0.190867 
0.63314 -0.121727 
-0.283006 -0.389533 
0.628003 -0.138945 
-0.52086 -0.199643 
-0.588666 -0.0879657 
0.524382 -0.343897 
0.64468 -0.0698219 
0.648385 -0.0350361 
0.641559 -0.0871607 
0.347946 -0.460105 
-0.30472 -0.378085 
-0.260847 -0.400448 
0.127097 -0.492552 
-0.0419507 -0.473688 
0.315369 -0.470236 
0.0399837 -0.486862 
-0.0151938 -0.478808 
0.188035 -0.491042 
0.0121008 -0.483214 
0.283018 -0.478136 
0.219007 -0.488356 
