ZONE T="boundary0"
-4 -0.626408 
-4 0.0933023 
-4 0.15918 
-4 0.225058 
-4 0.279185 
-4 0.591322 
-4 0.455096 
-4 0.333312 
-4 -0.00217511 
-4 -0.239638 
-4 1 
-4 0.727548 
-4 -1 
-4 -0.075687 
-4 -0.149199 
-4 0.394204 
-4 -0.333938 
-4 -0.209492 
-4 -0.520554 
-4 -0.732263 
-4 -0.398091 
-4 -0.301861 
-4 -0.269785 
-4 -0.459322 
-4 0.126241 
-4 0.252122 
-4 0.523209 
-4 0.863774 
-4 0.0455636 
-4 -0.112443 
-4 0.306248 
-4 0.42465 
-4 0.659435 
-4 -0.573481 
-4 -0.866131 
-4 -0.3179 
-4 -0.254712 
-4 -0.366014 
-4 -0.428706 
-4 -0.489938 
-4 -0.224565 
-4 -0.179345 
-4 0.363758 
-4 0.192119 
-4 -0.679335 
-4 -0.285823 
-4 -0.0389311 
ZONE T="boundary1"
1.21977 1 
0.475684 1 
0.375619 1 
0.011306 1 
-0.0519064 1 
1.1108 1 
3.87719 1 
3.75438 1 
-0.366492 1 
1.55525 1 
0.797614 1 
-1.28503 1 
-2.39011 1 
-2.52266 1 
-4 1 
1.442 1 
-2.78776 1 
1.84648 1 
2.23882 1 
2.94204 1 
3.20449 1 
-2.25756 1 
-1.8882 1 
0.0746588 1 
0.138012 1 
0.275554 1 
0.206783 1 
-0.115119 1 
-0.267502 1 
-0.415987 1 
-0.19131 1 
-0.316997 1 
-0.569911 1 
-0.465482 1 
-0.674341 1 
-0.517696 1 
0.897125 1 
-1.44611 1 
-1.54024 1 
-0.785649 1 
-0.896956 1 
0.698103 1 
1.00396 1 
1.32875 1 
0.586894 1 
-1.63437 1 
2.6796 1 
2.45921 1 
2.04265 1 
-3.11224 1 
-3.77194 1 
4 1 
3.50877 1 
3.35663 1 
-3.32806 1 
-3.43596 1 
-3.54387 1 
-1.01045 1 
-1.12395 1 
0.425652 1 
-0.0203002 1 
3.81579 1 
-2.45638 1 
1.49863 1 
-2.07288 1 
0.106335 1 
0.0429824 1 
0.172397 1 
-0.0835126 1 
-0.153215 1 
-0.341744 1 
0.241168 1 
0.325587 1 
-0.440734 1 
-0.622126 1 
-0.491589 1 
-1.36557 1 
-0.841303 1 
0.847369 1 
0.747859 1 
0.950543 1 
1.27426 1 
1.38537 1 
-1.76128 1 
1.70087 1 
2.81082 1 
2.56941 1 
3.07327 1 
2.14074 1 
2.34902 1 
-2.95 1 
-3.88597 1 
3.63158 1 
3.4327 1 
-2.32383 1 
-2.65521 1 
1.94457 1 
3.9386 1 
-3.22015 1 
-3.48992 1 
-0.543804 1 
-0.29225 1 
-0.229406 1 
-0.391239 1 
-0.729995 1 
-0.953705 1 
1.16529 1 
-1.0672 1 
-1.20449 1 
-1.5873 1 
-1.49317 1 
0.642499 1 
-3.6579 1 
-3.38201 1 
0.531289 1 
1.05738 1 
3.28056 1 
ZONE T="boundary2"
4 -0.62018 
4 -0.522882 
4 -0.362086 
4 -0.27809 
4 -0.13026 
4 0.125219 
4 0.0205691 
4 0.325553 
4 0.465683 
4 0.383798 
4 0.660676 
4 -0.320088 
4 -0.176439 
4 -0.0840805 
4 -0.0317557 
4 0.196263 
4 0.267308 
4 0.547568 
4 -0.442484 
4 -0.858739 
4 1 
4 0.773784 
4 -0.227265 
4 -0.717478 
4 -1 
4 -0.571531 
4 -0.299089 
4 -0.10717 
4 -0.15335 
4 -0.0579181 
4 -0.00559327 
4 0.231785 
4 0.072894 
4 0.160741 
4 0.354675 
4 0.42474 
4 0.29643 
4 0.506625 
4 0.886892 
4 -0.252678 
4 -0.201852 
4 -0.341087 
4 -0.402285 
4 -0.482683 
4 -0.668829 
4 0.71723 
4 0.604122 
4 -0.788109 
4 -0.92937 
ZONE T="boundary3"
0.145736 -1 
-0.841752 -1 
-0.756708 -1 
1.7669 -1 
1.9189 -1 
-0.0588796 -1 
-1.20299 -1 
-1.33488 -1 
1.41758 -1 
3.70641 -1 
3.45025 -1 
2.10546 -1 
-2.457 -1 
-4 -1 
-3.75 -1 
-2.7987 -1 
-1.06489 -1 
-0.926795 -1 
-2.27543 -1 
-2.09386 -1 
2.74753 -1 
2.51977 -1 
2.97081 -1 
3.19409 -1 
-0.369299 -1 
-0.189785 -1 
0.477838 -1 
0.577339 -1 
0.378337 -1 
0.68159 -1 
0.78584 -1 
0.00942181 -1 
0.0777232 -1 
-0.124333 -1 
0.213749 -1 
-0.279542 -1 
-0.234664 -1 
-0.452438 -1 
-0.535577 -1 
-0.646142 -1 
1.00405 -1 
0.894944 -1 
1.11879 -1 
1.32556 -1 
1.61491 -1 
-3.51981 -1 
-3.28962 -1 
1.23354 -1 
2.29202 -1 
-1.71007 -1 
-1.46676 -1 
-3.04416 -1 
-2.62785 -1 
-1.90196 -1 
0.296043 -1 
3.8532 -1 
2.40589 -1 
4 -1 
-0.79923 -1 
1.8429 -1 
-1.26893 -1 
3.57833 -1 
-3.875 -1 
-0.995844 -1 
-2.18464 -1 
3.08245 -1 
0.527589 -1 
0.629464 -1 
0.0435724 -1 
-0.157059 -1 
0.179742 -1 
0.11173 -1 
-0.257103 -1 
-0.324421 -1 
-0.410869 -1 
-0.494007 -1 
-0.701425 -1 
-0.59086 -1 
0.733715 -1 
0.949497 -1 
-0.884273 -1 
1.06142 -1 
1.37157 -1 
3.32217 -1 
1.51624 -1 
-3.40471 -1 
1.17616 -1 
-1.58841 -1 
2.01218 -1 
-2.71328 -1 
-2.36621 -1 
-2.54242 -1 
-2.92143 -1 
2.63365 -1 
2.85917 -1 
-1.99791 -1 
-1.80601 -1 
-0.091606 -1 
-0.212225 -1 
0.254896 -1 
0.33719 -1 
0.428088 -1 
-0.0247289 -1 
-3.6349 -1 
1.27955 -1 
3.77981 -1 
1.69091 -1 
0.840392 -1 
-1.13394 -1 
2.46283 -1 
2.19874 -1 
-1.40082 -1 
2.34896 -1 
3.9266 -1 
-3.16689 -1 
ZONE T="boundary4"
-0.629414 0.0591523 
-0.631574 0.0358872 
-0.323586 0.460332 
-0.303271 0.470241 
0.624133 0.0376096 
0.618407 0.0513341 
-0.563016 0.240604 
-0.550291 0.260832 
-0.533601 0.284721 
-0.446369 0.378151 
-0.426784 0.394289 
0.629121 0.0235598 
0.633266 0.00944729 
-0.625736 0.0825889 
-0.620564 0.106081 
-0.613928 0.129547 
-0.601169 0.164936 
-0.607974 0.147205 
-0.574908 0.219883 
-0.593667 0.182395 
-0.282624 0.479423 
0.556392 0.144603 
-0.261347 0.487996 
-0.483434 0.343432 
-0.465287 0.361175 
-0.500772 0.32494 
-0.406533 0.409609 
-0.584646 0.201313 
-0.386059 0.423821 
-0.365027 0.437204 
-0.344524 0.449158 
-0.517684 0.305188 
-0.239789 0.495805 
-0.632212 0.0128383 
-0.216238 0.503369 
-0.192437 0.510023 
-0.166621 0.516151 
-0.0584731 0.529917 
-0.0303211 0.530349 
-0.0861138 0.528214 
0.0258285 0.527134 
0.0540087 0.523359 
0.572869 0.124723 
-0.140608 0.521205 
-0.113408 0.525307 
0.639128 -0.0192696 
0.604665 0.0782194 
0.404959 0.308549 
0.194228 0.479239 
0.328666 0.38551 
0.354562 0.360892 
0.539112 0.163906 
0.499529 0.205709 
0.476416 0.230242 
0.519476 0.184817 
0.42931 0.281963 
0.453454 0.255303 
0.138757 0.502232 
0.110751 0.510948 
0.0826349 0.517935 
0.302485 0.408351 
0.275985 0.429195 
0.166582 0.491701 
0.588152 0.104179 
0.640831 -0.0338008 
0.636619 -0.00490819 
0.611866 0.0649598 
0.59669 0.0913833 
-0.00229124 0.52944 
0.222006 0.46455 
0.249161 0.447932 
0.380045 0.335018 
-0.63068 0.0475374 
-0.313472 0.465377 
0.621361 0.044511 
-0.556759 0.250784 
-0.436661 0.386322 
-0.542109 0.272889 
0.631291 0.0165336 
-0.627757 0.0708994 
-0.617415 0.117861 
-0.604662 0.156105 
-0.611043 0.138407 
-0.569065 0.230302 
-0.597502 0.173701 
-0.272023 0.483805 
-0.474456 0.352401 
-0.492205 0.334281 
-0.416738 0.402054 
-0.58925 0.191898 
-0.396368 0.416818 
-0.455918 0.369763 
-0.354831 0.443278 
-0.37561 0.430617 
-0.509343 0.315161 
-0.250602 0.491997 
-0.334107 0.454843 
-0.204368 0.506809 
-0.228049 0.4997 
-0.179559 0.513219 
-0.0443977 0.530299 
0.039944 0.525431 
0.564744 0.134757 
-0.127028 0.523404 
-0.525765 0.295049 
0.341727 0.373328 
-0.623326 0.0943734 
0.547827 0.154319 
0.487941 0.217929 
-0.579863 0.210643 
0.529341 0.174398 
0.44139 0.26863 
0.124816 0.506798 
0.0967421 0.514642 
0.28937 0.418958 
0.180498 0.485687 
0.640082 -0.026522 
0.635044 0.00229454 
0.608345 0.0716341 
0.615224 0.05819 
0.626723 0.0306203 
0.637975 -0.0120701 
0.509508 0.19526 
0.580662 0.114565 
-0.632082 0.0243684 
-0.292988 0.474923 
0.600751 0.08485 
-0.0997748 0.52691 
-0.0723013 0.529222 
0.152746 0.49718 
-0.153639 0.518813 
0.0117846 0.528464 
0.0683592 0.520846 
0.208228 0.472118 
0.235705 0.456454 
-0.0162988 0.530064 
0.392562 0.321838 
0.315704 0.39709 
0.41717 0.295282 
0.262704 0.438766 
0.592488 0.0978257 
0.464904 0.242729 
0.367392 0.348044 
ZONE T="boundary5"
-0.604227 -0.117499 
-0.487832 -0.256751 
-0.628921 -0.0323289 
-0.631327 -0.0099104 
0.639652 -0.0919321 
0.637473 -0.106373 
0.626872 -0.14923 
0.616693 -0.177451 
0.521872 -0.318594 
-0.625003 -0.054331 
-0.352282 -0.327654 
-0.328343 -0.336373 
-0.277079 -0.353056 
-0.302772 -0.344989 
-0.59433 -0.137446 
-0.225012 -0.368002 
-0.251075 -0.360729 
-0.172569 -0.381575 
-0.0134218 -0.414639 
-0.0668538 -0.405021 
-0.146241 -0.387906 
-0.119863 -0.393931 
-0.0933903 -0.399647 
-0.0401907 -0.410034 
-0.470882 -0.268644 
0.634592 -0.12076 
-0.540583 -0.2105 
-0.55595 -0.193437 
-0.570226 -0.175365 
-0.506529 -0.242121 
-0.43577 -0.289845 
-0.397016 -0.309133 
-0.417717 -0.299283 
0.380751 -0.399808 
-0.375999 -0.318249 
-0.453428 -0.279705 
0.631038 -0.135078 
0.57504 -0.256668 
0.590129 -0.232194 
-0.612649 -0.0969602 
-0.524064 -0.226746 
-0.632212 0.0128383 
-0.619573 -0.0759015 
0.0953964 -0.428067 
0.123192 -0.429881 
0.0135296 -0.418803 
0.0679408 -0.425577 
0.0405962 -0.422461 
0.179379 -0.431134 
0.151085 -0.430929 
0.265191 -0.425699 
0.20772 -0.430403 
0.236477 -0.42862 
0.29408 -0.421497 
0.323054 -0.415877 
0.35199 -0.408697 
0.436816 -0.376418 
0.409051 -0.389108 
0.454436 -0.367057 
0.471651 -0.356778 
0.482855 -0.349409 
0.502852 -0.334723 
0.540836 -0.29988 
0.558413 -0.279497 
0.641799 -0.0629018 
0.641101 -0.0774662 
0.640831 -0.0338008 
0.641715 -0.04836 
-0.198816 -0.374947 
-0.582992 -0.156738 
0.604242 -0.205428 
-0.630316 -0.0211396 
0.638651 -0.0991648 
0.622054 -0.163437 
-0.340339 -0.332091 
-0.289943 -0.349084 
-0.238054 -0.36441 
-0.31558 -0.340754 
-0.159414 -0.384777 
-0.106636 -0.396829 
-0.479428 -0.262799 
0.636117 -0.113582 
-0.56324 -0.184519 
-0.497283 -0.249566 
-0.407412 -0.304305 
-0.444652 -0.284867 
-0.386543 -0.313777 
0.582801 -0.244565 
-0.364175 -0.323043 
-0.515405 -0.234555 
-0.631961 0.0014572 
-0.616299 -0.0864914 
0.109286 -0.429066 
0.0542578 -0.424094 
4.26854e-05 -0.416781 
0.165228 -0.431144 
0.19355 -0.430891 
-0.548401 -0.202087 
0.3086 -0.418866 
0.337569 -0.412483 
0.423044 -0.383007 
0.463109 -0.362028 
-0.462218 -0.274274 
0.512507 -0.326828 
0.549832 -0.289867 
0.531539 -0.309424 
0.492979 -0.342236 
0.445683 -0.371845 
0.641546 -0.0701878 
0.629029 -0.142176 
0.640469 -0.0847075 
0.477286 -0.353143 
-0.599457 -0.127559 
0.632895 -0.127938 
0.641374 -0.0410731 
0.641855 -0.0556294 
-0.185701 -0.378299 
-0.211923 -0.371515 
-0.026817 -0.412391 
-0.0535325 -0.407576 
0.137132 -0.430505 
0.279657 -0.423761 
0.250847 -0.427307 
0.366435 -0.404466 
-0.13306 -0.390956 
0.0270518 -0.420699 
-0.080132 -0.402378 
0.0816587 -0.426904 
0.222104 -0.429648 
-0.26409 -0.356945 
-0.426788 -0.294649 
-0.608623 -0.107303 
-0.57677 -0.16616 
-0.588831 -0.14719 
-0.622479 -0.0651632 
-0.532444 -0.218743 
-0.627154 -0.0433631 
0.394986 -0.394686 
0.566961 -0.268252 
0.597403 -0.218927 
0.610709 -0.191548 
