ZONE T="boundary0"
-4 -0.469676 
-4 0.236498 
-4 0.296319 
-4 0.367701 
-4 1 
-4 -0.576266 
-4 -1 
-4 -0.682855 
-4 -0.841427 
-4 0.64152 
-4 0.18353 
-4 0.130563 
-4 0.540302 
-4 0.439083 
-4 0.0208422 
-4 0.0757026 
-4 -0.362213 
-4 -0.0603 
-4 -0.100871 
-4 -0.26234 
-4 -0.312276 
-4 -0.232115 
-4 -0.171667 
-4 -0.141442 
-4 -0.201891 
-4 0.266408 
-4 0.33201 
-4 -0.762141 
-4 0.82076 
-4 0.157047 
-4 0.489692 
-4 0.0482724 
-4 0.210014 
-4 -0.0197289 
-4 -0.415945 
-4 -0.287308 
-4 -0.0805856 
-4 -0.62956 
-4 -0.522971 
-4 0.403392 
-4 -0.920714 
-4 0.590911 
-4 -0.247227 
-4 -0.156554 
-4 -0.121157 
-4 -0.217003 
-4 -0.186779 
-4 0.103133 
-4 -0.337245 
ZONE T="boundary1"
-0.289102 1 
-3.7428 1 
-4 1 
-0.587562 1 
-3.48559 1 
-1.00889 1 
-1.24916 1 
-1.12477 1 
1.32084 1 
1.41958 1 
-1.76429 1 
-1.94615 1 
-3.07364 1 
-3.27962 1 
3.4781 1 
3.73905 1 
3.24109 1 
2.49223 1 
2.07591 1 
0.335646 1 
0.525042 1 
0.419562 1 
0.19102 1 
0.130311 1 
0.00347445 1 
0.0668929 1 
-0.0702846 1 
-0.144044 1 
-0.216573 1 
0.630521 1 
-0.395267 1 
0.251729 1 
-0.673692 1 
-0.783347 1 
-0.501432 1 
-0.893003 1 
-1.37355 1 
-1.47798 1 
0.973169 1 
1.20478 1 
1.08871 1 
0.857628 1 
0.744075 1 
1.51832 1 
1.7158 1 
-1.58242 1 
-2.26408 1 
3.00407 1 
-2.58201 1 
1.89586 1 
-2.82783 1 
2.74815 1 
2.28407 1 
0.800852 1 
4 1 
3.86953 1 
-2.10512 1 
-3.8714 1 
-1.18697 1 
1.37021 1 
-1.85522 1 
-3.17663 1 
3.60858 1 
0.472302 1 
0.160666 1 
0.0351837 1 
-0.0334051 1 
0.0986022 1 
-0.107164 1 
-0.252837 1 
0.577782 1 
-0.342184 1 
0.377604 1 
-0.630627 1 
-1.06683 1 
-0.544497 1 
-0.728519 1 
-0.950946 1 
-1.42577 1 
1.26281 1 
1.14674 1 
0.915399 1 
1.03094 1 
-3.61419 1 
-1.31136 1 
-3.3826 1 
3.35959 1 
1.61706 1 
-1.67335 1 
-2.42305 1 
1.80583 1 
1.98588 1 
-2.70492 1 
-1.5302 1 
2.38815 1 
2.17999 1 
2.62019 1 
2.87611 1 
-0.180308 1 
-0.448349 1 
0.221375 1 
0.293687 1 
0.82924 1 
0.687298 1 
0.772463 1 
-0.838175 1 
1.46895 1 
3.93476 1 
3.80429 1 
-2.95074 1 
-2.1846 1 
-2.02563 1 
3.12258 1 
ZONE T="boundary2"
4 -0.294617 
4 -0.355761 
4 -0.255049 
4 -0.215482 
4 -0.119163 
4 0.336378 
4 0.499628 
4 0.661097 
4 0.580363 
4 -0.167322 
4 0.134829 
4 0.00570314 
4 -0.739812 
4 -0.869906 
4 -0.0567301 
4 0.397413 
4 0.070266 
4 0.745823 
4 0.830549 
4 0.169957 
4 0.205086 
4 0.240214 
4 0.275342 
4 -0.497632 
4 -0.416905 
4 -0.578358 
4 -1 
4 1 
4 -0.325189 
4 -0.235266 
4 0.62073 
4 -0.804859 
4 -0.274833 
4 -0.0879467 
4 -0.191402 
4 -0.143243 
4 -0.0255135 
4 0.448521 
4 0.102547 
4 0.788186 
4 0.366895 
4 0.152393 
4 0.187521 
4 0.257778 
4 0.22265 
4 -0.659085 
4 -0.934953 
4 0.30586 
4 0.0379846 
4 -0.386333 
4 -0.457268 
4 0.539996 
4 0.70346 
4 0.915274 
4 -0.537995 
ZONE T="boundary3"
-1.43514 -1 
-0.215115 -1 
-0.550178 -1 
-1.26047 -1 
0.236311 -1 
-4 -1 
-3.67905 -1 
-1.57243 -1 
-3.51857 -1 
3.4009 -1 
3.19357 -1 
1.20965 -1 
-0.798973 -1 
-2.94061 -1 
2.02638 -1 
3.70045 -1 
-1.84198 -1 
-2.03036 -1 
-2.57926 -1 
-2.21874 -1 
-3.14935 -1 
1.82642 -1 
2.70358 -1 
2.98624 -1 
2.42093 -1 
-1.70721 -1 
-0.0367294 -1 
0.0253374 -1 
-0.451889 -1 
-0.3536 -1 
-0.284357 -1 
0.172421 -1 
-0.156955 -1 
-0.0987961 -1 
0.3002 -1 
0.396262 -1 
0.492325 -1 
0.760015 -1 
0.62617 -1 
0.0988794 -1 
-0.402744 -1 
-0.674575 -1 
-0.917997 -1 
-1.03702 -1 
-1.14875 -1 
0.827224 -1 
0.894432 -1 
1.02885 -1 
1.11925 -1 
1.42565 -1 
1.62647 -1 
-3.3581 -1 
3.85023 -1 
4 -1 
2.22365 -1 
-3.83952 -1 
-1.50378 -1 
3.29724 -1 
-1.93617 -1 
-2.399 -1 
-1.63982 -1 
-0.00569599 -1 
-0.501033 -1 
-0.318979 -1 
-0.127876 -1 
0.268255 -1 
0.348231 -1 
0.444293 -1 
-0.186035 -1 
0.204366 -1 
0.13565 -1 
0.0621084 -1 
-0.378172 -1 
-0.612376 -1 
-0.977509 -1 
-0.858485 -1 
-1.20461 -1 
-1.09288 -1 
-1.3478 -1 
0.860828 -1 
0.961641 -1 
-1.7746 -1 
0.79362 -1 
1.16445 -1 
1.31765 -1 
1.52606 -1 
1.72644 -1 
1.9264 -1 
3.92511 -1 
3.77534 -1 
3.55068 -1 
-3.25373 -1 
-3.59881 -1 
3.0899 -1 
2.84491 -1 
-2.75993 -1 
2.56226 -1 
2.12502 -1 
2.32229 -1 
-3.04498 -1 
-2.12455 -1 
-0.249736 -1 
-0.0677627 -1 
-0.427317 -1 
0.559247 -1 
-3.43834 -1 
0.693093 -1 
-0.736774 -1 
1.07405 -1 
ZONE T="boundary4"
-0.282194 0.345494 
-0.63035 -0.015082 
-0.53552 0.207772 
-0.51958 0.222902 
-0.606555 0.103159 
-0.438909 0.280409 
-0.421964 0.289557 
-0.549497 0.192956 
-0.300354 0.339494 
-0.404938 0.298026 
0.634014 0.103871 
-0.562655 0.177309 
-0.488479 0.248312 
-0.335937 0.326926 
-0.318467 0.333246 
0.635908 0.0859565 
-0.623732 0.0474635 
-0.627306 0.0267231 
-0.618762 0.0679312 
-0.612393 0.0880272 
0.571516 0.263767 
0.604009 0.204486 
0.592371 0.228425 
0.442201 0.377333 
0.455571 0.370078 
0.48151 0.353939 
-0.592144 0.133043 
-0.59994 0.117911 
0.579518 0.251214 
0.494014 0.345035 
-0.583589 0.147622 
0.562969 0.275967 
-0.504226 0.236047 
0.634688 0.0329423 
-0.472242 0.259829 
-0.455774 0.270468 
0.631057 0.121599 
-0.387684 0.30598 
-0.573509 0.162799 
-0.370572 0.313337 
-0.353325 0.320299 
-0.222058 0.363865 
-0.243106 0.357663 
-0.178633 0.375998 
-0.156246 0.381926 
-0.200984 0.36986 
-0.108829 0.393733 
-0.0838528 0.399513 
-0.0587877 0.404976 
-0.0324498 0.410317 
-0.00598526 0.415232 
-0.262664 0.351689 
-0.629498 0.00585543 
0.631929 0.0155244 
0.636257 0.0504398 
0.507428 0.334522 
0.421517 0.387332 
0.353285 0.411715 
0.37796 0.404246 
0.399875 0.39638 
0.520335 0.323327 
0.544546 0.298774 
0.532764 0.311372 
0.0495529 0.42388 
0.106918 0.430074 
0.135507 0.431973 
0.192036 0.433088 
0.219903 0.43221 
0.164223 0.433 
0.078152 0.427345 
0.301375 0.423294 
0.327374 0.418146 
0.27432 0.427395 
0.247132 0.430342 
0.554022 0.287578 
0.636661 0.0682194 
0.627035 0.139422 
0.6221 0.156924 
0.613829 0.180866 
-0.132567 0.387953 
0.0217027 0.419842 
-0.527656 0.215446 
-0.430476 0.285058 
-0.556193 0.185228 
-0.327213 0.330121 
0.6351 0.0949264 
-0.625693 0.0371218 
-0.609575 0.0956308 
0.598366 0.216542 
0.448921 0.373769 
0.468704 0.362271 
-0.596148 0.12553 
-0.603346 0.110578 
0.575583 0.257532 
0.586127 0.239923 
-0.587966 0.14039 
-0.291282 0.342522 
-0.496422 0.242268 
-0.464064 0.265236 
-0.480424 0.254161 
0.632665 0.112755 
-0.396338 0.302063 
-0.44739 0.275522 
-0.578658 0.155281 
-0.361965 0.316864 
-0.30942 0.336403 
-0.511982 0.229564 
-0.232588 0.36079 
-0.167446 0.378988 
-0.189815 0.372955 
-0.0963509 0.396661 
-0.0456315 0.407697 
-0.0192308 0.412831 
-0.413484 0.293859 
-0.252891 0.354701 
-0.379149 0.30971 
-0.211527 0.366886 
-0.542612 0.200459 
0.431928 0.382475 
0.36567 0.40814 
-0.344644 0.323652 
0.410756 0.392 
0.53874 0.305152 
-0.568182 0.170127 
0.500785 0.33986 
0.48781 0.349554 
0.513952 0.329006 
0.121202 0.431128 
0.205971 0.432774 
0.149857 0.432601 
0.0638377 0.4257 
0.314403 0.42087 
0.340368 0.415092 
0.549348 0.29323 
0.636427 0.0770921 
0.624679 0.148203 
0.567312 0.269915 
0.635619 0.0416756 
0.636607 0.0593242 
0.629169 0.130537 
0.618157 0.168961 
0.558562 0.281823 
-0.272436 0.34862 
-0.0713309 0.402286 
0.388966 0.40045 
-0.120706 0.390874 
-0.144414 0.384969 
0.0925221 0.428807 
0.233524 0.431405 
0.260739 0.429008 
0.0356133 0.421937 
0.178126 0.43316 
0.287868 0.425494 
0.00784401 0.417606 
0.526628 0.317431 
0.633456 0.0242074 
-0.628572 0.016306 
-0.621422 0.0577383 
-0.630089 -0.00460756 
0.609093 0.192748 
-0.615752 0.0780325 
ZONE T="boundary5"
-0.629906 -0.03599 
-0.63035 -0.015082 
0.520493 -0.170362 
-0.602816 -0.159012 
-0.553556 -0.256022 
-0.541811 -0.273807 
-0.621314 -0.098182 
-0.625338 -0.0775784 
-0.610015 -0.138898 
-0.594645 -0.178937 
-0.564888 -0.237355 
-0.616197 -0.118604 
-0.585484 -0.198801 
0.433007 -0.269239 
0.450014 -0.248684 
-0.227518 -0.505644 
-0.252029 -0.496847 
-0.322519 -0.46511 
-0.299567 -0.476553 
-0.0695504 -0.537924 
-0.096803 -0.535266 
-0.123994 -0.531414 
-0.202258 -0.513594 
-0.176727 -0.52052 
-0.489069 -0.339132 
-0.442434 -0.38383 
-0.424634 -0.398594 
-0.50312 -0.323584 
-0.516549 -0.307596 
-0.45872 -0.369288 
-0.474465 -0.35418 
-0.529364 -0.291135 
-0.575529 -0.218296 
-0.406289 -0.412695 
-0.276188 -0.487086 
-0.366104 -0.440092 
-0.386464 -0.426776 
0.533681 -0.15609 
-0.628218 -0.0568487 
0.4653 -0.230742 
0.622945 -0.0184376 
0.61676 -0.0349707 
0.546508 -0.141798 
0.480815 -0.213207 
-0.0137202 -0.539517 
-0.0419745 -0.539369 
0.0430602 -0.535512 
0.0143701 -0.538278 
0.0996238 -0.525223 
0.0713622 -0.531205 
0.183319 -0.496138 
0.558957 -0.127256 
0.290609 -0.426456 
0.155673 -0.507808 
0.127755 -0.517461 
0.211101 -0.482068 
0.332318 -0.386915 
0.315958 -0.403298 
0.363954 -0.352346 
0.379135 -0.33466 
0.507149 -0.184637 
0.493958 -0.198815 
0.34847 -0.369703 
0.631929 0.0155244 
0.628003 -0.00162764 
0.570664 -0.11267 
0.581784 -0.097639 
0.591905 -0.0825492 
0.601232 -0.0669525 
0.609534 -0.0510839 
0.416091 -0.289941 
0.3977 -0.312388 
-0.344557 -0.453025 
0.264529 -0.447438 
0.238058 -0.465925 
-0.150451 -0.526516 
-0.630287 -0.02554 
-0.547771 -0.264971 
-0.623464 -0.0879072 
-0.598841 -0.169019 
-0.618887 -0.108426 
-0.613231 -0.128788 
0.441487 -0.258934 
-0.239816 -0.501367 
-0.311099 -0.470944 
-0.083188 -0.536745 
-0.110416 -0.533487 
-0.189525 -0.517185 
-0.433603 -0.391295 
-0.509908 -0.315651 
-0.466661 -0.361805 
-0.523034 -0.299425 
-0.535673 -0.282531 
-0.570294 -0.227873 
-0.376348 -0.433531 
-0.450642 -0.376631 
0.527107 -0.16324 
-0.629214 -0.046432 
-0.415527 -0.405729 
0.457623 -0.239673 
-0.5806 -0.208596 
0.619986 -0.0267565 
0.54013 -0.148973 
0.473022 -0.22193 
-0.027845 -0.539614 
0.0287361 -0.537088 
0.0855378 -0.528423 
0.14179 -0.512863 
0.197328 -0.489353 
0.16959 -0.502209 
0.324202 -0.39518 
0.303443 -0.415074 
0.371579 -0.343535 
0.487369 -0.205987 
0.356257 -0.36107 
0.340452 -0.37837 
0.630111 0.00691276 
0.500546 -0.191712 
0.513826 -0.177499 
-0.481834 -0.34672 
0.576305 -0.105215 
0.564876 -0.120015 
0.596674 -0.0748164 
0.586936 -0.0901568 
0.625613 -0.010077 
0.605499 -0.0590813 
-0.626923 -0.0672339 
-0.559309 -0.246741 
-0.590169 -0.188916 
-0.606533 -0.148996 
0.552783 -0.13457 
-0.496165 -0.33142 
0.424546 -0.279583 
-0.264156 -0.492086 
-0.287929 -0.481934 
0.388452 -0.323552 
-0.214926 -0.509746 
-0.355394 -0.446664 
0.277731 -0.437171 
-0.396445 -0.41983 
0.40691 -0.301174 
-0.333597 -0.459174 
-0.0557677 -0.538804 
0.113749 -0.521561 
0.251443 -0.456918 
-0.163618 -0.523653 
0.000336111 -0.539074 
0.0572429 -0.533556 
-0.137245 -0.529103 
0.224713 -0.474239 
0.613271 -0.0430855 
