ZONE T="boundary0"
-4 -0.266481 
-4 0.333312 
-4 0.455096 
-4 0.225058 
-4 0.279185 
-4 0.632626 
-4 -0.0976525 
-4 -0.161304 
-4 0.15918 
-4 0.0933023 
-4 -0.643017 
-4 -0.821508 
-4 0.543861 
-4 -0.240187 
-4 -0.332286 
-4 -0.398091 
-4 -0.213892 
-4 -0.520554 
-4 0.0296507 
-4 0.394204 
-4 -1 
-4 -0.0340009 
-4 1 
-4 0.816313 
-4 -0.299383 
-4 0.252122 
-4 -0.129478 
-4 0.126241 
-4 0.499478 
-4 -0.253334 
-4 -0.365188 
-4 -0.459322 
-4 -0.581785 
-4 -0.187598 
-4 0.0614765 
-4 0.306248 
-4 0.363758 
-4 -0.732263 
-4 -0.910754 
-4 -0.0658267 
-4 0.42465 
-4 0.588244 
-4 0.72447 
-4 0.908157 
-4 -0.315835 
-4 -0.22704 
-4 -0.282932 
-4 0.192119 
-4 -0.00217511 
ZONE T="boundary1"
-3.11224 1 
-2.95 1 
0.511279 1 
0.430198 1 
0.349117 1 
0.0740317 1 
-0.115119 1 
0.693225 1 
0.894685 1 
4 1 
0.138012 1 
0.201991 1 
-0.566421 1 
-0.671259 1 
-0.782262 1 
3.67251 1 
-1.34246 1 
-1.13004 1 
-1.23625 1 
-1.71898 1 
3.34502 1 
1.67431 1 
1.53569 1 
1.81293 1 
-3.77194 1 
-3.54387 1 
1.3367 1 
2.69361 1 
2.22438 1 
2.01865 1 
-2.52266 1 
-0.178818 1 
0.602252 1 
-0.0514197 1 
-0.22316 1 
-0.461583 1 
-0.356186 1 
0.011306 1 
0.275554 1 
-0.893265 1 
-1.01165 1 
0.793955 1 
-0.267502 1 
-1.44611 1 
-1.54975 1 
1.00029 1 
-1.8882 1 
1.1059 1 
1.2213 1 
1.4362 1 
-4 1 
3.10681 1 
2.90021 1 
2.45899 1 
-3.32806 1 
-2.07288 1 
-2.25756 1 
3.50877 1 
-2.78776 1 
-3.03112 1 
0.470739 1 
0.170001 1 
-0.61884 1 
-1.18314 1 
1.605 1 
-0.146968 1 
0.556766 1 
-0.0832693 1 
-0.514002 1 
-0.408884 1 
0.106022 1 
-0.0200568 1 
0.312335 1 
-0.72676 1 
-0.837763 1 
-0.952458 1 
-1.07084 1 
0.647738 1 
0.84432 1 
0.74359 1 
-1.28935 1 
-1.49793 1 
0.94749 1 
-1.80359 1 
3.83626 1 
1.1636 1 
1.38645 1 
1.74362 1 
-3.88597 1 
-1.63437 1 
3.00351 1 
2.5763 1 
-3.22015 1 
-3.6579 1 
-2.16522 1 
-1.98054 1 
3.59064 1 
3.4269 1 
3.22592 1 
-2.39011 1 
-2.65521 1 
2.79691 1 
-2.86888 1 
0.389657 1 
0.238773 1 
0.0426689 1 
-0.245331 1 
-0.200989 1 
-0.311844 1 
1.91579 1 
2.12152 1 
2.34168 1 
1.0531 1 
-1.39428 1 
1.48594 1 
1.279 1 
-3.43596 1 
ZONE T="boundary2"
4 -0.811652 
4 -0.145653 
4 -0.207226 
4 0.125219 
4 0.292946 
4 0.318584 
4 0.267308 
4 0.229444 
4 -0.623304 
4 0.764082 
4 1 
4 -0.522882 
4 -0.42246 
4 0.1584 
4 0.0205691 
4 0.19158 
4 0.36986 
4 0.449012 
4 0.528164 
4 0.646123 
4 -0.254469 
4 -0.0840805 
4 -0.362086 
4 -0.301712 
4 -1 
4 0.305765 
4 0.248376 
4 -0.717478 
4 0.882041 
4 -0.472671 
4 0.210512 
4 0.344222 
4 0.409436 
4 0.488588 
4 0.705103 
4 -0.230847 
4 -0.114867 
4 -0.176439 
4 -0.0317557 
4 -0.331899 
4 -0.392273 
4 -0.27809 
4 0.587144 
4 -0.905826 
4 0.280127 
4 0.141809 
4 0.17499 
4 0.072894 
4 -0.573093 
ZONE T="boundary3"
-3.59999 -1 
-3.73332 -1 
-0.645315 -1 
-0.538917 -1 
-0.8681 -1 
-0.253014 -1 
-0.126557 -1 
-0.193268 -1 
0.215856 -1 
0.345841 -1 
0.475826 -1 
0.577339 -1 
0.678853 -1 
3.8532 -1 
-1.54859 -1 
-1.71007 -1 
-1.87154 -1 
-2.97925 -1 
2.10546 -1 
2.51977 -1 
2.74753 -1 
-1.46676 -1 
-3.46665 -1 
-2.4978 -1 
-2.09386 -1 
-2.29583 -1 
-2.73852 -1 
3.41282 -1 
3.19409 -1 
1.23354 -1 
1.3518 -1 
1.7669 -1 
1.9189 -1 
-0.425838 -1 
0.00879774 -1 
-0.31276 -1 
-0.369299 -1 
-0.0598458 -1 
0.0774412 -1 
0.146649 -1 
-0.751714 -1 
0.78584 -1 
0.892826 -1 
-4 -1 
-1.10288 -1 
-0.984487 -1 
1.61491 -1 
1.48336 -1 
3.70641 -1 
1.11527 -1 
2.97537 -1 
-1.22127 -1 
2.29202 -1 
4 -1 
-1.3031 -1 
1.00405 -1 
-1.38493 -1 
-3.66666 -1 
-0.592116 -1 
-0.159913 -1 
0.280849 -1 
0.526583 -1 
0.628096 -1 
-1.7908 -1 
2.63365 -1 
-3.22295 -1 
-2.19484 -1 
-2.85889 -1 
3.30345 -1 
1.29267 -1 
1.8429 -1 
-0.482378 -1 
-0.223141 -1 
-0.341029 -1 
-0.0932014 -1 
-0.282887 -1 
0.0431196 -1 
0.181253 -1 
-0.698514 -1 
0.839333 -1 
-3.86666 -1 
0.410833 -1 
0.732346 -1 
-1.04368 -1 
1.54913 -1 
-3.53332 -1 
3.77981 -1 
1.41758 -1 
1.1744 -1 
3.55961 -1 
3.08473 -1 
-2.39681 -1 
-1.16208 -1 
-1.62933 -1 
-1.9827 -1 
1.69091 -1 
2.01218 -1 
2.19874 -1 
3.9266 -1 
2.40589 -1 
-2.61816 -1 
2.86145 -1 
-0.397569 -1 
0.112045 -1 
-0.025524 -1 
0.948438 -1 
1.05966 -1 
-0.809907 -1 
-0.926294 -1 
-1.26219 -1 
-1.34402 -1 
-1.42585 -1 
-1.50768 -1 
ZONE T="boundary4"
-0.63489 0.0197045 
-0.630941 0.0433139 
-0.539833 0.244304 
0.639216 -0.024234 
0.637602 -0.00968698 
-0.349209 0.418214 
-0.370607 0.404829 
-0.587533 0.166236 
-0.577998 0.184105 
-0.451388 0.343041 
-0.567841 0.201639 
-0.522164 0.26789 
-0.625563 0.0669792 
-0.618784 0.0906078 
-0.610636 0.114118 
-0.595895 0.149112 
-0.60362 0.131705 
-0.554249 0.223238 
-0.307552 0.441355 
-0.287744 0.451128 
-0.47003 0.325642 
-0.487936 0.30749 
-0.432052 0.359688 
-0.412074 0.375567 
-0.391493 0.390673 
-0.246958 0.468991 
-0.226018 0.477059 
-0.328578 0.430133 
-0.505507 0.288064 
-0.202516 0.485278 
-0.178765 0.492725 
-0.267646 0.460297 
-0.0152592 0.522474 
0.0136725 0.523966 
-0.0716826 0.51631 
-0.637401 -0.00380372 
0.635211 0.00474619 
-0.126509 0.506218 
-0.0991745 0.511759 
0.576656 0.141577 
0.59071 0.117845 
0.392928 0.396287 
0.36638 0.419135 
0.338698 0.439518 
0.550113 0.183491 
0.534973 0.207096 
0.46247 0.317602 
0.501684 0.259884 
0.519912 0.230898 
0.417615 0.371711 
0.441129 0.344948 
0.101718 0.521162 
0.0717883 0.523407 
0.0425938 0.524295 
0.161191 0.512329 
0.19108 0.505451 
0.563518 0.16257 
0.632022 0.0192401 
0.623418 0.0479154 
0.628102 0.0335635 
-0.152747 0.499928 
0.605486 0.0901026 
-0.0435111 0.519922 
0.131382 0.517518 
0.618087 0.0620396 
0.22101 0.496713 
0.25126 0.485783 
0.482968 0.288552 
0.310123 0.45738 
0.280909 0.472761 
-0.633088 0.0315364 
0.638508 -0.0169488 
-0.359969 0.411619 
-0.582846 0.175213 
-0.531142 0.256203 
-0.614867 0.102416 
-0.59984 0.140444 
-0.607213 0.122945 
-0.561151 0.212504 
-0.591791 0.157711 
-0.297685 0.446317 
-0.479079 0.316659 
-0.422141 0.367724 
-0.401856 0.383218 
-0.460798 0.334436 
-0.236519 0.473103 
-0.318112 0.435832 
-0.547142 0.233839 
-0.338944 0.424261 
-0.381116 0.397848 
-0.19067 0.489098 
-0.257335 0.464722 
-0.000798723 0.523363 
-0.496831 0.297874 
-0.636323 0.0079678 
-0.214301 0.481265 
-0.27773 0.455788 
-0.572994 0.192914 
-0.441803 0.35146 
0.636502 -0.00245391 
-0.112865 0.509111 
0.583783 0.129767 
0.379863 0.407966 
0.352729 0.429594 
0.542534 0.195282 
-0.513951 0.278071 
0.527423 0.21898 
0.42958 0.358522 
0.0867684 0.522457 
0.0281337 0.524278 
-0.622337 0.0788388 
0.176184 0.509098 
0.556832 0.173036 
0.63371 0.0120144 
0.570132 0.152098 
0.63015 0.0264265 
-0.139655 0.503187 
0.598301 0.104079 
-0.165787 0.49644 
-0.057612 0.518247 
-0.0293955 0.521331 
0.116574 0.519519 
0.146322 0.515117 
-0.0854478 0.514158 
0.0571979 0.524008 
0.206111 0.501306 
0.236224 0.491495 
0.510817 0.245399 
0.405481 0.384219 
0.492426 0.274284 
0.295653 0.465337 
0.324575 0.448721 
0.266195 0.479528 
0.472875 0.303191 
0.451977 0.331419 
-0.628421 0.0551833 
0.612054 0.0761909 
0.625844 0.0407691 
0.62083 0.0550051 
ZONE T="boundary5"
-0.632825 -0.0957124 
-0.627953 -0.117909 
0.550032 -0.261116 
0.567725 -0.239893 
-0.550773 -0.25732 
-0.638062 -0.0502757 
-0.63619 -0.0731389 
-0.638462 -0.0271415 
0.632347 -0.110246 
0.584109 -0.217026 
0.599552 -0.191817 
-0.621544 -0.139714 
0.639216 -0.024234 
-0.613584 -0.161036 
-0.592998 -0.201897 
-0.580264 -0.22146 
-0.515629 -0.288536 
-0.218336 -0.371656 
-0.190857 -0.373659 
-0.299679 -0.363913 
-0.0251647 -0.385428 
-0.108279 -0.37938 
-0.135811 -0.377458 
-0.163442 -0.37556 
-0.0529427 -0.383383 
0.613117 -0.165167 
-0.48115 -0.311057 
-0.498735 -0.30039 
-0.463222 -0.320448 
0.628561 -0.124219 
0.472408 -0.324786 
0.461111 -0.331341 
-0.533965 -0.273514 
-0.352904 -0.355629 
-0.326497 -0.360199 
-0.444792 -0.328766 
-0.404219 -0.343187 
-0.424738 -0.336498 
0.635407 -0.0961415 
-0.378814 -0.350023 
0.341983 -0.376324 
0.313366 -0.382298 
0.086199 -0.392581 
0.114204 -0.393715 
0.0582235 -0.391092 
0.0303877 -0.38935 
0.00254043 -0.387433 
0.227432 -0.392583 
0.198975 -0.393949 
0.284709 -0.386896 
0.142367 -0.394397 
0.170569 -0.394514 
0.398541 -0.359646 
-0.637401 -0.00380372 
0.256083 -0.390273 
0.370458 -0.368813 
0.443822 -0.340424 
0.426198 -0.348632 
0.512107 -0.297031 
0.492677 -0.311626 
0.639268 -0.0676456 
0.637719 -0.0819326 
0.531668 -0.279927 
0.606613 -0.178632 
0.618918 -0.151693 
0.624101 -0.137969 
0.640044 -0.0532138 
0.640029 -0.0387562 
-0.245547 -0.369468 
-0.272751 -0.366934 
-0.0805631 -0.381363 
-0.566223 -0.239903 
-0.604074 -0.181777 
0.522055 -0.288669 
-0.63058 -0.106854 
0.559082 -0.250675 
-0.637313 -0.0617237 
-0.638446 -0.0387132 
-0.634697 -0.084455 
0.592066 -0.204566 
-0.624941 -0.128868 
-0.586813 -0.211794 
-0.204594 -0.372676 
-0.122041 -0.378414 
-0.149623 -0.376508 
-0.490032 -0.305865 
0.630542 -0.117255 
0.466788 -0.328112 
-0.52495 -0.281209 
-0.507285 -0.294605 
-0.339723 -0.358038 
-0.414523 -0.339971 
0.633968 -0.103213 
-0.454068 -0.324736 
0.327708 -0.379488 
0.100198 -0.393198 
0.0443035 -0.390248 
-0.011312 -0.386438 
0.213206 -0.393374 
0.156465 -0.394533 
-0.47226 -0.315887 
0.384566 -0.364442 
0.435057 -0.344631 
0.452522 -0.335989 
0.50252 -0.304499 
0.412459 -0.354369 
0.63859 -0.0747988 
-0.617757 -0.150447 
0.541037 -0.270703 
0.603149 -0.185261 
0.609937 -0.171934 
0.616093 -0.158462 
0.626414 -0.13112 
0.636657 -0.0890516 
0.62159 -0.144861 
-0.638112 -0.0154659 
-0.434821 -0.33277 
0.639755 -0.0604343 
0.640136 -0.0459841 
0.639722 -0.0314888 
-0.0390522 -0.384406 
-0.0667499 -0.382369 
0.128282 -0.39412 
0.29906 -0.384756 
0.27041 -0.388725 
-0.177146 -0.374616 
0.0164634 -0.388408 
0.0722079 -0.391875 
0.184771 -0.394324 
0.356269 -0.372764 
0.241764 -0.391553 
-0.0944171 -0.380365 
-0.313101 -0.362156 
-0.558666 -0.248758 
-0.573414 -0.230809 
-0.598721 -0.191938 
-0.391566 -0.346775 
0.576117 -0.228605 
0.517121 -0.292898 
0.482652 -0.318374 
-0.542531 -0.265584 
-0.609019 -0.171494 
0.526904 -0.284345 
-0.286222 -0.365498 
-0.259152 -0.368254 
-0.231942 -0.370596 
-0.365894 -0.352974 
