ZONE T="boundary0"
-4 -0.661241 
-4 -0.217548 
-4 -0.256416 
-4 0.460043 
-4 0.400288 
-4 0.639307 
-4 0.819653 
-4 0.021519 
-4 -0.83062 
-4 1 
-4 -0.295283 
-4 -0.334151 
-4 -0.17868 
-4 -0.464054 
-4 -0.399103 
-4 -0.0785804 
-4 -0.12863 
-4 -0.562647 
-4 0.189112 
-4 0.155704 
-4 0.289336 
-4 0.344812 
-4 -1 
-4 0.22252 
-4 0.255928 
-4 0.0886117 
-4 0.519797 
-4 -0.236982 
-4 0.430165 
-4 0.72948 
-4 0.909827 
-4 -0.314717 
-4 -0.198114 
-4 -0.431578 
-4 -0.153655 
-4 -0.103605 
-4 -0.0285307 
-4 -0.611944 
-4 0.172408 
-4 0.317074 
-4 -0.74593 
-4 -0.91531 
-4 -0.27585 
-4 -0.513351 
-4 0.205816 
-4 0.272632 
-4 0.122158 
-4 0.48992 
-4 0.37255 
-4 0.239224 
-4 0.0550653 
-4 0.579552 
-4 -0.366627 
ZONE T="boundary1"
-3.03156 1 
-0.127504 1 
-0.23671 1 
-0.330624 1 
-1.17086 1 
-1.27066 1 
0.662177 1 
0.715681 1 
1.21036 1 
1.09491 1 
-3.45576 1 
-3.24366 1 
3.65182 1 
4 1 
3.30363 1 
-2.09735 1 
-4 1 
-3.72788 1 
3.08569 1 
-2.29113 1 
-2.49924 1 
2.04516 1 
0.471254 1 
0.385847 1 
0.0658104 1 
0.000101067 1 
0.263246 1 
0.55666 1 
0.324547 1 
-0.0637015 1 
-0.468645 1 
0.769185 1 
0.876192 1 
-0.664609 1 
-0.566627 1 
0.985549 1 
0.197383 1 
-0.870542 1 
-0.767575 1 
0.13152 1 
-1.07106 1 
-0.9708 1 
-1.37964 1 
-1.48861 1 
-3.59182 1 
-1.69608 1 
3.82591 1 
2.86775 1 
2.56431 1 
2.41258 1 
-2.86945 1 
-2.70735 1 
1.82946 1 
1.69438 1 
1.44256 1 
1.5593 1 
1.32581 1 
-1.90356 1 
2.26086 1 
-0.182107 1 
-1.22076 1 
0.688929 1 
1.15263 1 
-3.34971 1 
3.47773 1 
-3.86394 1 
-2.39519 1 
0.428551 1 
0.0329557 1 
0.513957 1 
0.355197 1 
-0.0318002 1 
-0.399635 1 
0.293896 1 
0.609419 1 
0.742433 1 
0.822689 1 
-0.517636 1 
0.930871 1 
-0.615618 1 
-0.0956028 1 
-0.283667 1 
-0.819059 1 
0.164451 1 
-0.716092 1 
-1.02093 1 
-1.12096 1 
-1.43412 1 
-1.32515 1 
-3.65985 1 
-1.59235 1 
3.73886 1 
3.91295 1 
2.71603 1 
-2.7884 1 
1.76192 1 
-3.13761 1 
1.04023 1 
1.50093 1 
3.19466 1 
2.97672 1 
-1.79982 1 
-2.00045 1 
2.15301 1 
1.38419 1 
1.93731 1 
-3.52379 1 
1.62684 1 
-2.95051 1 
0.230314 1 
0.0986651 1 
-2.6033 1 
-0.920671 1 
1.26809 1 
2.48845 1 
2.33672 1 
-2.19424 1 
ZONE T="boundary2"
4 -1 
4 -0.821081 
4 -0.390677 
4 -0.33887 
4 0.120844 
4 -0.284474 
4 0.219283 
4 0.170064 
4 0.2745 
4 -0.133271 
4 -0.181675 
4 -0.00730051 
4 0.803606 
4 1 
4 -0.642162 
4 0.33875 
4 0.402999 
4 0.607211 
4 -0.230078 
4 -0.442484 
4 0.0567717 
4 -0.542323 
4 0.505105 
4 -0.91054 
4 -0.364773 
4 0.194673 
4 0.246892 
4 -0.157473 
4 0.901803 
4 -0.731621 
4 0.370875 
4 0.145454 
4 -0.257276 
4 -0.41658 
4 -0.311672 
4 -0.070286 
4 0.0247356 
4 0.705409 
4 0.306625 
4 -0.205876 
4 -0.492403 
4 0.454052 
4 0.556158 
4 -0.592242 
4 0.0888078 
ZONE T="boundary3"
4 -1 
3.79341 -1 
0.0313062 -1 
-0.153519 -1 
-0.218803 -1 
0.751055 -1 
0.480977 -1 
-0.568486 -1 
-0.374511 -1 
2.07257 -1 
-3.51228 -1 
-3.75614 -1 
1.76742 -1 
-1.55611 -1 
2.58909 -1 
2.71548 -1 
-2.85326 -1 
-2.51918 -1 
-2.15554 -1 
3.38024 -1 
3.58683 -1 
3.17366 -1 
-1.97113 -1 
2.33631 -1 
-0.335584 -1 
-0.471499 -1 
-0.0882342 -1 
-0.028464 -1 
0.14429 -1 
0.34163 -1 
0.292295 -1 
-0.668458 -1 
0.24296 -1 
-0.296657 -1 
0.644258 -1 
0.857852 -1 
-0.76843 -1 
-0.988466 -1 
-4 -1 
0.971985 -1 
1.08612 -1 
-1.3588 -1 
-1.23837 -1 
-3.18277 -1 
-1.78673 -1 
-1.63298 -1 
1.20457 -1 
1.32301 -1 
1.59961 -1 
1.46131 -1 
1.93523 -1 
2.4627 -1 
2.20991 -1 
-0.878448 -1 
-1.11342 -1 
-1.47923 -1 
3.89671 -1 
-0.186161 -1 
-3.63421 -1 
2.65228 -1 
-2.68622 -1 
-2.33736 -1 
3.48354 -1 
2.94457 -1 
-2.06334 -1 
-0.120876 -1 
0.00142088 -1 
0.087798 -1 
0.316963 -1 
-0.618472 -1 
0.267628 -1 
-0.31612 -1 
-0.519992 -1 
0.411304 -1 
0.562618 -1 
0.804454 -1 
-0.718444 -1 
0.697657 -1 
0.914919 -1 
1.02905 -1 
3.69012 -1 
-1.29859 -1 
-3.34753 -1 
-1.70985 -1 
1.26379 -1 
-3.87807 -1 
-1.87893 -1 
3.27695 -1 
2.3995 -1 
-3.01802 -1 
1.53046 -1 
1.85132 -1 
2.14124 -1 
2.0039 -1 
2.27311 -1 
2.52589 -1 
1.68352 -1 
-0.0583491 -1 
0.193625 -1 
-0.933457 -1 
-1.05094 -1 
-0.823439 -1 
-0.355047 -1 
-0.423005 -1 
-0.25773 -1 
-1.1759 -1 
-1.41902 -1 
-1.59454 -1 
-1.51767 -1 
1.39216 -1 
1.14534 -1 
ZONE T="boundary4"
0.00835195 0.444857 
-0.0181579 0.440144 
-0.119242 0.416342 
-0.0951071 0.42284 
-0.621265 -0.000473611 
-0.617552 0.0215093 
-0.573532 0.132922 
-0.563754 0.148163 
0.640198 0.110084 
0.636807 0.126131 
-0.325883 0.339288 
-0.143237 0.409387 
-0.165846 0.402384 
0.595555 0.236885 
-0.288177 0.356548 
-0.307013 0.348145 
0.442503 0.395345 
0.463746 0.382852 
0.610184 0.205453 
-0.612362 0.0433296 
-0.605704 0.0648541 
-0.597595 0.0859942 
-0.59053 0.101654 
-0.582606 0.117145 
0.566043 0.286564 
0.556654 0.29927 
-0.552008 0.164633 
-0.539518 0.180446 
-0.623526 -0.0225696 
-0.490757 0.231237 
0.642806 0.0941688 
0.574839 0.27346 
0.588978 0.249449 
-0.438303 0.273746 
-0.420015 0.28637 
-0.401406 0.298272 
-0.38244 0.309566 
-0.363632 0.320047 
-0.249706 0.372499 
-0.230088 0.380063 
-0.2692 0.36461 
0.372105 0.426276 
-0.209267 0.387698 
-0.0698884 0.42909 
-0.0445259 0.434811 
-0.456114 0.260434 
0.0359901 0.449058 
0.0637549 0.45252 
-0.344574 0.330035 
-0.473715 0.246178 
-0.507469 0.215362 
0.269245 0.450817 
0.295088 0.446498 
0.320803 0.441049 
-0.525476 0.196599 
0.644634 0.0781208 
-0.188323 0.394987 
0.643276 0.015068 
0.645613 0.062244 
0.601774 0.224141 
0.420467 0.4066 
0.397991 0.41653 
0.54615 0.312162 
0.535022 0.324543 
0.523452 0.336242 
0.511344 0.347389 
0.488206 0.366098 
0.0928711 0.455302 
0.122085 0.457182 
0.152273 0.458118 
0.182499 0.45797 
0.211844 0.456722 
0.241132 0.454312 
0.345948 0.434504 
0.632749 0.141975 
0.617918 0.186473 
0.627992 0.157925 
0.644956 0.0306735 
0.645727 0.0463383 
-0.00491716 0.442581 
-0.10719 0.419649 
-0.619589 0.0105484 
-0.568733 0.140601 
0.638591 0.118126 
-0.154557 0.405935 
-0.297615 0.35239 
0.453219 0.38926 
-0.615138 0.0324626 
-0.601824 0.075491 
-0.586662 0.109448 
-0.578166 0.12509 
0.561421 0.292971 
-0.545857 0.172613 
0.582123 0.261581 
-0.429217 0.280141 
-0.391966 0.303991 
-0.373071 0.314869 
-0.41076 0.292399 
-0.31647 0.343764 
-0.239912 0.376321 
-0.278706 0.36062 
-0.131256 0.412921 
-0.25947 0.368595 
-0.219693 0.383924 
-0.0825139 0.42603 
-0.0572225 0.432019 
-0.447273 0.267176 
0.0498606 0.450884 
-0.354134 0.325099 
-0.464985 0.253392 
-0.499195 0.223386 
-0.482309 0.23879 
0.282189 0.448792 
-0.532591 0.188605 
0.643822 0.0861564 
-0.19881 0.391386 
-0.516593 0.206096 
-0.0313573 0.437554 
0.641596 0.102142 
0.570514 0.280061 
0.645229 0.0701889 
0.606063 0.214834 
0.431566 0.401132 
0.385118 0.421589 
0.409296 0.411718 
0.55148 0.30578 
0.517463 0.341886 
0.540661 0.31842 
0.476137 0.374711 
0.10747 0.456359 
0.137175 0.457781 
-0.335254 0.334712 
0.197177 0.457487 
0.255207 0.452713 
0.333414 0.437925 
0.307976 0.443917 
0.634858 0.134073 
0.62317 0.172275 
0.630445 0.149972 
-0.557985 0.156472 
0.529306 0.330461 
0.645454 0.0385004 
0.645781 0.054292 
-0.609212 0.0541472 
0.644231 0.0228584 
-0.177101 0.398734 
0.0783025 0.454021 
0.2265 0.455667 
0.359081 0.430564 
0.0221573 0.447048 
0.167387 0.458184 
0.614138 0.195998 
0.598707 0.230534 
0.592314 0.243192 
-0.594159 0.0938674 
-0.622575 -0.0115032 
0.499965 0.356979 
ZONE T="boundary5"
-0.522526 -0.319445 
-0.536621 -0.300615 
-0.549776 -0.281214 
0.481977 -0.210145 
0.456656 -0.228775 
-0.562193 -0.260861 
-0.573621 -0.239951 
-0.608419 -0.154329 
-0.623806 -0.0667887 
-0.624361 -0.0446789 
0.640688 -0.000317247 
0.637202 -0.0154296 
0.598097 -0.0995463 
0.60663 -0.0864852 
-0.614174 -0.132601 
-0.621899 -0.0888248 
-0.618675 -0.110777 
-0.584058 -0.218635 
-0.181924 -0.519801 
-0.208633 -0.514931 
-0.235146 -0.508647 
-0.46287 -0.383719 
-0.445145 -0.399262 
-0.261318 -0.500991 
-0.287134 -0.491976 
-0.337294 -0.470041 
-0.154988 -0.523251 
-0.128032 -0.525241 
-0.100946 -0.525763 
0.408861 -0.264023 
-0.0470277 -0.522315 
-0.0740076 -0.524797 
-0.478632 -0.368697 
-0.493781 -0.353052 
-0.508507 -0.336547 
0.55612 -0.148796 
-0.384474 -0.443506 
-0.361206 -0.457361 
0.391358 -0.277085 
-0.40597 -0.429261 
-0.312469 -0.481653 
0.632809 -0.0303085 
0.588505 -0.112632 
0.627557 -0.0448205 
0.578279 -0.125174 
-0.623526 -0.0225696 
0.337895 -0.31765 
0.311372 -0.338194 
-0.593319 -0.197344 
0.284852 -0.358862 
0.532144 -0.17069 
0.00628497 -0.512804 
-0.0203359 -0.518334 
0.0325238 -0.505781 
0.0842521 -0.487173 
0.109836 -0.475559 
0.0586418 -0.49719 
0.134853 -0.462644 
0.159675 -0.448337 
0.259532 -0.378458 
0.184368 -0.43271 
0.209395 -0.415604 
0.355864 -0.303884 
0.37385 -0.290244 
0.432777 -0.246311 
0.643276 0.015068 
-0.601452 -0.175916 
0.614456 -0.0729159 
0.6214 -0.0591005 
-0.426771 -0.414028 
0.506953 -0.191202 
0.234007 -0.397753 
-0.543313 -0.290992 
0.469331 -0.21948 
-0.568028 -0.250472 
0.639059 -0.00789963 
0.602452 -0.0930736 
-0.611444 -0.143504 
-0.620448 -0.0998247 
-0.195311 -0.517542 
-0.221931 -0.511962 
-0.454091 -0.391586 
-0.274284 -0.496649 
-0.141523 -0.524428 
-0.114492 -0.525688 
-0.0605 -0.523746 
-0.486285 -0.360951 
-0.556108 -0.271113 
-0.349329 -0.463849 
-0.372926 -0.450577 
-0.470826 -0.376286 
-0.515607 -0.32807 
-0.395306 -0.43651 
-0.299867 -0.486976 
0.593388 -0.106153 
0.567456 -0.137225 
-0.616579 -0.121721 
-0.624119 -0.0336176 
0.32462 -0.327904 
-0.588811 -0.208043 
0.298112 -0.348528 
0.544316 -0.159945 
-0.578958 -0.229351 
-0.00698619 -0.515758 
0.0194539 -0.509477 
0.0971196 -0.481533 
0.045643 -0.501669 
0.147343 -0.455627 
0.196951 -0.424257 
0.364849 -0.297053 
0.346871 -0.310756 
0.382598 -0.283656 
0.400105 -0.270547 
0.420809 -0.255154 
-0.605076 -0.165168 
0.618028 -0.0660584 
0.610639 -0.0797561 
0.58347 -0.118966 
0.630292 -0.0376038 
0.635118 -0.0229022 
0.624585 -0.0520063 
0.642097 0.00735604 
-0.436037 -0.406743 
-0.50123 -0.344876 
0.519665 -0.18109 
-0.41646 -0.421766 
-0.529682 -0.310111 
0.272209 -0.368683 
-0.597517 -0.18668 
-0.168479 -0.521706 
-0.0336537 -0.520513 
0.122423 -0.469252 
-0.324955 -0.476004 
0.221754 -0.406752 
-0.248281 -0.504987 
-0.0874699 -0.525466 
0.172097 -0.440642 
0.0715147 -0.492355 
0.49452 -0.200747 
0.246807 -0.388156 
-0.624255 -0.0557381 
-0.623019 -0.0778211 
0.44471 -0.237533 
