ZONE T="boundary0"
-4 -0.224469 
-4 -0.334151 
-4 -0.295283 
-4 0.138862 
-4 0.639307 
-4 0.0719388 
-4 -0.399103 
-4 -0.464054 
-4 -0.0618072 
-4 -0.256416 
-4 0.168128 
-4 0.329178 
-4 0.197395 
-4 0.226661 
-4 0.255928 
-4 0.520867 
-4 0.402427 
-4 0.461647 
-4 0.819653 
-4 1 
-4 -1 
-4 -0.83062 
-4 -0.12863 
-4 -0.192523 
-4 0.00501566 
-4 -0.562647 
-4 -0.661241 
-4 -0.314717 
-4 -0.431578 
-4 -0.240442 
-4 0.153495 
-4 0.212028 
-4 0.292553 
-4 0.580087 
-4 0.365803 
-4 0.432037 
-4 0.491257 
-4 0.72948 
-4 0.909827 
-4 -0.91531 
-4 -0.27585 
-4 -0.366627 
-4 -0.160576 
-4 -0.208496 
-4 0.182762 
-4 0.0384772 
-4 0.1054 
-4 0.241295 
-4 -0.0283958 
-4 -0.0952187 
-4 -0.513351 
-4 -0.611944 
-4 -0.74593 
ZONE T="boundary1"
-3.23715 1 
3.84219 1 
0.197383 1 
0.263246 1 
-1.07083 1 
-1.17086 1 
0.876192 1 
3.68438 1 
-0.566627 1 
1.09491 1 
1.21036 1 
-1.53786 1 
-3.70887 1 
4 1 
3.36875 1 
1.5593 1 
-3.85444 1 
-2.49132 1 
-3.56331 1 
-2.68435 1 
-3.05656 1 
-2.29829 1 
2.22887 1 
2.04516 1 
3.09688 1 
0.13152 1 
-0.279844 1 
-0.767575 1 
-0.667101 1 
-0.330624 1 
-0.448626 1 
0.715681 1 
0.593467 1 
0.0658104 1 
0.000101067 1 
-0.0637015 1 
-0.127504 1 
-0.229064 1 
0.36725 1 
0.471254 1 
-0.9708 1 
1.44256 1 
1.32581 1 
-4 1 
-1.71729 1 
-1.89672 1 
-1.35436 1 
-1.44611 1 
-1.26261 1 
-0.869188 1 
0.985549 1 
2.61879 1 
2.825 1 
2.41258 1 
1.80223 1 
-2.0975 1 
-3.41774 1 
0.230314 1 
-1.12084 1 
3.92109 1 
3.52657 1 
-2.87045 1 
2.13702 1 
0.164451 1 
-0.717338 1 
-0.389625 1 
0.654574 1 
0.0329557 1 
-0.616864 1 
-0.0956028 1 
-0.178284 1 
-0.254454 1 
-0.305234 1 
0.419252 1 
0.795937 1 
-1.02082 1 
3.76328 1 
-0.507626 1 
0.532361 1 
1.38419 1 
-3.92722 1 
-3.78165 1 
-3.63609 1 
-1.807 1 
-1.62757 1 
-1.49199 1 
-1.30848 1 
-0.919994 1 
2.96094 1 
2.7219 1 
2.51569 1 
1.9237 1 
1.50093 1 
-2.1979 1 
3.23282 1 
-1.99711 1 
1.68077 1 
-3.49052 1 
-2.39481 1 
0.315248 1 
-0.0318002 1 
0.0986651 1 
1.26809 1 
1.15263 1 
-3.14685 1 
-3.32745 1 
-2.58783 1 
-1.40024 1 
1.04023 1 
2.32073 1 
0.930871 1 
-1.21673 1 
-0.818382 1 
ZONE T="boundary2"
4 -0.821081 
4 -0.390677 
4 -0.33887 
4 -0.0382499 
4 -0.133271 
4 0.0567717 
4 0.0992561 
4 0.141741 
4 0.196173 
4 0.248391 
4 0.306625 
4 0.402999 
4 0.354812 
4 0.454052 
4 -0.181675 
4 0.505105 
4 0.566967 
4 1 
4 -0.284474 
4 -0.230078 
4 -0.442484 
4 -0.642162 
4 -0.542323 
4 0.628829 
4 0.752553 
4 0.876276 
4 -1 
4 -0.364773 
4 -0.0857606 
4 0.00926091 
4 0.120498 
4 0.222282 
4 0.168957 
4 0.277508 
4 0.378906 
4 -0.157473 
4 0.536036 
4 0.0780139 
4 -0.311672 
4 -0.205876 
4 -0.257276 
4 0.479579 
4 0.330719 
4 0.428526 
4 -0.492403 
4 0.597898 
4 0.690691 
4 0.814415 
4 0.938138 
4 -0.731621 
4 -0.91054 
4 -0.41658 
4 -0.592242 
ZONE T="boundary3"
-3.51228 -1 
-3.75614 -1 
-1.55611 -1 
-0.277193 -1 
-0.218803 -1 
0.241171 -1 
0.292295 -1 
-0.153519 -1 
-0.569978 -1 
-0.471499 -1 
0.417287 -1 
0.530773 -1 
0.751055 -1 
-0.995934 -1 
1.59961 -1 
1.76742 -1 
-2.67883 -1 
-2.5044 -1 
-2.23777 -1 
-1.97113 -1 
-1.76362 -1 
2.75528 -1 
2.90157 -1 
3.04786 -1 
3.69012 -1 
-0.668458 -1 
-0.773453 -1 
0.150361 -1 
0.190047 -1 
0.110676 -1 
-0.335584 -1 
0.0313062 -1 
-0.028464 -1 
-0.0882342 -1 
-0.403541 -1 
0.644258 -1 
-0.878448 -1 
0.857852 -1 
1.08612 -1 
4 -1 
-1.11342 -1 
-1.3588 -1 
-1.23611 -1 
0.971985 -1 
1.20457 -1 
3.36899 -1 
1.32301 -1 
-4 -1 
3.20843 -1 
2.4627 -1 
2.19896 -1 
-3.18277 -1 
1.93523 -1 
-3.01802 -1 
-2.85326 -1 
-3.34753 -1 
1.46131 -1 
-0.247998 -1 
0.266733 -1 
-0.520738 -1 
1.68352 -1 
-2.59162 -1 
-2.37108 -1 
-1.86738 -1 
2.97472 -1 
-0.720955 -1 
0.170204 -1 
0.130519 -1 
0.00142088 -1 
-0.306389 -1 
-0.43752 -1 
-0.0583491 -1 
-0.120876 -1 
0.354791 -1 
0.587516 -1 
0.47403 -1 
-0.619218 -1 
-0.82595 -1 
0.804454 -1 
0.697657 -1 
3.84506 -1 
-1.45745 -1 
-1.29746 -1 
0.914919 -1 
3.52956 -1 
1.02905 -1 
1.26379 -1 
1.14534 -1 
-3.87807 -1 
3.28871 -1 
2.33083 -1 
-3.10039 -1 
-2.76605 -1 
-2.10445 -1 
2.06709 -1 
-3.4299 -1 
-2.93564 -1 
1.85132 -1 
-1.65986 -1 
-3.63421 -1 
2.60899 -1 
3.12814 -1 
2.82842 -1 
-3.26515 -1 
-0.186161 -1 
0.215609 -1 
0.0709913 -1 
-0.369562 -1 
-0.937191 -1 
-1.05468 -1 
-1.17477 -1 
1.39216 -1 
1.53046 -1 
ZONE T="boundary4"
-0.612305 0.0182905 
-0.436304 0.280775 
-0.453398 0.266202 
0.640957 0.106301 
-0.616662 -0.00384791 
-0.619666 -0.0260941 
0.64863 0.00889186 
0.646763 0.0735774 
0.648503 0.057317 
-0.502688 0.21756 
-0.520055 0.197648 
0.574489 0.275613 
0.588128 0.250367 
0.608931 0.204475 
0.600591 0.223916 
-0.364312 0.332333 
-0.345836 0.343593 
-0.606582 0.040296 
-0.599518 0.0620446 
0.512981 0.354512 
0.490301 0.374824 
-0.591136 0.0834699 
0.566016 0.28946 
0.556962 0.302938 
-0.575998 0.115206 
-0.583956 0.0993947 
-0.566973 0.13138 
-0.557328 0.147083 
-0.545822 0.164155 
-0.533661 0.18066 
0.649421 0.0410114 
-0.19259 0.41626 
-0.309312 0.364025 
-0.290932 0.373488 
0.524789 0.342483 
-0.418705 0.294714 
-0.400794 0.307934 
-0.382482 0.320569 
0.632434 0.138991 
-0.253217 0.391375 
-0.27235 0.382548 
-0.327693 0.354029 
-0.233897 0.399799 
-0.213335 0.408251 
-0.147716 0.431888 
-0.123712 0.439327 
-0.0995194 0.446192 
-0.0741376 0.452722 
-0.0485793 0.458608 
-0.470292 0.250688 
-0.486628 0.234565 
0.536034 0.329915 
0.644216 0.0900077 
0.478416 0.384231 
0.64947 0.0249346 
0.466172 0.39316 
0.423139 0.419429 
0.374638 0.441536 
0.400645 0.430538 
0.4451 0.406933 
0.546814 0.31667 
0.0908719 0.478461 
0.120613 0.479918 
0.0612118 0.476006 
0.1822 0.479554 
0.212106 0.477609 
0.270528 0.470065 
0.296772 0.464879 
0.348265 0.450921 
0.627278 0.155381 
0.616755 0.184823 
-0.170248 0.424326 
-0.0219026 0.464015 
0.033008 0.47277 
0.00493234 0.468695 
0.241932 0.474409 
0.151406 0.480325 
0.322837 0.458482 
-0.444918 0.273567 
-0.618331 -0.0149491 
0.647732 0.0654574 
-0.511481 0.2077 
0.58151 0.2631 
0.604825 0.214224 
-0.355111 0.338025 
-0.609609 0.0293358 
-0.61465 0.00725351 
-0.603211 0.0512223 
0.501849 0.364901 
-0.595483 0.0728181 
0.561562 0.296248 
-0.580061 0.107343 
-0.587632 0.0914709 
-0.562231 0.139281 
-0.539825 0.172469 
-0.571572 0.123341 
-0.409803 0.301398 
-0.262807 0.387012 
-0.336796 0.348866 
-0.391686 0.314322 
0.59451 0.237214 
-0.318532 0.35908 
-0.373438 0.326515 
-0.281665 0.378067 
-0.243579 0.395638 
-0.202984 0.412311 
-0.135737 0.435679 
-0.111637 0.442832 
-0.0868498 0.449538 
-0.0613779 0.455747 
-0.47853 0.242698 
-0.494734 0.226134 
-0.300148 0.368807 
0.530484 0.336265 
-0.551667 0.155682 
0.636989 0.122722 
0.642671 0.0981712 
0.484405 0.379587 
0.570325 0.282581 
0.649164 0.0169069 
0.472338 0.388755 
0.411971 0.425144 
0.387725 0.436233 
0.434214 0.413347 
0.541501 0.323356 
0.518954 0.348566 
0.455744 0.400212 
-0.223639 0.404081 
-0.427566 0.287822 
0.105736 0.479317 
0.197163 0.478733 
0.283679 0.467616 
-0.526942 0.189222 
0.361517 0.446413 
0.551967 0.309863 
0.629918 0.147205 
0.612909 0.194675 
0.649554 0.032973 
0.649068 0.0491698 
0.645583 0.0818067 
-0.159004 0.42817 
-0.0352598 0.461402 
0.0189546 0.470836 
-0.181442 0.420356 
-0.461916 0.258524 
0.0470972 0.474495 
0.0760313 0.477356 
0.227037 0.47617 
0.256254 0.472396 
-0.00850181 0.466448 
0.166807 0.480091 
0.335598 0.454859 
0.136007 0.480265 
0.309842 0.461834 
0.622185 0.170162 
ZONE T="boundary5"
-0.568686 -0.266745 
-0.579256 -0.245624 
-0.093936 -0.493654 
-0.119408 -0.498519 
-0.614931 -0.137022 
-0.61844 -0.114983 
-0.620692 -0.0928342 
0.495853 -0.217643 
0.521105 -0.20069 
-0.619666 -0.0260941 
0.646882 -0.006949 
0.64863 0.00889186 
-0.588758 -0.224061 
-0.597057 -0.202512 
-0.610177 -0.158987 
-0.517651 -0.342856 
-0.299634 -0.488261 
-0.274218 -0.494688 
0.569539 -0.159742 
0.580491 -0.148087 
-0.196843 -0.503947 
-0.372956 -0.459403 
-0.222716 -0.502529 
-0.170921 -0.503727 
0.546108 -0.181311 
0.558069 -0.1708 
-0.145161 -0.501907 
-0.50341 -0.359317 
-0.0684843 -0.487323 
-0.488683 -0.374836 
-0.473288 -0.38964 
-0.544587 -0.30681 
-0.557046 -0.287273 
-0.248556 -0.499444 
-0.0433161 -0.47967 
-0.455908 -0.40482 
-0.437821 -0.419079 
-0.39601 -0.446838 
-0.417288 -0.433562 
-0.62166 -0.070622 
0.617429 -0.096035 
0.590838 -0.135846 
0.308218 -0.310184 
0.33915 -0.296469 
-0.0181342 -0.470697 
0.0320786 -0.449309 
0.0571036 -0.437216 
0.108365 -0.410544 
0.0827675 -0.424101 
0.00686075 -0.460587 
0.134863 -0.396281 
0.161404 -0.382025 
0.35969 -0.287366 
0.189474 -0.367223 
0.277173 -0.324246 
0.380098 -0.278193 
0.399568 -0.269207 
0.444549 -0.246978 
0.418858 -0.259971 
0.469821 -0.233203 
0.600532 -0.123 
0.624571 -0.0819957 
0.609527 -0.109526 
0.630795 -0.0676922 
0.640651 -0.0379032 
0.636187 -0.0529117 
0.644227 -0.0225343 
-0.531129 -0.325728 
-0.621325 -0.0483506 
-0.604207 -0.180824 
-0.324666 -0.480192 
-0.349257 -0.470499 
0.247358 -0.338257 
0.217602 -0.352854 
-0.574105 -0.256252 
-0.106641 -0.496267 
-0.61684 -0.126028 
-0.619724 -0.103925 
0.508602 -0.209356 
0.647871 0.000958284 
-0.593036 -0.213337 
-0.612704 -0.148038 
-0.286977 -0.491679 
0.575088 -0.153986 
-0.209792 -0.503444 
-0.183882 -0.50404 
0.552147 -0.176122 
-0.510625 -0.35117 
-0.132263 -0.500404 
-0.0811731 -0.49066 
-0.496134 -0.367162 
-0.48107 -0.382327 
-0.550941 -0.297122 
-0.0558578 -0.483653 
-0.446953 -0.412064 
-0.384577 -0.453296 
-0.464692 -0.39734 
-0.406742 -0.440352 
0.585746 -0.142037 
0.323683 -0.303309 
0.044626 -0.443346 
0.0699635 -0.43072 
0.121619 -0.403422 
0.148127 -0.389138 
0.175423 -0.374584 
0.349426 -0.291924 
0.389848 -0.273729 
0.369905 -0.282799 
0.431749 -0.253563 
0.457243 -0.240199 
-0.261425 -0.497273 
-0.235661 -0.501194 
-0.427654 -0.426465 
0.292681 -0.317167 
0.595776 -0.129492 
0.613577 -0.102839 
0.62779 -0.0748914 
0.621105 -0.0890697 
0.605129 -0.11633 
0.638532 -0.0454418 
0.633603 -0.0603437 
0.642555 -0.0302463 
0.64567 -0.0147618 
0.409232 -0.264628 
-0.524489 -0.334371 
0.53379 -0.191244 
-0.621337 -0.081736 
-0.537976 -0.316354 
-0.620661 -0.0372107 
-0.15803 -0.503014 
-0.563001 -0.277086 
-0.600768 -0.191714 
-0.621657 -0.0594847 
0.0195124 -0.455054 
-0.00559283 -0.465766 
-0.337037 -0.47554 
-0.36119 -0.465135 
0.482923 -0.225574 
-0.0306801 -0.475326 
-0.312214 -0.484426 
0.0955832 -0.417357 
0.232455 -0.345488 
0.203517 -0.359983 
0.262243 -0.33119 
0.563867 -0.165342 
-0.607335 -0.169946 
-0.584135 -0.2349 
