ZONE T="boundary0"
-4 -0.415945 
-4 0.622779 
-4 -0.469676 
-4 -0.229048 
-4 -0.166545 
-4 -0.291552 
-4 0.0686355 
-4 -0.0112123 
-4 0.421275 
-4 0.345511 
-4 0.291004 
-4 0.263751 
-4 0.748519 
-4 0.497038 
-4 1 
-4 -0.78857 
-4 -1 
-4 -0.362213 
-4 -0.0888786 
-4 -0.57714 
-4 0.148483 
-4 0.214494 
-4 0.192491 
-4 0.236498 
-4 -0.682855 
-4 -0.2603 
-4 -0.197797 
-4 0.0287116 
-4 0.383393 
-4 0.277378 
-4 0.87426 
-4 -0.894285 
-4 -0.326882 
-4 -0.0500455 
-4 -0.523408 
-4 0.203492 
-4 0.318258 
-4 0.250124 
-4 -0.442811 
-4 0.459156 
-4 0.685649 
-4 0.559908 
-4 0.108559 
-4 -0.629997 
-4 -0.735712 
-4 0.225496 
-4 -0.389079 
-4 -0.127712 
-4 0.170487 
ZONE T="boundary1"
1.20363 1 
1.09138 1 
3.73905 1 
-0.0697621 1 
0.183912 1 
0.141157 1 
1.31587 1 
-0.358336 1 
-0.431811 1 
-3.65706 1 
4 1 
3.4781 1 
3.24109 1 
0.226666 1 
1.87137 1 
1.7158 1 
1.43806 1 
3.00407 1 
-4 1 
-1.37355 1 
-1.5128 1 
-1.7991 1 
-1.94615 1 
-2.13851 1 
-2.33086 1 
2.38634 1 
-3.31412 1 
2.70401 1 
-3.07364 1 
0.076711 1 
0.412427 1 
0.319547 1 
-0.77633 1 
-0.284862 1 
-0.218325 1 
-0.151789 1 
-0.893003 1 
0.519578 1 
0.626729 1 
-0.673692 1 
0.856201 1 
0.741465 1 
-1.12477 1 
-1.00889 1 
-0.571053 1 
-0.501432 1 
-1.24916 1 
0.973792 1 
1.56024 1 
-2.58201 1 
-2.83317 1 
2.07591 1 
2.17818 1 
2.49223 1 
-1.65204 1 
0.0122645 1 
2.28045 1 
1.1475 1 
0.162535 1 
1.25975 1 
-0.395073 1 
3.86953 1 
3.35959 1 
1.79359 1 
3.60858 1 
-1.44317 1 
-3.82853 1 
-2.04233 1 
-2.23469 1 
2.85404 1 
0.365987 1 
0.205289 1 
0.108934 1 
-0.251593 1 
-0.321599 1 
-0.834666 1 
0.466003 1 
0.573153 1 
0.798833 1 
0.684097 1 
-1.06683 1 
-0.725011 1 
-0.466621 1 
-1.18697 1 
-0.622373 1 
-1.31136 1 
3.12258 1 
1.37696 1 
0.914996 1 
-2.45644 1 
-2.70759 1 
-2.9534 1 
2.12705 1 
-3.48559 1 
1.63802 1 
2.59812 1 
-1.72557 1 
-1.87262 1 
-3.19388 1 
1.97364 1 
-0.185057 1 
-0.110775 1 
0.273106 1 
0.0444877 1 
-0.0287488 1 
-0.536243 1 
-0.950946 1 
1.49915 1 
1.03259 1 
2.22932 1 
2.43929 1 
2.3334 1 
-1.58242 1 
ZONE T="boundary2"
4 -0.479624 
4 -0.354185 
4 -0.283113 
4 -0.253855 
4 -0.224596 
4 -0.416905 
4 0.138063 
4 0.238503 
4 0.568669 
4 0.38586 
4 0.0071853 
4 0.0726242 
4 -0.0612179 
4 0.661097 
4 1 
4 0.753525 
4 -0.869906 
4 -0.739812 
4 -1 
4 -0.177109 
4 -0.129621 
4 -0.609718 
4 0.328886 
4 0.442833 
4 0.505751 
4 -0.318649 
4 -0.239225 
4 -0.385545 
4 0.188283 
4 0.0399048 
4 0.876763 
4 -0.804859 
4 -0.934953 
4 -0.268484 
4 -0.153365 
4 -0.200852 
4 -0.448264 
4 -0.0270163 
4 -0.0954196 
4 -0.544671 
4 -0.674765 
4 0.283695 
4 0.414346 
4 0.357373 
4 0.474292 
4 0.53721 
4 0.707311 
4 0.614883 
4 0.105344 
ZONE T="boundary3"
-1.46535 -1 
-1.87874 -1 
3.6006 -1 
-0.0811646 -1 
1.31967 -1 
1.3982 -1 
0.039904 -1 
-0.678355 -1 
-0.145029 -1 
0.74914 -1 
0.853611 -1 
-1.36649 -1 
1.82728 -1 
3.2012 -1 
3.4009 -1 
-1.26763 -1 
-1.15445 -1 
-3.4439 -1 
-3.28891 -1 
-2.04289 -1 
-2.94569 -1 
3.8003 -1 
4 -1 
-2.76392 -1 
-2.58215 -1 
-2.20704 -1 
-4 -1 
2.22548 -1 
-2.39459 -1 
-1.75991 -1 
2.46148 -1 
2.61637 -1 
0.241605 -1 
0.166571 -1 
0.492325 -1 
0.5837 -1 
0.103237 -1 
0.66642 -1 
0.358795 -1 
0.400949 -1 
-0.2852 -1 
-0.208894 -1 
0.31664 -1 
-0.797909 -1 
-0.558801 -1 
-0.361505 -1 
0.958081 -1 
-3.79945 -1 
-1.04127 -1 
-0.919591 -1 
-3.5989 -1 
1.02885 -1 
1.09962 -1 
1.24115 -1 
-3.1173 -1 
1.53163 -1 
1.66507 -1 
-1.55321 -1 
-1.64108 -1 
1.98948 -1 
2.98624 -1 
2.77127 -1 
1.35893 -1 
-0.0206303 -1 
-0.113097 -1 
0.801375 -1 
3.30105 -1 
-1.21104 -1 
-3.36641 -1 
-1.96081 -1 
3.90015 -1 
-2.67303 -1 
-2.12496 -1 
-2.48837 -1 
2.53893 -1 
0.204088 -1 
0.538012 -1 
0.134904 -1 
0.379872 -1 
-0.247047 -1 
0.0715707 -1 
0.279123 -1 
0.446637 -1 
0.337717 -1 
-0.738132 -1 
-0.618578 -1 
-0.460153 -1 
0.905846 -1 
-0.980432 -1 
-3.69917 -1 
-3.5214 -1 
0.62506 -1 
0.70778 -1 
0.993465 -1 
1.17039 -1 
3.70045 -1 
-3.03149 -1 
-1.31706 -1 
-1.09786 -1 
-1.41592 -1 
1.59835 -1 
-0.85875 -1 
1.28041 -1 
-1.70049 -1 
2.34348 -1 
-1.59715 -1 
-1.81933 -1 
1.90838 -1 
-3.2031 -1 
1.74617 -1 
2.87875 -1 
2.10748 -1 
-3.89972 -1 
3.09372 -1 
-2.30081 -1 
2.69382 -1 
-2.8548 -1 
-0.176962 -1 
-0.323353 -1 
-1.50928 -1 
1.46491 -1 
3.50075 -1 
1.06423 -1 
ZONE T="boundary4"
-0.454444 0.324346 
-0.638075 0.00440183 
0.58594 0.210932 
0.598973 0.188468 
-0.289338 0.359558 
0.63461 0.0738203 
0.632422 0.0914611 
-0.638054 0.0694794 
-0.639352 0.0477418 
-0.63934 0.0260358 
-0.567106 0.242984 
-0.552211 0.259352 
0.342337 0.374873 
0.366667 0.368725 
-0.635396 0.0910987 
-0.631341 0.112502 
-0.627258 0.128735 
-0.609348 0.176994 
-0.600894 0.193625 
-0.401006 0.341992 
-0.383189 0.346189 
-0.62235 0.144657 
-0.616279 0.161085 
0.495995 0.308286 
-0.579835 0.226765 
-0.346815 0.352818 
-0.328345 0.355389 
-0.267847 0.361336 
-0.537488 0.27327 
0.469719 0.325509 
0.482359 0.317641 
-0.522034 0.285892 
-0.50581 0.297332 
-0.471885 0.316506 
0.553732 0.255041 
0.54423 0.265729 
-0.418942 0.336997 
0.509204 0.298248 
0.522021 0.287448 
0.571671 0.232136 
-0.489128 0.307477 
-0.365171 0.349764 
0.629109 0.108825 
0.624642 0.12618 
-0.246363 0.362881 
-0.223489 0.364371 
-0.200666 0.365785 
-0.126137 0.370631 
-0.100478 0.372523 
-0.0465214 0.376901 
-0.0734479 0.374657 
0.00991615 0.381763 
0.0390893 0.384195 
-0.151901 0.368864 
-0.308866 0.357653 
0.63168 0.0035911 
-0.591516 0.209568 
0.443674 0.339627 
0.456778 0.332852 
0.409757 0.35448 
0.388316 0.362148 
0.430326 0.345906 
0.534277 0.275984 
0.635616 0.056266 
0.0975657 0.38837 
0.126941 0.389873 
0.0682645 0.386434 
0.210715 0.390611 
0.264537 0.387233 
0.291208 0.384112 
0.316815 0.380062 
-0.436605 0.331206 
0.237853 0.389358 
0.619164 0.143108 
0.635454 0.038583 
0.609956 0.166064 
0.634139 0.0210949 
-0.17624 0.367297 
-0.0182763 0.379331 
0.155247 0.390787 
0.18364 0.39106 
0.592649 0.199812 
0.633662 0.0826576 
-0.63887 0.0586223 
-0.638861 0.0152113 
-0.559818 0.25131 
0.354537 0.371946 
-0.636897 0.0803115 
-0.633545 0.101836 
-0.629405 0.120646 
-0.605249 0.185375 
-0.392119 0.344174 
-0.619431 0.152914 
-0.624909 0.136729 
-0.612927 0.169089 
-0.337589 0.35416 
-0.544978 0.266444 
0.47608 0.321641 
0.549039 0.260436 
0.515682 0.29293 
0.56293 0.243769 
-0.480579 0.312125 
-0.374196 0.348051 
0.627011 0.117536 
0.502662 0.303349 
-0.278594 0.360482 
-0.356005 0.351357 
-0.410003 0.339591 
-0.573611 0.234983 
-0.212075 0.365082 
-0.113303 0.371561 
-0.0599814 0.375767 
0.0245008 0.382996 
-0.257105 0.362132 
-0.514024 0.291752 
-0.299105 0.358645 
-0.639506 0.0368903 
-0.234925 0.363641 
-0.596327 0.201668 
0.450257 0.336302 
0.399084 0.358449 
0.420098 0.350328 
0.630904 0.100168 
0.489233 0.313045 
0.528224 0.281795 
-0.497555 0.30254 
0.112247 0.389184 
0.30403 0.382221 
-0.42781 0.334206 
-0.529876 0.279718 
0.251201 0.388412 
0.224286 0.390091 
0.539311 0.270911 
-0.585823 0.218266 
-0.318612 0.356572 
0.622029 0.134684 
0.635682 0.047422 
0.614782 0.154674 
0.634939 0.0298273 
0.633049 0.0123226 
0.635258 0.0650503 
-0.463223 0.32055 
0.329603 0.377614 
0.578978 0.221651 
-0.188449 0.366537 
-0.139014 0.369732 
-0.0869585 0.373573 
0.277885 0.385803 
0.377528 0.365564 
-0.164066 0.368071 
0.0536733 0.385346 
0.0829095 0.387448 
-0.0041801 0.380551 
0.141089 0.390402 
0.197176 0.390929 
-0.0323962 0.37811 
0.169439 0.391011 
-0.445573 0.327894 
0.604665 0.177364 
0.43703 0.342827 
0.463285 0.329245 
ZONE T="boundary5"
0.578289 -0.130915 
-0.460124 -0.334022 
-0.530524 -0.255323 
-0.543389 -0.237478 
-0.635621 -0.0170642 
-0.638075 0.00440183 
0.487706 -0.28701 
0.501107 -0.264059 
-0.614948 -0.100833 
-0.621647 -0.0802607 
-0.589172 -0.161171 
-0.598671 -0.141312 
-0.632029 -0.0383615 
-0.627357 -0.0594242 
-0.578795 -0.180802 
-0.427159 -0.362989 
-0.44433 -0.348391 
-0.186323 -0.492551 
-0.211209 -0.484119 
-0.235798 -0.47485 
-0.25966 -0.464916 
-0.328263 -0.430676 
-0.305921 -0.442814 
-0.283165 -0.454175 
-0.108039 -0.513264 
-0.0811369 -0.518452 
-0.0533612 -0.522805 
-0.0254805 -0.526154 
-0.160664 -0.500288 
-0.134766 -0.507149 
-0.555666 -0.219231 
-0.517494 -0.272142 
-0.503854 -0.288499 
-0.489908 -0.304059 
-0.409496 -0.377004 
0.529092 -0.214607 
-0.349674 -0.418062 
-0.370623 -0.404714 
-0.390303 -0.391192 
-0.475422 -0.319141 
0.54878 -0.180992 
0.53884 -0.197821 
0.617969 -0.0478874 
0.473723 -0.309527 
0.623544 -0.0308844 
0.596216 -0.0978033 
0.604196 -0.0813573 
-0.607275 -0.121197 
0.0320847 -0.529797 
0.00329047 -0.528533 
0.0617548 -0.529895 
0.0913136 -0.528723 
0.121152 -0.526177 
0.181394 -0.516425 
0.331703 -0.455979 
0.151208 -0.522126 
0.21167 -0.508892 
0.242443 -0.499153 
0.377747 -0.422023 
0.56861 -0.147607 
0.359898 -0.436367 
0.410844 -0.390699 
0.42611 -0.373847 
0.394983 -0.40654 
0.464286 -0.323792 
0.445696 -0.34966 
0.510302 -0.247795 
0.519453 -0.23153 
0.63168 0.0035911 
0.628127 -0.0137557 
0.558748 -0.164253 
-0.567574 -0.200215 
0.587466 -0.114453 
0.611518 -0.0646383 
0.302383 -0.472993 
0.272601 -0.487293 
-0.636994 -0.00634636 
0.49447 -0.275572 
-0.618417 -0.0905845 
-0.594024 -0.151289 
-0.633964 -0.0277349 
-0.624628 -0.0698756 
-0.58408 -0.171036 
-0.435807 -0.355763 
-0.198802 -0.48844 
-0.247771 -0.469984 
-0.294592 -0.448592 
-0.317146 -0.436842 
-0.0946092 -0.515974 
-0.0394342 -0.524606 
-0.147744 -0.503828 
-0.173526 -0.496528 
-0.5496 -0.228403 
-0.510749 -0.280382 
-0.49695 -0.29634 
-0.360207 -0.41148 
-0.399962 -0.384182 
-0.452287 -0.341271 
0.543799 -0.189396 
-0.418386 -0.37007 
-0.48273 -0.311661 
0.62087 -0.0394232 
-0.603081 -0.131299 
-0.223543 -0.479589 
-0.0111043 -0.52748 
0.0469218 -0.530002 
0.106251 -0.527625 
0.19659 -0.512884 
0.227137 -0.504276 
0.573478 -0.139275 
0.368919 -0.42932 
0.418578 -0.382369 
0.386468 -0.414401 
0.346 -0.446469 
-0.467837 -0.326646 
0.469047 -0.31669 
0.455161 -0.336856 
-0.537032 -0.246454 
-0.629825 -0.0489207 
0.505718 -0.255935 
0.514874 -0.239659 
0.403012 -0.398723 
0.630036 -0.00511007 
-0.339024 -0.424461 
-0.561701 -0.209773 
0.53395 -0.206201 
0.553764 -0.172619 
0.582921 -0.122707 
0.563692 -0.155934 
0.524258 -0.223057 
0.600279 -0.0896148 
0.591901 -0.106158 
0.625958 -0.0223534 
0.607946 -0.0730363 
-0.611226 -0.111057 
0.436084 -0.361908 
-0.524084 -0.26379 
-0.573274 -0.190559 
0.317212 -0.464783 
0.480803 -0.298326 
-0.380521 -0.398037 
-0.271459 -0.459647 
-0.0672671 -0.520753 
0.0765434 -0.529471 
0.287626 -0.480425 
-0.121428 -0.510322 
0.0176837 -0.529306 
0.136208 -0.524342 
0.257626 -0.493488 
0.614844 -0.0563015 
0.166343 -0.519482 
