ZONE T="boundary0"
-4 -0.231273 
-4 -0.270561 
-4 0.217561 
-4 0.14379 
-4 0.296787 
-4 0.44131 
-4 -0.191984 
-4 0.376012 
-4 -0.326565 
-4 -0.623573 
-4 -0.749049 
-4 -0.130122 
-4 1 
-4 0.876652 
-4 -1 
-4 0.629956 
-4 0.506608 
-4 0.0377652 
-4 -0.06826 
-4 0.0907777 
-4 -0.382569 
-4 0.336399 
-4 0.753304 
-4 -0.498097 
-4 -0.440333 
-4 -0.250917 
-4 0.180676 
-4 0.257174 
-4 0.408661 
-4 -0.298563 
-4 -0.686311 
-4 0.938326 
-4 0.568282 
-4 -0.0152474 
-4 0.0642715 
-4 0.117284 
-4 -0.354567 
-4 0.316593 
-4 -0.211628 
-4 0.814978 
-4 0.356206 
-4 -0.0991911 
-4 -0.161053 
-4 -0.469215 
-4 0.473959 
-4 -0.874524 
-4 -0.411451 
-4 -0.560835 
-4 0.69163 
ZONE T="boundary1"
1.5914 1 
2.12409 1 
1.9084 1 
0.526465 1 
-0.184081 1 
-0.25499 1 
0.0387374 1 
0.113288 1 
0.187838 1 
-0.111146 1 
-0.325898 1 
-0.484029 1 
-1.7695 1 
-1.93052 1 
1.31126 1 
1.48301 1 
-3.47066 1 
-3.64359 1 
4 1 
3.61895 1 
0.998782 1 
-3.8218 1 
-4 1 
1.69979 1 
-2.32945 1 
2.75172 1 
2.54575 1 
2.33978 1 
-2.89397 1 
-2.61171 1 
2.99481 1 
-3.29773 1 
0.384316 1 
-0.0382104 1 
0.319459 1 
0.449173 1 
-0.641308 1 
0.603757 1 
0.682414 1 
0.721743 1 
0.253648 1 
0.822283 1 
0.761071 1 
0.941139 1 
0.883495 1 
-1.108 1 
-1.16639 1 
-0.796771 1 
-0.719039 1 
1.06671 1 
1.13463 1 
-0.937143 1 
-1.02257 1 
-1.60848 1 
-1.47503 1 
3.23791 1 
3.42843 1 
-2.47058 1 
-2.12998 1 
-3.09585 1 
-1.22479 1 
-1.34159 1 
2.01625 1 
-0.219536 1 
0.0760126 1 
-0.147614 1 
-0.404963 1 
-1.85001 1 
-3.55713 1 
3.80948 1 
-3.9109 1 
1.8041 1 
2.44277 1 
-2.75284 1 
0.150563 1 
-0.290444 1 
0.000263501 1 
0.351887 1 
0.416744 1 
-0.562668 1 
0.643086 1 
0.702078 1 
-0.0746781 1 
0.286553 1 
0.220743 1 
0.487819 1 
0.565111 1 
0.791677 1 
0.852889 1 
0.96996 1 
-1.1372 1 
-0.680174 1 
1.39714 1 
1.22295 1 
1.10067 1 
1.6456 1 
1.53721 1 
-0.866957 1 
-1.06528 1 
-0.979856 1 
-0.757905 1 
-1.54176 1 
2.23194 1 
2.64873 1 
-3.73269 1 
2.87326 1 
3.33317 1 
3.52369 1 
3.11636 1 
-1.68899 1 
-2.22971 1 
-2.03025 1 
-2.99491 1 
1.03274 1 
0.741407 1 
0.912317 1 
-1.19559 1 
-3.19679 1 
-3.3842 1 
-1.40831 1 
-1.28319 1 
-2.40001 1 
-2.54114 1 
ZONE T="boundary2"
4 -0.493912 
4 -0.165902 
4 -0.198336 
4 -0.42857 
4 -0.363228 
4 0.097529 
4 -0.859223 
4 -0.718447 
4 0.346722 
4 1 
4 0.626433 
4 0.813217 
4 -1 
4 0.274109 
4 0.21738 
4 0.419335 
4 0.471109 
4 0.522884 
4 0.16065 
4 -0.23077 
4 -0.606179 
4 -0.296999 
4 -0.263885 
4 -0.0333131 
4 0.0344076 
4 -0.133468 
4 -0.101034 
4 -0.182119 
4 -0.395899 
4 -0.788835 
4 0.245744 
4 0.383028 
4 0.496997 
4 0.310415 
4 0.574659 
4 0.189015 
4 -0.214553 
4 -0.280442 
4 0.00054728 
4 -0.330113 
4 0.906608 
4 0.719825 
4 -0.929612 
4 -0.117251 
4 -0.247327 
4 -0.0671734 
4 -0.149685 
4 0.12909 
4 0.0659683 
4 0.445222 
4 -0.461241 
4 -0.550046 
4 -0.662313 
ZONE T="boundary3"
-3.49398 -1 
0.160133 -1 
0.246246 -1 
-0.398223 -1 
-0.0338729 -1 
0.545788 -1 
0.61693 -1 
0.474645 -1 
0.909492 -1 
1.08005 -1 
-0.819375 -1 
-0.9355 -1 
-1.25598 -1 
1.22612 -1 
1.15309 -1 
3.65718 -1 
4 -1 
-4 -1 
-3.75 -1 
2.12814 -1 
1.94131 -1 
-3.01518 -1 
-2.82288 -1 
-2.43452 -1 
-2.23845 -1 
2.7142 -1 
2.5131 -1 
3.31436 -1 
-3.25458 -1 
-2.05861 -1 
-0.482415 -1 
-0.152414 -1 
-0.0985415 -1 
0.0307957 -1 
0.763211 -1 
-0.70325 -1 
0.0954643 -1 
-0.356127 -1 
-0.314031 -1 
-0.206286 -1 
0.33236 -1 
1.33086 -1 
3.48577 -1 
3.11483 -1 
1.4356 -1 
1.67476 -1 
-0.592832 -1 
-1.38757 -1 
-1.01562 -1 
1.59504 -1 
1.51532 -1 
-1.17586 -1 
-1.09574 -1 
2.9153 -1 
2.32062 -1 
-1.69897 -1 
-1.87877 -1 
1.75448 -1 
-1.51916 -1 
-2.63059 -1 
0.20319 -1 
0.581359 -1 
0.510216 -1 
0.994771 -1 
-0.877437 -1 
1.18961 -1 
3.82859 -1 
-3.875 -1 
2.03473 -1 
-2.91903 -1 
-2.33648 -1 
-0.125478 -1 
-0.00153861 -1 
0.690071 -1 
-0.761312 -1 
0.127799 -1 
-0.0662072 -1 
-0.440319 -1 
-0.335079 -1 
-0.260158 -1 
0.403502 -1 
0.289303 -1 
0.836351 -1 
1.11657 -1 
3.57148 -1 
3.40007 -1 
1.38323 -1 
1.27849 -1 
-0.648041 -1 
-1.32177 -1 
-0.97556 -1 
1.55518 -1 
-1.1358 -1 
-3.37428 -1 
3.01507 -1 
-3.13488 -1 
2.41686 -1 
3.2146 -1 
-1.78887 -1 
-3.62199 -1 
2.81475 -1 
2.61365 -1 
1.8479 -1 
2.22438 -1 
-1.60907 -1 
-0.17935 -1 
0.06313 -1 
-0.537623 -1 
-0.377175 -1 
-2.53255 -1 
-1.05568 -1 
1.47546 -1 
1.71462 -1 
1.6349 -1 
-2.72673 -1 
-2.14853 -1 
-1.96869 -1 
-1.45337 -1 
-1.21592 -1 
ZONE T="boundary4"
-0.616653 0.0716323 
-0.618349 0.107015 
0.764829 0.3013 
0.760775 0.287975 
0.496463 0.0777158 
0.771581 0.353163 
0.770254 0.376647 
0.769984 0.327654 
0.406894 0.0653857 
-0.147268 0.0586192 
-0.125634 0.0835269 
-0.614845 0.0542082 
-0.616257 0.156986 
-0.618201 0.124914 
-0.612857 0.184702 
0.64092 0.57348 
0.653057 0.564598 
-0.601002 0.241745 
-0.596738 0.25697 
0.125404 0.112292 
-0.604606 0.227318 
-0.607819 0.212798 
0.733897 0.234661 
0.617337 0.126648 
0.600598 0.117167 
-0.592006 0.272056 
-0.581046 0.301909 
0.69076 0.183024 
0.677574 0.170699 
-0.567915 0.33169 
-0.479424 0.463127 
-0.440881 0.501782 
-0.460277 0.483258 
0.616906 0.589196 
0.628467 0.581914 
-0.500043 0.439017 
-0.171248 -0.00371859 
-0.162923 0.028914 
-0.421299 0.518831 
-0.380911 0.549571 
0.714178 0.208377 
0.724497 0.221405 
-0.338758 0.576388 
-0.360267 0.563309 
-0.315933 0.589022 
-0.292618 0.600727 
-0.266406 0.612573 
-0.210927 0.63364 
-0.180593 0.643155 
-0.149934 0.651519 
-0.116629 0.659325 
-0.0468898 0.671936 
-0.0105474 0.676772 
0.678903 0.543061 
0.666063 0.554252 
-0.552782 0.360942 
-0.535732 0.389474 
0.663627 0.158875 
-0.0993191 0.103081 
0.726804 0.488562 
0.71546 0.503922 
0.0525753 0.126672 
0.0150722 0.129638 
0.515803 0.0828049 
0.649107 0.147701 
0.633488 0.136812 
0.266239 0.077526 
0.476907 0.07349 
0.547206 0.62431 
0.593581 0.602479 
0.524162 0.633308 
0.483463 0.646766 
0.737217 0.472315 
0.570513 0.614022 
0.691312 0.531152 
0.70372 0.517936 
0.766546 0.399041 
0.109227 0.685755 
0.193926 0.686399 
0.150865 0.686642 
-0.0830948 0.665976 
0.320369 0.678406 
0.358147 0.673593 
0.39575 0.667462 
0.278706 0.682329 
0.457271 0.654015 
0.23694 0.684952 
0.755694 0.274667 
0.703206 0.195868 
0.74238 0.2482 
0.74947 0.261217 
0.771193 0.340514 
0.583404 0.108448 
0.761142 0.419266 
0.438137 0.0676973 
0.754226 0.438312 
0.746247 0.45581 
0.55004 0.0941791 
-0.400969 0.534991 
0.088846 0.12058 
0.376461 0.0650318 
0.347764 0.0663141 
-0.239726 0.623339 
0.319849 0.0689683 
-0.0618835 0.119707 
-0.0228817 0.127959 
0.292963 0.0727325 
-0.519028 0.4141 
0.235011 0.0842526 
0.430845 0.660362 
0.0284913 0.68081 
0.0675926 0.683752 
0.164521 0.10219 
0.203981 0.0918447 
-0.617831 0.0893078 
0.762917 0.294602 
0.771247 0.364924 
0.767851 0.31439 
-0.13715 0.0716799 
-0.617497 0.140966 
-0.618359 0.115965 
0.64703 0.569095 
-0.598927 0.249374 
-0.615829 0.0629122 
-0.602853 0.234543 
0.609022 0.121811 
-0.586765 0.287071 
0.684242 0.176781 
-0.594432 0.264532 
0.622715 0.5856 
-0.431186 0.510416 
0.719422 0.214824 
-0.370662 0.556544 
-0.304336 0.594988 
-0.195806 0.638545 
-0.165302 0.647476 
-0.0287364 0.674488 
0.672548 0.548731 
-0.544474 0.375338 
-0.112986 0.09399 
0.721255 0.496333 
0.0338629 0.128647 
0.506162 0.080152 
0.641362 0.142164 
0.486708 0.0754949 
0.625472 0.131636 
0.605338 0.596004 
0.503919 0.640361 
0.732149 0.480528 
0.58212 0.608396 
0.656432 0.153203 
0.670671 0.164703 
0.709692 0.511015 
0.685181 0.537183 
0.76869 0.387892 
0.172396 0.686669 
0.339278 0.676155 
0.299554 0.680537 
0.697606 0.524629 
0.708769 0.202056 
0.746029 0.254657 
0.770691 0.334075 
0.758349 0.281277 
0.771485 0.346836 
0.592051 0.112709 
0.697064 0.189368 
0.764074 0.409215 
0.729287 0.227969 
0.457583 0.0701848 
0.422534 0.066289 
0.757883 0.428861 
0.741877 0.464142 
0.566873 0.100961 
0.533039 0.0881399 
-0.411224 0.527024 
0.53573 0.628927 
0.558918 0.6193 
-0.614752 0.170868 
-0.155971 0.0442276 
0.0707643 0.123946 
0.39168 0.0649815 
0.362104 0.0654835 
-0.25312 0.618089 
-0.450688 0.492634 
-0.168042 0.0128418 
-0.225378 0.628634 
0.333791 0.0674758 
0.10717 0.116631 
-0.469974 0.47331 
-0.0810825 0.112478 
-0.489903 0.451218 
-0.0425762 0.124748 
0.27958 0.0750107 
-0.50971 0.426692 
-0.0998893 0.662789 
-0.0650164 0.669102 
0.413332 0.664083 
-0.560574 0.346432 
-0.133317 0.655572 
0.00895727 0.678933 
0.0884027 0.684895 
0.130043 0.686336 
0.257833 0.683796 
-0.00393425 0.129471 
0.048032 0.682413 
0.215438 0.685829 
0.750402 0.447136 
-0.606261 0.220069 
-0.610529 0.198784 
0.738239 0.241366 
0.752695 0.267885 
0.659616 0.559495 
0.634731 0.577753 
-0.527546 0.401899 
-0.574715 0.316903 
0.470398 0.650508 
0.219475 0.0879628 
0.250597 0.0807597 
0.376977 0.670701 
0.306386 0.0707122 
0.18424 0.0969735 
0.144984 0.107324 
0.444085 0.657297 
-0.349579 0.569958 
-0.391014 0.542387 
-0.327408 0.582823 
-0.279574 0.606787 
ZONE T="boundary5"
-0.571318 -0.0978798 
-0.580646 -0.0761102 
-0.408429 -0.328914 
-0.198248 -0.476874 
-0.546401 -0.147031 
-0.553936 -0.133229 
-0.421933 -0.315087 
-0.434443 -0.301678 
-0.561144 -0.119243 
-0.588241 -0.0562571 
-0.593285 -0.0416221 
-0.458367 -0.274205 
-0.469765 -0.260163 
-0.446656 -0.287974 
-0.0197101 -0.482083 
-0.481815 -0.244615 
-0.518608 -0.192607 
-0.232417 -0.461194 
-0.216037 -0.46916 
-0.0313257 -0.487412 
-0.0433297 -0.491691 
-0.126727 -0.496874 
-0.263471 -0.443946 
-0.278173 -0.434845 
-0.248552 -0.452574 
0.0203388 -0.450128 
-0.292788 -0.425222 
-0.111232 -0.498569 
-0.144197 -0.493756 
-0.0557556 -0.494987 
0.0472546 -0.379126 
0.0473036 -0.371077 
-0.321962 -0.404332 
-0.336504 -0.393088 
-0.39463 -0.34241 
-0.380353 -0.355748 
-0.119899 -0.150174 
-0.132933 -0.133738 
-0.00860595 -0.475683 
-0.0881577 -0.183237 
-0.0697868 -0.200039 
-0.145059 -0.115635 
-0.155463 -0.0963317 
-0.0487062 -0.2186 
0.0315585 -0.31076 
-0.0279308 -0.237198 
-0.0062418 -0.258449 
-0.614845 0.0542082 
-0.096002 -0.499176 
-0.597905 -0.0268399 
-0.0821845 -0.498745 
-0.602297 -0.0111155 
-0.606187 0.00474897 
-0.612502 0.0374857 
-0.493548 -0.228799 
-0.506282 -0.210859 
-0.161769 -0.489416 
0.0225984 -0.294924 
-0.0688035 -0.497356 
-0.16999 -0.0517711 
-0.172507 -0.0278136 
-0.164165 -0.0745971 
-0.180269 -0.483627 
-0.171248 -0.00371859 
0.0307124 -0.435416 
0.0465941 -0.387983 
0.0436188 -0.404338 
0.0453524 -0.396423 
0.00864501 -0.462429 
0.0027016 -0.467536 
0.0141112 -0.457104 
0.0468077 -0.362666 
0.0258603 -0.442892 
0.0384409 -0.419973 
0.0349207 -0.42772 
0.0413649 -0.412063 
0.0100706 -0.27726 
0.0379699 -0.325307 
0.0457557 -0.354221 
0.0440463 -0.345303 
0.0415026 -0.335649 
-0.307183 -0.415192 
-0.365795 -0.368734 
-0.609621 0.021062 
-0.351278 -0.381094 
-0.105949 -0.165602 
-0.532897 -0.170077 
-0.576093 -0.0870423 
-0.550209 -0.140152 
-0.415221 -0.32204 
-0.428226 -0.308418 
-0.557583 -0.126258 
-0.584538 -0.06622 
-0.590816 -0.0489569 
-0.464106 -0.267217 
-0.452551 -0.281123 
-0.224267 -0.465259 
-0.0372817 -0.48968 
-0.270855 -0.439449 
-0.240523 -0.456957 
-0.285513 -0.430083 
-0.118994 -0.497851 
-0.135489 -0.495465 
-0.329266 -0.398754 
-0.38753 -0.34912 
-0.126564 -0.142073 
-0.0790345 -0.191705 
-0.15051 -0.106117 
-0.139197 -0.124821 
-0.0592628 -0.209338 
-0.0169048 -0.247638 
-0.103622 -0.499009 
-0.0890891 -0.499083 
-0.600163 -0.018995 
-0.604306 -0.00319901 
-0.613747 0.0458368 
-0.499965 -0.219864 
-0.595649 -0.0342487 
-0.401568 -0.335702 
-0.0754808 -0.498175 
-0.171705 -0.0398403 
-0.167471 -0.0632843 
-0.160151 -0.0855996 
-0.171062 -0.48666 
-0.172364 -0.0157407 
-0.0622563 -0.4963 
-0.487721 -0.236736 
-0.256045 -0.448318 
-0.512501 -0.201771 
0.0470046 -0.383561 
0.044553 -0.400395 
0.00571344 -0.465029 
-0.0254576 -0.484878 
0.0172926 -0.453677 
-0.00284204 -0.471762 
0.0367513 -0.423879 
0.0328886 -0.431608 
0.0231688 -0.446563 
0.0471247 -0.366868 
0.0399741 -0.416044 
0.046048 -0.392214 
-0.0140815 -0.479014 
0.0425578 -0.40822 
-0.0495088 -0.493465 
0.0283569 -0.4392 
0.00212904 -0.267669 
0.0272779 -0.30273 
0.0449751 -0.349748 
0.0463497 -0.358435 
0.0428591 -0.340454 
-0.314606 -0.409809 
0.0473438 -0.375102 
0.0114195 -0.459809 
-0.373112 -0.362283 
0.0165603 -0.285932 
-0.607972 0.0128911 
0.0349431 -0.317955 
0.0398305 -0.330446 
-0.300017 -0.420253 
-0.343926 -0.387135 
-0.207188 -0.473122 
-0.611132 0.0292616 
-0.189303 -0.480369 
-0.440589 -0.294861 
-0.113035 -0.157988 
-0.153017 -0.491724 
-0.475834 -0.252423 
-0.566334 -0.10861 
-0.358572 -0.374955 
-0.0971653 -0.174532 
-0.525846 -0.181401 
-0.539756 -0.158616 
-0.0382628 -0.227837 
