ZONE T="boundary0"
-4 -0.221499 
-4 -0.163315 
-4 -0.25425 
-4 0.56944 
-4 0.204075 
-4 0.248628 
-4 0.110454 
-4 -0.100031 
-4 0.353154 
-4 0.78472 
-4 1 
-4 -0.287001 
-4 -0.355125 
-4 -0.423249 
-4 -0.564264 
-4 -0.705279 
-4 0.159521 
-4 0.27476 
-4 0.0613868 
-4 -0.036747 
-4 -0.493757 
-4 0.300891 
-4 0.461297 
-4 -1 
-4 -0.85264 
-4 -0.192407 
-4 0.226351 
-4 -0.131673 
-4 0.89236 
-4 -0.270625 
-4 -0.321063 
-4 -0.237875 
-4 -0.389187 
-4 -0.634772 
-4 0.261694 
-4 0.134987 
-4 0.0859203 
-4 0.0123199 
-4 -0.0683892 
-4 -0.458503 
-4 -0.529011 
-4 0.515369 
-4 0.67708 
-4 0.181798 
-4 0.287826 
-4 0.327023 
-4 0.407226 
-4 -0.77896 
-4 -0.92632 
ZONE T="boundary1"
-0.170724 1 
-0.100083 1 
3.63342 1 
4 1 
0.220834 1 
-0.366405 1 
-0.0350628 1 
-0.714769 1 
-1.66604 1 
-1.58293 1 
-0.599651 1 
-3.7386 1 
-3.4772 1 
-2.21389 1 
2.8281 1 
-3.8693 1 
-2.41168 1 
-2.65294 1 
-4 1 
-1.84107 1 
2.18101 1 
2.38773 1 
-2.89421 1 
-3.18571 1 
2.60791 1 
1.97429 1 
0.154244 1 
0.0921008 1 
0.38292 1 
-0.303885 1 
-0.484534 1 
-0.241365 1 
0.0299573 1 
0.287424 1 
-0.826875 1 
-0.770822 1 
0.478417 1 
-1.2741 1 
0.812993 1 
0.587082 1 
-1.49982 1 
-1.38696 1 
-2.0161 1 
1.33952 1 
1.44089 1 
1.15595 1 
1.24774 1 
0.930239 1 
3.33914 1 
3.08362 1 
1.75828 1 
1.54226 1 
0.695748 1 
-0.938201 1 
-0.882538 1 
-1.04953 1 
-0.993865 1 
-1.16181 1 
1.0431 1 
1.65027 1 
-0.135404 1 
3.81671 1 
-0.0675728 1 
-1.62449 1 
-0.65721 1 
-3.6079 1 
-3.80395 1 
-2.53231 1 
-3.93465 1 
2.28437 1 
-3.03996 1 
2.07765 1 
2.49782 1 
0.123172 1 
-0.425469 1 
-0.335145 1 
-0.272625 1 
0.061029 1 
-0.00255272 1 
0.187539 1 
-0.798848 1 
-0.742795 1 
0.430668 1 
0.53275 1 
-1.44339 1 
-1.92859 1 
-1.54138 1 
-1.75356 1 
1.39021 1 
1.20185 1 
1.29363 1 
3.21138 1 
1.49158 1 
3.48628 1 
-2.115 1 
-2.31278 1 
1.86628 1 
-3.33145 1 
2.71801 1 
2.95586 1 
-0.542093 1 
-0.206044 1 
0.871616 1 
0.641415 1 
0.254129 1 
-0.91037 1 
-1.0217 1 
-0.854706 1 
0.335172 1 
-1.10567 1 
-1.21796 1 
-1.33053 1 
0.754371 1 
1.09952 1 
0.986668 1 
1.70427 1 
-2.77358 1 
1.59627 1 
-0.966033 1 
ZONE T="boundary2"
4 -0.323996 
4 -0.290879 
4 -0.257762 
4 0.305068 
4 0.348522 
4 1 
4 0.177161 
4 0.0992458 
4 -0.191529 
4 -0.224645 
4 0.0110518 
4 0.261614 
4 0.554865 
4 -0.814649 
4 -0.629297 
4 -1 
4 0.648858 
4 -0.386118 
4 -0.134335 
4 -0.0771422 
4 -0.538768 
4 0.460872 
4 0.219388 
4 -0.493504 
4 -0.44824 
4 0.824429 
4 -0.274321 
4 0.326795 
4 0.138204 
4 -0.208087 
4 0.0551488 
4 0.283341 
4 -0.721973 
4 -0.307438 
4 -0.105739 
4 -0.355057 
4 -0.584033 
4 0.404697 
4 0.240501 
4 0.198275 
4 -0.0330452 
4 -0.470872 
4 0.601862 
4 0.507869 
4 -0.907324 
4 0.736644 
4 0.912215 
4 -0.241204 
4 -0.162932 
4 -0.417179 
4 -0.516136 
ZONE T="boundary3"
3.17884 -1 
2.81883 -1 
0.320549 -1 
-1.50878 -1 
-1.43563 -1 
0.264215 -1 
-0.354269 -1 
-0.786932 -1 
-0.684426 -1 
3.58942 -1 
1.26516 -1 
-3.0716 -1 
1.35732 -1 
1.44947 -1 
4 -1 
1.78764 -1 
-3.47496 -1 
-3.23151 -1 
-2.73864 -1 
-2.91169 -1 
-1.74457 -1 
-1.58193 -1 
-2.56559 -1 
-1.90722 -1 
-2.08772 -1 
2.60574 -1 
2.17146 -1 
2.39265 -1 
-0.468094 -1 
-0.0616644 -1 
-0.00591699 -1 
0.0498305 -1 
0.432281 -1 
0.376415 -1 
-0.58192 -1 
0.128856 -1 
0.207882 -1 
0.168369 -1 
-0.123126 -1 
0.494318 -1 
0.556354 -1 
0.680427 -1 
0.732864 -1 
-0.184587 -1 
0.989946 -1 
0.890175 -1 
-0.269428 -1 
-0.882031 -1 
-0.977131 -1 
-1.20011 -1 
-1.08862 -1 
1.17744 -1 
1.62501 -1 
1.95028 -1 
1.08972 -1 
-3.71841 -1 
-1.31787 -1 
-2.26822 -1 
0.785301 -1 
-4 -1 
2.99883 -1 
-1.4722 -1 
-0.735679 -1 
3.79471 -1 
-3.35324 -1 
3.38413 -1 
-1.66325 -1 
-1.99747 -1 
2.28206 -1 
-0.411182 -1 
0.0219567 -1 
0.404348 -1 
0.292382 -1 
0.236049 -1 
0.188126 -1 
-0.0337907 -1 
-0.0923952 -1 
0.525336 -1 
0.618391 -1 
-0.311849 -1 
-0.633173 -1 
-0.834482 -1 
-0.227008 -1 
-0.929581 -1 
-1.14436 -1 
-1.03287 -1 
1.4034 -1 
1.2213 -1 
1.53724 -1 
1.31124 -1 
1.86896 -1 
1.03983 -1 
1.13358 -1 
1.70632 -1 
-1.54535 -1 
-3.59669 -1 
-2.99165 -1 
-0.525007 -1 
-3.15156 -1 
-2.4169 -1 
-1.8259 -1 
2.4992 -1 
2.71228 -1 
-2.65211 -1 
-2.82516 -1 
-2.17797 -1 
0.348482 -1 
0.837738 -1 
0.0893434 -1 
0.148613 -1 
0.463299 -1 
-0.153857 -1 
0.94006 -1 
-3.85921 -1 
-1.25899 -1 
-1.37675 -1 
2.06087 -1 
0.759083 -1 
0.706646 -1 
ZONE T="boundary4"
-0.505595 0.364035 
-0.523887 0.343048 
-0.0669349 0.468322 
-0.606617 0.189893 
-0.626345 0.0512334 
-0.624643 0.0267709 
-0.62646 0.0760366 
-0.351293 0.470041 
-0.32614 0.478714 
-0.624947 0.101136 
-0.62178 0.126432 
-0.592336 0.228618 
-0.600097 0.20885 
-0.616951 0.15182 
-0.540872 0.320967 
-0.612211 0.170988 
-0.575347 0.265031 
-0.583759 0.24799 
-0.566244 0.281685 
0.14159 0.375475 
0.170571 0.362633 
-0.399727 0.447449 
0.11414 0.388162 
0.0867792 0.401157 
-0.558237 0.295078 
-0.48649 0.383422 
-0.466263 0.401568 
-0.445027 0.418337 
-0.375857 0.459597 
-0.422805 0.433672 
0.654845 0.000795013 
-0.248377 0.493709 
-0.222121 0.495016 
-0.274554 0.490565 
-0.19586 0.494534 
-0.300522 0.485564 
-0.0415168 0.459078 
-0.169723 0.492333 
-0.143719 0.488498 
-0.117956 0.483144 
0.0606425 0.413691 
-0.0923206 0.476364 
0.55184 0.190083 
0.572704 0.171182 
0.623478 0.104673 
0.608813 0.128407 
0.655899 -0.0265363 
0.230335 0.338238 
0.324675 0.304025 
0.356539 0.292631 
0.528294 0.208246 
0.503694 0.224619 
0.476511 0.240424 
0.418638 0.268326 
0.0345196 0.426095 
0.00916067 0.437772 
-0.0163064 0.448892 
0.261053 0.326705 
0.592057 0.150304 
0.651104 0.0278517 
0.655699 -0.0128066 
0.644613 0.0543415 
0.292903 0.315242 
0.388144 0.280762 
0.199676 0.3504 
0.448618 0.25471 
0.635378 0.0800308 
-0.514902 0.353682 
-0.625692 0.0389883 
-0.338792 0.474599 
-0.596323 0.218775 
-0.625906 0.0885987 
-0.623566 0.11381 
-0.619565 0.139164 
-0.609518 0.180471 
-0.614691 0.161431 
-0.603459 0.199406 
-0.570883 0.273406 
0.156051 0.368988 
0.100448 0.394634 
-0.562299 0.288416 
-0.49619 0.373874 
-0.532548 0.332137 
-0.455778 0.410121 
-0.476517 0.392652 
-0.588151 0.23835 
-0.387896 0.453726 
-0.434041 0.426185 
-0.23526 0.494589 
-0.208986 0.494995 
-0.287583 0.488295 
-0.0541809 0.463824 
-0.156692 0.490613 
-0.1308 0.486002 
0.0737108 0.407423 
-0.549777 0.308172 
-0.363666 0.465032 
0.127844 0.381773 
-0.0795821 0.472486 
0.562466 0.180847 
-0.261493 0.492367 
0.61645 0.116729 
-0.182774 0.493643 
0.34062 0.298367 
0.490216 0.232717 
0.516125 0.216629 
0.540239 0.199387 
0.0475932 0.419919 
-0.00353966 0.443409 
0.021863 0.431984 
-0.0288714 0.454084 
0.582621 0.160966 
0.653317 0.0143708 
0.655354 -0.0060006 
0.65588 -0.0196702 
-0.411381 0.440753 
-0.57964 0.256554 
-0.105095 0.479918 
-0.313391 0.482366 
0.276964 0.320931 
0.372374 0.286784 
0.403444 0.274672 
0.214976 0.344241 
0.185092 0.356444 
0.245669 0.332408 
0.308787 0.309628 
0.433703 0.261684 
-0.626604 0.063634 
0.629749 0.092507 
0.640333 0.0673076 
0.600699 0.139557 
0.648203 0.0411812 
0.462653 0.24774 
ZONE T="boundary5"
0.546219 -0.316587 
0.563505 -0.293107 
0.212996 -0.475741 
0.184239 -0.477722 
0.299067 -0.462458 
-0.528899 -0.193369 
-0.125923 -0.438408 
-0.413689 -0.302137 
0.0414403 -0.472513 
-0.602809 -0.0668388 
-0.610443 -0.0441061 
-0.624643 0.0267709 
-0.593795 -0.0890809 
-0.28302 -0.378898 
-0.2586 -0.39011 
0.506587 -0.359035 
-0.30546 -0.367858 
-0.0705217 -0.452901 
-0.0983264 -0.446026 
-0.327598 -0.356214 
-0.349218 -0.344053 
-0.370474 -0.331248 
-0.153477 -0.43 
-0.233889 -0.400664 
-0.207476 -0.411118 
0.27046 -0.4682 
0.24175 -0.472596 
0.355481 -0.446565 
0.32744 -0.45528 
-0.503437 -0.222517 
-0.516458 -0.20809 
-0.583411 -0.110874 
-0.571687 -0.132209 
-0.392338 -0.317085 
-0.435572 -0.285472 
-0.456349 -0.268161 
-0.489986 -0.236533 
-0.473456 -0.252662 
0.155427 -0.478617 
-0.180785 -0.420858 
-0.616649 -0.0209256 
-0.621397 0.00271539 
-0.558675 -0.153052 
0.527153 -0.338667 
0.126793 -0.478488 
0.0981824 -0.477393 
0.0697701 -0.47539 
0.0132701 -0.468805 
-0.0147715 -0.464289 
0.383007 -0.43624 
0.636983 -0.135577 
-0.042731 -0.458978 
0.409696 -0.424313 
0.460532 -0.395189 
0.435736 -0.410565 
0.484278 -0.377956 
0.617203 -0.189365 
0.644693 -0.108528 
0.578995 -0.268405 
0.605536 -0.216201 
0.592911 -0.242591 
0.655899 -0.0265363 
0.627735 -0.162514 
0.650596 -0.0813095 
0.654414 -0.0539655 
-0.544398 -0.173436 
0.555087 -0.305013 
0.198627 -0.476871 
-0.606802 -0.0555314 
-0.59847 -0.0780279 
-0.294277 -0.373452 
-0.0844473 -0.449558 
-0.338452 -0.350212 
-0.359895 -0.337732 
-0.139728 -0.434296 
-0.246279 -0.395469 
-0.220718 -0.405981 
0.25613 -0.470558 
0.341521 -0.451117 
-0.510004 -0.215355 
-0.316569 -0.362112 
-0.588763 -0.100054 
-0.446057 -0.276932 
-0.424719 -0.293922 
-0.403083 -0.309711 
-0.464976 -0.260493 
-0.481794 -0.244672 
-0.577701 -0.121625 
-0.496764 -0.229575 
-0.381467 -0.324261 
-0.270848 -0.384587 
-0.194163 -0.416077 
-0.613728 -0.0325646 
-0.623214 0.014717 
0.112483 -0.478058 
-0.522741 -0.200782 
0.0839684 -0.476503 
0.0273416 -0.470762 
-0.11215 -0.442309 
-0.000766703 -0.466647 
0.227389 -0.474317 
0.141109 -0.478676 
0.169837 -0.478302 
0.3133 -0.459052 
0.284798 -0.4655 
-0.0566471 -0.456034 
0.369321 -0.441607 
0.44827 -0.403097 
0.495614 -0.36871 
0.422832 -0.417659 
-0.619212 -0.00914292 
0.396446 -0.430488 
0.517068 -0.349051 
0.641036 -0.122109 
0.536902 -0.327814 
0.611486 -0.202834 
0.599354 -0.229459 
0.571472 -0.280895 
0.63252 -0.149101 
0.6226 -0.175991 
-0.565323 -0.142719 
-0.0287697 -0.461731 
0.58614 -0.255599 
0.647882 -0.0949701 
0.655462 -0.0402675 
-0.536768 -0.183496 
0.472565 -0.386794 
0.0555943 -0.474058 
-0.167162 -0.425521 
0.652778 -0.0676757 
-0.551668 -0.163336 
