ZONE T="boundary0"
-4 -0.299371 
-4 0.0973445 
-4 0.225477 
-4 0.143661 
-4 0.184569 
-4 -0.0279451 
-4 -0.106918 
-4 -0.214819 
-4 -0.187844 
-4 -0.56591 
-4 -0.40478 
-4 -1 
-4 -0.782955 
-4 0.553122 
-4 -0.257095 
-4 -0.160869 
-4 0.0510281 
-4 0.821897 
-4 0.462451 
-4 0.400205 
-4 1 
-4 0.643794 
-4 0.281718 
-4 0.337959 
-4 0.164115 
-4 -0.0674317 
-4 -0.201332 
-4 -0.485345 
-4 -0.891478 
-4 -0.352075 
-4 -0.133894 
-4 0.0741863 
-4 0.0115415 
-4 0.120503 
-4 -0.674433 
-4 0.910949 
-4 0.732846 
-4 -0.235957 
-4 -0.278233 
-4 0.309838 
-4 0.431328 
-4 0.369082 
-4 0.507787 
-4 0.598458 
-4 -0.174356 
-4 0.205023 
-4 0.253597 
ZONE T="boundary1"
-2.78284 1 
-2.94469 1 
1.69744 1 
1.89148 1 
4 1 
0.841508 1 
1.0539 1 
0.945883 1 
-0.20182 1 
-1.69121 1 
-1.52122 1 
0.457617 1 
0.295338 1 
-0.148126 1 
-0.0357465 1 
1.55566 1 
-0.592087 1 
-0.707972 1 
3.68227 1 
0.54913 1 
-1.85942 1 
-2.02763 1 
-2.45912 1 
-2.62098 1 
3.5234 1 
-1.2984 1 
2.88255 1 
3.12354 1 
2.34895 1 
2.08552 1 
-3.10655 1 
-3.58752 1 
-3.34704 1 
2.61575 1 
3.36454 1 
0.149117 1 
0.0860285 1 
-0.0944325 1 
0.0229395 1 
-0.246176 1 
-0.290532 1 
-0.355024 1 
-0.505801 1 
0.640643 1 
-0.823858 1 
0.222228 1 
-0.419516 1 
0.741075 1 
-1.05912 1 
-0.94149 1 
1.29172 1 
1.42369 1 
-3.79376 1 
-4 1 
-1.17876 1 
1.17281 1 
-2.24337 1 
-2.86376 1 
1.79446 1 
0.999893 1 
-1.60622 1 
0.376477 1 
-0.65003 1 
3.84113 1 
-1.94352 1 
-2.54005 1 
-1.40981 1 
3.00305 1 
2.21724 1 
-3.02562 1 
3.24404 1 
-0.0650895 1 
-0.0064035 1 
-0.174973 1 
-0.268354 1 
-0.12128 1 
0.117573 1 
0.893695 1 
-0.765915 1 
0.185673 1 
-0.462659 1 
-1.00031 1 
1.48967 1 
-3.22679 1 
-3.46728 1 
1.62655 1 
-3.69064 1 
-3.89688 1 
-1.11894 1 
1.23226 1 
1.11336 1 
3.60284 1 
3.44397 1 
-2.70191 1 
2.48235 1 
1.9885 1 
-2.35125 1 
-1.77531 1 
-2.1355 1 
0.594886 1 
0.690859 1 
0.054484 1 
-0.223998 1 
-0.322778 1 
-0.548944 1 
0.503374 1 
0.258783 1 
0.791291 1 
2.74915 1 
-0.882674 1 
1.3577 1 
-1.23858 1 
-0.38727 1 
ZONE T="boundary2"
4 0.0381665 
4 0.092742 
4 0.255288 
4 0.766109 
4 1 
4 0.147317 
4 -0.825638 
4 0.180044 
4 0.331453 
4 0.297807 
4 0.21277 
4 0.532219 
4 0.448659 
4 -0.053164 
4 -0.293901 
4 -0.367034 
4 -0.144495 
4 -0.651276 
4 -0.440167 
4 -1 
4 0.649164 
4 0.365099 
4 -0.256549 
4 -0.219198 
4 0.883055 
4 0.276548 
4 0.163681 
4 0.234029 
4 0.490439 
4 -0.00749875 
4 -0.330467 
4 -0.4036 
4 -0.545722 
4 -0.912819 
4 -0.738457 
4 0.707637 
4 0.590691 
4 0.196407 
4 0.348276 
4 0.31463 
4 0.406879 
4 0.0654543 
4 0.12003 
4 -0.181846 
4 -0.0988293 
4 -0.237874 
4 -0.275225 
ZONE T="boundary3"
-0.960742 -1 
-1.05777 -1 
1.45391 -1 
1.34637 -1 
-0.496745 -1 
-0.35687 -1 
-0.426807 -1 
-0.863712 -1 
-3.26348 -1 
-3.03067 -1 
-4 -1 
-3.81587 -1 
0.538044 -1 
3.5716 -1 
3.75 -1 
0.77056 -1 
0.897103 -1 
1.00477 -1 
1.72475 -1 
-1.26522 -1 
-3.44761 -1 
3.3932 -1 
2.33336 -1 
3.06993 -1 
2.74666 -1 
-2.37898 -1 
-1.50428 -1 
-1.92424 -1 
-2.15161 -1 
-2.58842 -1 
2.11071 -1 
2.54001 -1 
-2.79786 -1 
0.210455 -1 
-0.58924 -1 
-0.315783 -1 
0.376667 -1 
0.432071 -1 
-0.192524 -1 
-0.233611 -1 
-0.0714351 -1 
-0.13198 -1 
-0.274697 -1 
0.0513673 -1 
0.130911 -1 
-0.0100339 -1 
0.644017 -1 
-0.727229 -1 
0.321263 -1 
1.11245 -1 
1.22941 -1 
-1.1615 -1 
1.56144 -1 
-1.38475 -1 
4 -1 
-1.71426 -1 
1.88806 -1 
-3.63174 -1 
-0.818218 -1 
-0.681735 -1 
-0.772724 -1 
-1.00926 -1 
1.40014 -1 
-0.391839 -1 
-3.14708 -1 
-3.90794 -1 
3.6608 -1 
0.833832 -1 
-3.35555 -1 
2.90829 -1 
-2.03793 -1 
-2.4837 -1 
3.23156 -1 
2.64334 -1 
-2.69314 -1 
-0.461776 -1 
-0.542992 -1 
0.404369 -1 
-0.336327 -1 
-0.213068 -1 
-0.101707 -1 
-0.29524 -1 
-0.162252 -1 
0.0911393 -1 
-0.0407345 -1 
0.265859 -1 
0.950939 -1 
0.59103 -1 
1.05861 -1 
1.17093 -1 
-1.10963 -1 
1.28789 -1 
0.707289 -1 
1.50767 -1 
-1.21336 -1 
3.875 -1 
-1.44451 -1 
-1.32499 -1 
-1.60927 -1 
2.43669 -1 
2.22204 -1 
1.8064 -1 
1.64309 -1 
-2.2653 -1 
-3.72381 -1 
-3.53968 -1 
-1.81925 -1 
3.4824 -1 
-2.91426 -1 
0.0206667 -1 
-0.254154 -1 
0.348965 -1 
0.485057 -1 
-0.704482 -1 
-0.749976 -1 
-0.635487 -1 
-0.795471 -1 
-0.840965 -1 
-0.912227 -1 
0.170683 -1 
1.99938 -1 
ZONE T="boundary4"
-0.12314 0.451319 
-0.0984173 0.458808 
0.641872 0.0833547 
-0.612851 -0.0294109 
-0.609735 -0.00855289 
0.500728 0.382993 
0.645835 0.0252605 
0.644886 0.00614392 
-0.36229 0.336598 
0.570019 0.296461 
0.577183 0.283295 
0.562343 0.309311 
0.589185 0.258143 
0.488381 0.393678 
0.63372 0.125181 
0.627157 0.150392 
-0.593726 0.053298 
0.524243 0.359561 
0.512759 0.37156 
-0.600164 0.0328576 
-0.605505 0.0122194 
-0.586231 0.0734459 
-0.579812 0.0886181 
-0.565357 0.118122 
-0.548657 0.146888 
-0.529289 0.175631 
-0.518159 0.190543 
-0.494263 0.219684 
-0.481558 0.233917 
-0.506577 0.2051 
-0.454448 0.261867 
-0.440158 0.275342 
-0.425458 0.288367 
-0.410263 0.301029 
-0.4682 0.248088 
-0.328124 0.358626 
-0.345343 0.347827 
-0.378654 0.325137 
-0.3102 0.369268 
-0.292027 0.379475 
0.64426 0.0638495 
-0.394709 0.313241 
-0.23348 0.408792 
-0.212989 0.417878 
-0.273003 0.389576 
-0.0734937 0.465647 
-0.169531 0.435309 
-0.253745 0.399226 
0.599996 0.231777 
0.645605 0.0444614 
0.535278 0.346858 
0.300375 0.480915 
0.545683 0.333634 
0.47557 0.403789 
0.448943 0.422111 
0.00844078 0.483222 
0.097035 0.49382 
0.126603 0.495357 
0.156209 0.495841 
0.184897 0.495254 
0.213538 0.493574 
0.241833 0.490765 
0.270413 0.486678 
0.0670517 0.491224 
0.554262 0.321654 
0.609824 0.204999 
0.638537 0.102901 
0.420712 0.438258 
-0.146441 0.443602 
-0.19137 0.426854 
0.618913 0.177838 
-0.0469086 0.472168 
-0.0201381 0.477938 
0.0371791 0.487624 
0.331851 0.473046 
0.361854 0.463586 
0.391558 0.452048 
-0.110803 0.455145 
-0.61143 -0.0189613 
0.645512 0.0156947 
0.573666 0.289913 
0.583388 0.270816 
0.494615 0.388406 
0.630564 0.137819 
0.518573 0.365629 
-0.602969 0.0225733 
-0.607757 0.001861 
-0.590106 0.0634194 
-0.597077 0.0431194 
-0.572851 0.103501 
-0.557253 0.132648 
-0.583093 0.0810625 
-0.523784 0.183131 
-0.487958 0.226844 
-0.512422 0.197864 
-0.417908 0.294755 
-0.447355 0.26866 
-0.336767 0.353279 
-0.370509 0.330921 
-0.461375 0.255028 
-0.301144 0.374425 
-0.353852 0.342267 
-0.319194 0.364001 
0.643188 0.073617 
-0.40253 0.30719 
-0.223261 0.413395 
-0.282545 0.384582 
-0.0859781 0.46231 
-0.500471 0.212436 
-0.243641 0.404069 
0.594743 0.245023 
0.645863 0.0348626 
0.540561 0.340309 
0.506811 0.377348 
0.482032 0.398805 
-0.263402 0.394457 
0.111813 0.494717 
0.170556 0.495681 
0.199226 0.494555 
-0.386722 0.319244 
0.285431 0.483988 
0.550036 0.327689 
0.566247 0.302925 
-0.432858 0.281911 
0.605012 0.218426 
0.636249 0.114067 
0.645066 0.0541648 
0.640313 0.0931465 
0.529838 0.353276 
0.558366 0.315524 
-0.158012 0.439528 
-0.202207 0.422431 
-0.134815 0.447533 
0.623153 0.16415 
-0.180476 0.431147 
-0.0602241 0.469001 
-0.0335438 0.475148 
0.0227928 0.485535 
0.0521006 0.489548 
0.0820323 0.49265 
0.2277 0.492316 
0.256146 0.488882 
0.614466 0.191451 
-0.00586883 0.48069 
0.316171 0.477212 
0.346926 0.468549 
0.141404 0.495734 
0.406263 0.445425 
-0.539207 0.161417 
0.376804 0.45807 
-0.474928 0.241049 
0.43499 0.43047 
0.462452 0.413234 
ZONE T="boundary5"
0.431669 -0.247693 
0.407321 -0.257399 
0.64271 -0.012727 
0.121488 -0.367516 
0.0922968 -0.38364 
-0.554774 -0.299733 
-0.544595 -0.316554 
-0.612017 -0.133434 
-0.614322 -0.112754 
-0.615757 -0.0711601 
-0.614853 -0.0502772 
-0.612851 -0.0294109 
-0.521757 -0.349263 
-0.615575 -0.0919746 
-0.599224 -0.193982 
-0.604309 -0.174545 
-0.593476 -0.212656 
-0.608672 -0.154041 
0.644886 0.00614392 
-0.481079 -0.395506 
-0.563926 -0.283031 
-0.396329 -0.460268 
-0.415111 -0.448818 
-0.268855 -0.504065 
-0.291768 -0.500158 
-0.356592 -0.479937 
0.596081 -0.127855 
-0.335741 -0.487974 
-0.313881 -0.494818 
0.6035 -0.116991 
0.613017 -0.101084 
-0.377035 -0.470558 
-0.222348 -0.50706 
-0.245898 -0.506359 
-0.151684 -0.499328 
-0.198961 -0.506122 
-0.175173 -0.503516 
-0.127907 -0.493476 
-0.465739 -0.409964 
-0.533728 -0.332879 
-0.509107 -0.365054 
-0.495423 -0.380632 
-0.104472 -0.48616 
0.534189 -0.1906 
0.520991 -0.200143 
-0.44977 -0.423594 
-0.432734 -0.436695 
-0.0572562 -0.46704 
0.200518 -0.329782 
-0.572375 -0.265918 
-0.586996 -0.231052 
-0.580026 -0.248638 
0.639294 -0.0312232 
-0.0332129 -0.45531 
-0.0810869 -0.477389 
-0.0094194 -0.44264 
0.0659657 -0.398875 
0.0397588 -0.414333 
0.151043 -0.352322 
0.167461 -0.344437 
0.183989 -0.336908 
0.217123 -0.323006 
0.243892 -0.312813 
0.321628 -0.286606 
0.296207 -0.294837 
0.382715 -0.266369 
0.546973 -0.180397 
0.588175 -0.138301 
0.452497 -0.238542 
0.35227 -0.276674 
0.559322 -0.169464 
0.621468 -0.0843532 
0.634608 -0.0493936 
0.628684 -0.0670634 
0.571129 -0.157808 
0.497358 -0.2152 
0.270749 -0.303333 
0.0151974 -0.428713 
0.47301 -0.228574 
0.419536 -0.252649 
0.106841 -0.375484 
-0.549776 -0.308199 
-0.613299 -0.123109 
-0.615442 -0.0607127 
-0.615081 -0.102372 
-0.601874 -0.184291 
-0.596446 -0.203348 
-0.610472 -0.143758 
-0.405801 -0.454676 
-0.280346 -0.50231 
-0.324868 -0.491576 
0.608399 -0.109122 
-0.366886 -0.475405 
-0.234129 -0.506917 
-0.210646 -0.506793 
-0.473497 -0.402829 
-0.539249 -0.324775 
-0.51552 -0.357229 
-0.116136 -0.489991 
0.527645 -0.195447 
-0.441338 -0.430256 
-0.386757 -0.465553 
-0.457839 -0.416879 
-0.568242 -0.274519 
-0.527834 -0.341137 
-0.606614 -0.164319 
-0.590327 -0.221886 
-0.613989 -0.0398309 
-0.045176 -0.461296 
-0.0691091 -0.472358 
-0.0212679 -0.449065 
0.0528572 -0.406596 
0.0791048 -0.391212 
0.159233 -0.348338 
0.136201 -0.359797 
0.175705 -0.34063 
0.208803 -0.326354 
0.230471 -0.317818 
0.641161 -0.0220045 
-0.424004 -0.442875 
0.308912 -0.290706 
0.395047 -0.261963 
-0.488338 -0.388153 
0.442124 -0.243209 
0.367518 -0.271596 
0.553219 -0.175012 
0.540644 -0.185577 
-0.139749 -0.496591 
0.625232 -0.0757736 
0.579876 -0.148251 
0.599857 -0.122469 
0.592191 -0.133126 
0.631804 -0.0582814 
0.637111 -0.0403498 
0.617393 -0.092795 
0.192236 -0.333303 
0.643955 -0.00330968 
0.257296 -0.308001 
-0.163394 -0.501615 
-0.502355 -0.372922 
-0.576289 -0.257317 
-0.615801 -0.0815685 
-0.559439 -0.291431 
-0.257396 -0.505411 
-0.346229 -0.484119 
-0.302869 -0.497673 
-0.0927201 -0.481931 
-0.187044 -0.505024 
0.283464 -0.299044 
0.0274939 -0.421551 
0.336957 -0.281663 
0.00292451 -0.43574 
-0.583596 -0.239878 
0.462805 -0.233664 
0.565306 -0.163719 
0.485283 -0.222068 
0.509307 -0.20788 
