ZONE T="boundary0"
-4 -0.193267 
-4 -0.259831 
-4 0.277407 
-4 0.502911 
-4 0.841515 
-4 0.345008 
-4 0.173665 
-4 0.226244 
-4 0.683029 
-4 0.251826 
-4 0.121086 
-4 0.0400919 
-4 -0.0409019 
-4 -0.557812 
-4 -0.117084 
-4 -0.360719 
-4 -0.395044 
-4 -0.65193 
-4 -0.463694 
-4 1 
-4 0.384484 
-4 0.423959 
-4 -0.326394 
-4 -0.293112 
-4 -0.825965 
-4 -1 
-4 -0.226549 
-4 0.199955 
-4 0.59297 
-4 0.239035 
-4 0.147375 
-4 0.264616 
-4 0.311208 
-4 -0.000405002 
-4 -0.0789931 
-4 -0.377882 
-4 -0.604871 
-4 -0.510753 
-4 0.762272 
-4 0.404221 
-4 -0.155175 
-4 -0.429369 
-4 -0.343557 
-4 -0.309753 
-4 -0.276471 
-4 0.463435 
-4 0.0805887 
-4 -0.738947 
-4 -0.912982 
-4 0.920757 
-4 0.364746 
ZONE T="boundary1"
1.57211 1 
1.48203 1 
0.983562 1 
0.928272 1 
0.872981 1 
-0.00419486 1 
-0.055547 1 
0.503971 1 
0.369995 1 
0.325336 1 
-1.87161 1 
-0.401848 1 
-0.547763 1 
2.30464 1 
1.89014 1 
1.09663 1 
1.0401 1 
-1.4499 1 
-2.21672 1 
-2.42018 1 
3.0821 1 
3.42952 1 
2.73467 1 
2.51966 1 
3.71476 1 
-2.59814 1 
-2.7761 1 
-2.95696 1 
-3.70984 1 
-3.56684 1 
-3.42383 1 
-0.106899 1 
-0.181416 1 
-0.255933 1 
0.71523 1 
0.662647 1 
-0.328891 1 
0.583309 1 
-0.785264 1 
-0.666513 1 
0.176101 1 
0.250719 1 
0.131027 1 
0.0859533 1 
0.414654 1 
-1.20471 1 
-1.09755 1 
0.767814 1 
1.30082 1 
1.2097 1 
-0.88783 1 
-0.990397 1 
1.15317 1 
1.39195 1 
3.85738 1 
-3.13782 1 
-1.58992 1 
-1.32731 1 
4 1 
2.90839 1 
-4 1 
-2.01327 1 
-1.72994 1 
1.73112 1 
3.57214 1 
1.52707 1 
0.955917 1 
0.900626 1 
-0.0298709 1 
0.347666 1 
-0.474806 1 
2.09739 1 
1.06836 1 
-2.31845 1 
3.25581 1 
2.62717 1 
-2.86653 1 
-3.63834 1 
-0.218675 1 
0.688938 1 
-0.365369 1 
0.54364 1 
-0.725888 1 
0.288028 1 
0.10849 1 
0.622978 1 
0.459313 1 
0.392324 1 
-1.15113 1 
1.25526 1 
0.741522 1 
1.1249 1 
1.34638 1 
-0.836547 1 
-0.939113 1 
3.78607 1 
-3.28082 1 
3.92869 1 
2.99524 1 
-3.49533 1 
2.41215 1 
-3.85492 1 
-2.50916 1 
-1.94244 1 
-1.80077 1 
-2.115 1 
2.82153 1 
1.81063 1 
-2.68712 1 
0.0408792 1 
0.820397 1 
-0.292412 1 
-0.0812231 1 
0.21341 1 
-0.144158 1 
0.153564 1 
-0.607138 1 
1.18143 1 
1.01183 1 
3.64345 1 
-1.04398 1 
1.65161 1 
1.43699 1 
-1.38861 1 
-1.26601 1 
-3.04739 1 
-1.51991 1 
-1.65993 1 
3.50083 1 
ZONE T="boundary2"
4 -0.671079 
4 -0.323073 
4 -0.254291 
4 -0.382664 
4 -0.185509 
4 -0.123438 
4 -0.442256 
4 -0.0688366 
4 -0.0142347 
4 -0.835539 
4 -1 
4 0.0949689 
4 0.208631 
4 0.1518 
4 -0.556667 
4 0.398824 
4 0.65186 
4 0.82593 
4 1 
4 0.271435 
4 0.334239 
4 0.463408 
4 0.240033 
4 0.557634 
4 -0.288682 
4 -0.352869 
4 -0.2199 
4 -0.154474 
4 -0.0415356 
4 -0.753309 
4 0.0403671 
4 -0.0961375 
4 0.180215 
4 -0.41246 
4 -0.499461 
4 0.738895 
4 0.912965 
4 -0.91777 
4 0.302837 
4 0.255734 
4 0.224332 
4 0.123384 
4 0.431116 
4 0.510521 
4 0.366531 
4 0.604747 
4 -0.613873 
ZONE T="boundary3"
-0.765663 -1 
-0.14158 -1 
1.30618 -1 
0.359283 -1 
0.462479 -1 
-0.481332 -1 
-0.574556 -1 
-1.3128 -1 
0.764054 -1 
0.85261 -1 
0.974395 -1 
1.94577 -1 
2.85053 -1 
3.07978 -1 
-3.48344 -1 
-3.74172 -1 
3.48177 -1 
-3.2753 -1 
-3.06717 -1 
-2.67566 -1 
4 -1 
3.65451 -1 
-1.50853 -1 
-2.28403 -1 
-0.390094 -1 
-0.220218 -1 
-0.667779 -1 
-0.00344559 -1 
-0.298855 -1 
-0.0725129 -1 
0.13173 -1 
0.0641421 -1 
-0.344474 -1 
0.256087 -1 
0.193908 -1 
0.307685 -1 
0.675497 -1 
-0.97697 -1 
0.568988 -1 
1.09618 -1 
1.23618 -1 
1.37618 -1 
-0.863548 -1 
-1.20159 -1 
-1.09039 -1 
-1.41066 -1 
1.5715 -1 
1.76682 -1 
-1.63978 -1 
2.12473 -1 
2.2978 -1 
3.30902 -1 
2.6607 -1 
-2.02753 -1 
2.47086 -1 
-1.77103 -1 
1.47384 -1 
-4 -1 
0.410881 -1 
-0.527944 -1 
0.808332 -1 
2.96515 -1 
-3.61258 -1 
-3.17124 -1 
-2.87141 -1 
3.82726 -1 
-2.47984 -1 
-0.435713 -1 
-0.621167 -1 
-0.107047 -1 
-0.180899 -1 
0.097936 -1 
0.0303483 -1 
-0.259536 -1 
-0.321665 -1 
0.224998 -1 
0.162819 -1 
-0.716721 -1 
0.515734 -1 
1.03529 -1 
0.719775 -1 
0.622243 -1 
0.913502 -1 
1.16618 -1 
1.34118 -1 
-0.814606 -1 
-1.25719 -1 
-1.03368 -1 
-1.36173 -1 
-1.14599 -1 
-0.920259 -1 
1.66916 -1 
-3.37937 -1 
-1.57416 -1 
2.21126 -1 
3.1944 -1 
2.75561 -1 
-2.15578 -1 
2.56578 -1 
3.56814 -1 
3.3954 -1 
-1.70541 -1 
2.38433 -1 
1.85629 -1 
-0.0379792 -1 
-0.367284 -1 
0.333484 -1 
0.281886 -1 
-1.89928 -1 
1.52267 -1 
2.03525 -1 
1.42501 -1 
1.27118 -1 
-3.87086 -1 
-1.4596 -1 
ZONE T="boundary4"
-0.110421 0.447549 
-0.133017 0.438582 
-0.57742 -0.0392688 
0.636257 0.168934 
0.635695 0.185996 
-0.153987 0.42968 
0.482204 0.452156 
0.496832 0.443518 
-0.279201 0.363592 
-0.26342 0.373274 
0.627583 0.0659252 
-0.344215 0.318559 
-0.320242 0.336218 
-0.0633339 0.464225 
-0.0875884 0.455968 
-0.574464 -0.0208599 
0.529545 0.420263 
0.618025 0.29442 
-0.57068 -0.00256657 
0.545061 0.406809 
-0.537708 0.0904714 
-0.193855 0.411145 
-0.56066 0.0335709 
-0.56607 0.0156053 
-0.409182 0.262547 
-0.549268 0.0645923 
-0.212767 0.401576 
-0.431305 0.240035 
-0.388837 0.28159 
-0.367507 0.300004 
0.611395 0.3122 
-0.174729 0.420307 
-0.299915 0.350194 
-0.247445 0.382641 
-0.230207 0.392286 
-0.0388451 0.47186 
0.012736 0.485694 
-0.013165 0.479124 
0.0672778 0.49708 
0.0965614 0.501831 
0.559594 0.39232 
0.60356 0.32936 
-0.472879 0.192168 
-0.491897 0.167007 
0.62442 0.0522838 
0.635134 0.1215 
0.632315 0.0935643 
0.572116 0.377958 
0.594168 0.346486 
0.616291 0.0253192 
0.611271 0.0120953 
0.633004 0.221189 
0.467198 0.460095 
0.634656 0.20303 
0.452241 0.467186 
0.513514 0.432417 
0.583615 0.362752 
0.126018 0.505642 
0.157953 0.508661 
0.190016 0.510493 
0.223684 0.511068 
0.255794 0.510252 
0.288354 0.507961 
0.406433 0.484631 
0.381415 0.491877 
0.359125 0.497183 
0.312582 0.505222 
0.437005 0.473656 
0.623494 0.275886 
0.620675 0.0387649 
0.627744 0.256996 
0.630733 0.239257 
0.636342 0.153213 
0.336715 0.501537 
-0.524443 0.115924 
-0.452594 0.21653 
0.0399075 0.491779 
-0.509249 0.141351 
-0.121747 0.443134 
0.636036 0.177468 
-0.143528 0.434191 
0.48957 0.447925 
-0.271335 0.368473 
-0.33231 0.327499 
-0.0754884 0.460175 
-0.576045 -0.0300479 
-0.572674 -0.0116923 
0.537417 0.413668 
-0.563463 0.0246178 
-0.555254 0.0491882 
-0.420363 0.251409 
-0.378263 0.290902 
-0.355952 0.309396 
0.614867 0.303369 
-0.399105 0.272171 
-0.164385 0.425053 
-0.289604 0.356965 
-0.310129 0.343279 
-0.255456 0.377997 
-0.238851 0.387508 
-0.184317 0.415777 
-0.000237536 0.482498 
0.0819 0.499571 
-0.482545 0.179707 
0.633948 0.107512 
-0.221511 0.396975 
0.565978 0.385246 
0.599023 0.338011 
0.613862 0.0186792 
-0.543687 0.0776208 
0.474746 0.456211 
0.459755 0.46372 
0.505256 0.438092 
0.58904 0.354716 
0.577999 0.370456 
0.521625 0.426467 
0.141971 0.507297 
0.173975 0.50973 
0.239743 0.510832 
0.272087 0.509297 
0.370299 0.494651 
0.300481 0.506706 
0.421819 0.479422 
0.620919 0.285201 
0.607631 0.320851 
0.622621 0.0455043 
0.626071 0.0590887 
0.625765 0.266474 
0.631953 0.230234 
-0.203337 0.406412 
0.629342 0.248144 
0.630206 0.0797023 
0.552456 0.399694 
0.63598 0.137348 
0.633902 0.212117 
0.636353 0.161075 
-0.568476 0.0065448 
-0.0511148 0.468122 
-0.0260303 0.475579 
0.324667 0.503501 
0.347942 0.499473 
-0.099031 0.451828 
0.393972 0.48842 
0.111273 0.503856 
-0.531263 0.103296 
-0.46287 0.204461 
0.0535727 0.49453 
-0.517027 0.128747 
0.0262992 0.488834 
0.206846 0.510958 
0.444657 0.470497 
0.635235 0.194516 
-0.500749 0.154298 
-0.442066 0.228389 
0.618561 0.0320154 
ZONE T="boundary5"
-0.233345 -0.584998 
-0.255533 -0.575674 
-0.209717 -0.593474 
-0.110233 -0.611964 
-0.135665 -0.610031 
-0.538435 -0.29028 
-0.480549 -0.390115 
-0.491174 -0.374992 
-0.577907 -0.149948 
-0.579831 -0.131531 
0.211062 -0.235936 
0.197239 -0.250601 
-0.580967 -0.113091 
-0.457543 -0.419726 
-0.445167 -0.434165 
-0.57954 -0.0577045 
-0.57742 -0.0392688 
-0.529249 -0.309858 
-0.50117 -0.359747 
-0.572028 -0.185388 
-0.568216 -0.202384 
-0.548202 -0.266656 
-0.354628 -0.517204 
-0.16074 -0.60618 
-0.185886 -0.600489 
-0.277378 -0.565194 
-0.0338257 -0.603892 
-0.0840028 -0.611706 
-0.581305 -0.0946465 
0.501707 -0.114931 
0.483298 -0.125027 
-0.0586498 -0.609061 
0.0478131 -0.561922 
-0.519255 -0.329055 
-0.403282 -0.476923 
-0.4181 -0.462767 
0.444012 -0.14192 
0.419597 -0.150101 
-0.469453 -0.404885 
0.0997548 -0.495123 
-0.336443 -0.530128 
-0.387998 -0.490544 
-0.371546 -0.504188 
-0.559116 -0.235187 
-0.580834 -0.0761917 
-0.431866 -0.448696 
0.137347 -0.380014 
0.130986 -0.404643 
0.242482 -0.211239 
0.0308664 -0.574778 
0.0121917 -0.586001 
0.0725842 -0.536857 
0.0607803 -0.549906 
0.091509 -0.510054 
0.0825141 -0.523875 
0.556898 -0.071656 
0.524504 -0.0998391 
0.109342 -0.47406 
0.152522 -0.330078 
0.144326 -0.354968 
0.124525 -0.428793 
0.117309 -0.452428 
0.226223 -0.222778 
0.184833 -0.266626 
0.16649 -0.297461 
0.260958 -0.200561 
0.27982 -0.191677 
0.464505 -0.133792 
0.341113 -0.171297 
0.395038 -0.157178 
0.566795 -0.0608746 
0.611271 0.0120953 
0.535672 -0.0911579 
0.599213 -0.0136224 
0.584442 -0.0379852 
0.310713 -0.180226 
-0.00988969 -0.596103 
-0.317798 -0.5423 
0.368015 -0.164263 
-0.297798 -0.554209 
0.546399 -0.0818504 
-0.244496 -0.580477 
-0.221588 -0.589403 
-0.122965 -0.611253 
-0.485921 -0.382596 
-0.578966 -0.14075 
0.20396 -0.243105 
-0.580498 -0.122318 
-0.451413 -0.426996 
-0.578583 -0.0484749 
-0.533945 -0.300117 
-0.575312 -0.167726 
-0.570197 -0.193903 
-0.54347 -0.278531 
-0.148233 -0.608334 
-0.19785 -0.597161 
-0.266517 -0.570566 
-0.0971092 -0.612134 
-0.581237 -0.103871 
0.492587 -0.120138 
-0.0712904 -0.610692 
-0.046166 -0.606803 
-0.496233 -0.36741 
-0.510459 -0.344547 
-0.410752 -0.469909 
0.431853 -0.146169 
-0.475059 -0.397544 
-0.395699 -0.4838 
-0.363147 -0.510774 
-0.345598 -0.523755 
-0.55391 -0.25101 
0.134149 -0.392333 
-0.438577 -0.441486 
0.0216793 -0.580642 
0.0395103 -0.568579 
0.0668212 -0.543513 
0.0871369 -0.517052 
0.0544282 -0.556061 
0.513288 -0.107665 
0.095761 -0.502666 
0.104762 -0.484701 
0.148238 -0.342463 
0.121053 -0.440665 
0.218493 -0.229155 
0.175098 -0.281699 
0.234208 -0.216822 
-0.379834 -0.497441 
0.251601 -0.205687 
0.270308 -0.195938 
0.12782 -0.416742 
0.407343 -0.153744 
0.0776727 -0.530466 
-0.58029 -0.066941 
0.473967 -0.129554 
-0.463558 -0.412354 
0.530145 -0.0955731 
0.454313 -0.138001 
0.295137 -0.185604 
-0.425041 -0.455789 
-0.581171 -0.0854167 
-0.524349 -0.319507 
0.190856 -0.258457 
-0.0217466 -0.600335 
0.00129691 -0.591372 
-0.32718 -0.536307 
0.381535 -0.160768 
-0.173357 -0.603548 
0.159036 -0.313565 
0.140731 -0.36747 
0.113499 -0.463317 
0.35455 -0.167738 
-0.307861 -0.548362 
-0.287648 -0.559815 
0.551723 -0.0768265 
0.325858 -0.175575 
0.541099 -0.0865776 
0.561922 -0.066339 
0.575945 -0.0496808 
0.592161 -0.0260051 
0.605575 -0.000918619 
-0.563928 -0.21886 
