ZONE T="boundary0"
-4 -0.321735 
-4 -0.277887 
-4 -0.234039 
-4 0.637342 
-4 0.818671 
-4 0.331221 
-4 0.385027 
-4 0.438833 
-4 0.0793832 
-4 0.00781763 
-4 0.298451 
-4 -0.0688228 
-4 -0.145463 
-4 -0.451068 
-4 0.265682 
-4 0.208315 
-4 0.236998 
-4 -0.588301 
-4 -0.386402 
-4 -0.725534 
-4 1 
-4 0.150949 
-4 -0.519684 
-4 -1 
-4 -0.299811 
-4 0.728007 
-4 0.358124 
-4 0.0436004 
-4 -0.0305026 
-4 0.282066 
-4 0.538087 
-4 0.314836 
-4 0.25134 
-4 -0.255963 
-4 -0.189751 
-4 0.41193 
-4 -0.656917 
-4 0.909336 
-4 0.179632 
-4 0.222657 
-4 0.115166 
-4 -0.107143 
-4 -0.418735 
-4 -0.485376 
-4 -0.553993 
-4 -0.354068 
-4 -0.862767 
ZONE T="boundary1"
-2.14691 1 
-1.19879 1 
0.611273 1 
0.294206 1 
0.51651 1 
0.813996 1 
1.11188 1 
2.83126 1 
-1.55815 1 
-3.47283 1 
-3.73642 1 
-1.82378 1 
-3.2307 1 
3.52079 1 
3.7604 1 
3.28119 1 
1.98978 1 
1.80621 1 
2.39714 1 
2.17335 1 
-2.98856 1 
-0.00506626 1 
0.251692 1 
0.712634 1 
0.421747 1 
0.469129 1 
0.19105 1 
0.130408 1 
0.336719 1 
0.0626707 1 
-0.096294 1 
-0.0506801 1 
-0.141908 1 
-0.240883 1 
-0.510708 1 
-0.620449 1 
-0.966254 1 
-1.08239 1 
0.909492 1 
-0.85012 1 
-0.294245 1 
-0.400968 1 
-0.735285 1 
1.00499 1 
1.21876 1 
-1.43667 1 
-1.98534 1 
-1.3152 1 
-1.69096 1 
4 1 
-2.34559 1 
-2.54427 1 
-4 1 
1.31758 1 
1.61131 1 
1.4164 1 
2.50904 1 
3.04158 1 
-2.76642 1 
-0.187522 1 
2.62094 1 
0.563891 1 
-3.60462 1 
3.64059 1 
3.40099 1 
1.898 1 
2.28525 1 
0.763315 1 
0.661953 1 
0.445438 1 
0.272949 1 
0.160729 1 
0.0965392 1 
0.0288022 1 
-0.0734871 1 
-0.565579 1 
-1.02432 1 
0.379233 1 
0.861744 1 
-0.267564 1 
-0.455838 1 
-0.677867 1 
1.05843 1 
1.16532 1 
-1.90456 1 
-1.37593 1 
-1.49741 1 
-1.75737 1 
-1.62455 1 
-0.908187 1 
-2.06612 1 
-2.44493 1 
-2.24625 1 
-3.86821 1 
1.26817 1 
1.70876 1 
1.51385 1 
3.8802 1 
2.08157 1 
3.16138 1 
-2.65534 1 
-2.87749 1 
-3.35176 1 
2.93642 1 
-3.10963 1 
0.315463 1 
-0.0278732 1 
0.221371 1 
-0.792703 1 
0.492819 1 
-0.347607 1 
-0.214203 1 
-0.164715 1 
-0.119101 1 
2.45309 1 
-1.14059 1 
0.95724 1 
-1.25699 1 
2.7261 1 
2.56499 1 
1.36699 1 
ZONE T="boundary2"
4 -0.701641 
4 -0.181967 
4 -0.119857 
4 0.142688 
4 0.0910496 
4 0.18966 
4 0.236632 
4 0.826375 
4 0.26633 
4 0.296028 
4 0.411399 
4 0.467375 
4 -0.389011 
4 -0.352778 
4 0.560062 
4 0.65275 
4 -0.524695 
4 -0.613168 
4 -0.850821 
4 -1 
4 0.0394112 
4 -0.0402227 
4 -0.213023 
4 -0.316544 
4 1 
4 0.355424 
4 0.325726 
4 -0.280311 
4 -0.244078 
4 -0.150912 
4 0.116869 
4 0.213146 
4 0.281179 
4 0.439387 
4 -0.370894 
4 0.606406 
4 -0.568932 
4 -0.776231 
4 -0.657405 
4 -0.92541 
4 0.166174 
4 0.0652304 
4 -0.000405765 
4 0.513718 
4 -0.0800397 
4 -0.197495 
4 -0.456853 
4 0.913187 
4 0.739562 
4 0.251481 
4 0.340575 
4 0.383412 
4 0.310877 
4 -0.262195 
4 -0.298428 
4 -0.334661 
4 -0.228551 
ZONE T="boundary3"
-0.530833 -1 
-0.211082 -1 
-0.821433 -1 
-0.909153 -1 
0.985146 -1 
3.70549 -1 
0.788415 -1 
1.26757 -1 
3.85274 -1 
4 -1 
-3.10123 -1 
-2.8727 -1 
-2.69848 -1 
3.41097 -1 
1.12636 -1 
1.71481 -1 
-3.83244 -1 
-3.66488 -1 
-3.32976 -1 
-3.49732 -1 
2.17879 -1 
2.47961 -1 
3.0957 -1 
-1.95081 -1 
2.78043 -1 
-0.436433 -1 
-0.282729 -1 
0.141957 -1 
0.072031 -1 
0.409156 -1 
0.00210519 -1 
-0.068665 -1 
-0.139435 -1 
0.216832 -1 
0.291708 -1 
-0.723333 -1 
-0.625233 -1 
-0.359581 -1 
-0.996874 -1 
-1.09938 -1 
0.526604 -1 
0.657509 -1 
0.886781 -1 
1.42308 -1 
1.34533 -1 
-1.29649 -1 
-1.20189 -1 
1.50084 -1 
1.5786 -1 
-1.58002 -1 
-1.39109 -1 
1.85102 -1 
2.0149 -1 
-1.76896 -1 
-2.13265 -1 
-1.48556 -1 
-2.52425 -1 
-2.32845 -1 
2.63002 -1 
-4 -1 
-0.865293 -1 
3.92637 -1 
-2.98697 -1 
-2.78559 -1 
-3.74866 -1 
-3.41354 -1 
2.3292 -1 
2.93806 -1 
-0.483633 -1 
-0.246906 -1 
0.106994 -1 
0.0370681 -1 
-0.0332799 -1 
-0.10405 -1 
0.25427 -1 
-0.674283 -1 
-0.398007 -1 
-0.578033 -1 
-0.321155 -1 
3.55823 -1 
-1.04813 -1 
-0.953014 -1 
-0.772383 -1 
0.46788 -1 
3.25334 -1 
-3.2155 -1 
0.935963 -1 
1.05575 -1 
0.837598 -1 
1.19696 -1 
1.3842 -1 
-1.24919 -1 
-3.5811 -1 
1.53972 -1 
1.78291 -1 
1.6467 -1 
1.93296 -1 
-2.04173 -1 
-1.43832 -1 
-1.67449 -1 
-2.42635 -1 
-2.61136 -1 
2.70522 -1 
3.77911 -1 
2.55481 -1 
-0.175259 -1 
0.350432 -1 
0.722962 -1 
0.179395 -1 
0.592057 -1 
1.46196 -1 
-1.34379 -1 
-1.53279 -1 
-3.91622 -1 
-1.15063 -1 
1.30645 -1 
-2.23055 -1 
2.09684 -1 
-1.85988 -1 
ZONE T="boundary4"
-0.421073 0.297986 
-0.611673 0.0178628 
-0.619335 -0.0265935 
-0.616158 -0.0043205 
-0.547995 0.161284 
-0.566797 0.131033 
0.647525 0.0548742 
0.645445 0.07146 
0.58158 0.258783 
0.567439 0.284713 
-0.58329 0.0993058 
0.648776 0.0383728 
-0.499711 0.223126 
-0.485321 0.238803 
-0.598779 0.0617514 
-0.605876 0.0399118 
-0.590422 0.0832748 
-0.575411 0.115237 
-0.537612 0.176148 
-0.525867 0.191773 
-0.513606 0.206988 
-0.454474 0.269292 
-0.470151 0.254313 
0.617636 0.174345 
0.608153 0.199039 
-0.403403 0.311655 
-0.438022 0.283934 
-0.34774 0.349439 
-0.328226 0.361115 
-0.366701 0.337367 
-0.308411 0.372261 
-0.287889 0.383109 
0.597989 0.223458 
-0.385312 0.324745 
-0.201234 0.42208 
-0.223769 0.412932 
-0.178467 0.430669 
-0.154839 0.438913 
-0.267097 0.393429 
-0.130998 0.446562 
-0.081198 0.460442 
-0.0551577 0.466596 
0.627293 0.146393 
0.648652 0.00568889 
0.590038 0.241246 
0.559433 0.297687 
0.423499 0.424034 
0.34545 0.458145 
0.372002 0.448425 
0.398149 0.437045 
0.550924 0.310338 
0.542057 0.322447 
0.493496 0.374687 
0.513781 0.355289 
0.53272 0.334176 
0.471378 0.392841 
-0.00152967 0.476926 
0.0841095 0.486852 
0.114895 0.488386 
0.0550175 0.4844 
0.312816 0.467887 
0.280015 0.475528 
0.245176 0.481562 
0.448133 0.409201 
0.634764 0.121368 
0.63899 0.104786 
0.649162 0.0220104 
-0.245557 0.403451 
-0.106196 0.453825 
0.0260292 0.48101 
-0.0289434 0.472039 
0.145719 0.488786 
0.177448 0.487954 
0.211282 0.485587 
0.642591 0.0880604 
-0.617908 -0.0154347 
-0.557673 0.146331 
0.646584 0.0631792 
0.574725 0.271868 
-0.492577 0.231021 
-0.602482 0.0508814 
-0.614076 0.00680303 
-0.586939 0.0913268 
-0.571182 0.123178 
-0.531808 0.184012 
-0.579431 0.107311 
-0.608933 0.0289285 
-0.519798 0.199431 
-0.477799 0.24662 
0.612983 0.186726 
-0.412294 0.304894 
-0.462377 0.261871 
-0.429607 0.291033 
-0.446313 0.276687 
-0.338023 0.355344 
-0.357263 0.34347 
-0.318355 0.366753 
-0.298186 0.377752 
-0.394408 0.318271 
-0.21253 0.417577 
-0.16668 0.434866 
-0.277526 0.388335 
-0.142943 0.442813 
-0.0681992 0.463607 
-0.189877 0.426445 
0.622604 0.160417 
-0.542868 0.168761 
0.585882 0.250051 
0.563498 0.291239 
0.358796 0.453476 
0.410931 0.430747 
0.555241 0.304055 
0.503821 0.365181 
0.537448 0.328359 
0.523454 0.344916 
0.546551 0.316437 
0.0994952 0.487757 
0.603155 0.211284 
0.262638 0.478791 
0.296472 0.471947 
0.329212 0.463277 
-0.506724 0.215114 
0.648255 0.0466311 
0.649079 0.0301939 
0.594069 0.232377 
0.649022 0.0138458 
-0.234692 0.408259 
-0.118621 0.450274 
-0.093719 0.457215 
-0.376053 0.331125 
-0.256359 0.398507 
0.0122344 0.47907 
-0.0420697 0.469407 
0.435946 0.416833 
0.459903 0.401232 
0.0405096 0.48282 
0.0695533 0.485745 
-0.0152547 0.474582 
0.385164 0.442937 
0.482608 0.383974 
0.130305 0.488731 
0.161588 0.488532 
0.194379 0.486967 
0.228255 0.483788 
0.640874 0.0964411 
0.644108 0.0797755 
0.63117 0.133922 
0.63695 0.113096 
-0.59475 0.072571 
ZONE T="boundary5"
-0.179968 -0.49115 
-0.205124 -0.492849 
-0.23042 -0.492925 
-0.606001 -0.18149 
-0.621209 -0.048878 
-0.621796 -0.0711733 
-0.555786 -0.296201 
-0.566175 -0.278395 
-0.611603 -0.15962 
-0.503298 -0.365176 
-0.518326 -0.348151 
0.586749 -0.150011 
-0.619335 -0.0265935 
-0.599229 -0.203208 
0.644869 -0.0263384 
0.641578 -0.0420114 
0.637372 -0.0573455 
-0.584142 -0.241992 
-0.575561 -0.260417 
-0.255356 -0.491348 
-0.280242 -0.488086 
-0.304399 -0.483247 
-0.328284 -0.476775 
0.59562 -0.1388 
-0.154718 -0.487871 
-0.129675 -0.483117 
-0.104738 -0.476969 
-0.079749 -0.469482 
-0.487443 -0.381361 
-0.544585 -0.313472 
0.632218 -0.0724459 
-0.531872 -0.331148 
0.647223 -0.0104522 
-0.373377 -0.459667 
-0.394398 -0.44933 
-0.434171 -0.425141 
-0.452809 -0.411468 
-0.351047 -0.468968 
-0.414865 -0.437681 
-0.470508 -0.396908 
0.619253 -0.101424 
0.6262 -0.087082 
-0.619173 -0.115575 
-0.621112 -0.0933944 
-0.0549471 -0.460853 
-0.0299402 -0.451091 
-0.00480718 -0.440388 
0.0460363 -0.416908 
0.0202226 -0.429055 
0.0718411 -0.40456 
0.183385 -0.353918 
0.154604 -0.366185 
0.0988175 -0.391696 
0.125905 -0.379062 
0.213753 -0.341717 
0.244134 -0.330213 
0.399134 -0.274233 
0.536874 -0.19802 
0.51539 -0.213746 
0.494109 -0.227462 
0.472269 -0.240038 
0.449584 -0.251795 
0.611504 -0.115235 
0.557403 -0.180653 
0.567606 -0.170919 
0.648652 0.00568889 
0.577386 -0.160725 
0.603844 -0.127258 
-0.592093 -0.222792 
-0.616 -0.137639 
0.371356 -0.28501 
0.426506 -0.262614 
0.339457 -0.296569 
0.30726 -0.307817 
0.275755 -0.318825 
-0.217774 -0.493094 
-0.621662 -0.0600221 
-0.561086 -0.287361 
-0.510921 -0.356761 
-0.602752 -0.192393 
0.639592 -0.0497109 
-0.242903 -0.492344 
-0.267828 -0.489928 
-0.316395 -0.480211 
0.591254 -0.144461 
-0.192537 -0.492198 
-0.167322 -0.489702 
-0.117172 -0.480206 
-0.495475 -0.373373 
-0.550286 -0.304903 
-0.579952 -0.251252 
-0.525202 -0.339734 
-0.383965 -0.454659 
-0.443585 -0.418437 
-0.424607 -0.43155 
-0.339728 -0.473055 
0.622835 -0.0943062 
-0.362285 -0.464497 
-0.620298 -0.104499 
-0.292361 -0.485869 
-0.461757 -0.40431 
-0.538336 -0.322389 
-0.0424073 -0.45608 
-0.0673098 -0.465295 
0.0331433 -0.423017 
0.168969 -0.359977 
-0.608945 -0.170593 
0.0853225 -0.39811 
-0.621612 -0.0822896 
0.112345 -0.385339 
0.0589422 -0.410742 
0.228923 -0.335892 
0.526257 -0.206061 
0.460986 -0.246037 
0.48326 -0.233879 
0.504839 -0.220748 
-0.570971 -0.269462 
0.5473 -0.189532 
0.562557 -0.175842 
0.648055 -0.00239232 
-0.142169 -0.485672 
0.572553 -0.165878 
0.582131 -0.155424 
0.599805 -0.133082 
0.615481 -0.108388 
0.607753 -0.121297 
0.634911 -0.0649358 
0.62932 -0.0798103 
0.646164 -0.018413 
-0.58822 -0.232435 
-0.61395 -0.14866 
0.643342 -0.0342001 
0.385281 -0.279713 
-0.404718 -0.44366 
-0.092205 -0.473374 
-0.479079 -0.389249 
-0.595768 -0.21304 
0.438094 -0.257312 
0.412872 -0.268547 
-0.617739 -0.12663 
-0.620433 -0.037723 
0.32337 -0.302213 
0.198545 -0.347733 
0.355434 -0.29086 
-0.0173425 -0.445825 
0.140231 -0.372559 
0.00773053 -0.434781 
0.259931 -0.324463 
0.291505 -0.313298 
