ZONE T="boundary0"
-4 -1 
-4 -0.391526 
-4 0.199546 
-4 0.258393 
-4 0.75 
-4 0.159785 
-4 0.120023 
-4 0.506499 
-4 0.586092 
-4 -0.458676 
-4 -0.632387 
-4 -0.738947 
-4 -0.525826 
-4 1 
-4 -0.316191 
-4 -0.285623 
-4 -0.255055 
-4 -0.208158 
-4 0.0109923 
-4 -0.0751351 
-4 -0.161262 
-4 0.31724 
-4 0.372073 
-4 0.426905 
-4 0.287817 
-4 0.22897 
-4 0.139904 
-4 -0.685667 
-4 -0.579106 
-4 -0.869474 
-4 -0.353859 
-4 -0.492251 
-4 -0.231607 
-4 -0.425101 
-4 0.0655077 
-4 -0.0320714 
-4 -0.118199 
-4 0.546296 
-4 0.466702 
-4 0.668046 
-4 0.399489 
-4 0.875 
-4 -0.300907 
-4 -0.270339 
-4 -0.18471 
-4 0.273105 
-4 0.344657 
-4 0.179666 
-4 0.302528 
ZONE T="boundary1"
-3.1649 1 
-2.99101 1 
1.57096 1 
0.183242 1 
-0.058667 1 
8.11747e-05 1 
-0.243858 1 
-0.303255 1 
-0.774864 1 
1.13445 1 
0.807781 1 
1.41585 1 
-1.56344 1 
-1.44948 1 
-3.36638 1 
-2.62271 1 
-2.19987 1 
2.51673 1 
-3.56787 1 
-3.78394 1 
-1.90332 1 
3.40281 1 
3.20375 1 
-4 1 
2.66183 1 
2.93279 1 
3.80094 1 
-2.81711 1 
0.249123 1 
0.315004 1 
0.39215 1 
0.0588294 1 
0.121036 1 
0.469297 1 
-0.184462 1 
-0.121564 1 
1.06687 1 
0.999292 1 
-0.383595 1 
-0.463935 1 
-0.564365 1 
1.26075 1 
0.864129 1 
0.93171 1 
0.693399 1 
0.751433 1 
0.635366 1 
-0.664796 1 
-0.993747 1 
-1.10256 1 
-0.884932 1 
-1.21904 1 
-1.33552 1 
-1.73338 1 
4 1 
3.60188 1 
1.79568 1 
2.19601 1 
2.02039 1 
-2.42831 1 
0.552331 1 
2.37163 1 
-3.07795 1 
-0.273556 1 
-3.6759 1 
3.30328 1 
-3.89197 1 
3.06827 1 
0.282063 1 
0.353577 1 
0.0899325 1 
0.430723 1 
-0.153013 1 
-0.0292929 1 
0.0294553 1 
1.03308 1 
0.152139 1 
-0.343425 1 
-0.51415 1 
-0.21416 1 
-0.423765 1 
1.1976 1 
0.89792 1 
0.664383 1 
0.779607 1 
0.965501 1 
1.10066 1 
-1.04815 1 
-0.71983 1 
-0.829898 1 
-0.614581 1 
-1.27728 1 
-1.3925 1 
-1.64841 1 
-1.50646 1 
-1.81835 1 
-1.1608 1 
3.70141 1 
3.90047 1 
1.3383 1 
1.68332 1 
-3.46713 1 
1.49341 1 
2.1082 1 
-2.90406 1 
-3.26564 1 
-2.31409 1 
-2.05159 1 
1.90803 1 
2.58928 1 
2.79731 1 
0.835955 1 
-0.0901157 1 
0.510814 1 
0.216182 1 
0.593849 1 
0.722416 1 
-0.939339 1 
2.28382 1 
2.44418 1 
-2.52551 1 
-2.71991 1 
3.50235 1 
ZONE T="boundary2"
4 0.0824331 
4 0.0130662 
4 -0.499461 
4 -0.671079 
4 0.37189 
4 0.487908 
4 -1 
4 0.702944 
4 0.321885 
4 0.603925 
4 0.27188 
4 0.1518 
4 0.21184 
4 -0.112589 
4 -0.29399 
4 -0.365469 
4 -0.222512 
4 -0.16755 
4 0.801963 
4 -0.432465 
4 1 
4 0.0477496 
4 -0.58527 
4 0.429899 
4 -0.835539 
4 0.346888 
4 0.296883 
4 0.18182 
4 0.117117 
4 0.545917 
4 -0.32973 
4 -0.258251 
4 -0.0497614 
4 -0.398967 
4 0.752453 
4 0.653435 
4 0.900981 
4 -0.195031 
4 -0.14007 
4 0.24186 
4 -0.465963 
ZONE T="boundary3"
-3.74172 -1 
-4 -1 
-1.38838 -1 
-2.29327 -1 
2.85677 -1 
0.0429225 -1 
-0.942351 -1 
-1.03368 -1 
-0.354902 -1 
-0.281868 -1 
-0.665836 -1 
-0.57934 -1 
-1.31784 -1 
-1.2473 -1 
-0.213065 -1 
-1.14049 -1 
-0.427936 -1 
1.44775 -1 
-1.55045 -1 
3.68225 -1 
0.662714 -1 
0.559451 -1 
1.62104 -1 
4 -1 
-3.48344 -1 
2.65091 -1 
3.23757 -1 
-2.06016 -1 
-3.14844 -1 
-3.31594 -1 
2.44504 -1 
3.36451 -1 
2.28038 -1 
1.79433 -1 
1.95502 -1 
-2.81344 -1 
-2.55335 -1 
0.456188 -1 
0.340376 -1 
0.101686 -1 
0.224563 -1 
-0.144262 -1 
-0.0800518 -1 
-0.0158414 -1 
0.979143 -1 
0.873189 -1 
0.767952 -1 
-0.847342 -1 
-0.752332 -1 
-1.8975 -1 
-1.73484 -1 
1.27966 -1 
1.0851 -1 
3.11064 -1 
2.11571 -1 
-3.87086 -1 
-0.988016 -1 
-0.318385 -1 
-0.622588 -1 
-1.28257 -1 
-1.08709 -1 
-0.391419 -1 
0.611083 -1 
1.53439 -1 
-3.61258 -1 
-2.17671 -1 
-3.23219 -1 
3.84113 -1 
3.30104 -1 
1.87467 -1 
-2.42331 -1 
-2.68339 -1 
0.398282 -1 
0.50782 -1 
0.163125 -1 
-0.112157 -1 
-0.503638 -1 
-0.247467 -1 
0.0723045 -1 
0.0135405 -1 
0.926166 -1 
0.82057 -1 
0.715333 -1 
-0.894847 -1 
-0.709084 -1 
-3.39969 -1 
-1.19389 -1 
-1.35311 -1 
-1.46941 -1 
-1.64265 -1 
-1.97883 -1 
-1.81617 -1 
1.3637 -1 
1.03212 -1 
1.18238 -1 
3.52338 -1 
1.70768 -1 
2.98371 -1 
2.19804 -1 
2.03536 -1 
2.54797 -1 
2.36271 -1 
2.75384 -1 
-2.98094 -1 
3.17411 -1 
-0.178664 -1 
-0.0479466 -1 
0.282469 -1 
-0.799837 -1 
ZONE T="boundary4"
-0.642366 0.0114962 
-0.604719 0.140411 
-0.615326 0.11372 
-0.240485 0.515143 
-0.262537 0.504305 
-0.282645 0.493687 
-0.592664 0.167173 
-0.578943 0.194431 
0.540045 0.505958 
-0.508076 0.304548 
-0.486907 0.330221 
-0.467067 0.352168 
-0.445357 0.374208 
-0.401443 0.413531 
-0.4226 0.395389 
-0.379574 0.430879 
-0.359959 0.445338 
0.430551 0.574487 
-0.339856 0.459168 
-0.321316 0.471101 
-0.30242 0.482509 
0.554569 0.489841 
0.478569 0.552136 
-0.2181 0.525335 
-0.168889 0.545133 
-0.0261627 0.585744 
0.00495678 0.591805 
0.597714 0.394019 
0.599469 0.372564 
0.0381905 0.5973 
0.0715849 0.601835 
0.595508 0.330174 
-0.625951 0.0823826 
0.445818 0.568283 
0.4623 0.560688 
0.415034 0.580072 
0.547366 0.225441 
0.560236 0.246452 
0.494229 0.542737 
0.509575 0.532192 
0.524106 0.520709 
0.475945 -0.0310056 
0.476775 0.0253587 
0.480184 0.062 
0.475947 -0.00288014 
0.143431 0.608276 
0.181273 0.609794 
0.21915 0.609917 
0.256612 0.608531 
-0.0570783 0.578806 
0.32249 0.601833 
0.350211 0.597073 
0.375784 0.591449 
0.294454 0.605414 
0.400982 0.584568 
0.498429 0.133308 
0.514304 0.168685 
0.572292 0.267822 
0.587182 0.434344 
0.593529 0.414732 
0.589755 0.308579 
0.581647 0.287251 
0.578793 0.45305 
0.567664 0.472072 
0.59872 0.35149 
0.530421 0.197732 
-0.193654 0.535598 
-0.142128 0.554528 
-0.0862013 0.571386 
-0.115075 0.563131 
-0.563191 0.222756 
0.107452 0.605619 
-0.5279 0.27793 
0.487223 0.0980868 
-0.546297 0.250496 
-0.63557 0.0467466 
-0.610177 0.127124 
-0.251552 0.509806 
-0.272629 0.499067 
-0.585948 0.180873 
-0.497649 0.317512 
-0.456333 0.363305 
-0.477104 0.341299 
-0.412109 0.404561 
-0.369826 0.438189 
-0.349964 0.452334 
-0.311909 0.476872 
0.547497 0.49807 
-0.330629 0.465201 
-0.390592 0.422308 
-0.22933 0.52032 
-0.292573 0.488169 
-0.0106246 0.588884 
0.598911 0.383318 
0.054871 0.599687 
-0.620863 0.0981235 
0.454107 0.564589 
0.42282 0.577356 
0.553849 0.235919 
0.501987 0.537588 
0.532237 0.513507 
0.470493 0.556523 
0.438218 0.571465 
0.478082 0.043717 
0.476214 0.011242 
0.486468 0.547551 
0.51694 0.526576 
0.475888 -0.0169458 
0.162345 0.609202 
0.237888 0.609422 
0.336378 0.59961 
0.363031 0.594412 
0.275552 0.607202 
0.388429 0.588175 
0.505897 0.151217 
0.590627 0.424626 
0.566408 0.257056 
0.408026 0.582378 
0.585959 0.297817 
0.583236 0.443809 
0.595922 0.404437 
0.561345 0.481124 
-0.598839 0.153857 
0.599398 0.362017 
0.538821 0.211636 
0.522141 0.183338 
0.592924 0.319299 
-0.181307 0.540456 
-0.205917 0.530559 
-0.155545 0.549932 
-0.100669 0.567365 
-0.0716666 0.5752 
-0.041646 0.582387 
0.30849 0.603766 
-0.128633 0.558928 
-0.434093 0.384921 
-0.571211 0.208671 
0.0895035 0.603866 
0.125431 0.607091 
-0.518156 0.291361 
0.0215533 0.594673 
0.492311 0.115868 
-0.554883 0.236709 
0.200211 0.610037 
-0.631074 0.0646421 
0.597415 0.340787 
0.573487 0.462712 
0.577148 0.277451 
-0.639308 0.0291798 
0.483204 0.0801448 
-0.537264 0.264321 
ZONE T="boundary5"
0.474087 -0.111978 
-0.053849 -0.333877 
-0.0765762 -0.326654 
-0.324505 -0.26734 
0.435896 -0.244078 
0.44452 -0.22749 
-0.551162 -0.232046 
-0.541365 -0.237259 
0.458861 -0.191237 
-0.589551 -0.202836 
-0.584334 -0.207849 
-0.578904 -0.212655 
-0.599666 -0.191808 
-0.605383 -0.184651 
-0.610725 -0.177213 
-0.49191 -0.254534 
-0.501778 -0.252084 
-0.452406 -0.260827 
-0.181922 -0.29354 
-0.199463 -0.288751 
-0.283718 -0.271673 
-0.219367 -0.283773 
-0.239499 -0.2793 
-0.261441 -0.275127 
-0.123134 -0.311541 
-0.0998997 -0.319085 
0.0262078 -0.356294 
-0.164476 -0.29862 
-0.143783 -0.304966 
0.179104 -0.374796 
0.155739 -0.374652 
-0.521632 -0.245761 
-0.511769 -0.249152 
-0.531531 -0.241804 
-0.482004 -0.256596 
-0.560618 -0.22628 
-0.432535 -0.262459 
-0.412502 -0.26349 
-0.303984 -0.269213 
-0.370973 -0.264888 
-0.391733 -0.264219 
-0.472028 -0.258317 
-0.643878 -0.088474 
-0.64124 -0.103359 
-0.637748 -0.117821 
-0.645736 -0.0725893 
-0.642366 0.0114962 
-0.644636 -0.00580466 
0.378003 -0.311795 
0.366195 -0.320574 
0.399325 -0.292704 
0.0776941 -0.366782 
0.0605547 -0.363708 
0.223554 -0.371777 
0.206379 -0.373487 
-0.646133 -0.0228524 
-0.030913 -0.340877 
0.307528 -0.351436 
0.291284 -0.35717 
0.426108 -0.259931 
0.337307 -0.33804 
0.00901412 -0.352017 
0.114896 -0.371861 
0.135265 -0.373639 
0.096226 -0.369596 
0.043554 -0.360237 
-0.646716 -0.0562908 
0.240675 -0.369333 
0.257773 -0.366099 
0.274792 -0.36202 
-0.646839 -0.0397871 
0.351979 -0.329807 
-0.0110484 -0.346611 
0.322597 -0.345164 
0.389224 -0.302337 
0.408807 -0.282486 
0.417802 -0.271491 
0.464421 -0.171789 
0.476047 -0.0514541 
0.452271 -0.209665 
0.468768 -0.151966 
0.471935 -0.132097 
0.475347 -0.0919603 
0.47593 -0.071776 
0.475945 -0.0310056 
-0.347633 -0.26587 
-0.617369 -0.166696 
-0.623298 -0.155761 
-0.569994 -0.219744 
-0.628842 -0.143682 
-0.633582 -0.131264 
-0.0652225 -0.33029 
0.440353 -0.235862 
-0.546302 -0.234722 
-0.586969 -0.205369 
-0.581644 -0.210279 
-0.594726 -0.197428 
-0.608101 -0.180967 
-0.496857 -0.253358 
-0.190682 -0.291105 
-0.25045 -0.277123 
-0.111517 -0.315303 
-0.15412 -0.301758 
-0.133453 -0.308232 
0.16742 -0.374863 
-0.50679 -0.250673 
-0.486967 -0.25561 
-0.526608 -0.243845 
-0.53648 -0.239598 
-0.516722 -0.247515 
-0.555934 -0.229232 
-0.42252 -0.263033 
-0.314235 -0.268204 
-0.381351 -0.264545 
-0.477024 -0.257497 
-0.639608 -0.110617 
-0.64267 -0.0959365 
-0.643591 0.00285622 
-0.644923 -0.080546 
0.372165 -0.316273 
0.0691139 -0.365298 
0.214975 -0.37272 
-0.645479 -0.0143215 
-0.229415 -0.281466 
0.125072 -0.372842 
0.0869489 -0.368256 
0.0348692 -0.358311 
0.192751 -0.374348 
0.145496 -0.374245 
-0.209398 -0.286201 
0.249243 -0.367816 
0.232128 -0.370649 
-0.646882 -0.0480409 
0.28307 -0.359702 
-0.0209937 -0.343783 
0.315106 -0.348403 
0.359164 -0.325308 
0.344708 -0.334039 
0.383687 -0.307153 
0.394347 -0.297597 
0.413391 -0.27706 
0.461797 -0.18156 
0.422044 -0.265776 
0.431153 -0.2521 
0.404144 -0.287668 
0.466744 -0.161913 
0.455716 -0.200507 
-0.173189 -0.296047 
0.473132 -0.122053 
0.474814 -0.101978 
0.476032 -0.0616182 
0.476007 -0.0412324 
0.330004 -0.341709 
-0.00103196 -0.349362 
0.299446 -0.354415 
-0.0423955 -0.337417 
0.266308 -0.364165 
-0.402117 -0.263879 
0.0520435 -0.362021 
-0.646337 -0.0644479 
0.105551 -0.370801 
0.0175996 -0.354196 
-0.0882427 -0.322878 
0.475712 -0.0818733 
-0.33606 -0.26653 
-0.359297 -0.265331 
-0.614138 -0.172007 
-0.602572 -0.188265 
-0.620422 -0.161279 
-0.565359 -0.223085 
-0.574507 -0.216269 
-0.63131 -0.137514 
-0.626173 -0.149764 
-0.635773 -0.124576 
-0.646587 -0.0313166 
-0.462234 -0.259701 
-0.442478 -0.261737 
0.448546 -0.218645 
-0.293839 -0.270365 
0.470487 -0.142056 
-0.27256 -0.273304 
