ZONE T="boundary0"
-4 -0.85264 
-4 0.159521 
-4 0.204075 
-4 0.840926 
-4 0.681852 
-4 0.457028 
-4 -0.163315 
-4 -0.100031 
-4 -0.493997 
-4 0.56944 
-4 -0.221499 
-4 -0.192407 
-4 -0.287001 
-4 -0.036747 
-4 0.0613868 
-4 0.353154 
-4 0.300891 
-4 0.248628 
-4 -0.423249 
-4 -0.25425 
-4 -0.705279 
-4 -1 
-4 1 
-4 -0.352502 
-4 0.181798 
-4 0.761389 
-4 -0.131673 
-4 0.513234 
-4 -0.206953 
-4 0.0123199 
-4 0.327023 
-4 0.226351 
-4 0.27476 
-4 0.405091 
-4 -0.0683892 
-4 -0.458623 
-4 -0.270625 
-4 -0.599638 
-4 -0.77896 
-4 -0.92632 
-4 0.625646 
-4 0.920463 
-4 -0.177861 
-4 -0.237875 
-4 -0.319751 
-4 0.110454 
-4 -0.387876 
ZONE T="boundary1"
-1.04953 1 
4 1 
1.78447 1 
1.0431 1 
1.15595 1 
-3.4772 1 
-3.16501 1 
-0.100083 1 
1.44089 1 
1.54226 1 
1.24774 1 
0.0299573 1 
-0.938201 1 
0.220834 1 
0.154244 1 
0.0921008 1 
0.930239 1 
-0.303885 1 
-0.241365 1 
-0.714769 1 
-1.38696 1 
-1.66604 1 
-1.83227 1 
-3.8693 1 
-3.7386 1 
3.04485 1 
2.38773 1 
3.63342 1 
3.81671 1 
3.48628 1 
3.33914 1 
-2.0161 1 
-2.19994 1 
-2.89421 1 
-2.62341 1 
-0.366405 1 
-0.0350628 1 
-0.170724 1 
0.38292 1 
0.287424 1 
-0.425469 1 
-0.602663 1 
0.478417 1 
0.587082 1 
-0.484534 1 
-0.770822 1 
-0.826875 1 
-1.2741 1 
0.812993 1 
0.695748 1 
1.33952 1 
-3.6079 1 
-4 1 
1.97429 1 
-1.49982 1 
2.8281 1 
-1.58293 1 
-1.16181 1 
2.61135 1 
-2.41168 1 
2.16411 1 
1.09952 1 
-3.32111 1 
1.49158 1 
-0.993865 1 
0.187539 1 
0.123173 1 
-0.272625 1 
-3.80395 1 
3.72507 1 
3.41271 1 
-1.92419 1 
-3.02961 1 
-2.75881 1 
-0.335145 1 
-0.135403 1 
0.061029 1 
-0.00255272 1 
0.335172 1 
-0.395937 1 
0.430668 1 
-0.543599 1 
-0.798848 1 
-0.658716 1 
-1.33053 1 
0.871616 1 
0.986668 1 
1.20185 1 
1.39021 1 
-3.67325 1 
-3.54255 1 
1.66336 1 
-1.44339 1 
2.93648 1 
-1.54138 1 
-1.74916 1 
-1.10567 1 
-1.21796 1 
3.19199 1 
-2.10802 1 
3.55985 1 
3.90836 1 
-3.93465 1 
-2.51754 1 
2.0692 1 
2.27592 1 
-2.30581 1 
1.87938 1 
-0.206044 1 
-0.0675728 1 
0.254129 1 
-0.882538 1 
-0.742795 1 
0.53275 1 
0.754371 1 
0.641415 1 
1.29363 1 
2.71972 1 
2.49954 1 
-1.62449 1 
-0.455002 1 
ZONE T="boundary2"
4 -0.538768 
4 -0.44824 
4 -0.0771422 
4 0.0602879 
4 -0.386118 
4 -0.323996 
4 0.177161 
4 0.765905 
4 1 
4 0.216119 
4 0.138204 
4 0.0992458 
4 0.348522 
4 0.389934 
4 0.460872 
4 0.531811 
4 0.261614 
4 -0.224645 
4 -0.191529 
4 -0.257762 
4 -0.629297 
4 -0.814649 
4 -1 
4 0.307109 
4 -0.290879 
4 -0.134335 
4 0.648858 
4 -0.00842715 
4 -0.355057 
4 0.882953 
4 0.19664 
4 0.157683 
4 0.0797668 
4 0.118725 
4 0.369228 
4 0.496342 
4 -0.208087 
4 -0.417179 
4 -0.584033 
4 -0.493504 
4 -0.907324 
4 0.238867 
4 0.284362 
4 0.327815 
4 -0.307438 
4 -0.162932 
4 -0.105739 
4 -0.241204 
4 -0.274321 
4 0.425403 
4 0.590334 
4 0.707382 
4 -0.721973 
ZONE T="boundary3"
-3.875 -1 
0.128856 -1 
3.17884 -1 
-0.0616644 -1 
-0.00591699 -1 
0.320549 -1 
0.264215 -1 
-0.786932 -1 
-0.882031 -1 
-1.20011 -1 
0.0498305 -1 
-0.684426 -1 
1.72517 -1 
1.95028 -1 
0.785301 -1 
0.680427 -1 
2.81883 -1 
3.02774 -1 
3.32994 -1 
3.74644 -1 
-2.56559 -1 
-3.47496 -1 
-3.23151 -1 
-3.71841 -1 
2.17539 -1 
2.60992 -1 
2.39265 -1 
-1.72822 -1 
-1.90722 -1 
0.432281 -1 
0.376415 -1 
-0.123126 -1 
-0.184587 -1 
-0.354269 -1 
-0.269428 -1 
0.207882 -1 
1.26516 -1 
1.3741 -1 
0.890175 -1 
4 -1 
0.556354 -1 
-0.58192 -1 
-0.977131 -1 
1.52484 -1 
1.44947 -1 
1.08972 -1 
-1.08862 -1 
-1.31787 -1 
-1.43563 -1 
-1.58193 -1 
-1.50878 -1 
-4 -1 
1.0232 -1 
-2.08622 -1 
1.62501 -1 
-0.468094 -1 
1.15623 -1 
-2.68095 -1 
-2.26822 -1 
-2.45022 -1 
-3.0716 -1 
-2.91169 -1 
0.292382 -1 
-0.834482 -1 
-0.735679 -1 
1.83772 -1 
0.732864 -1 
2.92328 -1 
3.53819 -1 
-3.35324 -1 
-3.59669 -1 
2.06283 -1 
2.50129 -1 
-1.81772 -1 
0.404348 -1 
-0.153857 -1 
-0.0923952 -1 
0.0893434 -1 
0.348482 -1 
-0.311849 -1 
0.0219567 -1 
0.168369 -1 
-0.0337907 -1 
0.236049 -1 
-0.227008 -1 
1.31963 -1 
0.837738 -1 
3.87322 -1 
0.618391 -1 
-3.79671 -1 
-0.633173 -1 
-0.929581 -1 
1.48716 -1 
-1.14436 -1 
-1.37675 -1 
-1.25899 -1 
-1.4722 -1 
-3.9375 -1 
0.956689 -1 
-1.65508 -1 
-1.54535 -1 
-1.99672 -1 
1.41179 -1 
1.57493 -1 
-0.411182 -1 
1.12297 -1 
-2.17722 -1 
-2.5079 -1 
2.71437 -1 
3.25439 -1 
3.10329 -1 
2.28402 -1 
-0.525007 -1 
-2.62327 -1 
-2.35922 -1 
-2.99165 -1 
-1.03287 -1 
0.494318 -1 
1.2107 -1 
1.67509 -1 
1.05646 -1 
-2.79632 -1 
-3.15156 -1 
ZONE T="boundary4"
-0.0356122 0.474003 
-0.138646 0.50032 
-0.164993 0.50309 
-0.462838 0.401604 
-0.625492 0.0507939 
-0.625392 0.0755323 
-0.615157 0.151119 
-0.572509 0.264132 
-0.581058 0.247098 
-0.563284 0.280793 
-0.623984 0.026397 
0.654371 -0.00164264 
-0.520585 0.342353 
-0.441608 0.418781 
-0.0866512 0.490015 
-0.0610693 0.482684 
-0.270914 0.49672 
-0.244536 0.501007 
-0.620236 0.125797 
-0.622144 0.11321 
-0.610228 0.170238 
-0.60445 0.189099 
-0.597749 0.208015 
0.500132 0.21971 
0.47277 0.235619 
-0.537672 0.32016 
-0.555187 0.294202 
-0.502222 0.363513 
-0.483076 0.383141 
-0.419407 0.434623 
-0.396354 0.44901 
-0.372497 0.46188 
-0.322732 0.482753 
-0.297022 0.490625 
-0.218022 0.503482 
-0.112563 0.495939 
-0.589804 0.227748 
0.655828 -0.0287849 
0.171592 0.372883 
0.143678 0.387358 
0.414828 0.264573 
0.384399 0.27806 
0.353101 0.291271 
0.199634 0.35883 
0.444773 0.25027 
0.524939 0.203413 
0.548722 0.18544 
0.0398241 0.441365 
0.065329 0.428587 
0.01479 0.453186 
-0.0104075 0.464149 
0.090776 0.415347 
0.117203 0.401354 
0.569832 0.166785 
0.589458 0.1462 
0.650229 0.0251935 
0.655426 -0.0151461 
0.643348 0.051432 
-0.19146 0.504163 
-0.347924 0.473151 
0.259152 0.331017 
0.229351 0.344595 
0.290374 0.317447 
0.321531 0.304366 
-0.623647 0.100567 
0.606505 0.124607 
0.621495 0.101187 
0.633742 0.0768429 
-0.151802 0.501913 
-0.625645 0.0631652 
-0.576867 0.255658 
-0.0738181 0.486517 
-0.257762 0.499088 
-0.621241 0.119511 
-0.612802 0.160708 
-0.617895 0.138499 
-0.601199 0.198593 
-0.607442 0.179701 
0.486547 0.227837 
-0.567982 0.272511 
-0.52929 0.331383 
-0.546644 0.307328 
-0.473091 0.392522 
-0.511557 0.353069 
-0.407992 0.441998 
-0.430627 0.426873 
-0.309942 0.486906 
-0.384527 0.455637 
-0.45235 0.410352 
-0.231301 0.502469 
-0.125576 0.498326 
-0.0482955 0.478495 
-0.559292 0.287532 
-0.284019 0.493895 
-0.0995698 0.493161 
-0.585531 0.23747 
-0.624939 0.0385842 
-0.59388 0.217925 
0.157618 0.380079 
0.399655 0.271404 
0.368774 0.284711 
0.53699 0.194645 
0.512653 0.211747 
0.458843 0.243085 
0.0526048 0.435039 
0.0273423 0.447362 
0.00223367 0.458778 
0.103995 0.408361 
0.18559 0.365798 
0.0780697 0.422003 
0.652642 0.0118294 
0.655709 -0.0219628 
0.654982 -0.00838761 
0.647131 0.038404 
-0.17822 0.503843 
-0.335406 0.478162 
0.130434 0.39434 
-0.49279 0.373467 
-0.360301 0.467717 
-0.204748 0.504044 
-0.0229657 0.469208 
0.244226 0.337733 
0.214464 0.351638 
0.274743 0.324167 
0.305945 0.310869 
0.42986 0.257546 
-0.624724 0.088065 
-0.622947 0.106895 
0.559461 0.176327 
0.579876 0.156718 
0.598237 0.13561 
0.614298 0.113091 
0.627934 0.0891762 
0.638879 0.0642655 
0.337323 0.297818 
ZONE T="boundary5"
0.0708537 -0.469875 
0.270843 -0.464016 
0.242208 -0.468149 
0.383322 -0.433364 
0.35577 -0.443326 
-0.558558 -0.15255 
-0.602661 -0.066898 
-0.610211 -0.0442586 
-0.620908 0.00240812 
-0.623984 0.026397 
-0.616303 -0.0211599 
-0.5937 -0.0890321 
-0.257822 -0.384886 
-0.206038 -0.405757 
-0.232064 -0.395657 
-0.281293 -0.374357 
-0.304497 -0.363226 
-0.326025 -0.3522 
-0.347262 -0.340597 
-0.178939 -0.415481 
-0.124135 -0.432792 
-0.151592 -0.424506 
0.0146425 -0.463133 
-0.0964586 -0.440376 
-0.489427 -0.234973 
-0.503103 -0.221053 
-0.528628 -0.192432 
-0.516102 -0.20696 
-0.475335 -0.24846 
-0.369105 -0.327821 
-0.455526 -0.266055 
-0.434601 -0.283037 
-0.544216 -0.172731 
-0.571607 -0.131881 
-0.583338 -0.110697 
0.299394 -0.458563 
-0.390543 -0.31434 
0.565008 -0.293375 
-0.0688641 -0.447176 
0.127595 -0.473234 
0.0991903 -0.472 
0.0426904 -0.466909 
-0.412574 -0.29936 
-0.0132984 -0.458572 
0.184795 -0.472829 
0.156193 -0.473531 
0.213546 -0.471056 
0.410068 -0.421818 
0.4362 -0.408471 
0.327735 -0.4517 
-0.0410835 -0.453258 
0.461119 -0.393502 
0.50751 -0.358171 
0.485021 -0.376683 
0.528269 -0.338197 
0.618905 -0.19072 
0.580656 -0.268997 
0.594673 -0.243478 
0.547535 -0.316497 
0.607348 -0.217268 
0.655828 -0.0287849 
0.629282 -0.164043 
0.654735 -0.0560525 
0.651288 -0.0832551 
0.64572 -0.110341 
0.638299 -0.137257 
0.256549 -0.466239 
0.36962 -0.438547 
-0.606616 -0.0556376 
-0.622643 0.0143782 
-0.618798 -0.00941274 
-0.598352 -0.0780343 
-0.219084 -0.40079 
-0.26959 -0.379695 
-0.292931 -0.368868 
-0.336683 -0.346472 
-0.19252 -0.410707 
-0.137891 -0.428737 
-0.496319 -0.228066 
-0.445159 -0.274664 
-0.465527 -0.257366 
-0.482432 -0.241771 
-0.110322 -0.436673 
-0.522428 -0.199751 
-0.551522 -0.162736 
-0.315296 -0.357783 
-0.165295 -0.420081 
-0.358232 -0.334294 
-0.577628 -0.121375 
0.285151 -0.461458 
-0.37988 -0.321171 
-0.613443 -0.0327577 
0.113387 -0.472731 
0.0567606 -0.468496 
-0.423675 -0.291318 
0.0286526 -0.465121 
-0.0826839 -0.443865 
0.000655809 -0.460949 
0.170497 -0.473308 
-0.40163 -0.306956 
0.199179 -0.47208 
0.423246 -0.415364 
0.313608 -0.455311 
-0.0549945 -0.450309 
0.396785 -0.4278 
0.448791 -0.401205 
0.473226 -0.385315 
0.34181 -0.447704 
0.518083 -0.348387 
0.227892 -0.469748 
0.587859 -0.256346 
0.538116 -0.327539 
0.556497 -0.305108 
0.613253 -0.204049 
0.601152 -0.230442 
0.573057 -0.281332 
0.624234 -0.177436 
-0.536544 -0.182679 
-0.565228 -0.142307 
-0.588683 -0.0999432 
0.141893 -0.473504 
0.655589 -0.0424302 
-0.50966 -0.214059 
0.496443 -0.367644 
0.0850134 -0.471047 
-0.0272094 -0.456008 
0.653289 -0.0696882 
0.648747 -0.0968475 
0.642215 -0.123855 
0.63396 -0.150706 
-0.244978 -0.390356 
