ZONE T="boundary0"
-4 0.67708 
-4 0.83854 
-4 -0.493757 
-4 -0.347235 
-4 -0.389783 
-4 0.157264 
-4 0.186638 
-4 0.461297 
-4 0.0368533 
-4 -0.599518 
-4 0.0970587 
-4 -0.100031 
-4 -0.705279 
-4 -0.85264 
-4 1 
-4 -0.304687 
-4 -0.256735 
-4 -0.208783 
-4 -0.154407 
-4 0.245386 
-4 -1 
-4 0.216012 
-4 0.368029 
-4 0.27476 
-4 0.75781 
-4 -0.368509 
-4 0.171951 
-4 0.066956 
-4 -0.77896 
-4 0.91927 
-4 -0.44177 
-4 -0.325961 
-4 -0.280711 
-4 -0.232759 
-4 -0.127219 
-4 -0.031589 
-4 -0.181595 
-4 -0.652399 
-4 -0.546638 
-4 -0.92632 
-4 0.569189 
-4 0.230699 
-4 0.127161 
-4 0.201325 
-4 0.321394 
-4 0.414663 
-4 0.260073 
ZONE T="boundary1"
3.54181 1 
3.7709 1 
-0.685237 1 
-0.0350628 1 
0.287424 1 
0.695748 1 
0.587082 1 
0.154244 1 
-0.100083 1 
-0.170723 1 
1.24774 1 
-0.882538 1 
-0.980188 1 
-1.37967 1 
0.930239 1 
-2.91932 1 
3.31271 1 
2.84577 1 
-2.23045 1 
-2.43342 1 
-2.02748 1 
-1.86974 1 
2.62011 1 
2.39446 1 
2.18205 1 
1.96964 1 
-3.46215 1 
-3.73108 1 
1.75595 1 
-4 1 
0.812993 1 
0.0299573 1 
-0.483028 1 
-0.599651 1 
1.0431 1 
-0.366405 1 
-0.303885 1 
-0.241365 1 
0.0921008 1 
0.478417 1 
-0.783887 1 
-1.07784 1 
1.15595 1 
-1.27439 1 
-1.48495 1 
-1.712 1 
1.64911 1 
1.54226 1 
1.33952 1 
3.07924 1 
-3.19074 1 
-2.65294 1 
0.38292 1 
4 1 
3.65636 1 
0.641415 1 
0.220834 1 
-0.135404 1 
-0.931363 1 
-2.33193 1 
-1.94861 1 
2.50729 1 
2.07585 1 
-3.59661 1 
-3.86554 1 
-0.54134 1 
0.986668 1 
-0.335145 1 
-0.00255272 1 
-0.0675728 1 
-0.206044 1 
0.061029 1 
-0.424716 1 
0.871616 1 
0.754371 1 
0.53275 1 
-0.734562 1 
-1.02901 1 
1.20185 1 
-1.17611 1 
-1.43231 1 
-1.32703 1 
-1.59848 1 
1.59568 1 
1.44089 1 
1.8628 1 
2.28826 1 
3.19598 1 
2.73294 1 
2.9625 1 
-3.32645 1 
-3.05503 1 
3.42726 1 
-2.54318 1 
-2.12897 1 
-1.79087 1 
-2.78613 1 
-0.642444 1 
0.123172 1 
-0.272625 1 
0.430668 1 
0.335172 1 
-0.833213 1 
1.29363 1 
3.88545 1 
1.70253 1 
1.09952 1 
ZONE T="boundary2"
4 -0.207338 
4 -0.235185 
4 -1 
4 -0.721973 
4 -0.17949 
4 0.262228 
4 0.305068 
4 0.219388 
4 0.0162324 
4 0.0941066 
4 0.378381 
4 0.451693 
4 0.156747 
4 -0.0616418 
4 -0.120566 
4 0.558921 
4 -0.316207 
4 -0.290879 
4 -0.341535 
4 -0.392192 
4 -0.493504 
4 -0.607738 
4 -0.263032 
4 0.666149 
4 0.833074 
4 1 
4 -0.221261 
4 -0.860986 
4 -0.193414 
4 0.283648 
4 0.0551695 
4 0.240808 
4 0.125427 
4 0.188068 
4 -0.0911039 
4 -0.150028 
4 -0.0227047 
4 -0.303543 
4 -0.366863 
4 -0.550621 
4 -0.249108 
4 0.341724 
4 -0.276956 
4 0.415037 
4 0.505307 
4 0.612535 
4 -0.442848 
4 -0.664856 
4 0.749612 
4 0.916537 
4 -0.328871 
ZONE T="boundary3"
-0.58192 -1 
4 -1 
-1.43563 -1 
-0.468094 -1 
0.216292 -1 
1.49116 -1 
-0.0189734 -1 
0.0237177 -1 
-0.354269 -1 
-0.269428 -1 
-0.123126 -1 
-0.184587 -1 
-1.20011 -1 
-1.08862 -1 
-3.73748 -1 
-0.786932 -1 
-0.684426 -1 
0.587373 -1 
-3.47496 -1 
-3.60622 -1 
1.37927 -1 
3.55706 -1 
3.40941 -1 
-2.26822 -1 
-3.0716 -1 
-2.90512 -1 
-2.73864 -1 
-2.50343 -1 
2.17146 -1 
2.49515 -1 
2.81883 -1 
-1.90722 -1 
3.0403 -1 
3.26177 -1 
3.77853 -1 
-1.74457 -1 
0.162696 -1 
0.320315 -1 
0.407316 -1 
0.268304 -1 
0.1091 -1 
-0.0616644 -1 
0.0664088 -1 
0.680427 -1 
0.494318 -1 
-4 -1 
1.03468 -1 
1.08369 -1 
1.26738 -1 
1.6394 -1 
1.78764 -1 
-0.882031 -1 
-0.977131 -1 
1.97955 -1 
0.784025 -1 
-1.31787 -1 
-1.58193 -1 
0.887624 -1 
0.835824 -1 
0.985658 -1 
-0.525007 -1 
0.00237219 -1 
-0.311849 -1 
-0.153857 -1 
-1.14436 -1 
-0.633173 -1 
-3.54059 -1 
1.43522 -1 
3.48324 -1 
-3.27328 -1 
-2.98836 -1 
-2.62103 -1 
2.33331 -1 
-2.08772 -1 
2.92956 -1 
2.65699 -1 
3.88927 -1 
-1.8259 -1 
0.189494 -1 
-0.411182 -1 
0.363816 -1 
0.294309 -1 
0.135898 -1 
-0.227008 -1 
-0.0923952 -1 
0.242298 -1 
0.6339 -1 
0.540845 -1 
-3.86874 -1 
-3.67185 -1 
1.17554 -1 
1.32333 -1 
1.56528 -1 
1.71352 -1 
-0.834482 -1 
-0.735679 -1 
1.8836 -1 
0.732226 -1 
-1.25899 -1 
3.15103 -1 
-2.38582 -1 
2.07551 -1 
-1.66325 -1 
-2.82188 -1 
3.6678 -1 
3.33559 -1 
-0.0403189 -1 
0.0877544 -1 
0.0450633 -1 
0.861724 -1 
0.809925 -1 
0.450817 -1 
0.936641 -1 
1.05918 -1 
1.01017 -1 
-1.03287 -1 
-0.929581 -1 
-1.50878 -1 
-1.37675 -1 
ZONE T="boundary4"
-0.409716 0.41784 
-0.536847 0.334079 
-0.635605 0.0481386 
-0.636256 0.0731047 
-0.605416 0.225148 
-0.597054 0.244095 
-0.633432 0.0234623 
-0.260854 0.434277 
-0.286221 0.435689 
-0.632768 0.123676 
-0.209814 0.427664 
-0.1841 0.422836 
-0.311442 0.435609 
-0.455811 0.397478 
-0.518097 0.352785 
-0.635327 0.098322 
-0.628544 0.149056 
-0.588766 0.260645 
-0.619045 0.186938 
-0.624241 0.168159 
0.637323 0.0960292 
-0.612878 0.205691 
-0.579723 0.276683 
0.561391 0.214336 
-0.0785536 0.397978 
-0.57171 0.289462 
0.613929 0.147212 
0.627038 0.121973 
-0.498448 0.369459 
-0.55417 0.313803 
-0.47762 0.384405 
0.644846 0.0692265 
0.641435 0.0827246 
-0.385716 0.425092 
-0.0510406 0.391316 
0.651376 0.0140332 
-0.361269 0.430419 
-0.433121 0.408638 
-0.235419 0.431546 
-0.158065 0.417227 
-0.131978 0.411113 
-0.336479 0.433894 
-0.0234542 0.384935 
0.00497812 0.378793 
0.0333429 0.373177 
0.404322 0.309343 
0.434262 0.298155 
0.373088 0.318864 
0.18346 0.351059 
0.277564 0.338594 
0.341481 0.326709 
0.463482 0.284823 
0.490378 0.269949 
0.516249 0.25276 
0.0627533 0.367918 
-0.105298 0.404584 
0.152427 0.354909 
0.122299 0.358869 
0.309599 0.333186 
0.632515 0.109131 
0.606561 0.159164 
0.650482 -0.0138408 
0.649527 0.0418168 
0.651263 0.000139266 
0.580783 0.193494 
0.589964 0.182325 
0.598647 0.17076 
0.0920257 0.363227 
0.246005 0.343155 
0.214341 0.347259 
0.539392 0.234557 
-0.636125 0.0606195 
-0.601352 0.234676 
-0.634708 0.0357865 
-0.27354 0.435159 
-0.196946 0.42535 
-0.527658 0.343623 
-0.63425 0.111023 
-0.63086 0.136404 
-0.635991 0.0857243 
-0.593007 0.252421 
-0.621755 0.177582 
-0.626508 0.158636 
-0.616073 0.196354 
-0.584344 0.268723 
-0.575783 0.283117 
0.620801 0.134756 
-0.508438 0.361322 
-0.545706 0.324115 
-0.466851 0.391167 
-0.488186 0.377146 
0.643228 0.0759998 
-0.397792 0.421706 
-0.0648005 0.39462 
-0.37355 0.42799 
-0.444583 0.403293 
-0.24813 0.433064 
-0.298843 0.435845 
-0.145015 0.414216 
-0.222607 0.429732 
-0.563199 0.301827 
-0.421515 0.413478 
-0.323985 0.434964 
0.0191559 0.37592 
-0.171072 0.420105 
0.419378 0.303997 
-0.348913 0.432383 
0.357326 0.322976 
-0.609266 0.215468 
0.448992 0.291765 
0.503488 0.261625 
0.0480461 0.370477 
-0.0919265 0.401276 
-0.00924247 0.381804 
0.137366 0.35685 
0.293597 0.336004 
0.635004 0.102611 
0.610315 0.153231 
0.629858 0.115586 
0.650803 0.0279476 
0.651404 0.0070853 
0.650955 -0.00685553 
0.594369 0.176593 
0.0773909 0.365508 
0.107161 0.360992 
-0.0372501 0.38808 
-0.118635 0.407869 
0.167946 0.352967 
0.261794 0.340949 
0.198905 0.349168 
0.388767 0.31433 
0.23018 0.345248 
0.647543 0.0555812 
0.639467 0.089401 
0.60267 0.165007 
0.585434 0.187958 
0.57129 0.20411 
0.550583 0.224665 
0.527989 0.243886 
0.477072 0.277654 
0.325567 0.3301 
ZONE T="boundary5"
-0.193462 -0.445849 
-0.220416 -0.435665 
0.032704 -0.496281 
-0.539786 -0.200108 
-0.383165 -0.349914 
-0.0814718 -0.478304 
-0.109774 -0.471532 
0.348318 -0.456022 
0.320771 -0.466628 
0.20671 -0.493521 
0.177728 -0.4968 
-0.61058 -0.0715337 
-0.618324 -0.0483655 
-0.633432 0.0234623 
-0.601549 -0.0942959 
-0.624741 -0.0248088 
-0.629794 -0.000852565 
-0.296281 -0.401383 
-0.271837 -0.413391 
-0.36215 -0.363771 
-0.318677 -0.389501 
-0.3407 -0.376932 
-0.553023 -0.181625 
0.0904918 -0.49964 
-0.137845 -0.463879 
-0.1658 -0.455304 
-0.247025 -0.424623 
-0.513288 -0.233374 
-0.52589 -0.218092 
-0.5797 -0.138717 
-0.591247 -0.116691 
-0.447201 -0.300531 
-0.467531 -0.281995 
-0.500258 -0.248281 
-0.484218 -0.265451 
-0.425731 -0.318456 
-0.404738 -0.334586 
0.264274 -0.483009 
0.235576 -0.488953 
0.119563 -0.499797 
0.0615775 -0.498454 
0.00398372 -0.49316 
-0.566952 -0.160351 
-0.0246289 -0.489113 
-0.0531351 -0.484155 
0.401021 -0.429778 
0.148594 -0.498874 
0.375171 -0.443725 
0.292719 -0.475594 
0.449699 -0.396565 
0.426044 -0.413974 
0.49321 -0.356509 
0.472192 -0.377338 
0.51252 -0.334372 
0.601282 -0.178236 
0.641257 -0.0692529 
0.530433 -0.310651 
0.546782 -0.285692 
0.561672 -0.259693 
0.588635 -0.205621 
0.575503 -0.232808 
0.613071 -0.151211 
0.623984 -0.123871 
0.633464 -0.0966542 
0.650482 -0.0138408 
0.647025 -0.0416516 
-0.20698 -0.440864 
-0.0956492 -0.475029 
0.334625 -0.461532 
0.192238 -0.495316 
-0.614614 -0.0600024 
-0.606219 -0.0829752 
-0.627444 -0.0128659 
-0.307524 -0.395527 
-0.351478 -0.370438 
-0.372715 -0.35693 
-0.151857 -0.459702 
-0.259475 -0.419104 
-0.233765 -0.430252 
-0.519644 -0.225778 
-0.585613 -0.127777 
-0.457469 -0.291376 
-0.284107 -0.407484 
-0.475955 -0.273804 
-0.492318 -0.256941 
-0.436562 -0.309608 
-0.506827 -0.240875 
-0.329738 -0.383303 
-0.546492 -0.19093 
-0.415311 -0.326622 
0.249963 -0.486156 
0.105028 -0.499851 
-0.596546 -0.105561 
0.0760308 -0.499173 
0.018332 -0.494838 
-0.0103382 -0.491251 
0.163173 -0.497984 
0.134085 -0.499474 
-0.56011 -0.171068 
-0.123839 -0.467815 
0.30681 -0.471308 
0.278547 -0.479488 
-0.067326 -0.48134 
-0.394021 -0.342349 
0.361843 -0.450088 
0.388212 -0.436968 
-0.573457 -0.149611 
0.438026 -0.405483 
0.48289 -0.367119 
0.41367 -0.422097 
0.50306 -0.345616 
-0.0389011 -0.486746 
0.538806 -0.298307 
-0.631795 0.0112798 
0.521679 -0.32267 
0.595021 -0.191955 
0.582132 -0.219243 
-0.621701 -0.0366313 
0.607264 -0.164759 
0.618658 -0.13759 
0.568702 -0.246312 
-0.532916 -0.209161 
0.649058 -0.0277834 
0.221171 -0.491402 
0.46112 -0.387161 
0.0471326 -0.497489 
-0.179669 -0.450687 
0.644407 -0.0555065 
0.637583 -0.0830148 
0.628899 -0.110321 
0.554401 -0.272798 
