ZONE T="boundary0"
-4 -1 
-4 -0.267151 
-4 -0.193267 
-4 0.321121 
-4 0.279538 
-4 0.510289 
-4 0.632717 
-4 0.193018 
-4 -0.618195 
-4 -0.123172 
-4 1 
-4 0.755145 
-4 -0.329346 
-4 -0.391542 
-4 -0.0530766 
-4 0.078607 
-4 0.362703 
-4 0.436496 
-4 -0.720695 
-4 -0.515694 
-4 -0.453618 
-4 0.135813 
-4 -0.230209 
-4 0.300329 
-4 0.571503 
-4 0.236278 
-4 -0.158219 
-4 0.877572 
-4 -0.360444 
-4 -0.0881242 
-4 0.0127652 
-4 0.341912 
-4 0.3996 
-4 -0.298248 
-4 0.473393 
-4 0.693931 
-4 -0.669445 
-4 -0.566944 
-4 -0.860348 
-4 -0.42258 
-4 -0.484656 
-4 0.164415 
-4 0.10721 
ZONE T="boundary1"
0.397873 1 
0.557467 1 
0.452263 1 
-0.0368917 1 
-0.106899 1 
0.767826 1 
-3.41219 1 
-0.666219 1 
4 1 
3.55274 1 
3.70183 1 
3.15722 1 
2.91078 1 
-2.37844 1 
-3.26377 1 
-4 1 
-2.57116 1 
-2.76387 1 
2.7523 1 
2.0947 1 
1.91252 1 
0.0331158 1 
-0.181416 1 
0.0985094 1 
-0.569926 1 
0.872981 1 
-0.255933 1 
-0.430388 1 
-3.78031 1 
0.662671 1 
-0.762512 1 
0.343484 1 
0.253693 1 
0.163903 1 
-0.978249 1 
-0.870381 1 
0.983562 1 
1.09414 1 
1.2097 1 
3.40366 1 
-1.09081 1 
-1.20336 1 
-1.31946 1 
-1.43555 1 
-1.67724 1 
-1.83948 1 
-2.00171 1 
1.75227 1 
1.59201 1 
1.32526 1 
-3.56062 1 
2.59383 1 
2.27687 1 
2.43535 1 
-3.01382 1 
-2.19008 1 
1.45863 1 
-2.88884 1 
0.504865 1 
-0.0718954 1 
3.62729 1 
3.034 1 
-2.66751 1 
2.00361 1 
-0.00188792 1 
-0.144158 1 
0.0658126 1 
-0.618073 1 
-0.34316 1 
-0.500157 1 
0.610069 1 
0.715249 1 
-0.714365 1 
0.298588 1 
0.208798 1 
-0.924315 1 
0.820404 1 
0.928272 1 
1.03885 1 
1.15192 1 
3.4782 1 
-3.89015 1 
-1.14709 1 
-1.3775 1 
-1.26141 1 
-1.5564 1 
-1.75836 1 
-1.92059 1 
1.83239 1 
-3.67046 1 
2.83154 1 
2.67306 1 
2.35611 1 
2.51459 1 
2.18578 1 
1.67214 1 
-3.1388 1 
-2.4748 1 
-2.09589 1 
3.85091 1 
3.28044 1 
-3.33798 1 
-3.4864 1 
0.131206 1 
-0.218675 1 
0.370678 1 
0.425068 1 
1.26748 1 
-0.816446 1 
-1.03453 1 
1.52532 1 
-2.28426 1 
-2.82635 1 
-2.95133 1 
1.39195 1 
ZONE T="boundary2"
4 -0.28001 
4 -0.24851 
4 -0.323073 
4 -0.0613673 
4 0.139787 
4 0.767906 
4 1 
4 -0.835307 
4 -0.670613 
4 -1 
4 0.208631 
4 0.535813 
4 0.463408 
4 0.334239 
4 0.65186 
4 -0.154009 
4 -0.185509 
4 -0.366136 
4 -0.561438 
4 -0.452263 
4 0.305857 
4 0.391004 
4 0.243053 
4 0.277475 
4 0.085531 
4 0.0312747 
4 -0.21701 
4 -0.26426 
4 -0.301541 
4 0.883953 
4 -0.75296 
4 0.49961 
4 0.593836 
4 -0.169759 
4 -0.50685 
4 -0.616026 
4 -0.917653 
4 0.320048 
4 0.362621 
4 0.427206 
4 0.225842 
4 0.260264 
4 0.291666 
4 0.112659 
4 0.174209 
4 0.0584029 
4 -0.0150463 
4 -0.23276 
4 -0.107688 
4 -0.20126 
4 -0.4092 
4 -0.344605 
4 0.709883 
ZONE T="boundary3"
-4 -1 
-3.75 -1 
2.73339 -1 
-0.00321663 -1 
0.462479 -1 
-1.07933 -1 
-0.967839 -1 
-0.662169 -1 
0.618362 -1 
0.54042 -1 
-3.48344 -1 
-3.15621 -1 
-0.856345 -1 
-1.54481 -1 
1.37618 -1 
1.23364 -1 
-1.28048 -1 
-1.17991 -1 
1.66782 -1 
2.58713 -1 
2.2129 -1 
3.11111 -1 
3.34258 -1 
-2.92842 -1 
-1.93765 -1 
-1.73012 -1 
-2.28403 -1 
-2.14517 -1 
-2.42289 -1 
3.67129 -1 
3.50693 -1 
4 -1 
0.0644753 -1 
0.326398 -1 
0.26402 -1 
0.133058 -1 
0.201641 -1 
-0.209906 -1 
-0.140407 -1 
-0.0709086 -1 
-0.282289 -1 
0.746503 -1 
0.874644 -1 
-0.490435 -1 
-0.354673 -1 
-0.576302 -1 
-0.759257 -1 
1.04279 -1 
0.958717 -1 
-1.41264 -1 
-1.63747 -1 
1.13822 -1 
1.51872 -1 
1.81693 -1 
-2.70062 -1 
2.01492 -1 
2.87965 -1 
-3.875 -1 
-1.02359 -1 
0.579391 -1 
-3.31982 -1 
-0.912092 -1 
-1.23019 -1 
2.40001 -1 
-3.61672 -1 
3.22685 -1 
-1.83389 -1 
-2.2146 -1 
3.58911 -1 
3.83564 -1 
0.394439 -1 
0.295209 -1 
0.0987668 -1 
0.23283 -1 
-0.175157 -1 
-0.105658 -1 
-0.246098 -1 
-0.0370626 -1 
0.50145 -1 
0.682432 -1 
0.810573 -1 
-0.422554 -1 
-0.710713 -1 
-0.533368 -1 
-0.807801 -1 
1.00075 -1 
-1.12962 -1 
-1.34656 -1 
-1.59114 -1 
0.916681 -1 
1.18593 -1 
1.0905 -1 
1.30491 -1 
1.44745 -1 
1.74238 -1 
-1.6838 -1 
1.59327 -1 
-2.81452 -1 
-2.56176 -1 
1.91593 -1 
-2.35346 -1 
3.42476 -1 
-2.04141 -1 
2.66026 -1 
2.80652 -1 
2.99538 -1 
-0.619235 -1 
0.16735 -1 
0.0306294 -1 
-0.318481 -1 
-3.04232 -1 
2.11391 -1 
-1.47872 -1 
ZONE T="boundary4"
0.374112 0.424001 
-0.151369 0.375608 
-0.129323 0.383168 
0.592243 0.0516708 
0.584594 0.0293221 
0.535003 0.32301 
0.545495 0.309733 
0.596319 0.190398 
-0.107163 0.390464 
-0.230817 0.346117 
0.563624 0.281641 
0.5991 0.1748 
-0.248618 0.339039 
-0.602611 0.0272644 
-0.597959 0.0450627 
-0.192543 0.360748 
-0.561293 0.124593 
-0.553379 0.136244 
0.44159 0.396495 
0.454701 0.389291 
-0.606181 0.00918304 
-0.610079 -0.0274513 
-0.587184 0.0755078 
-0.592962 0.0604872 
-0.575421 0.100503 
-0.581594 0.0881269 
0.428186 0.403152 
-0.568657 0.112655 
0.592831 0.205866 
0.583949 0.235831 
0.578019 0.251598 
-0.544579 0.148052 
-0.211711 0.353518 
-0.535236 0.15952 
0.331993 0.434877 
0.484282 0.370055 
0.469729 0.380083 
-0.503301 0.192744 
-0.514382 0.182081 
-0.525047 0.171003 
-0.429434 0.24961 
-0.402797 0.266061 
-0.608664 -0.00906925 
-0.356568 0.29107 
-0.381869 0.277871 
-0.330945 0.30348 
-0.315308 0.310675 
-0.299597 0.317664 
-0.266365 0.331797 
-0.28301 0.32482 
-0.171997 0.36828 
-0.0837841 0.397807 
-0.0602539 0.404801 
-0.0113303 0.417936 
0.0138796 0.423893 
0.555172 0.295725 
0.597798 0.0744403 
0.601305 0.0976917 
0.602102 0.14817 
0.0921291 0.438416 
0.120464 0.442054 
0.401298 0.414618 
0.602786 0.121292 
0.512031 0.347145 
0.498514 0.359004 
0.0392768 0.429288 
0.179483 0.446551 
0.148969 0.444766 
0.210176 0.447104 
0.239279 0.446395 
0.571216 0.266975 
0.290354 0.441943 
0.311986 0.438691 
0.268632 0.444364 
0.351852 0.430259 
0.523882 0.335417 
-0.0358789 0.411594 
0.588721 0.220953 
0.602748 0.134732 
0.0656094 0.434203 
-0.455136 0.231984 
-0.479871 0.21305 
-0.442392 0.240956 
-0.140358 0.37942 
0.588671 0.0404093 
0.540354 0.316454 
-0.118255 0.386851 
-0.600421 0.0361986 
0.5978 0.182615 
-0.557399 0.130461 
0.448184 0.392963 
-0.604533 0.0182502 
-0.590174 0.068036 
-0.578578 0.0943499 
0.434922 0.399892 
-0.572107 0.106617 
0.594662 0.198152 
-0.584461 0.0818492 
0.581089 0.243754 
-0.539968 0.153835 
0.477074 0.375169 
-0.565041 0.118665 
-0.508891 0.187464 
-0.530202 0.165314 
-0.41621 0.257991 
-0.609504 -0.0182505 
-0.369272 0.284575 
-0.307463 0.314193 
-0.2575 0.335439 
-0.291313 0.321265 
-0.323138 0.307104 
-0.39238 0.272051 
-0.182279 0.364539 
-0.161693 0.37197 
-0.239725 0.342598 
-0.0720338 0.401351 
0.0012573 0.420983 
-0.202135 0.357154 
-0.221272 0.349839 
-0.274696 0.328329 
0.559509 0.288749 
0.595277 0.0629924 
-0.549044 0.142196 
0.600878 0.161516 
0.106281 0.440347 
0.550447 0.302807 
0.414848 0.409135 
0.602297 0.109476 
0.462275 0.384785 
0.164217 0.445807 
0.224731 0.446905 
0.491479 0.364634 
0.322008 0.436881 
0.253967 0.445551 
0.363021 0.427269 
0.518043 0.341368 
0.590859 0.213432 
0.574732 0.259337 
0.505363 0.353178 
0.586419 0.228419 
0.59981 0.0860268 
0.6025 0.141454 
0.602845 0.128012 
-0.595565 0.0528084 
0.567535 0.274367 
0.279504 0.443254 
0.301186 0.440423 
0.387784 0.419538 
0.341946 0.43267 
0.529537 0.329298 
-0.0480827 0.408253 
-0.0236211 0.414826 
-0.0954876 0.394178 
0.0265611 0.426665 
0.0524259 0.431831 
0.134704 0.443531 
-0.467635 0.22269 
-0.343797 0.297361 
0.0788534 0.436402 
0.194826 0.446989 
-0.607558 7.48337e-05 
-0.519769 0.176595 
-0.435939 0.245323 
-0.448792 0.236511 
-0.491754 0.20309 
ZONE T="boundary5"
-0.427225 -0.408112 
-0.539112 -0.273194 
-0.527338 -0.291873 
-0.492731 -0.339011 
-0.587177 -0.171945 
-0.608187 -0.0826369 
-0.609804 -0.0642833 
-0.581014 -0.188477 
0.584594 0.0293221 
-0.56732 -0.220224 
-0.605632 -0.100925 
-0.602174 -0.119143 
-0.592869 -0.154708 
-0.597848 -0.13727 
-0.220695 -0.537115 
-0.441638 -0.394605 
-0.412402 -0.421185 
-0.396608 -0.43428 
-0.286682 -0.506359 
-0.307259 -0.495047 
-0.265736 -0.516997 
-0.326536 -0.483619 
-0.0913964 -0.576694 
-0.0631473 -0.582059 
-0.14584 -0.563099 
-0.0332377 -0.586474 
-0.196487 -0.546487 
-0.171972 -0.555021 
0.189095 -0.569185 
0.167296 -0.576028 
-0.455208 -0.3811 
-0.468359 -0.367203 
-0.552043 -0.250539 
-0.48076 -0.353286 
-0.363116 -0.459509 
-0.345426 -0.471585 
-0.610448 -0.0458553 
-0.610079 -0.0274513 
-0.380408 -0.446891 
0.287836 -0.51129 
0.305913 -0.492895 
0.574932 0.00761478 
0.563392 -0.0133534 
0.208628 -0.56163 
-0.514822 -0.310088 
-0.00328883 -0.589556 
0.0273987 -0.591255 
0.0895402 -0.589681 
0.144843 -0.581555 
0.227404 -0.552896 
0.24563 -0.542798 
0.342134 -0.439955 
0.353789 -0.414791 
0.325341 -0.468004 
0.334106 -0.454326 
0.378069 -0.334842 
0.371253 -0.361992 
0.363759 -0.387457 
0.422408 -0.195446 
0.411959 -0.216893 
0.385694 -0.302164 
0.268169 -0.52762 
0.471208 -0.126589 
0.452156 -0.149931 
0.434359 -0.175172 
0.502761 -0.091222 
0.486924 -0.108764 
0.534914 -0.0538315 
0.549987 -0.0338212 
0.519137 -0.0727464 
-0.243386 -0.527431 
0.117521 -0.586465 
0.40195 -0.242829 
0.393916 -0.269369 
0.058675 -0.591355 
-0.119448 -0.570228 
-0.533319 -0.282593 
-0.609114 -0.0734709 
-0.58417 -0.180239 
-0.574419 -0.204459 
-0.607023 -0.0917969 
-0.604012 -0.110055 
-0.59545 -0.146015 
-0.434483 -0.401413 
-0.404555 -0.427793 
-0.297017 -0.500788 
-0.276252 -0.511763 
-0.0772974 -0.579515 
-0.0482151 -0.584428 
-0.184266 -0.550859 
0.178253 -0.572784 
-0.461836 -0.374201 
-0.545711 -0.261942 
-0.4868 -0.346194 
-0.354319 -0.465616 
-0.33603 -0.477678 
-0.419863 -0.414704 
-0.448474 -0.387903 
-0.610392 -0.036651 
-0.371812 -0.453268 
0.297109 -0.502326 
0.569374 -0.00298701 
0.198923 -0.565564 
-0.503998 -0.324718 
0.0120463 -0.590596 
0.156113 -0.578961 
0.218091 -0.557423 
0.236609 -0.548013 
0.348243 -0.427511 
0.31601 -0.480758 
0.338226 -0.447202 
0.329828 -0.461234 
0.37476 -0.348447 
0.359034 -0.401227 
-0.474612 -0.36029 
0.416968 -0.20606 
-0.521169 -0.301042 
0.367665 -0.374776 
0.278204 -0.519701 
0.461522 -0.138124 
-0.388556 -0.440648 
0.428191 -0.185193 
0.381889 -0.31851 
0.49484 -0.0999898 
0.542597 -0.0439375 
0.52712 -0.0633676 
-0.600114 -0.128231 
-0.590109 -0.163355 
-0.208631 -0.541906 
-0.232081 -0.532367 
0.479018 -0.117632 
-0.316943 -0.489409 
0.131224 -0.584236 
0.103557 -0.588285 
-0.158942 -0.559178 
0.397732 -0.256041 
0.406675 -0.229748 
0.25709 -0.535494 
-0.254605 -0.522308 
0.510995 -0.0820245 
0.0741224 -0.590749 
-0.559897 -0.23549 
-0.105453 -0.573596 
0.442996 -0.162359 
-0.132676 -0.566783 
-0.0182792 -0.588185 
0.0430383 -0.59152 
0.579999 0.0183625 
-0.61025 -0.0550739 
0.556873 -0.0237086 
0.389661 -0.285732 
