ZONE T="boundary0"
-4 -0.281435 
-4 -0.221499 
-4 -0.192407 
-4 -0.036747 
-4 0.893951 
-4 0.353154 
-4 0.405091 
-4 0.457028 
-4 0.575803 
-4 -0.352502 
-4 -0.423569 
-4 0.105255 
-4 0.159521 
-4 -0.100031 
-4 0.681852 
-4 -0.163315 
-4 -0.564424 
-4 -0.705279 
-4 -0.493997 
-4 0.28347 
-4 0.248628 
-4 0.213786 
-4 0.787902 
-4 1 
-4 -1 
-4 -0.85264 
-4 0.379123 
-4 0.516416 
-4 -0.388036 
-4 0.132388 
-4 -0.251467 
-4 -0.316968 
-4 -0.177861 
-4 -0.206953 
-4 -0.131673 
-4 -0.634852 
-4 -0.0683892 
-4 -0.458783 
-4 -0.529211 
-4 0.43106 
-4 0.266049 
-4 0.318312 
-4 0.0342539 
-4 0.186654 
-4 0.734877 
-4 0.628828 
-4 0.840926 
-4 0.946975 
-4 0.231207 
-4 -0.92632 
-4 -0.77896 
ZONE T="boundary1"
-3.8693 1 
1.33952 1 
0.154244 1 
0.930239 1 
-0.241365 1 
-0.170724 1 
0.695748 1 
0.587082 1 
-0.303885 1 
-0.366405 1 
0.287424 1 
0.220834 1 
0.38292 1 
-0.826875 1 
-2.62341 1 
-2.89421 1 
1.44089 1 
3.04485 1 
1.78447 1 
1.97429 1 
-2.41168 1 
-3.32111 1 
2.16411 1 
-2.0161 1 
2.61135 1 
2.38773 1 
-0.484534 1 
0.0921008 1 
0.0299573 1 
-0.0350628 1 
-0.100083 1 
-1.04953 1 
-0.938201 1 
-0.714769 1 
-0.602663 1 
-4 1 
-1.2741 1 
-1.16181 1 
-3.7386 1 
-1.49982 1 
-1.38696 1 
0.812993 1 
0.478417 1 
1.24774 1 
1.0431 1 
-3.6079 1 
3.33914 1 
-1.83227 1 
4 1 
-1.66604 1 
-3.4772 1 
-3.16501 1 
2.8281 1 
1.15595 1 
1.66336 1 
1.54226 1 
-2.19994 1 
3.63342 1 
3.81671 1 
-0.206044 1 
-0.335145 1 
0.254129 1 
0.335172 1 
-2.75881 1 
1.39021 1 
0.641415 1 
1.87938 1 
-2.51754 1 
2.49954 1 
-0.425469 1 
0.061029 1 
-0.0675728 1 
0.187539 1 
0.123172 1 
-0.135404 1 
-0.993865 1 
-0.882538 1 
-0.770822 1 
-0.543599 1 
-3.93465 1 
-1.21796 1 
-3.80395 1 
-1.10567 1 
-1.33053 1 
0.871616 1 
0.754371 1 
0.53275 1 
0.430668 1 
-3.67325 1 
-1.74916 1 
-3.39915 1 
-3.24306 1 
-3.02961 1 
2.93648 1 
3.19199 1 
1.20185 1 
1.29363 1 
1.60281 1 
-2.10802 1 
-1.92419 1 
3.48628 1 
-2.30581 1 
2.71972 1 
2.0692 1 
2.27592 1 
-0.272625 1 
-0.658716 1 
-0.00255272 1 
-1.44339 1 
1.09952 1 
0.986668 1 
-1.58293 1 
3.72507 1 
-3.54255 1 
3.90836 1 
1.49158 1 
1.72391 1 
ZONE T="boundary2"
4 -0.191529 
4 -0.387887 
4 -0.323996 
4 0.442429 
4 -0.0313322 
4 0.0602879 
4 -0.814649 
4 0.531811 
4 0.621193 
4 0.337439 
4 0.389934 
4 0.276779 
4 0.138204 
4 0.0992458 
4 -0.260105 
4 -0.122952 
4 -0.0771422 
4 -0.44824 
4 -0.508592 
4 -0.629297 
4 -1 
4 0.810596 
4 1 
4 0.177161 
4 0.216119 
4 0.307109 
4 -0.355942 
4 0.0144779 
4 0.363687 
4 0.118725 
4 -0.15724 
4 -0.225817 
4 -0.418064 
4 -0.478416 
4 -0.568945 
4 -0.907324 
4 -0.721973 
4 0.715894 
4 0.905298 
4 0.322274 
4 0.246449 
4 0.291944 
4 0.19664 
4 0.157683 
4 0.0797668 
4 0.416181 
4 0.576502 
4 0.48712 
4 -0.29205 
4 -0.0542372 
4 -0.100047 
ZONE T="boundary3"
-3.85921 -1 
-3.71841 -1 
-0.977131 -1 
3.02774 -1 
1.44947 -1 
0.207882 -1 
-0.70788 -1 
-0.58192 -1 
-0.00673286 -1 
0.0498305 -1 
-0.45596 -1 
-0.354269 -1 
0.680427 -1 
0.788467 -1 
1.3741 -1 
1.72517 -1 
2.17539 -1 
-1.43563 -1 
-3.47496 -1 
-3.23151 -1 
-2.91169 -1 
-2.62512 -1 
-1.72822 -1 
-1.55933 -1 
-3.0716 -1 
-2.45022 -1 
2.39265 -1 
3.49288 -1 
3.74644 -1 
-1.20011 -1 
-1.08828 -1 
0.106394 -1 
0.320549 -1 
0.376415 -1 
0.432281 -1 
0.264215 -1 
-0.116596 -1 
-0.0616644 -1 
-0.184587 -1 
-0.252579 -1 
0.572388 -1 
0.890175 -1 
0.991884 -1 
-0.786932 -1 
1.15623 -1 
1.26516 -1 
1.52484 -1 
-1.31194 -1 
-0.865985 -1 
1.92549 -1 
1.62501 -1 
4 -1 
3.87322 -1 
-2.08622 -1 
-1.89712 -1 
2.88846 -1 
-2.27532 -1 
3.16701 -1 
2.60992 -1 
-4 -1 
3.32994 -1 
-3.78881 -1 
-0.6449 -1 
0.0215488 -1 
-0.405114 -1 
0.734447 -1 
1.41179 -1 
-3.35324 -1 
-2.7684 -1 
-1.64377 -1 
-3.15156 -1 
-1.14419 -1 
0.157138 -1 
0.404348 -1 
0.236049 -1 
0.0781121 -1 
-0.0891302 -1 
-0.0341987 -1 
-0.218583 -1 
0.292382 -1 
-0.150592 -1 
0.502334 -1 
0.941029 -1 
-0.747406 -1 
-0.51894 -1 
1.07406 -1 
1.31963 -1 
1.48716 -1 
-1.0327 -1 
-0.921558 -1 
-1.25602 -1 
-1.37378 -1 
1.82533 -1 
1.67509 -1 
3.93661 -1 
3.61966 -1 
-2.99165 -1 
-1.99167 -1 
-2.53767 -1 
-2.36277 -1 
-1.81267 -1 
2.05044 -1 
3.80983 -1 
3.09737 -1 
-2.18077 -1 
2.9581 -1 
2.74919 -1 
2.50129 -1 
2.28402 -1 
0.839321 -1 
0.348482 -1 
0.626408 -1 
-3.59669 -1 
1.2107 -1 
-3.9296 -1 
3.24848 -1 
3.41141 -1 
-0.826458 -1 
1.57493 -1 
-1.49748 -1 
-0.303424 -1 
ZONE T="boundary4"
-0.103516 0.512874 
-0.0769709 0.508662 
-0.625206 0.0492824 
-0.624666 0.0739204 
-0.624101 0.024981 
0.65401 -0.0184415 
0.654726 -0.0319163 
-0.290978 0.495134 
-0.264701 0.502774 
-0.238057 0.508743 
-0.586151 0.225391 
-0.594464 0.205752 
-0.130232 0.515446 
-0.157183 0.516346 
-0.618554 0.123957 
-0.620706 0.111434 
-0.607674 0.168172 
-0.612978 0.149152 
-0.601528 0.186933 
-0.57706 0.244659 
-0.568228 0.261639 
-0.366635 0.462712 
-0.0248418 0.495597 
-0.050797 0.502894 
-0.342039 0.475041 
-0.316799 0.485867 
-0.558751 0.278258 
-0.532611 0.317608 
-0.515277 0.339863 
-0.550463 0.291648 
-0.496715 0.361161 
-0.477422 0.381013 
-0.457086 0.399798 
-0.413565 0.43384 
-0.3905 0.448955 
-0.435792 0.417422 
0.542943 0.178932 
0.564381 0.160455 
-0.211187 0.513001 
-0.184174 0.515537 
0.630177 0.0721325 
0.640369 0.0471668 
-0.622453 0.0988456 
0.126227 0.424938 
0.151386 0.409778 
0.177636 0.393591 
0.348935 0.294057 
0.518884 0.196929 
0.493892 0.213531 
0.438577 0.246036 
0.466485 0.230152 
0.0510014 0.465575 
0.0760775 0.453037 
0.0259635 0.476865 
0.000706606 0.4869 
0.100883 0.439574 
0.203851 0.377349 
0.584403 0.140189 
0.617385 0.0960212 
0.65264 -0.00511142 
0.601892 0.118993 
0.647865 0.0213452 
0.25949 0.343744 
0.231612 0.360362 
0.37921 0.278033 
0.288981 0.326775 
0.318536 0.310396 
0.409066 0.262145 
-0.0902144 0.51097 
-0.625142 0.061607 
-0.277897 0.499158 
-0.590409 0.215615 
-0.624859 0.0371234 
-0.143702 0.516109 
-0.619681 0.117703 
-0.615964 0.136599 
-0.598094 0.19638 
-0.604702 0.177587 
-0.329499 0.480644 
-0.563571 0.269996 
-0.524097 0.328856 
-0.541742 0.30477 
-0.46738 0.390544 
-0.506141 0.35064 
-0.402138 0.441562 
-0.424792 0.425786 
-0.303958 0.490698 
-0.378665 0.456007 
-0.446559 0.408757 
0.553829 0.169894 
-0.224655 0.511085 
-0.116856 0.514367 
-0.0377731 0.499428 
-0.554661 0.284987 
-0.170685 0.516156 
0.635599 0.0597856 
-0.623765 0.0864024 
0.138831 0.417404 
-0.581702 0.235071 
0.164523 0.401705 
-0.572724 0.253192 
-0.0638459 0.50597 
0.531054 0.188125 
0.452575 0.238169 
0.506485 0.205381 
0.0635928 0.459424 
0.0385371 0.471357 
0.0133901 0.482036 
0.113594 0.43233 
-0.251425 0.505968 
0.190741 0.385463 
0.574607 0.15054 
0.653408 -0.0117675 
0.59339 0.129796 
0.65445 -0.0251742 
0.644455 0.0343563 
0.0885268 0.4464 
0.480259 0.22196 
0.609925 0.107704 
0.650593 0.00818003 
-0.487201 0.371217 
-0.354426 0.469059 
-0.1977 0.514484 
-0.0120165 0.491417 
0.245527 0.352001 
0.217715 0.368822 
0.364075 0.286033 
0.274207 0.335195 
0.333721 0.302184 
0.394156 0.270112 
0.303735 0.318526 
0.423853 0.254142 
-0.610434 0.158693 
-0.621631 0.105148 
0.624087 0.0842441 
ZONE T="boundary5"
0.270797 -0.456323 
0.242327 -0.460061 
0.50771 -0.355708 
0.0163098 -0.453344 
0.327436 -0.444925 
-0.560003 -0.152727 
-0.603902 -0.0678954 
-0.611253 -0.045381 
0.485 -0.373549 
-0.624101 0.024981 
-0.621385 0.0010825 
-0.617089 -0.0223891 
0.654239 -0.0588834 
0.654726 -0.0319163 
-0.595079 -0.0898832 
-0.0943264 -0.430773 
-0.230067 -0.387536 
-0.255956 -0.377229 
-0.279578 -0.367175 
-0.412219 -0.295563 
-0.434539 -0.279876 
-0.324679 -0.346051 
-0.346134 -0.334987 
-0.0668187 -0.437449 
-0.121968 -0.423366 
-0.149405 -0.415319 
-0.20394 -0.39723 
-0.176785 -0.406591 
0.435881 -0.404015 
0.409681 -0.416728 
-0.490139 -0.233398 
-0.504009 -0.219857 
-0.529837 -0.19191 
-0.517171 -0.206115 
-0.573088 -0.132327 
-0.584798 -0.111366 
-0.302964 -0.356558 
-0.475849 -0.246477 
-0.455755 -0.263499 
-0.545569 -0.172587 
0.382918 -0.427677 
0.355397 -0.437075 
0.60887 -0.218253 
-0.36821 -0.322802 
-0.38991 -0.309914 
0.156889 -0.464505 
0.128505 -0.463975 
0.213843 -0.462616 
0.100294 -0.462548 
0.0441756 -0.45719 
0.0721639 -0.46027 
-0.0114875 -0.448756 
0.185295 -0.464075 
-0.0391335 -0.443464 
0.299206 -0.451307 
0.460923 -0.389697 
0.548266 -0.31533 
0.581912 -0.269002 
0.528723 -0.336391 
0.557364 -0.304253 
0.566015 -0.292815 
0.596116 -0.244002 
0.651354 -0.0858123 
0.646285 -0.112636 
0.630567 -0.165767 
0.639277 -0.139281 
0.620374 -0.192106 
0.256582 -0.458343 
-0.607765 -0.0566988 
0.496525 -0.364846 
-0.622945 0.0130096 
-0.619436 -0.010689 
0.654794 -0.0454043 
-0.599671 -0.078961 
-0.243042 -0.38246 
-0.267796 -0.372271 
-0.423464 -0.287842 
-0.335443 -0.34059 
-0.13571 -0.419422 
-0.217031 -0.392459 
-0.19039 -0.40199 
0.422886 -0.410587 
-0.497129 -0.226685 
-0.579106 -0.121937 
-0.590111 -0.100706 
-0.44524 -0.271809 
-0.465897 -0.255101 
-0.483046 -0.239995 
-0.510649 -0.213043 
-0.537831 -0.182353 
-0.566697 -0.142625 
-0.163121 -0.411035 
0.369225 -0.432573 
-0.291303 -0.361938 
-0.357217 -0.328978 
-0.379113 -0.316448 
-0.614365 -0.0339335 
-0.401133 -0.302846 
0.142694 -0.464357 
0.228097 -0.46148 
0.114393 -0.463371 
0.0581582 -0.458828 
0.030229 -0.455361 
0.00239549 -0.45114 
0.199575 -0.463478 
0.171093 -0.464414 
-0.0529953 -0.440541 
0.31336 -0.448291 
0.396384 -0.422407 
0.448526 -0.397073 
0.47311 -0.381844 
0.341469 -0.441186 
0.538705 -0.326058 
0.55287 -0.309838 
0.574192 -0.281062 
0.561746 -0.298578 
-0.552926 -0.162759 
-0.313853 -0.351372 
-0.0805931 -0.434193 
-0.10817 -0.427151 
0.649073 -0.0992714 
-0.52357 -0.199072 
0.28503 -0.453978 
0.0862199 -0.461512 
-0.0253279 -0.446196 
0.653082 -0.0723774 
0.642999 -0.126016 
0.635106 -0.152585 
0.625627 -0.178997 
0.60265 -0.231206 
0.614765 -0.205243 
0.589218 -0.256619 
0.518405 -0.346256 
