ZONE T="boundary0"
-4 -0.328057 
-4 0.114497 
-4 0.225477 
-4 0.276076 
-4 0.174878 
-4 0.34175 
-4 0.399843 
-4 0.609465 
-4 0.804733 
-4 -0.198437 
-4 -0.229061 
-4 -0.0680021 
-4 -0.121527 
-4 -0.0144773 
-4 0.0500101 
-4 -0.37364 
-4 -0.419222 
-4 -0.504502 
-4 0.457935 
-4 -0.589782 
-4 -1 
-4 -0.794891 
-4 -0.259684 
-4 -0.692337 
-4 0.5337 
-4 1 
-4 0.250776 
-4 0.200177 
-4 0.370796 
-4 0.308913 
-4 -0.213749 
-4 -0.0947645 
-4 0.0822538 
-4 -0.396431 
-4 -0.547142 
-4 -0.293871 
-4 0.144688 
-4 -0.350849 
-4 -0.159982 
-4 -0.0412397 
-4 -0.461862 
-4 0.0177664 
-4 -0.743614 
-4 -0.641059 
-4 0.571583 
-4 -0.897446 
-4 0.902366 
-4 -0.244372 
-4 0.495818 
-4 0.707099 
-4 0.428889 
ZONE T="boundary1"
-3.58752 1 
-3.39769 1 
1.15331 1 
1.04413 1 
3.7138 1 
-1.38523 1 
4 1 
0.527479 1 
0.934936 1 
-3.79376 1 
-0.287716 1 
-0.212043 1 
-1.29363 1 
1.27254 1 
2.97076 1 
2.80415 1 
0.835058 1 
-2.57439 1 
-2.41735 1 
2.6194 1 
2.24171 1 
-2.78358 1 
-2.99277 1 
0.735179 1 
0.631329 1 
-0.357698 1 
-0.427679 1 
-0.668311 1 
0.42107 1 
0.314661 1 
0.146623 1 
0.230642 1 
0.010947 1 
0.0787849 1 
-0.834553 1 
-0.922154 1 
-1.00976 1 
-1.10589 1 
-1.20203 1 
-0.136369 1 
-0.0627109 1 
-0.547995 1 
-1.46475 1 
-1.54426 1 
-1.64018 1 
3.4276 1 
-1.73609 1 
3.13737 1 
1.39177 1 
2.04877 1 
1.86448 1 
-3.20785 1 
1.68019 1 
2.43465 1 
-2.26031 1 
-1.92792 1 
-2.09412 1 
1.77234 1 
-4 1 
3.5707 1 
1.53598 1 
-3.49261 1 
1.09872 1 
-0.24988 1 
1.21293 1 
2.88745 1 
-2.49587 1 
-2.88817 1 
0.683254 1 
-0.392689 1 
0.367866 1 
0.272652 1 
0.0448659 1 
-0.751432 1 
0.474274 1 
-0.965954 1 
-1.15396 1 
-0.878353 1 
-0.0995399 1 
-0.025882 1 
-0.487837 1 
-0.608153 1 
0.785118 1 
0.579404 1 
0.884997 1 
-1.33943 1 
-1.5045 1 
-1.24783 1 
-1.59222 1 
-1.68813 1 
-1.42499 1 
3.28249 1 
0.989531 1 
3.05406 1 
-2.67899 1 
1.95663 1 
2.14524 1 
2.33818 1 
-2.33883 1 
-2.01102 1 
1.72626 1 
3.8569 1 
-3.89688 1 
3.64225 1 
-3.30277 1 
3.49915 1 
-3.69064 1 
2.52702 1 
0.112704 1 
-0.322707 1 
-0.174206 1 
0.188632 1 
-1.05782 1 
1.33216 1 
-1.83201 1 
1.60809 1 
1.81841 1 
1.46388 1 
-2.17721 1 
-3.10031 1 
2.71177 1 
ZONE T="boundary2"
4 0.303718 
4 0.246525 
4 0.747478 
4 1 
4 -0.0160256 
4 0.184456 
4 -0.67715 
4 -1 
4 0.351527 
4 0.399337 
4 0.494955 
4 0.0531804 
4 -0.25932 
4 -0.14604 
4 -0.32612 
4 -0.39292 
4 -0.535035 
4 0.122386 
4 0.275121 
4 0.873739 
4 0.215491 
4 -0.838575 
4 0.375432 
4 0.447146 
4 0.327622 
4 0.621217 
4 0.0185774 
4 -0.20268 
4 -0.0810327 
4 -0.35952 
4 -0.29272 
4 0.153421 
4 0.0877834 
4 -0.606093 
4 -0.463977 
ZONE T="boundary3"
-3.62806 -1 
-0.964347 -1 
-1.05725 -1 
-1.15015 -1 
0.0661754 -1 
0.132893 -1 
-0.470383 -1 
0.657928 -1 
0.810926 -1 
-4 -1 
-3.81403 -1 
-3.47817 -1 
4 -1 
-1.52401 -1 
1.63016 -1 
1.79678 -1 
3.68851 -1 
3.37702 -1 
2.16002 -1 
2.35663 -1 
2.55534 -1 
-2.35892 -1 
-2.97669 -1 
-2.66781 -1 
-1.89512 -1 
-2.12702 -1 
-1.70956 -1 
2.75404 -1 
3.06553 -1 
-0.0717616 -1 
-0.000542652 -1 
0.264082 -1 
0.198488 -1 
0.406977 -1 
0.33553 -1 
0.571045 -1 
-0.387594 -1 
0.489011 -1 
-0.822719 -1 
-0.681092 -1 
0.744811 -1 
-0.14298 -1 
-0.223893 -1 
-0.346199 -1 
0.949938 -1 
0.877041 -1 
1.24019 -1 
-0.575738 -1 
-1.25084 -1 
1.13151 -1 
1.42564 -1 
1.96341 -1 
-1.35152 -1 
1.02284 -1 
-0.304805 -1 
-3.32829 -1 
-3.15249 -1 
-1.0108 -1 
-1.1037 -1 
0.0995344 -1 
-3.90702 -1 
3.53277 -1 
2.25832 -1 
3.84426 -1 
-2.82225 -1 
-2.01107 -1 
-2.51336 -1 
2.90979 -1 
0.231285 -1 
0.371253 -1 
0.0328164 -1 
-0.428989 -1 
0.447994 -1 
-0.751906 -1 
0.70137 -1 
0.614487 -1 
0.777869 -1 
-0.628415 -1 
0.530028 -1 
0.843984 -1 
-1.20049 -1 
1.18585 -1 
1.33292 -1 
1.5279 -1 
-0.893533 -1 
1.88009 -1 
1.71347 -1 
-1.43777 -1 
3.22128 -1 
-2.24297 -1 
-1.61679 -1 
-1.80234 -1 
-3.72105 -1 
-3.55312 -1 
2.65469 -1 
2.45598 -1 
-0.0361521 -1 
0.165691 -1 
0.299806 -1 
-0.107371 -1 
0.986387 -1 
-0.52306 -1 
0.91349 -1 
1.07717 -1 
-0.325502 -1 
-0.366897 -1 
-0.264349 -1 
-0.183437 -1 
-3.40323 -1 
-3.24039 -1 
-1.30118 -1 
-3.06459 -1 
2.06171 -1 
ZONE T="boundary4"
-0.459463 0.326493 
-0.257876 0.361662 
-0.280593 0.360495 
-0.637433 0.00581127 
-0.638874 0.0273731 
0.631718 0.020768 
0.633081 0.0385668 
-0.587569 0.220966 
-0.49381 0.309565 
-0.422996 0.339374 
-0.44139 0.333443 
0.558686 0.245626 
0.573744 0.22556 
-0.403981 0.344455 
-0.384704 0.348669 
-0.639096 0.0490205 
-0.476867 0.318587 
-0.638041 0.0706961 
-0.635657 0.0922942 
-0.628106 0.129813 
-0.631909 0.113677 
-0.618107 0.161144 
-0.623521 0.145595 
-0.611909 0.176303 
-0.596847 0.205972 
-0.162177 0.365554 
-0.137134 0.366759 
-0.235168 0.362633 
0.49836 0.303531 
-0.565942 0.24976 
-0.553551 0.26335 
-0.577511 0.235275 
0.63001 0.0922063 
-0.509915 0.299578 
0.626032 0.112334 
0.619742 0.134789 
-0.539867 0.276436 
-0.525397 0.288449 
0.610862 0.158716 
0.540941 0.265949 
0.521891 0.284437 
-0.302167 0.359091 
-0.364767 0.35218 
-0.344295 0.355035 
-0.604761 0.191394 
-0.211216 0.363562 
-0.187338 0.36449 
-0.323683 0.35728 
0.629188 0.00297038 
0.633263 0.0564624 
0.421266 0.346761 
0.447787 0.334546 
0.337669 0.37251 
0.510351 0.294257 
0.473518 0.320218 
0.0885661 0.383208 
0.117147 0.384897 
0.145803 0.386126 
0.17216 0.386736 
0.198598 0.386743 
0.225337 0.386028 
0.252131 0.384475 
0.280078 0.381837 
0.309491 0.377786 
0.615555 0.146834 
0.600006 0.182049 
0.587633 0.204224 
0.632238 0.0743748 
-0.110731 0.368226 
-0.0844602 0.369896 
0.0286981 0.378721 
0.0586162 0.381078 
-0.056834 0.37186 
-0.0293261 0.373987 
-0.000282088 0.376346 
0.3658 0.365691 
0.393748 0.357155 
-0.638303 0.0165839 
0.632546 0.0296553 
-0.432235 0.336529 
0.566384 0.235721 
-0.394368 0.346666 
-0.468228 0.322671 
-0.637018 0.0815156 
-0.63011 0.12177 
-0.620916 0.153406 
-0.615109 0.168765 
-0.625915 0.137734 
-0.592318 0.213537 
-0.14965 0.366136 
-0.246521 0.362165 
-0.55986 0.256657 
-0.571843 0.242609 
-0.501948 0.304705 
0.623115 0.123623 
-0.532738 0.282567 
-0.413522 0.342029 
0.53161 0.275391 
-0.485414 0.314212 
-0.291382 0.359837 
-0.354544 0.353692 
-0.608438 0.183898 
-0.199273 0.364021 
-0.639141 0.0381969 
-0.638731 0.0598681 
-0.333998 0.356227 
-0.223189 0.363103 
-0.31293 0.358245 
0.434637 0.340897 
-0.269235 0.361111 
0.633322 0.047512 
-0.517755 0.294146 
-0.374754 0.35052 
0.516179 0.289415 
0.460795 0.327639 
0.486121 0.312145 
0.504409 0.298963 
0.10285 0.384102 
0.131469 0.385578 
0.185375 0.386821 
0.238737 0.385363 
0.266113 0.383293 
0.211966 0.386483 
0.323609 0.375324 
0.617712 0.140833 
0.594014 0.193245 
0.60566 0.170486 
0.613269 0.152798 
0.630595 0.0118482 
0.631274 0.0833079 
0.632902 0.0654261 
-0.600904 0.198737 
0.628209 0.102306 
-0.174753 0.365007 
-0.09759 0.369035 
-0.123927 0.367467 
0.0436548 0.37992 
-0.0706421 0.370854 
-0.0430764 0.372907 
0.0142079 0.377538 
0.351779 0.369297 
0.379837 0.361639 
0.0735868 0.38218 
0.407593 0.352192 
-0.0148012 0.375158 
0.294804 0.379983 
0.158977 0.3865 
-0.582645 0.228194 
-0.450479 0.330097 
-0.546824 0.270012 
0.580866 0.215008 
0.550019 0.255967 
-0.633956 0.103018 
ZONE T="boundary5"
-0.385176 -0.39296 
-0.366108 -0.405995 
-0.588606 -0.158065 
-0.578895 -0.176573 
-0.26072 -0.46367 
-0.2831 -0.453232 
-0.437764 -0.351754 
-0.637433 0.00581127 
0.593255 -0.100476 
0.330555 -0.464745 
0.359462 -0.445545 
0.584594 -0.11743 
0.575566 -0.134241 
-0.626372 -0.0577348 
-0.631126 -0.03678 
-0.620603 -0.0784814 
-0.597608 -0.139222 
-0.634833 -0.0155704 
0.615196 -0.0494434 
0.608655 -0.0665469 
-0.305119 -0.442071 
-0.163871 -0.499439 
-0.188859 -0.491576 
-0.326066 -0.430576 
-0.346619 -0.418408 
-0.469654 -0.322209 
-0.40328 -0.379699 
-0.213576 -0.482892 
0.431357 -0.378176 
0.448734 -0.356202 
-0.237308 -0.473667 
0.0283993 -0.531821 
-0.536753 -0.243341 
-0.524772 -0.259557 
-0.454111 -0.337106 
-0.569117 -0.193742 
-0.558799 -0.210604 
-0.548008 -0.227127 
-0.420935 -0.365861 
-0.51226 -0.275389 
0.270312 -0.494746 
0.300892 -0.481015 
-0.484673 -0.3068 
-0.498747 -0.291328 
-0.606193 -0.119213 
-0.613869 -0.0989621 
0.38701 -0.42352 
-0.137926 -0.506669 
-0.000868601 -0.530014 
-0.0291732 -0.527196 
-0.0573936 -0.523351 
-0.111766 -0.513028 
-0.0846568 -0.518658 
0.178565 -0.521513 
0.14815 -0.526534 
0.0878611 -0.531875 
0.0576661 -0.53247 
0.117879 -0.52994 
0.55866 -0.16465 
0.409852 -0.401897 
0.239585 -0.505898 
0.37346 -0.434856 
0.476856 -0.314459 
0.46517 -0.332788 
0.487966 -0.295705 
0.499258 -0.275385 
0.629188 0.00297038 
0.625545 -0.0146861 
0.620865 -0.0321263 
0.525763 -0.224875 
0.510158 -0.254808 
0.601265 -0.0836376 
0.54167 -0.195238 
0.20897 -0.514727 
-0.375696 -0.399555 
-0.583836 -0.167362 
-0.271953 -0.458542 
0.345213 -0.455462 
0.580115 -0.125852 
-0.628878 -0.047285 
-0.62361 -0.0681409 
-0.636275 -0.00489511 
0.612023 -0.0580323 
-0.294156 -0.447742 
-0.176397 -0.49561 
-0.336393 -0.424576 
-0.356414 -0.41228 
-0.394282 -0.386402 
0.440206 -0.367323 
-0.22548 -0.478376 
-0.249055 -0.468765 
-0.530826 -0.251495 
-0.445999 -0.344498 
-0.574076 -0.185196 
-0.553463 -0.218904 
-0.429408 -0.358876 
0.588977 -0.108978 
-0.412165 -0.372852 
0.285734 -0.488176 
-0.491777 -0.299124 
-0.505574 -0.283417 
-0.518583 -0.267525 
-0.564022 -0.202212 
-0.593198 -0.148686 
-0.633115 -0.0261972 
-0.542438 -0.235274 
-0.610143 -0.109128 
-0.150928 -0.503163 
0.0137589 -0.531059 
-0.043299 -0.5254 
-0.0710441 -0.521122 
-0.124872 -0.509958 
0.163394 -0.524227 
0.0727696 -0.532337 
0.102884 -0.53108 
0.567155 -0.14946 
-0.47723 -0.314569 
0.420821 -0.390243 
0.255048 -0.500593 
0.36652 -0.44028 
-0.617353 -0.0887588 
0.380297 -0.429264 
0.471093 -0.323677 
0.457107 -0.34461 
0.482481 -0.305125 
0.493674 -0.285582 
0.623328 -0.0234394 
0.517948 -0.239831 
0.504745 -0.265118 
-0.602006 -0.129262 
0.597328 -0.0920878 
0.618143 -0.0408215 
-0.461945 -0.329722 
0.627501 -0.00588588 
0.315888 -0.473185 
0.605045 -0.0751281 
-0.201253 -0.487336 
-0.31564 -0.436408 
0.0430318 -0.532292 
0.193819 -0.518341 
0.550132 -0.179915 
0.533657 -0.210017 
-0.0982344 -0.515959 
0.133038 -0.528424 
-0.0150319 -0.528734 
0.22435 -0.510557 
0.398636 -0.412935 
