ZONE T="boundary0"
-4 -0.72429 
-4 -0.387434 
-4 -0.262175 
-4 -0.316191 
-4 0.506499 
-4 0.689569 
-4 0.233741 
-4 0.184437 
-4 0.287817 
-4 0.329945 
-4 0.372073 
-4 0.134913 
-4 0.0853885 
-4 0.844785 
-4 0.00512672 
-4 -0.816193 
-4 1 
-4 -0.0751351 
-4 -0.458676 
-4 -0.545531 
-4 -0.632387 
-4 -0.141647 
-4 -0.208158 
-4 -1 
-4 -0.289183 
-4 0.598034 
-4 0.209089 
-4 0.260779 
-4 0.308881 
-4 0.439286 
-4 0.110151 
-4 0.767177 
-4 0.351009 
-4 -0.0350042 
-4 0.0452576 
-4 -0.423055 
-4 -0.351812 
-4 -0.502104 
-4 -0.588959 
-4 -0.235167 
-4 -0.108391 
-4 -0.174903 
-4 -0.770242 
-4 0.922392 
-4 0.159675 
-4 -0.908097 
-4 -0.678338 
ZONE T="boundary1"
-3.56787 1 
1.27515 1 
1.39298 1 
1.65324 1 
1.06687 1 
0.121036 1 
-0.0607416 1 
8.11747e-05 1 
0.185079 1 
-0.313726 1 
-0.564365 1 
2.35637 1 
2.19601 1 
0.807781 1 
1.17101 1 
-4 1 
3.28531 1 
-1.73338 1 
-1.90332 1 
-2.29707 1 
-2.42831 1 
-3.36638 1 
-2.62271 1 
2.72476 1 
0.249123 1 
0.39215 1 
0.320636 1 
0.635366 1 
-0.722239 1 
-0.669615 1 
-0.47398 1 
-0.383595 1 
0.510814 1 
0.451482 1 
0.57309 1 
0.0605584 1 
-0.121564 1 
-0.243858 1 
-0.182711 1 
0.869746 1 
0.999292 1 
0.93171 1 
-0.774864 1 
-0.884932 1 
1.51081 1 
-0.993747 1 
-1.10256 1 
-1.21904 1 
-1.33552 1 
-1.44948 1 
1.79568 1 
-1.56344 1 
1.99584 1 
-2.16582 1 
4 1 
3.77606 1 
-2.81711 1 
2.93279 1 
-3.1649 1 
3.55211 1 
2.51673 1 
-2.99101 1 
0.721573 1 
1.33407 1 
-0.0303302 1 
2.27619 1 
1.22308 1 
-3.78394 1 
-1.81835 1 
-2.36269 1 
-3.46713 1 
0.356393 1 
-0.61699 1 
-0.519173 1 
-0.348661 1 
0.481148 1 
0.604228 1 
0.541952 1 
0.421816 1 
0.153057 1 
0.0303198 1 
0.217101 1 
-0.0911529 1 
-0.213285 1 
-0.428787 1 
0.838763 1 
1.03308 1 
-0.829898 1 
0.090797 1 
1.11894 1 
1.45189 1 
-1.04815 1 
-1.1608 1 
-1.3925 1 
1.58203 1 
1.72446 1 
-1.27728 1 
-1.50646 1 
-1.64841 1 
-2.03457 1 
3.88803 1 
-2.71991 1 
3.10905 1 
-2.52551 1 
-3.26564 1 
3.41871 1 
2.82877 1 
1.89576 1 
2.09593 1 
2.43655 1 
2.62074 1 
-2.23144 1 
-0.278792 1 
0.28488 1 
0.965501 1 
0.764677 1 
0.67847 1 
-0.152138 1 
-0.748552 1 
-0.695927 1 
-0.939339 1 
0.900728 1 
-2.90406 1 
3.66408 1 
-3.07795 1 
ZONE T="boundary2"
4 -1 
4 -0.432465 
4 -0.363228 
4 0.33588 
4 0.266863 
4 0.147137 
4 0.207 
4 0.595426 
4 -0.812298 
4 -0.624596 
4 -0.528531 
4 0.404897 
4 0.500161 
4 0.452529 
4 -0.0150779 
4 -0.29399 
4 -0.16755 
4 -0.23077 
4 -0.0913141 
4 1 
4 0.797713 
4 -0.397846 
4 0.177068 
4 -0.718447 
4 -0.480498 
4 0.370388 
4 0.301371 
4 0.547794 
4 0.476345 
4 0.0660293 
4 -0.26238 
4 -0.328609 
4 -0.053196 
4 -0.576563 
4 0.898856 
4 -0.906149 
4 0.696569 
4 0.428713 
4 -0.19916 
4 -0.129432 
4 0.236931 
ZONE T="boundary3"
3.68225 -1 
4 -1 
-0.283984 -1 
-1.22916 -1 
0.340376 -1 
0.101686 -1 
0.449914 -1 
0.221031 -1 
0.559451 -1 
-0.487411 -1 
-0.665836 -1 
-0.576623 -1 
3.11064 -1 
3.36451 -1 
-3.74172 -1 
-3.48344 -1 
-1.14049 -1 
-0.993916 -1 
-0.847342 -1 
2.15729 -1 
1.78803 -1 
2.65091 -1 
2.88077 -1 
2.46564 -1 
2.0342 -1 
2.28038 -1 
-2.30675 -1 
-1.8975 -1 
-1.73484 -1 
-0.163759 -1 
-0.213065 -1 
-0.0158414 -1 
-0.0651474 -1 
-0.114453 -1 
0.767952 -1 
0.663701 -1 
0.979143 -1 
0.873547 -1 
-0.354902 -1 
-1.31784 -1 
-1.47499 -1 
-1.60492 -1 
1.1294 -1 
1.28987 -1 
1.45035 -1 
1.61919 -1 
1.53477 -1 
-2.43005 -1 
-2.06016 -1 
-3.16717 -1 
-2.70212 -1 
-2.55335 -1 
-3.00903 -1 
-2.85089 -1 
-4 -1 
3.84113 -1 
0.504682 -1 
-0.532017 -1 
3.23757 -1 
-3.61258 -1 
-1.18483 -1 
-0.920629 -1 
2.99571 -1 
2.55827 -1 
1.91111 -1 
2.37301 -1 
-1.81617 -1 
0.280703 -1 
0.395145 -1 
-0.188412 -1 
0.0429225 -1 
-0.0404944 -1 
-0.62123 -1 
-0.139106 -1 
-0.756589 -1 
-0.248524 -1 
-0.0898004 -1 
0.715827 -1 
0.926345 -1 
0.611576 -1 
-0.421156 -1 
-1.0672 -1 
-1.2735 -1 
-1.39642 -1 
1.05427 -1 
3.52338 -1 
1.70361 -1 
1.49256 -1 
-2.3684 -1 
-2.18345 -1 
-3.3253 -1 
1.57698 -1 
-2.62774 -1 
-2.4917 -1 
-3.0881 -1 
-2.77651 -1 
-2.92996 -1 
-1.97883 -1 
0.161359 -1 
-0.319443 -1 
0.82075 -1 
2.09575 -1 
2.21883 -1 
2.76584 -1 
-1.53996 -1 
1.37011 -1 
-1.66988 -1 
-3.87086 -1 
1.20964 -1 
ZONE T="boundary4"
0.531333 0.554109 
0.498232 0.575212 
-0.616279 0.106736 
-0.619343 0.0898305 
-0.622879 0.0562273 
-0.623291 0.0396131 
-0.578667 0.215135 
-0.590534 0.188567 
0.447047 0.598527 
0.463305 0.592099 
-0.51334 0.323258 
-0.493149 0.348745 
-0.532086 0.296978 
-0.453093 0.39271 
-0.474088 0.370637 
-0.410877 0.431752 
-0.430944 0.414004 
-0.390104 0.44875 
-0.370487 0.463644 
-0.350333 0.477877 
-0.311703 0.502457 
-0.291573 0.513998 
-0.621573 0.0727936 
-0.271074 0.524943 
0.563808 0.526034 
-0.331223 0.490457 
-0.248754 0.536001 
-0.201232 0.556845 
-0.226071 0.546386 
-0.121112 0.584877 
-0.0296242 0.608016 
0.00255045 0.614254 
-0.0615678 0.600887 
0.0370143 0.619943 
0.0716726 0.62467 
-0.091477 0.593309 
-0.608838 0.136828 
0.537159 0.237744 
0.554245 0.252376 
0.380627 -0.0184014 
0.379852 0.0152666 
0.383536 0.0490345 
0.480875 0.584182 
0.519555 0.22386 
0.514951 0.565295 
0.10875 0.628648 
0.184858 0.633264 
0.145987 0.631515 
0.388886 0.615859 
0.415611 0.608879 
0.361821 0.621494 
0.303021 0.629644 
0.263272 0.632533 
0.546836 0.54186 
0.60446 0.468572 
0.612837 0.448046 
0.573387 0.271417 
0.588445 0.289919 
0.61868 0.356925 
0.612076 0.333985 
0.621913 0.379962 
0.49807 0.207455 
0.592966 0.489346 
0.618735 0.426441 
0.579205 0.508638 
0.621898 0.403587 
0.476756 0.190705 
0.444469 0.16165 
-0.60055 0.162609 
-0.564665 0.242849 
0.601909 0.311361 
-0.549258 0.270036 
-0.176044 0.566549 
-0.148736 0.576121 
0.332551 0.626188 
0.417209 0.129101 
0.223834 0.633658 
0.396204 0.0912617 
-0.617912 0.0982998 
-0.6232 0.0479238 
-0.584765 0.201923 
0.45521 0.595401 
-0.503404 0.336125 
-0.463716 0.381789 
-0.420997 0.422973 
-0.483738 0.359793 
-0.400573 0.440349 
-0.360472 0.470846 
-0.380361 0.456281 
-0.301683 0.508304 
-0.281365 0.519546 
-0.340828 0.484241 
-0.213694 0.551712 
-0.0135599 0.611245 
0.0543252 0.622427 
-0.106327 0.589203 
-0.612851 0.121854 
-0.522883 0.310235 
0.379757 -0.00157997 
0.381072 0.0322196 
0.489616 0.57982 
0.523235 0.55984 
0.47214 0.588253 
0.0901944 0.626797 
0.165412 0.632552 
0.402293 0.612547 
0.283161 0.631324 
0.431421 0.60399 
-0.622334 0.06452 
0.539194 0.548125 
0.528402 0.230739 
0.608949 0.458435 
0.581169 0.280458 
0.615785 0.34534 
0.620699 0.368391 
0.508814 0.21565 
0.599019 0.479132 
0.616121 0.437338 
0.571722 0.51753 
0.620697 0.415072 
0.460222 0.176631 
-0.604888 0.14978 
-0.571829 0.229072 
-0.259958 0.530558 
-0.237453 0.541278 
0.607394 0.322493 
-0.557133 0.256537 
-0.188676 0.561791 
-0.134958 0.580601 
-0.32151 0.496531 
-0.0765508 0.597204 
-0.0456231 0.604565 
0.317802 0.628064 
0.34721 0.624006 
-0.595719 0.175655 
-0.442139 0.403479 
0.375385 0.618837 
-0.162429 0.57144 
0.127355 0.630223 
0.0197604 0.61722 
-0.540852 0.283618 
0.243556 0.633298 
0.204341 0.633638 
0.506666 0.570381 
0.545796 0.244943 
0.555502 0.534144 
0.586349 0.499184 
0.62232 0.39178 
0.595535 0.300414 
0.564043 0.261659 
-0.620566 0.0813299 
0.430167 0.145968 
0.405733 0.110758 
0.487347 0.199157 
0.388729 0.0705124 
ZONE T="boundary5"
-0.157347 -0.341797 
-0.140162 -0.348652 
-0.560616 -0.127594 
-0.548483 -0.140413 
-0.527175 -0.159631 
-0.537917 -0.150392 
-0.595761 -0.0766696 
-0.589378 -0.0882134 
-0.601782 -0.0641614 
-0.615942 -0.0225869 
-0.619087 -0.00767962 
-0.611934 -0.0371395 
-0.582749 -0.0988298 
-0.509347 -0.173365 
-0.575551 -0.109147 
-0.568314 -0.118517 
-0.407607 -0.231476 
-0.423229 -0.223786 
-0.078175 -0.371521 
-0.174433 -0.334816 
-0.190945 -0.327942 
-0.243783 -0.305379 
-0.225604 -0.313216 
0.00270074 -0.395257 
-0.0153159 -0.390684 
-0.0563687 -0.378693 
-0.0997616 -0.363938 
-0.120046 -0.356425 
0.403852 -0.197887 
0.402925 -0.218029 
-0.39198 -0.238971 
-0.491129 -0.185807 
-0.454585 -0.20744 
-0.438959 -0.215769 
-0.280182 -0.289532 
-0.336731 -0.264453 
-0.317624 -0.273009 
-0.623291 0.0396131 
-0.373914 -0.247451 
-0.355906 -0.255751 
-0.29888 -0.281314 
-0.207391 -0.320997 
0.128026 -0.412951 
0.365217 -0.321474 
-0.621389 0.00778369 
0.37991 -0.298797 
0.386077 -0.286404 
0.0544753 -0.405762 
0.0376161 -0.402792 
-0.0359408 -0.384921 
-0.261973 -0.297483 
-0.472804 -0.197106 
0.108765 -0.412042 
0.403377 -0.176685 
0.0895573 -0.410422 
0.0719744 -0.408351 
0.0208591 -0.399402 
0.263762 -0.393335 
0.247557 -0.398708 
0.308176 -0.372184 
0.279293 -0.387119 
0.148169 -0.413084 
0.334284 -0.353647 
0.231128 -0.403133 
0.214556 -0.406669 
-0.622787 0.0235078 
0.34644 -0.342714 
-0.607128 -0.0511635 
0.321391 -0.363524 
0.294389 -0.379922 
0.356233 -0.332433 
0.372979 -0.310417 
0.396718 -0.255877 
0.391318 -0.273467 
0.400532 -0.237586 
0.390987 -0.0887146 
0.395086 -0.11117 
0.380627 -0.0184014 
0.38322 -0.0423561 
0.197836 -0.409385 
0.171137 -0.412129 
0.398731 -0.133215 
0.401595 -0.155074 
0.386893 -0.0659705 
-0.148763 -0.345244 
-0.554652 -0.134098 
-0.532597 -0.155071 
-0.59265 -0.0824841 
-0.598863 -0.070458 
-0.617628 -0.0151556 
-0.586133 -0.0935633 
-0.518368 -0.166638 
-0.543261 -0.145466 
-0.61405 -0.0298925 
-0.579216 -0.104033 
-0.564516 -0.123098 
-0.415428 -0.227655 
-0.182695 -0.331391 
-0.234697 -0.309303 
-0.109919 -0.360219 
-0.130118 -0.35257 
0.403569 -0.207975 
-0.3998 -0.235242 
-0.446792 -0.211646 
-0.431108 -0.21981 
-0.32718 -0.268743 
-0.364914 -0.251616 
-0.308254 -0.27717 
-0.382952 -0.24323 
0.383112 -0.292662 
0.0460355 -0.404332 
-0.0256474 -0.387866 
-0.271079 -0.293513 
-0.482023 -0.191552 
-0.500318 -0.179705 
0.118391 -0.412589 
0.403787 -0.187293 
-0.0461736 -0.381864 
0.0991539 -0.411317 
0.0807577 -0.409454 
0.0292266 -0.401148 
0.2557 -0.396141 
0.0632152 -0.407119 
0.0117662 -0.397386 
-0.165897 -0.338322 
0.222865 -0.405007 
-0.00632173 -0.393022 
0.239374 -0.401033 
-0.623153 0.0315578 
-0.216502 -0.317115 
0.271577 -0.390347 
0.327932 -0.358709 
0.35143 -0.337664 
0.340473 -0.348304 
-0.571987 -0.113873 
0.369199 -0.316018 
0.376552 -0.304673 
-0.604551 -0.0577003 
0.360828 -0.327039 
-0.622202 0.0156367 
0.138097 -0.413126 
0.394228 -0.264742 
0.388821 -0.279988 
-0.346322 -0.260117 
0.393059 -0.0999481 
0.381752 -0.0304039 
0.184512 -0.410987 
0.398824 -0.24678 
0.396981 -0.12219 
0.15966 -0.41276 
0.400277 -0.14414 
-0.463733 -0.202347 
0.384954 -0.0541858 
0.286901 -0.383645 
0.206213 -0.408126 
0.31486 -0.36797 
-0.199173 -0.324479 
-0.609639 -0.044187 
-0.620354 3.59484e-05 
0.301348 -0.376168 
-0.289532 -0.28543 
-0.252879 -0.301437 
-0.0672928 -0.375165 
-0.0889879 -0.367779 
0.388905 -0.0773578 
0.401923 -0.227839 
0.402634 -0.165879 
