ZONE T="boundary0"
-4 -0.328057 
-4 0.114497 
-4 0.225477 
-4 0.276076 
-4 0.174878 
-4 0.34175 
-4 0.399843 
-4 0.609465 
-4 0.804733 
-4 -0.198437 
-4 -0.229061 
-4 -0.0680021 
-4 -0.121527 
-4 -0.0144773 
-4 0.0500101 
-4 -0.37364 
-4 -0.419222 
-4 -0.504502 
-4 0.457935 
-4 -0.589782 
-4 -1 
-4 -0.794891 
-4 -0.259684 
-4 -0.692337 
-4 0.5337 
-4 1 
-4 0.250776 
-4 0.200177 
-4 0.370796 
-4 0.308913 
-4 -0.213749 
-4 -0.0947645 
-4 0.0822538 
-4 -0.396431 
-4 -0.547142 
-4 -0.293871 
-4 0.144688 
-4 -0.350849 
-4 -0.159982 
-4 -0.0412397 
-4 -0.461862 
-4 0.0177664 
-4 -0.743614 
-4 -0.641059 
-4 0.571583 
-4 -0.897446 
-4 0.902366 
-4 -0.244372 
-4 0.495818 
-4 0.707099 
-4 0.428889 
ZONE T="boundary1"
-3.58752 1 
-3.39769 1 
1.15331 1 
1.04413 1 
3.7138 1 
-1.38523 1 
4 1 
0.527479 1 
0.934936 1 
-3.79376 1 
-0.287716 1 
-0.212043 1 
-1.29363 1 
1.27254 1 
2.97076 1 
2.80415 1 
0.835058 1 
-2.57439 1 
-2.41735 1 
2.6194 1 
2.24171 1 
-2.78358 1 
-2.99277 1 
0.735179 1 
0.631329 1 
-0.357698 1 
-0.427679 1 
-0.668311 1 
0.42107 1 
0.314661 1 
0.146623 1 
0.230642 1 
0.010947 1 
0.0787849 1 
-0.834553 1 
-0.922154 1 
-1.00976 1 
-1.10589 1 
-1.20203 1 
-0.136369 1 
-0.0627109 1 
-0.547995 1 
-1.46475 1 
-1.54426 1 
-1.64018 1 
3.4276 1 
-1.73609 1 
3.13737 1 
1.39177 1 
2.04877 1 
1.86448 1 
-3.20785 1 
1.68019 1 
2.43465 1 
-2.26031 1 
-1.92792 1 
-2.09412 1 
1.77234 1 
-4 1 
3.5707 1 
1.53598 1 
-3.49261 1 
1.09872 1 
-0.24988 1 
1.21293 1 
2.88745 1 
-2.49587 1 
-2.88817 1 
0.683254 1 
-0.392689 1 
0.367866 1 
0.272652 1 
0.0448659 1 
-0.751432 1 
0.474274 1 
-0.965954 1 
-1.15396 1 
-0.878353 1 
-0.0995399 1 
-0.025882 1 
-0.487837 1 
-0.608153 1 
0.785118 1 
0.579404 1 
0.884997 1 
-1.33943 1 
-1.5045 1 
-1.24783 1 
-1.59222 1 
-1.68813 1 
-1.42499 1 
3.28249 1 
0.989531 1 
3.05406 1 
-2.67899 1 
1.95663 1 
2.14524 1 
2.33818 1 
-2.33883 1 
-2.01102 1 
1.72626 1 
3.8569 1 
-3.89688 1 
3.64225 1 
-3.30277 1 
3.49915 1 
-3.69064 1 
2.52702 1 
0.112704 1 
-0.322707 1 
-0.174206 1 
0.188632 1 
-1.05782 1 
1.33216 1 
-1.83201 1 
1.60809 1 
1.81841 1 
1.46388 1 
-2.17721 1 
-3.10031 1 
2.71177 1 
ZONE T="boundary2"
4 0.303718 
4 0.246525 
4 0.747478 
4 1 
4 -0.0160256 
4 0.184456 
4 -0.67715 
4 -1 
4 0.351527 
4 0.399337 
4 0.494955 
4 0.0531804 
4 -0.25932 
4 -0.14604 
4 -0.32612 
4 -0.39292 
4 -0.535035 
4 0.122386 
4 0.275121 
4 0.873739 
4 0.215491 
4 -0.838575 
4 0.375432 
4 0.447146 
4 0.327622 
4 0.621217 
4 0.0185774 
4 -0.20268 
4 -0.0810327 
4 -0.35952 
4 -0.29272 
4 0.153421 
4 0.0877834 
4 -0.606093 
4 -0.463977 
ZONE T="boundary3"
-3.62806 -1 
-0.964347 -1 
-1.05725 -1 
-1.15015 -1 
0.0661754 -1 
0.132893 -1 
-0.470383 -1 
0.657928 -1 
0.810926 -1 
-4 -1 
-3.81403 -1 
-3.47817 -1 
4 -1 
-1.52401 -1 
1.63016 -1 
1.79678 -1 
3.68851 -1 
3.37702 -1 
2.16002 -1 
2.35663 -1 
2.55534 -1 
-2.35892 -1 
-2.97669 -1 
-2.66781 -1 
-1.89512 -1 
-2.12702 -1 
-1.70956 -1 
2.75404 -1 
3.06553 -1 
-0.0717616 -1 
-0.000542652 -1 
0.264082 -1 
0.198488 -1 
0.406977 -1 
0.33553 -1 
0.571045 -1 
-0.387594 -1 
0.489011 -1 
-0.822719 -1 
-0.681092 -1 
0.744811 -1 
-0.14298 -1 
-0.223893 -1 
-0.346199 -1 
0.949938 -1 
0.877041 -1 
1.24019 -1 
-0.575738 -1 
-1.25084 -1 
1.13151 -1 
1.42564 -1 
1.96341 -1 
-1.35152 -1 
1.02284 -1 
-0.304805 -1 
-3.32829 -1 
-3.15249 -1 
-1.0108 -1 
-1.1037 -1 
0.0995344 -1 
-3.90702 -1 
3.53277 -1 
2.25832 -1 
3.84426 -1 
-2.82225 -1 
-2.01107 -1 
-2.51336 -1 
2.90979 -1 
0.231285 -1 
0.371253 -1 
0.0328164 -1 
-0.428989 -1 
0.447994 -1 
-0.751906 -1 
0.70137 -1 
0.614487 -1 
0.777869 -1 
-0.628415 -1 
0.530028 -1 
0.843984 -1 
-1.20049 -1 
1.18585 -1 
1.33292 -1 
1.5279 -1 
-0.893533 -1 
1.88009 -1 
1.71347 -1 
-1.43777 -1 
3.22128 -1 
-2.24297 -1 
-1.61679 -1 
-1.80234 -1 
-3.72105 -1 
-3.55312 -1 
2.65469 -1 
2.45598 -1 
-0.0361521 -1 
0.165691 -1 
0.299806 -1 
-0.107371 -1 
0.986387 -1 
-0.52306 -1 
0.91349 -1 
1.07717 -1 
-0.325502 -1 
-0.366897 -1 
-0.264349 -1 
-0.183437 -1 
-3.40323 -1 
-3.24039 -1 
-1.30118 -1 
-3.06459 -1 
2.06171 -1 
ZONE T="boundary4"
-0.46135 0.330406 
-0.259795 0.364155 
-0.282508 0.363352 
-0.637198 0.00711262 
-0.638732 0.0287208 
0.632238 0.0197228 
0.63354 0.0375312 
-0.588743 0.223449 
-0.495644 0.31325 
-0.424898 0.343378 
-0.443288 0.337421 
0.558292 0.244046 
0.573463 0.224096 
-0.405883 0.348442 
-0.386604 0.352592 
-0.639056 0.0504254 
-0.478734 0.3224 
-0.638113 0.0721697 
-0.635851 0.0938497 
-0.62854 0.131551 
-0.632235 0.11533 
-0.61877 0.163081 
-0.624067 0.147426 
-0.612693 0.178356 
-0.597885 0.208294 
-0.164031 0.366274 
-0.138938 0.367006 
-0.237087 0.364731 
0.497726 0.301563 
-0.567379 0.252591 
-0.5551 0.26636 
-0.578817 0.237925 
0.630299 0.0911552 
-0.511702 0.303112 
0.626256 0.111259 
0.619888 0.133674 
-0.541512 0.279628 
-0.527122 0.291816 
0.610916 0.15754 
0.540447 0.264244 
0.521321 0.28261 
-0.304076 0.362258 
-0.366666 0.355991 
-0.346195 0.358681 
-0.605671 0.193577 
-0.213125 0.365219 
-0.189227 0.365693 
-0.325587 0.360714 
0.629775 0.00190787 
0.633663 0.055429 
0.420542 0.344385 
0.447079 0.3323 
0.336932 0.369805 
0.509746 0.292359 
0.472839 0.318108 
0.087534 0.380609 
0.116194 0.382161 
0.144916 0.383294 
0.171321 0.383849 
0.197796 0.383829 
0.224563 0.383113 
0.251376 0.38158 
0.279334 0.378986 
0.308753 0.375 
0.615656 0.145691 
0.599956 0.180793 
0.587471 0.202871 
0.632583 0.0733363 
-0.112467 0.367993 
-0.086114 0.369213 
0.0274655 0.376566 
0.0574908 0.378674 
-0.0583908 0.370744 
-0.0307792 0.372484 
-0.00162217 0.374489 
0.365064 0.363083 
0.393015 0.354657 
-0.638114 0.0179074 
0.633034 0.0286158 
-0.434136 0.340525 
0.566045 0.234199 
-0.396269 0.350626 
-0.470107 0.326538 
-0.637149 0.0830285 
-0.630489 0.123464 
-0.62152 0.155289 
-0.615832 0.170759 
-0.626404 0.139517 
-0.593424 0.215938 
-0.151481 0.366618 
-0.24844 0.364464 
-0.561355 0.259578 
-0.573216 0.24535 
-0.50376 0.308316 
0.623301 0.12253 
-0.534425 0.285848 
-0.415425 0.34603 
0.531076 0.273625 
-0.487266 0.317964 
-0.293294 0.362853 
-0.356444 0.357426 
-0.609285 0.186014 
-0.201173 0.365452 
-0.639049 0.039572 
-0.638746 0.0613058 
-0.335899 0.359773 
-0.225104 0.364983 
-0.314836 0.36155 
0.43392 0.338585 
-0.271152 0.36379 
0.633751 0.0464784 
-0.519512 0.297599 
-0.376654 0.354393 
0.515591 0.287552 
0.4601 0.32546 
0.485463 0.310105 
0.503789 0.29703 
0.10186 0.381429 
0.13055 0.382789 
0.184556 0.383918 
0.237973 0.382455 
0.265365 0.380418 
0.211179 0.383565 
0.322872 0.372577 
0.617836 0.139705 
0.593909 0.191943 
0.605663 0.169273 
0.613347 0.15164 
0.631147 0.0107953 
0.63159 0.082264 
0.633274 0.064391 
-0.601878 0.200988 
0.628465 0.101244 
-0.176626 0.365968 
-0.099286 0.368573 
-0.125698 0.36747 
0.042477 0.377633 
-0.0722483 0.369948 
-0.0445818 0.37159 
0.0129221 0.375525 
0.351042 0.366638 
0.379102 0.359084 
0.0725094 0.379672 
0.406864 0.349754 
-0.0161979 0.373471 
0.294064 0.377162 
0.158115 0.383637 
-0.583886 0.230759 
-0.452374 0.334047 
-0.548424 0.273114 
0.580645 0.213601 
0.549571 0.254323 
-0.634215 0.10462 
ZONE T="boundary5"
-0.383954 -0.391447 
-0.364884 -0.404456 
-0.587838 -0.156879 
-0.578076 -0.175378 
-0.259547 -0.462052 
-0.281909 -0.451622 
-0.436574 -0.350325 
-0.637198 0.00711262 
0.594448 -0.101827 
0.33245 -0.465413 
0.361582 -0.446459 
0.585935 -0.118861 
0.57707 -0.135757 
-0.625904 -0.0565237 
-0.63073 -0.0355463 
-0.620067 -0.0772865 
-0.596892 -0.138042 
-0.634515 -0.0143069 
0.616033 -0.0506077 
0.609596 -0.0677638 
-0.303913 -0.440472 
-0.162798 -0.497855 
-0.187758 -0.489972 
-0.32485 -0.428994 
-0.345397 -0.416846 
-0.468502 -0.320836 
-0.402065 -0.378212 
-0.212449 -0.481277 
0.434075 -0.379683 
0.451569 -0.357835 
-0.236156 -0.472048 
0.02934 -0.530646 
-0.535751 -0.242079 
-0.52373 -0.258275 
-0.452938 -0.335706 
-0.568251 -0.192534 
-0.557886 -0.209381 
-0.54705 -0.225884 
-0.41973 -0.364403 
-0.511187 -0.274088 
0.27182 -0.494925 
0.302581 -0.481437 
-0.483544 -0.305454 
-0.497644 -0.290005 
-0.605535 -0.118033 
-0.613271 -0.0977776 
0.389361 -0.424667 
-0.136881 -0.505113 
7.43872e-05 -0.528744 
-0.0282196 -0.525846 
-0.0564227 -0.521933 
-0.110748 -0.511508 
-0.0836639 -0.517183 
0.1797 -0.521054 
0.14921 -0.525897 
0.0888309 -0.530936 
0.0586146 -0.531404 
0.118885 -0.529143 
0.56049 -0.166324 
0.412398 -0.403233 
0.24094 -0.505847 
0.375696 -0.435888 
0.479787 -0.316268 
0.468081 -0.334529 
0.490884 -0.297567 
0.502118 -0.277289 
0.629775 0.00190787 
0.626206 -0.0157734 
0.621609 -0.0332476 
0.528263 -0.226774 
0.512912 -0.25673 
0.602325 -0.084917 
0.543849 -0.19705 
0.210201 -0.514463 
-0.374473 -0.398029 
-0.583041 -0.166173 
-0.27077 -0.456927 
0.347219 -0.456254 
0.581537 -0.127325 
-0.628445 -0.0460634 
-0.623108 -0.0669386 
-0.635998 -0.00361369 
0.612911 -0.0592217 
-0.292957 -0.446137 
-0.17531 -0.494015 
-0.335173 -0.423004 
-0.355191 -0.410729 
-0.393063 -0.384902 
0.442987 -0.368896 
-0.22434 -0.476758 
-0.247893 -0.467146 
-0.529803 -0.250223 
-0.444817 -0.343084 
-0.573233 -0.183996 
-0.552527 -0.217671 
-0.42821 -0.357433 
0.590243 -0.110368 
-0.410955 -0.37138 
0.28733 -0.488476 
-0.490661 -0.29779 
-0.504486 -0.282106 
-0.517525 -0.266233 
-0.563132 -0.200997 
-0.592456 -0.147504 
-0.632757 -0.0249495 
-0.541457 -0.234021 
-0.609514 -0.107947 
-0.149869 -0.501591 
0.0146996 -0.529836 
-0.0423374 -0.524015 
-0.0700627 -0.519674 
-0.12384 -0.508418 
0.164489 -0.523677 
0.0737271 -0.531332 
0.10387 -0.53021 
0.568819 -0.151055 
-0.47609 -0.31321 
0.423457 -0.391668 
0.256476 -0.500656 
0.368697 -0.441253 
-0.616785 -0.0875697 
0.382591 -0.430355 
0.474018 -0.325454 
0.459986 -0.346301 
0.48541 -0.306962 
0.496569 -0.287466 
0.624029 -0.0245427 
0.520588 -0.24175 
0.507558 -0.267033 
-0.601319 -0.128082 
0.598453 -0.0934019 
0.618931 -0.0419631 
-0.460783 -0.328336 
0.628123 -0.00695986 
0.317678 -0.473731 
0.606044 -0.0763751 
-0.200139 -0.485726 
-0.314428 -0.434817 
0.0439751 -0.53117 
0.194999 -0.517978 
0.552136 -0.181662 
0.536001 -0.211879 
-0.0972292 -0.51446 
0.134069 -0.527705 
-0.0140845 -0.527423 
0.22564 -0.510398 
0.401087 -0.414179 
