ZONE T="boundary0"
-4 -0.704838 
-4 -0.1566 
-4 -0.206584 
-4 -0.30948 
-4 -0.465782 
-4 -0.387631 
-4 -0.259298 
-4 -0.0600527 
-4 0.662153 
-4 0.549538 
-4 0.463247 
-4 0.376955 
-4 1 
-4 0.774769 
-4 -0.0134904 
-4 -0.106615 
-4 -0.58531 
-4 -0.525546 
-4 -0.852419 
-4 -1 
-4 0.269815 
-4 0.234101 
-4 0.079634 
-4 0.341242 
-4 0.305528 
-4 0.156868 
-4 0.195484 
-4 -0.181592 
-4 -0.426706 
-4 -0.284389 
-4 0.605846 
-4 0.420101 
-4 -0.232941 
-4 0.887384 
-4 -0.131607 
-4 -0.348556 
-4 -0.555428 
-4 -0.645074 
-4 -0.495664 
-4 -0.778628 
-4 -0.926209 
-4 0.251958 
-4 0.0330718 
-4 0.718461 
-4 -0.0833338 
-4 -0.0367716 
-4 0.287671 
-4 0.176176 
-4 0.118251 
-4 0.506392 
-4 0.359099 
-4 0.323385 
-4 0.214793 
ZONE T="boundary1"
1.34883 1 
1.47468 1 
1.74194 1 
2.22988 1 
1.11862 1 
-0.00910981 1 
0.13539 1 
-0.457831 1 
0.372951 1 
1.88334 1 
0.815005 1 
0.876245 1 
-1.29339 1 
-3.5792 1 
-3.22485 1 
-4 1 
3.75484 1 
3.31407 1 
3.50969 1 
2.89064 1 
2.66283 1 
-3.00672 1 
-0.344167 1 
-0.571496 1 
-0.0482888 1 
-0.0874677 1 
0.0692481 1 
-0.223394 1 
-0.155431 1 
0.642617 1 
0.997434 1 
0.753764 1 
-0.687208 1 
-0.80292 1 
-0.911874 1 
0.201531 1 
0.287241 1 
0.531469 1 
-1.02083 1 
0.45221 1 
4 1 
-1.18394 1 
-1.10238 1 
1.23372 1 
-1.40285 1 
-1.65824 1 
3.11844 1 
-1.82218 1 
1.60054 1 
2.44636 1 
-2.17751 1 
-2.36891 1 
-2.57875 1 
-1.98612 1 
-3.7896 1 
-1.53054 1 
-2.78858 1 
1.41175 1 
2.05661 1 
0.845625 1 
-3.40202 1 
-3.11578 1 
-0.0678782 1 
0.0300692 1 
-0.121449 1 
-0.28378 1 
-0.400999 1 
1.05803 1 
0.102319 1 
0.784384 1 
-0.629352 1 
-0.745064 1 
-0.857397 1 
0.244386 1 
0.587043 1 
0.936839 1 
-0.96635 1 
-0.514664 1 
3.87742 1 
-1.14316 1 
0.698191 1 
1.17617 1 
0.49184 1 
-1.06161 1 
-1.34812 1 
-1.23867 1 
3.63227 1 
3.41188 1 
3.21625 1 
-1.74021 1 
1.81264 1 
1.67124 1 
3.00454 1 
2.77674 1 
2.5546 1 
2.33812 1 
-2.47383 1 
-2.08182 1 
-3.6844 1 
-3.8948 1 
-1.90415 1 
-2.89765 1 
-2.27321 1 
-0.189412 1 
0.16846 1 
-0.0286993 1 
0.412581 1 
0.330096 1 
-1.4667 1 
1.29128 1 
1.53761 1 
-1.59439 1 
-2.68367 1 
ZONE T="boundary2"
4 -1 
4 -0.679214 
4 -0.492893 
4 -0.378524 
4 -0.0808055 
4 -0.124518 
4 0.18079 
4 0.137248 
4 0.0937053 
4 0.00644991 
4 -0.586054 
4 -0.224329 
4 -0.280427 
4 0.289512 
4 0.512378 
4 0.596568 
4 0.798284 
4 0.325753 
4 1 
4 -0.329476 
4 -0.168231 
4 0.217031 
4 0.253272 
4 0.376971 
4 0.428189 
4 -0.839607 
4 -0.435709 
4 -0.102662 
4 0.159019 
4 0.0500776 
4 -0.539473 
4 -0.252378 
4 0.115477 
4 -0.0371778 
4 0.554473 
4 0.697426 
4 -0.632634 
4 0.899142 
4 -0.354 
4 -0.146375 
4 -0.19628 
4 0.235151 
4 0.271392 
4 0.198911 
4 0.307632 
4 0.351362 
4 0.40258 
4 0.470284 
4 -0.304951 
ZONE T="boundary3"
-3.61462 -1 
-3.80731 -1 
-1.78688 -1 
4 -1 
3.14105 -1 
-0.787653 -1 
0.0266471 -1 
-3.13172 -1 
-1.1276 -1 
-0.479681 -1 
-0.397202 -1 
0.945465 -1 
0.842493 -1 
0.615884 -1 
0.515577 -1 
3.75459 -1 
0.729189 -1 
-2.59199 -1 
-2.16906 -1 
2.05268 -1 
1.86865 -1 
3.32511 -1 
3.50917 -1 
1.34596 -1 
-2.95132 -1 
2.27691 -1 
2.50114 -1 
3.01505 -1 
-2.04706 -1 
-2.41305 -1 
-0.110382 -1 
-0.0440237 -1 
-0.176741 -1 
-0.314723 -1 
-0.245732 -1 
0.249217 -1 
-0.676872 -1 
-0.578277 -1 
-0.898435 -1 
0.41527 -1 
0.332244 -1 
-4 -1 
1.24679 -1 
1.04844 -1 
-1.01302 -1 
1.14761 -1 
1.44513 -1 
1.56488 -1 
1.68463 -1 
-1.6487 -1 
-1.50365 -1 
-1.3586 -1 
2.69509 -1 
-1.92506 -1 
2.88904 -1 
-1.2431 -1 
-3.37317 -1 
-2.77093 -1 
0.0973179 -1 
0.173268 -1 
-3.71096 -1 
-0.438442 -1 
0.893979 -1 
0.565731 -1 
3.87729 -1 
1.96067 -1 
3.41714 -1 
-3.04152 -1 
2.16479 -1 
3.07805 -1 
3.63188 -1 
-2.29106 -1 
-0.0772031 -1 
-0.355962 -1 
-0.732263 -1 
-0.627575 -1 
-0.843044 -1 
0.465424 -1 
0.290731 -1 
-3.90365 -1 
0.785841 -1 
-0.528979 -1 
0.672536 -1 
-0.955726 -1 
0.996951 -1 
1.1972 -1 
1.39555 -1 
1.62476 -1 
1.77664 -1 
-1.57618 -1 
-1.43113 -1 
2.59811 -1 
2.38902 -1 
-1.98606 -1 
-2.50252 -1 
-1.71779 -1 
-1.85597 -1 
2.79207 -1 
3.23308 -1 
-3.49389 -1 
-3.25244 -1 
-2.68146 -1 
-2.10806 -1 
2.95204 -1 
-2.86112 -1 
-0.211236 -1 
-0.143562 -1 
-0.280227 -1 
0.0619825 -1 
0.135293 -1 
0.373757 -1 
-0.00868832 -1 
0.211242 -1 
1.09802 -1 
1.29637 -1 
-1.07031 -1 
-1.18535 -1 
-1.30085 -1 
1.50501 -1 
ZONE T="boundary4"
-0.101177 0.415378 
-0.0761979 0.42171 
-0.621905 0.000182403 
-0.623949 -0.0217866 
0.604698 0.216769 
-0.553408 0.164721 
-0.542618 0.178295 
0.643072 0.0480946 
0.642054 0.0323511 
0.642405 0.0800315 
-0.490777 0.231332 
-0.345308 0.326175 
-0.365252 0.316095 
-0.505399 0.217936 
-0.518707 0.204804 
0.543769 0.313695 
-0.613421 0.0437363 
-0.606952 0.0651394 
0.532407 0.325937 
-0.581676 0.12174 
-0.589649 0.106655 
-0.5635 0.150818 
-0.572968 0.136436 
0.586333 0.253353 
0.571288 0.277951 
0.635029 0.128296 
0.631058 0.144249 
0.323036 0.437076 
0.346126 0.431208 
-0.262068 0.362679 
-0.283577 0.353976 
-0.475685 0.244192 
-0.458388 0.257855 
0.554498 0.300919 
-0.42237 0.283052 
-0.403747 0.29462 
0.610294 0.203939 
-0.440595 0.270813 
0.638299 0.112148 
-0.325158 0.335766 
-0.384643 0.305646 
-0.240428 0.371001 
-0.21812 0.379154 
-0.195689 0.386938 
-0.125311 0.408783 
0.469004 0.377413 
-0.0510702 0.427561 
-0.0249511 0.433073 
0.0290878 0.442548 
-0.618404 0.0220486 
0.640756 0.0961479 
0.403974 0.411306 
0.426312 0.401263 
0.640107 0.0166919 
0.511444 0.345708 
-0.531074 0.191627 
0.448195 0.38988 
0.375213 0.422206 
0.522133 0.336039 
0.48914 0.363554 
0.0861446 0.449531 
0.146289 0.453209 
0.115416 0.451817 
0.242768 0.45005 
0.299777 0.441957 
0.271281 0.44665 
0.563136 0.289612 
0.626607 0.159512 
0.616188 0.189329 
0.643183 0.0640741 
-0.304445 0.345082 
-0.172559 0.394546 
-0.149303 0.401772 
0.00132451 0.438013 
0.0570084 0.446369 
0.177244 0.453491 
0.209945 0.452494 
-0.599016 0.0861428 
0.598767 0.229446 
-0.0887036 0.418603 
-0.623107 -0.0107865 
-0.548086 0.171565 
0.642677 0.0402142 
-0.35531 0.321198 
-0.512114 0.211433 
-0.610368 0.0544914 
0.538163 0.319886 
-0.585755 0.114246 
-0.568318 0.143682 
-0.558532 0.157825 
0.579053 0.265801 
-0.57741 0.12914 
0.633128 0.136293 
0.334613 0.434267 
-0.272841 0.358376 
-0.467102 0.251108 
0.549213 0.307374 
-0.413107 0.288915 
0.607537 0.210373 
-0.431538 0.277017 
-0.335259 0.331028 
-0.394237 0.300207 
-0.449553 0.264421 
-0.206921 0.383091 
-0.0636502 0.424698 
-0.0380272 0.430387 
-0.113259 0.412134 
-0.374983 0.310938 
-0.620337 0.0111435 
-0.498149 0.224702 
-0.483287 0.237829 
0.639625 0.104162 
-0.229291 0.375124 
-0.251265 0.366886 
0.641685 0.0880996 
0.415213 0.406439 
0.636757 0.12024 
-0.536914 0.18502 
0.458695 0.383806 
-0.524955 0.198276 
0.437338 0.395733 
0.527323 0.331042 
0.479184 0.370646 
0.516839 0.340928 
0.500469 0.354852 
0.130844 0.452647 
0.311431 0.439635 
0.285555 0.444469 
0.558877 0.295311 
0.628904 0.151902 
0.621643 0.174507 
0.643241 0.0560825 
0.642902 0.0720571 
-0.616096 0.0329333 
0.641198 0.0245056 
-0.294031 0.349579 
0.567273 0.283824 
0.360736 0.426924 
-0.160947 0.398207 
-0.0118291 0.435618 
0.0430333 0.444551 
-0.137323 0.405329 
-0.314824 0.340478 
-0.18414 0.390789 
0.071563 0.448056 
0.100769 0.450788 
0.389682 0.41699 
0.01519 0.440368 
0.161763 0.453494 
0.226369 0.451459 
0.193598 0.453165 
-0.603162 0.0757068 
-0.594504 0.0964761 
0.592727 0.241492 
0.613296 0.196656 
0.601775 0.223127 
0.257042 0.448503 
ZONE T="boundary5"
-0.552853 -0.27206 
-0.56364 -0.253942 
-0.621687 -0.087661 
-0.623799 -0.0657594 
0.592392 -0.0981392 
-0.623949 -0.0217866 
0.601257 -0.0850467 
-0.573686 -0.235406 
-0.618268 -0.109482 
-0.607673 -0.152749 
-0.613589 -0.131165 
-0.515714 -0.324009 
-0.208564 -0.517183 
-0.235075 -0.510113 
-0.31135 -0.481626 
-0.335654 -0.469803 
-0.260993 -0.501826 
-0.286541 -0.492276 
-0.467907 -0.375707 
-0.485005 -0.358704 
-0.0730987 -0.531961 
-0.100314 -0.531849 
-0.15476 -0.527297 
-0.181817 -0.522912 
-0.127615 -0.530282 
-0.600563 -0.174199 
-0.59231 -0.19548 
-0.529371 -0.306449 
-0.501332 -0.340997 
0.609406 -0.0714802 
-0.541471 -0.289487 
-0.624567 -0.0437799 
-0.359418 -0.456822 
-0.42694 -0.411159 
-0.447949 -0.393833 
-0.583413 -0.215638 
0.628752 -0.0287865 
0.633452 -0.0138912 
0.532443 -0.163346 
-0.0459323 -0.530596 
-0.01873 -0.527704 
0.0869842 -0.500709 
0.0347287 -0.517336 
0.0081173 -0.523297 
0.0610185 -0.509814 
0.137799 -0.477762 
0.112719 -0.489961 
0.162922 -0.463784 
0.211886 -0.431478 
0.187492 -0.448396 
0.374162 -0.29449 
0.310178 -0.350663 
0.285084 -0.372592 
0.260833 -0.393184 
0.335174 -0.328601 
0.354649 -0.311476 
0.236207 -0.413102 
0.397866 -0.274154 
0.441132 -0.238063 
0.421617 -0.254149 
0.495304 -0.194633 
0.478058 -0.208436 
0.460681 -0.222288 
0.514079 -0.17922 
0.623174 -0.0433381 
0.616685 -0.0576422 
0.637235 0.00125714 
0.640107 0.0166919 
0.583184 -0.110366 
-0.382547 -0.442732 
-0.405103 -0.427485 
0.5536 -0.143398 
0.57343 -0.122146 
-0.558341 -0.263057 
0.596912 -0.0916512 
-0.620136 -0.098597 
-0.610776 -0.141998 
-0.221861 -0.513812 
-0.323571 -0.475859 
-0.248082 -0.506127 
-0.299007 -0.487099 
-0.476547 -0.367297 
-0.0867056 -0.532087 
-0.168314 -0.525277 
-0.141205 -0.528965 
-0.596564 -0.18489 
-0.522635 -0.315301 
-0.493265 -0.349939 
-0.535507 -0.298029 
-0.547252 -0.280833 
-0.624433 -0.0327794 
-0.347612 -0.463453 
-0.437548 -0.402621 
-0.578649 -0.225571 
-0.50861 -0.332577 
-0.0323112 -0.529342 
0.021464 -0.52051 
0.0740633 -0.505453 
0.125337 -0.48404 
0.150448 -0.470947 
0.199775 -0.440076 
0.273005 -0.382947 
0.344908 -0.320026 
0.364397 -0.302966 
0.248586 -0.403236 
0.431357 -0.246076 
0.385999 -0.284291 
0.486694 -0.201547 
0.450894 -0.230148 
0.50473 -0.186969 
0.523325 -0.171356 
-0.61608 -0.120357 
0.620035 -0.05054 
0.613144 -0.064615 
0.631215 -0.0213762 
0.626072 -0.0361057 
0.635458 -0.00634724 
0.638788 0.00895133 
-0.58797 -0.205607 
-0.568754 -0.244723 
-0.624354 -0.0547767 
-0.604255 -0.16352 
0.322678 -0.339635 
0.469369 -0.215355 
-0.458035 -0.384889 
-0.195224 -0.520214 
-0.0595055 -0.531465 
-0.371065 -0.449914 
-0.393915 -0.435243 
0.0999242 -0.495524 
0.563704 -0.132955 
-0.113973 -0.531246 
-0.00527602 -0.525693 
-0.416118 -0.419452 
0.0479247 -0.513769 
0.175294 -0.456247 
-0.273823 -0.497205 
0.297658 -0.361656 
-0.622907 -0.0767271 
0.578372 -0.11631 
0.58786 -0.10431 
0.605423 -0.0783247 
0.224125 -0.422408 
0.543158 -0.15352 
0.409723 -0.264115 
