ZONE T="boundary0"
-4 -0.123054 
-4 0.0930384 
-4 0.139459 
-4 0.292532 
-4 0.884894 
-4 0.399183 
-4 0.539574 
-4 0.469379 
-4 -0.84979 
-4 0.0224341 
-4 -0.0481702 
-4 0.185879 
-4 0.265869 
-4 0.654681 
-4 0.769787 
-4 1 
-4 -0.400992 
-4 -0.486555 
-4 -0.197939 
-4 -0.256684 
-4 -0.593068 
-4 -0.315429 
-4 -1 
-4 -0.69958 
-4 -0.35821 
-4 0.345858 
-4 0.239206 
-4 0.116249 
-4 0.504476 
-4 -0.0128681 
-4 0.162669 
-4 0.434281 
-4 0.597128 
-4 0.712234 
-4 0.82734 
-4 0.942447 
-4 -0.443774 
-4 0.0577363 
-4 -0.0856123 
-4 -0.227311 
-4 -0.539812 
-4 -0.924895 
-4 -0.774685 
-4 -0.379601 
-4 -0.286056 
-4 0.37252 
-4 0.319195 
-4 0.252537 
-4 0.279201 
-4 0.212542 
-4 -0.160497 
-4 -0.646324 
-4 -0.33682 
ZONE T="boundary1"
-3.36798 1 
-3.19391 1 
1.49723 1 
2.24706 1 
1.86826 1 
4 1 
3.61446 1 
-0.707441 1 
0.427405 1 
-0.965662 1 
3.42169 1 
-1.91822 1 
2.40628 1 
-3.68399 1 
-2.47073 1 
-2.66579 1 
1.68275 1 
2.75177 1 
2.5655 1 
-0.09605 1 
-0.0249441 1 
0.359331 1 
-0.473735 1 
-0.296147 1 
0.108118 1 
0.0461617 1 
-0.579773 1 
0.581617 1 
0.68397 1 
-0.160323 1 
0.170074 1 
0.291256 1 
-1.22362 1 
-1.09464 1 
-0.224597 1 
-0.367697 1 
-0.836551 1 
-3.84199 1 
0.786322 1 
-4 1 
1.02284 1 
0.904583 1 
-1.32091 1 
-1.41819 1 
1.37013 1 
1.13293 1 
1.24303 1 
-1.61276 1 
-1.51547 1 
3.22892 1 
-3.01984 1 
-2.27566 1 
-2.09694 1 
-2.84282 1 
2.93805 1 
0.230665 1 
-3.28095 1 
2.05766 1 
3.80723 1 
3.51807 1 
2.32667 1 
-3.52598 1 
-2.56826 1 
1.7755 1 
2.65864 1 
-0.0604971 1 
0.0771399 1 
0.632794 1 
-0.128187 1 
0.504511 1 
0.325294 1 
-1.15913 1 
0.0106088 1 
-0.19246 1 
-0.331922 1 
-0.643607 1 
-0.771996 1 
0.735146 1 
-3.921 1 
-0.901107 1 
0.963713 1 
-0.526754 1 
-3.76299 1 
-1.03015 1 
-1.36955 1 
1.07789 1 
1.43368 1 
0.845452 1 
-1.56412 1 
3.3253 1 
1.58999 1 
-3.10688 1 
-2.37319 1 
-1.76549 1 
-2.7543 1 
-2.93133 1 
-2.1863 1 
1.18798 1 
3.08348 1 
-2.00758 1 
2.84491 1 
2.48589 1 
-0.420716 1 
0.139096 1 
0.20037 1 
0.260961 1 
0.393368 1 
-0.260372 1 
1.30658 1 
-1.27226 1 
-1.46683 1 
ZONE T="boundary2"
4 -0.47232 
4 -0.415891 
4 -0.58518 
4 -0.254414 
4 0.125096 
4 0.177976 
4 -0.100669 
4 0.216613 
4 0.328925 
4 0.292088 
4 0.679704 
4 1 
4 -0.167793 
4 -1 
4 0.839852 
4 0.408347 
4 0.487769 
4 0.25525 
4 0.0722155 
4 -0.211104 
4 -0.0335454 
4 -0.359461 
4 -0.79259 
4 -0.444106 
4 -0.52875 
4 0.151536 
4 0.310506 
4 0.448058 
4 0.583736 
4 0.273669 
4 0.0986558 
4 0.197295 
4 -0.189449 
4 0.0193351 
4 -0.232759 
4 -0.306938 
4 -0.0671074 
4 -0.134231 
4 -0.387676 
4 -0.688885 
4 0.919926 
4 0.759778 
4 -0.896295 
4 0.368636 
4 0.235932 
ZONE T="boundary3"
-3.6277 -1 
-3.81385 -1 
-1.61931 -1 
-1.85636 -1 
0.182136 -1 
-0.375848 -1 
-0.998954 -1 
-0.893134 -1 
3.69562 -1 
4 -1 
0.0369221 -1 
0.109529 -1 
-0.597094 -1 
-0.505844 -1 
-2.93527 -1 
-2.74147 -1 
2.07012 -1 
1.87277 -1 
-0.79074 -1 
2.26747 -1 
-2.30675 -1 
-2.08155 -1 
-3.37838 -1 
-3.12906 -1 
3.12997 -1 
2.46823 -1 
2.66899 -1 
0.827233 -1 
0.711954 -1 
-0.0323109 -1 
-0.173698 -1 
-0.245852 -1 
-0.101544 -1 
0.27951 -1 
0.376885 -1 
0.596675 -1 
0.48678 -1 
-0.688345 -1 
3.54343 -1 
0.941178 -1 
1.05512 -1 
-1.42481 -1 
1.16626 -1 
1.2774 -1 
1.53291 -1 
1.70284 -1 
-1.26479 -1 
3.39124 -1 
2.89948 -1 
-4 -1 
-1.3448 -1 
-1.10477 -1 
-3.72077 -1 
-1.73783 -1 
-0.946044 -1 
3.84781 -1 
0.0732257 -1 
-0.551469 -1 
-2.83837 -1 
1.97144 -1 
-2.52411 -1 
-2.19415 -1 
-3.25372 -1 
2.56861 -1 
2.36785 -1 
0.769594 -1 
0.0023056 -1 
-0.209775 -1 
-0.137621 -1 
0.230823 -1 
0.145833 -1 
0.328198 -1 
-0.440846 -1 
-0.739542 -1 
0.431832 -1 
0.541728 -1 
-0.64272 -1 
3.61953 -1 
-0.841937 -1 
-0.31085 -1 
0.884206 -1 
0.654315 -1 
0.99815 -1 
-1.52206 -1 
1.11069 -1 
1.40516 -1 
1.61787 -1 
1.7878 -1 
3.2606 -1 
-1.96896 -1 
3.01472 -1 
3.46734 -1 
2.16879 -1 
-3.90692 -1 
-3.50304 -1 
2.78423 -1 
-0.0669275 -1 
-1.3048 -1 
1.22183 -1 
-1.38481 -1 
-1.18478 -1 
-1.05186 -1 
-3.03216 -1 
ZONE T="boundary4"
-0.246795 0.501731 
-0.224344 0.510837 
-0.539635 0.265513 
-0.618523 0.0933016 
-0.629503 0.0127054 
0.421951 0.321921 
0.407086 0.351275 
0.432993 0.298645 
-0.47649 0.344092 
0.605155 -0.00438503 
0.598241 0.0150537 
-0.526523 0.284234 
-0.626256 0.0527751 
-0.62845 0.0326478 
-0.622937 0.0730181 
-0.432681 0.386059 
-0.417068 0.399261 
-0.551997 0.246324 
0.458952 0.243535 
-0.595057 0.163621 
-0.60658 0.133663 
-0.268931 0.491893 
-0.329544 0.460155 
0.556749 0.0915229 
0.580614 0.0524596 
-0.514914 0.29959 
-0.502795 0.31458 
-0.447864 0.372392 
-0.489884 0.329538 
-0.462405 0.358459 
-0.400749 0.412217 
-0.348497 0.448629 
-0.384022 0.424671 
-0.200367 0.519641 
-0.0671976 0.552791 
-0.0369417 0.556789 
-0.17611 0.527624 
-0.310223 0.471083 
0.589973 0.0340823 
-0.289749 0.481818 
-0.565564 0.223354 
-0.366453 0.436922 
-0.613056 0.113533 
0.614449 -0.0438076 
0.32832 0.458756 
0.348171 0.438196 
0.307241 0.477208 
0.284218 0.494137 
0.259911 0.509022 
0.443912 0.27512 
0.399337 0.365398 
0.366337 0.416045 
0.383131 0.392125 
0.119509 0.55502 
-0.00664502 0.559475 
0.207691 0.532896 
0.234523 0.521858 
0.150131 0.54947 
0.179969 0.541974 
0.49118 0.186125 
0.508084 0.160677 
0.570288 0.0703576 
0.542427 0.1123 
0.525259 0.136341 
0.610551 -0.0239516 
0.475254 0.212655 
-0.150077 0.535199 
-0.0955886 0.547862 
-0.12381 0.541834 
-0.58159 0.193042 
0.024439 0.560813 
0.056109 0.560623 
0.0880612 0.558723 
-0.235606 0.506376 
0.414651 0.336681 
0.427513 0.310309 
0.60187 0.0053971 
-0.627491 0.0427257 
-0.629119 0.0226838 
-0.62473 0.0629175 
-0.424926 0.39272 
-0.601063 0.148733 
-0.257904 0.496903 
-0.545906 0.255975 
-0.508916 0.307133 
-0.520782 0.291958 
-0.440326 0.379284 
-0.496401 0.32211 
-0.620859 0.0831867 
-0.469505 0.35133 
-0.40896 0.405802 
-0.339067 0.454466 
-0.392434 0.418508 
-0.212393 0.515342 
-0.483245 0.336867 
-0.052087 0.55495 
-0.188272 0.523736 
-0.319927 0.465694 
-0.533172 0.274936 
-0.30003 0.476533 
-0.558897 0.234906 
-0.455189 0.365482 
-0.357521 0.442844 
-0.609935 0.123634 
-0.375286 0.430865 
0.585424 0.0433381 
0.338452 0.448692 
0.317966 0.468211 
0.295905 0.485923 
-0.615913 0.103449 
0.438456 0.286887 
0.403255 0.358365 
0.374937 0.404247 
-0.0218036 0.558298 
0.221213 0.527632 
0.13487 0.55249 
0.499519 0.173307 
0.549657 0.101954 
0.533869 0.124326 
0.563634 0.0810107 
0.612688 -0.0338405 
0.594262 0.0246363 
0.575558 0.0614692 
0.466896 0.227972 
0.516626 0.148462 
-0.279381 0.486938 
-0.163126 0.531528 
-0.109726 0.544984 
0.451334 0.259282 
-0.0814144 0.550465 
0.357461 0.42731 
0.247343 0.515693 
0.272215 0.501835 
-0.136972 0.538634 
-0.588542 0.178428 
-0.573787 0.208305 
0.00889441 0.560327 
0.193914 0.537681 
0.0721048 0.559895 
0.103819 0.557106 
0.0402813 0.56092 
0.608033 -0.0141163 
0.165119 0.54598 
0.483055 0.199273 
0.391434 0.378904 
ZONE T="boundary5"
-0.535665 -0.21303 
-0.523128 -0.224125 
-0.622174 -0.0641411 
-0.617464 -0.0823848 
-0.611616 -0.100157 
-0.629405 -0.00699478 
-0.629503 0.0127054 
-0.558227 -0.18982 
-0.588086 -0.149144 
-0.547206 -0.201751 
-0.604634 -0.117443 
-0.596734 -0.133814 
-0.510159 -0.234543 
-0.495677 -0.245094 
-0.464368 -0.264646 
-0.480799 -0.254895 
0.209016 -0.42118 
0.186216 -0.421074 
0.617632 -0.0837991 
-0.235652 -0.343784 
-0.256448 -0.338392 
-0.317429 -0.321778 
-0.297352 -0.327431 
-0.100919 -0.377259 
-0.124262 -0.371656 
-0.14761 -0.365946 
-0.0765153 -0.382966 
-0.214032 -0.349312 
-0.192474 -0.354765 
-0.356179 -0.310025 
-0.447554 -0.273606 
-0.568748 -0.177118 
-0.27729 -0.332881 
-0.374972 -0.303757 
-0.429896 -0.282068 
-0.41189 -0.289855 
-0.393626 -0.297035 
-0.578593 -0.163766 
0.600574 -0.182901 
0.616966 -0.103854 
-0.62815 -0.0264075 
-0.625739 -0.0454679 
0.543166 -0.288768 
0.163497 -0.420314 
0.137544 -0.418703 
0.0265598 -0.404257 
0.0538443 -0.4088 
0.281639 -0.416571 
0.233122 -0.420525 
0.308074 -0.412765 
0.257259 -0.419021 
-0.000562477 -0.399219 
-0.33683 -0.316059 
-0.0520741 -0.388481 
-0.0263744 -0.394009 
0.334608 -0.407621 
0.448809 -0.365833 
0.424375 -0.378062 
0.472533 -0.351641 
0.491947 -0.337954 
0.510553 -0.322663 
0.527401 -0.306496 
0.365043 -0.399895 
0.111735 -0.416371 
0.593511 -0.201909 
0.583211 -0.225202 
0.606602 -0.163343 
0.61136 -0.143762 
0.614864 -0.123797 
0.616804 -0.0637888 
0.614449 -0.0438076 
-0.170016 -0.360391 
0.0826833 -0.412951 
0.409747 -0.384394 
0.571563 -0.247357 
0.558121 -0.268823 
0.394884 -0.390155 
-0.529466 -0.218653 
-0.619967 -0.0732999 
-0.629599 0.00285471 
-0.541508 -0.207461 
-0.552796 -0.195857 
-0.614686 -0.0913177 
-0.608269 -0.108856 
-0.592532 -0.141545 
-0.502983 -0.239904 
-0.472642 -0.259868 
0.197613 -0.421212 
-0.24605 -0.341099 
-0.307395 -0.324632 
-0.112594 -0.374472 
-0.135938 -0.368812 
-0.203252 -0.352045 
-0.45601 -0.269219 
-0.563577 -0.18354 
-0.516706 -0.229408 
-0.488296 -0.250079 
-0.287323 -0.330176 
-0.438768 -0.277928 
-0.402785 -0.293516 
-0.573768 -0.170511 
-0.38432 -0.300458 
-0.583454 -0.156526 
-0.26687 -0.335652 
-0.365591 -0.306942 
-0.627092 -0.0359558 
-0.624105 -0.0548318 
0.174851 -0.420773 
0.15051 -0.419604 
0.0401856 -0.406596 
0.221068 -0.420954 
0.294876 -0.414821 
0.269459 -0.417917 
0.0129836 -0.401796 
-0.0643028 -0.38575 
-0.0392351 -0.391281 
-0.0134808 -0.396658 
0.436703 -0.372167 
0.482363 -0.34497 
-0.327136 -0.318952 
0.519134 -0.314741 
0.460811 -0.358968 
-0.088723 -0.380133 
0.588555 -0.213642 
0.603733 -0.173166 
0.597173 -0.192454 
0.615817 -0.0537733 
0.61609 -0.113842 
-0.628924 -0.0167103 
0.617483 -0.0938306 
-0.420928 -0.286043 
0.609134 -0.153588 
-0.224842 -0.346557 
0.617407 -0.0737841 
-0.181245 -0.357585 
0.0971915 -0.414759 
0.245194 -0.419883 
-0.158814 -0.363176 
0.321372 -0.410361 
0.349885 -0.404002 
0.0682455 -0.410962 
-0.600818 -0.125691 
-0.346516 -0.313085 
0.613279 -0.133807 
0.550858 -0.278953 
0.501397 -0.330485 
0.57758 -0.236382 
0.56506 -0.258226 
0.402344 -0.387345 
0.417091 -0.381301 
0.380047 -0.395286 
0.124627 -0.417623 
0.535465 -0.29779 
