ZONE T="boundary0"
-4 0.296183 
-4 0.645992 
-4 -0.190514 
-4 -0.239031 
-4 0.0821789 
-4 -0.0160082 
-4 -0.103261 
-4 -1 
-4 1 
-4 -0.312555 
-4 -0.465485 
-4 -0.337562 
-4 0.32126 
-4 -0.543393 
-4 0.346338 
-4 0.521243 
-4 -0.387577 
-4 0.396494 
-4 -0.771697 
-4 -0.287548 
-4 0.238274 
-4 0.267228 
-4 0.180366 
-4 0.131272 
-4 -0.214773 
-4 0.0330854 
-4 -0.0596347 
-4 0.822996 
-4 -0.325059 
-4 -0.146888 
-4 0.308722 
-4 0.583618 
-4 -0.504439 
-4 -0.426531 
-4 0.458869 
-4 -0.657545 
-4 -0.885848 
-4 -0.263289 
-4 -0.36257 
-4 -0.300051 
-4 0.252751 
-4 0.333799 
-4 0.281705 
-4 0.20932 
-4 0.155819 
-4 0.106726 
-4 0.371416 
ZONE T="boundary1"
1.45388 1 
1.37263 1 
1.26687 1 
3.65094 1 
-0.0266665 1 
0.925947 1 
0.475065 1 
-3.48462 1 
-3.18285 1 
-0.155097 1 
4 1 
-1.7481 1 
-1.90998 1 
1.53514 1 
3.08733 1 
1.75412 1 
3.36913 1 
2.86061 1 
1.95182 1 
-4 1 
-2.1431 1 
2.14951 1 
2.3917 1 
-2.49984 1 
0.381554 1 
0.334798 1 
0.288042 1 
0.0401712 1 
0.589298 1 
-0.222208 1 
-0.0908818 1 
-0.289319 1 
-0.406206 1 
-0.543598 1 
-0.680991 1 
-0.778494 1 
0.242784 1 
0.107009 1 
0.197526 1 
0.814739 1 
0.703531 1 
-0.875997 1 
-3.74231 1 
-1.09855 1 
-0.987272 1 
-1.32593 1 
-1.21224 1 
-1.45607 1 
1.04353 1 
-1.66716 1 
-3.02677 1 
1.16111 1 
-2.62345 1 
-2.87068 1 
2.63389 1 
-2.37622 1 
-1.58622 1 
1.41326 1 
-3.33373 1 
3.82547 1 
-1.82904 1 
3.51004 1 
1.85297 1 
2.2706 1 
2.97397 1 
0.428309 1 
0.31142 1 
0.00675233 1 
0.532182 1 
-0.188653 1 
-0.347763 1 
-0.474902 1 
-0.255764 1 
-0.612294 1 
-0.729742 1 
0.265413 1 
0.152267 1 
0.759135 1 
-3.87115 1 
-1.04291 1 
-0.827245 1 
-1.26909 1 
-1.391 1 
-3.61346 1 
0.984737 1 
1.21399 1 
1.49451 1 
1.31975 1 
1.64463 1 
-2.74707 1 
2.74725 1 
-2.25966 1 
-2.56164 1 
2.51279 1 
-2.02654 1 
3.22823 1 
-0.122989 1 
-0.0587742 1 
0.646414 1 
0.870343 1 
0.220155 1 
0.358176 1 
0.07359 1 
-3.10481 1 
-0.931634 1 
2.05066 1 
-2.94872 1 
-2.43803 1 
1.10232 1 
-1.15539 1 
-1.52114 1 
-1.70763 1 
-1.62669 1 
ZONE T="boundary2"
4 -0.528936 
4 -0.388761 
4 -0.728626 
4 0.131459 
4 0.0413092 
4 0.216226 
4 0.263096 
4 -1 
4 -0.628781 
4 1 
4 0.772029 
4 0.173843 
4 0.309966 
4 0.339233 
4 0.427036 
4 0.368501 
4 0.544057 
4 0.658043 
4 -0.0546005 
4 -0.102555 
4 -0.15051 
4 -0.27624 
4 -0.213375 
4 -0.3325 
4 -0.458848 
4 -0.864313 
4 -0.678704 
4 0.886014 
4 0.195034 
4 0.286531 
4 0.397768 
4 0.485547 
4 0.60105 
4 0.715036 
4 0.152651 
4 0.0863842 
4 -0.0785779 
4 0.353867 
4 0.3246 
4 0.239661 
4 -0.244807 
4 -0.181943 
4 -0.30437 
4 -0.36063 
4 -0.126533 
4 -0.578858 
4 -0.00664567 
ZONE T="boundary3"
-3.4827 -1 
4 -1 
0.343992 -1 
0.192546 -1 
1.44077 -1 
-0.00639135 -1 
0.0385525 -1 
1.51269 -1 
1.5846 -1 
-1.51556 -1 
-1.40336 -1 
-0.947467 -1 
-0.767123 -1 
3.68853 -1 
-1.13692 -1 
-1.07377 -1 
-1.62775 -1 
3.37707 -1 
-4 -1 
-3.74135 -1 
-3.24464 -1 
-3.00658 -1 
-2.53796 -1 
-2.38175 -1 
2.7856 -1 
2.56789 -1 
-0.385112 -1 
-0.319388 -1 
-0.0513352 -1 
-0.115202 -1 
0.115549 -1 
-0.17907 -1 
-0.249229 -1 
0.538337 -1 
0.441164 -1 
1.20166 -1 
0.647035 -1 
-0.674702 -1 
-0.582282 -1 
0.755732 -1 
-1.20008 -1 
-1.30172 -1 
0.867096 -1 
1.73622 -1 
-0.450835 -1 
-0.516558 -1 
0.97846 -1 
1.32122 -1 
1.09006 -1 
1.88784 -1 
2.06142 -1 
-1.81807 -1 
2.235 -1 
-2.00839 -1 
-2.10173 -1 
-2.19507 -1 
3.00331 -1 
-2.85038 -1 
-2.69417 -1 
3.19019 -1 
0.268269 -1 
0.0160806 -1 
1.54865 -1 
-1.45946 -1 
3.84427 -1 
-1.10535 -1 
3.5328 -1 
-3.87067 -1 
-3.12561 -1 
-2.45986 -1 
-0.35225 -1 
-0.0832688 -1 
-0.0288633 -1 
0.0770508 -1 
-0.147136 -1 
-0.214149 -1 
0.489751 -1 
0.392578 -1 
0.592686 -1 
0.154047 -1 
-0.857295 -1 
0.701383 -1 
-1.01062 -1 
-1.2509 -1 
1.47673 -1 
-0.483697 -1 
0.922778 -1 
1.381 -1 
1.14586 -1 
1.66041 -1 
1.81203 -1 
1.97463 -1 
-1.57165 -1 
-1.35254 -1 
-1.72291 -1 
2.14821 -1 
2.40144 -1 
-1.91323 -1 
-2.05506 -1 
-2.92848 -1 
2.67674 -1 
-3.36367 -1 
-2.77227 -1 
-0.628492 -1 
-0.720913 -1 
-0.284309 -1 
-1.1685 -1 
-0.54942 -1 
-2.1484 -1 
-2.28841 -1 
0.811414 -1 
-3.61202 -1 
-2.61607 -1 
1.03426 -1 
1.26144 -1 
-0.417973 -1 
2.89446 -1 
3.09675 -1 
3.28363 -1 
ZONE T="boundary4"
-0.635785 -0.00976077 
-0.464751 0.318291 
-0.321394 0.423413 
-0.298511 0.435567 
-0.446098 0.335543 
-0.482675 0.300307 
0.63979 -0.019609 
0.638345 -0.00495514 
-0.632819 0.0138487 
-0.560982 0.199061 
-0.550131 0.215799 
-0.622696 0.0611994 
-0.615564 0.0848233 
-0.628453 0.0375198 
-0.607094 0.108286 
-0.589155 0.148818 
-0.59732 0.13154 
-0.570949 0.182586 
-0.580372 0.165802 
-0.538785 0.232211 
-0.251197 0.457625 
-0.426831 0.352006 
-0.498084 0.283559 
-0.406942 0.367726 
-0.512822 0.266244 
-0.365348 0.396998 
-0.343609 0.410594 
-0.386416 0.382741 
-0.275215 0.446923 
-0.226824 0.467504 
-0.201726 0.476699 
-0.123877 0.499399 
-0.150222 0.492663 
0.567665 0.173946 
0.554368 0.19753 
-0.176335 0.485044 
0.0154177 0.519972 
-0.0134732 0.517751 
-0.0415728 0.514564 
-0.0695687 0.510386 
-0.526088 0.24944 
0.636134 0.00962401 
0.40373 0.406557 
0.428963 0.382903 
0.376458 0.428293 
0.3479 0.447494 
0.541966 0.219604 
0.494069 0.301225 
0.47403 0.330028 
0.52958 0.241748 
0.452764 0.35687 
0.0443355 0.521103 
0.0741368 0.521094 
0.103843 0.519847 
-0.0968078 0.505356 
0.580777 0.150367 
0.287957 0.478363 
0.257242 0.490167 
0.164857 0.513091 
0.134492 0.517191 
0.318298 0.464168 
0.633145 0.024286 
0.5125 0.271548 
0.619991 0.067744 
0.608099 0.0964735 
0.594969 0.123639 
0.629451 0.0387968 
0.19583 0.507275 
0.226378 0.49976 
-0.310006 0.42959 
-0.455511 0.32701 
0.639165 -0.012272 
-0.634474 0.00206382 
-0.473806 0.309391 
-0.55562 0.207471 
-0.61929 0.0730581 
-0.625739 0.049398 
-0.611483 0.096609 
-0.630804 0.0257135 
-0.593317 0.140216 
-0.575731 0.174233 
-0.566031 0.190862 
-0.584838 0.157348 
-0.49046 0.292006 
-0.436544 0.343868 
-0.35454 0.403893 
-0.332558 0.417101 
-0.505537 0.274972 
-0.263252 0.452377 
-0.544517 0.224046 
-0.396749 0.375328 
-0.214314 0.472208 
-0.239052 0.462668 
-0.137077 0.496141 
0.561022 0.185736 
-0.189065 0.480978 
0.000963728 0.518996 
-0.0555878 0.512598 
-0.519528 0.257899 
-0.532505 0.240876 
0.637333 0.00234891 
-0.602354 0.119974 
0.416574 0.394982 
0.390311 0.417706 
0.362368 0.438183 
0.54816 0.20856 
0.484255 0.315777 
0.535776 0.230675 
-0.416961 0.35996 
0.0592384 0.521251 
0.0889986 0.520628 
0.574256 0.162171 
0.2727 0.484527 
-0.375947 0.389965 
0.63473 0.0169738 
0.503452 0.286495 
-0.286913 0.441345 
0.614291 0.0822086 
-0.110367 0.502493 
-0.0832087 0.507987 
0.0298731 0.520675 
-0.16331 0.488964 
0.601696 0.110131 
-0.0275357 0.516283 
0.119185 0.518697 
0.149702 0.515327 
0.58797 0.13705 
0.625026 0.0533699 
0.180384 0.510391 
0.241886 0.495206 
0.441104 0.370115 
0.303256 0.471544 
0.211159 0.503736 
0.463615 0.343629 
0.333258 0.456119 
0.521127 0.256698 
0.631383 0.0315632 
ZONE T="boundary5"
-0.637344 -0.033246 
-0.635785 -0.00976077 
-0.633489 -0.10259 
-0.636209 -0.0796952 
0.63979 -0.019609 
-0.574351 -0.249003 
0.635176 -0.0917425 
0.631931 -0.105824 
0.473039 -0.311774 
0.485635 -0.303968 
-0.629314 -0.12518 
-0.585901 -0.23184 
-0.597609 -0.21162 
-0.310116 -0.378424 
-0.363102 -0.372243 
-0.336785 -0.375939 
-0.376056 -0.369887 
-0.283305 -0.379905 
-0.25613 -0.380616 
-0.41422 -0.360477 
-0.201467 -0.38054 
-0.174035 -0.380129 
-0.146323 -0.379668 
-0.118695 -0.379273 
-0.561787 -0.265226 
0.585887 -0.20491 
0.599575 -0.183234 
-0.521554 -0.304908 
-0.50477 -0.31748 
-0.388904 -0.367155 
0.611777 -0.160336 
-0.537437 -0.291085 
-0.549968 -0.278583 
0.57265 -0.223173 
-0.438387 -0.35226 
-0.461862 -0.34225 
-0.0907598 -0.379015 
-0.228902 -0.380761 
-0.0629308 -0.378941 
-0.0348345 -0.37906 
0.55857 -0.240413 
0.420028 -0.337962 
0.446926 -0.325889 
-0.484104 -0.330586 
-0.637489 -0.0565809 
-0.607812 -0.190748 
0.392275 -0.348236 
-0.623654 -0.147458 
-0.00683821 -0.379354 
0.0213824 -0.379779 
0.0495238 -0.380264 
0.220322 -0.378746 
0.191695 -0.380141 
0.106163 -0.381066 
0.163076 -0.380902 
0.134614 -0.381166 
0.0778527 -0.380728 
0.249117 -0.376559 
0.277888 -0.373436 
0.30671 -0.369204 
0.335491 -0.363695 
0.497899 -0.295647 
0.509903 -0.286727 
0.521506 -0.277282 
0.639372 -0.063207 
0.637661 -0.0775309 
0.605881 -0.171934 
0.617847 -0.147 
0.623267 -0.133404 
0.627948 -0.119731 
0.640444 -0.0342211 
0.640304 -0.0487416 
0.549766 -0.250215 
0.364138 -0.356736 
0.531227 -0.268668 
0.540606 -0.259685 
-0.616487 -0.16935 
-0.636739 -0.0214937 
-0.635031 -0.0911659 
0.633647 -0.0988044 
0.479378 -0.307934 
-0.631586 -0.113921 
-0.591933 -0.221834 
-0.349972 -0.374258 
-0.369589 -0.371111 
-0.26972 -0.380345 
-0.187748 -0.380348 
-0.132506 -0.379457 
-0.568207 -0.257222 
0.592921 -0.194193 
-0.513277 -0.311345 
-0.382492 -0.36857 
-0.5438 -0.284931 
0.5794 -0.214139 
-0.450228 -0.347483 
-0.401623 -0.364027 
-0.104723 -0.379123 
-0.0488782 -0.378977 
0.565734 -0.231895 
0.433581 -0.332163 
-0.637028 -0.0681501 
-0.62667 -0.136368 
0.00727474 -0.379554 
0.0354548 -0.380019 
0.20601 -0.379532 
0.177385 -0.380592 
0.120387 -0.381153 
0.0920077 -0.38092 
0.263513 -0.375123 
0.292317 -0.371466 
0.50395 -0.291253 
0.515757 -0.28207 
0.406232 -0.343323 
0.638614 -0.0703799 
0.602781 -0.177614 
0.61489 -0.153703 
0.608887 -0.166164 
0.625693 -0.126596 
0.460117 -0.319084 
0.62064 -0.140234 
0.636514 -0.0846527 
0.630029 -0.112803 
-0.580265 -0.240515 
-0.637594 -0.0449143 
0.640216 -0.0269101 
0.639937 -0.0559801 
0.640473 -0.0414817 
-0.215183 -0.380684 
-0.242516 -0.380746 
-0.0208331 -0.379188 
0.234725 -0.37776 
-0.160175 -0.379897 
-0.296719 -0.379275 
0.0636889 -0.380505 
0.148844 -0.381087 
0.321129 -0.366617 
0.378265 -0.352691 
-0.0768411 -0.378954 
-0.55598 -0.271996 
-0.426383 -0.356585 
-0.529624 -0.298142 
0.52641 -0.273022 
0.535959 -0.264223 
0.491809 -0.299873 
-0.323467 -0.377322 
-0.494575 -0.324245 
-0.620256 -0.158467 
-0.473106 -0.336643 
-0.612334 -0.180125 
-0.602892 -0.201274 
0.545231 -0.254993 
0.554211 -0.245355 
0.349856 -0.360403 
