ZONE T="boundary0"
-4 -1 
-4 -0.217335 
-4 -0.272817 
-4 -0.149455 
-4 0.0216269 
-4 0.342104 
-4 0.151613 
-4 0.0880019 
-4 1 
-4 0.215225 
-4 0.278664 
-4 -0.0971016 
-4 -0.77896 
-4 0.836277 
-4 0.672555 
-4 0.575018 
-4 0.477481 
-4 -0.328299 
-4 -0.044748 
-4 -0.437385 
-4 -0.382842 
-4 -0.571332 
-4 -0.675146 
-4 0.409792 
-4 -0.245076 
-4 -0.183395 
-4 0.119808 
-4 0.246944 
-4 -0.123278 
-4 -0.88948 
-4 0.754416 
-4 0.526249 
-4 -0.300558 
-4 -0.410113 
-4 -0.504358 
-4 -0.623239 
-4 -0.727053 
-4 0.310384 
-4 0.375948 
-4 0.623786 
-4 0.183419 
-4 0.918139 
-4 -0.0709248 
-4 0.0548144 
-4 -0.0115606 
-4 -0.355571 
-4 0.443637 
ZONE T="boundary1"
-3.5243 1 
-4 1 
1.71384 1 
1.85637 1 
3.78021 1 
3.56043 1 
-0.137775 1 
-0.399969 1 
-0.499127 1 
-1.06309 1 
-1.17397 1 
-1.28484 1 
0.795284 1 
1.39525 1 
-1.50819 1 
-1.43374 1 
-3.11743 1 
-2.08836 1 
3.01364 1 
2.74759 1 
2.48154 1 
3.28703 1 
1.99891 1 
2.24023 1 
-2.33676 1 
-2.69922 1 
-1.83997 1 
0.0904537 1 
-0.0334849 1 
-0.323727 1 
0.398615 1 
0.316323 1 
-0.08563 1 
0.0284841 1 
-0.247485 1 
-0.19263 1 
0.162242 1 
-0.598285 1 
-0.712595 1 
-0.826904 1 
-0.944998 1 
1.55454 1 
1.29173 1 
1.1882 1 
0.991793 1 
1.09 1 
-1.35929 1 
-1.58264 1 
0.58977 1 
4 1 
0.494193 1 
0.23403 1 
-3.76215 1 
1.78511 1 
3.67032 1 
-1.11853 1 
-1.47097 1 
-3.32086 1 
2.61456 1 
2.36088 1 
-2.51799 1 
-2.90832 1 
-0.361848 1 
0.357469 1 
-0.111702 1 
0.059469 1 
-0.285606 1 
-0.220057 1 
-0.0595574 1 
0.126348 1 
-0.65544 1 
-0.769749 1 
1.47489 1 
-1.00404 1 
1.34349 1 
1.23997 1 
1.0409 1 
1.1391 1 
-1.39652 1 
-1.22941 1 
-1.54542 1 
0.692527 1 
0.893538 1 
3.89011 1 
1.63419 1 
1.92764 1 
2.11957 1 
-1.7113 1 
-1.96417 1 
2.88061 1 
-2.21256 1 
-0.00250052 1 
-0.165202 1 
0.446404 1 
-0.548706 1 
-0.449548 1 
0.541981 1 
0.275176 1 
0.198136 1 
-0.885951 1 
3.15034 1 
-1.32207 1 
3.42373 1 
ZONE T="boundary2"
4 -0.703275 
4 -0.487589 
4 -0.851638 
4 -0.27366 
4 -0.147786 
4 -0.0820377 
4 -0.37725 
4 0.309732 
4 0.268085 
4 0.226438 
4 -1 
4 0.816621 
4 0.373333 
4 0.436933 
4 0.169853 
4 0.198145 
4 -0.299558 
4 -0.210723 
4 -0.179254 
4 -0.0162898 
4 -0.242192 
4 -0.325455 
4 0.113268 
4 0.535088 
4 0.633242 
4 0.0484892 
4 1 
4 -0.595432 
4 -0.777457 
4 -0.114912 
4 -0.43242 
4 0.288909 
4 0.247261 
4 0.405133 
4 0.183999 
4 -0.194989 
4 -0.0491637 
4 -0.351353 
4 0.908311 
4 0.724932 
4 -0.925819 
4 0.341533 
4 0.212292 
4 0.141561 
4 0.0808787 
4 0.0160997 
4 -0.16352 
4 -0.226457 
4 -0.257926 
4 0.584165 
4 0.48601 
4 -0.312506 
4 -0.286609 
ZONE T="boundary3"
-3.69589 -1 
-4 -1 
-1.7985 -1 
2.67297 -1 
2.84077 -1 
-0.316733 -1 
1.41631 -1 
1.06895 -1 
0.503606 -1 
-0.519565 -1 
-0.418149 -1 
0.00317361 -1 
0.314267 -1 
0.408936 -1 
1.32371 -1 
4 -1 
3.61575 -1 
-1.39262 -1 
-1.52539 -1 
-1.0544 -1 
-0.944617 -1 
-3.34745 -1 
-2.44875 -1 
-2.26816 -1 
-1.93884 -1 
3.31905 -1 
3.4674 -1 
-1.65815 -1 
3.07991 -1 
-2.82236 -1 
-0.0629985 -1 
0.197535 -1 
0.0693457 -1 
-0.132831 -1 
0.133441 -1 
0.255901 -1 
0.687478 -1 
-0.259698 -1 
-0.202663 -1 
0.795646 -1 
0.903815 -1 
-0.618294 -1 
1.23111 -1 
-0.717023 -1 
1.49876 -1 
1.58121 -1 
-1.2784 -1 
1.70704 -1 
1.83287 -1 
-2.62935 -1 
-1.16418 -1 
-1.10929 -1 
2.00474 -1 
-3.52167 -1 
-3.01538 -1 
2.1766 -1 
2.50516 -1 
-3.18142 -1 
-0.83082 -1 
-3.84795 -1 
-0.468857 -1 
3.80788 -1 
-1.459 -1 
-0.999507 -1 
-2.35846 -1 
3.39323 -1 
-1.59177 -1 
2.96034 -1 
0.0362596 -1 
-0.0299124 -1 
0.285084 -1 
0.361601 -1 
0.226718 -1 
0.456271 -1 
0.595542 -1 
-0.23118 -1 
-0.167746 -1 
0.84973 -1 
0.165488 -1 
-0.568929 -1 
0.98638 -1 
1.15003 -1 
1.37001 -1 
0.741562 -1 
1.53999 -1 
1.27741 -1 
-0.667658 -1 
1.76995 -1 
1.45753 -1 
-1.22129 -1 
3.54158 -1 
-1.33551 -1 
3.19948 -1 
-2.72586 -1 
-2.91887 -1 
1.9188 -1 
2.09067 -1 
2.34088 -1 
-3.26444 -1 
2.75687 -1 
2.58906 -1 
-3.60878 -1 
-3.43456 -1 
-1.72833 -1 
-1.86867 -1 
-2.53905 -1 
-2.1035 -1 
-0.367441 -1 
-0.0979149 -1 
0.101393 -1 
-0.288215 -1 
-0.887718 -1 
-0.773921 -1 
-3.0984 -1 
-1.13673 -1 
-1.08184 -1 
1.64413 -1 
ZONE T="boundary4"
-0.440652 0.385429 
0.586881 0.111843 
0.00355793 0.530668 
0.0312173 0.526734 
0.646838 -0.0350472 
-0.632094 0.0148943 
-0.631344 0.0391406 
-0.396362 0.420408 
-0.373071 0.436381 
-0.618732 0.113184 
-0.624649 0.0883626 
-0.565779 0.235715 
-0.579133 0.21172 
-0.601954 0.162786 
-0.591248 0.187367 
0.643363 -0.00908224 
-0.630317 0.0513842 
-0.628861 0.0636484 
-0.554614 0.254041 
-0.61115 0.138015 
-0.324383 0.465112 
0.189696 0.469785 
-0.514845 0.309201 
-0.529206 0.290852 
-0.542787 0.271956 
-0.349065 0.451296 
-0.41891 0.403406 
-0.461571 0.366491 
-0.481591 0.346654 
-0.0806688 0.533301 
-0.0524763 0.533934 
-0.246713 0.499572 
-0.273147 0.489297 
-0.219769 0.508594 
-0.192452 0.516298 
-0.164781 0.522661 
0.548793 0.154542 
0.527735 0.174884 
-0.108803 0.531193 
-0.0244312 0.533067 
-0.13689 0.527634 
0.0855748 0.514181 
0.112255 0.505504 
-0.498613 0.328265 
0.312179 0.378254 
0.336055 0.356166 
0.287837 0.399662 
0.263674 0.419494 
0.5689 0.133318 
0.48163 0.216935 
0.504818 0.195921 
0.457415 0.239291 
0.433351 0.262161 
0.40898 0.285724 
0.384606 0.309432 
0.0585594 0.521247 
0.214656 0.454638 
0.16427 0.483338 
0.138477 0.495231 
0.239326 0.437838 
0.637199 0.016521 
0.603176 0.0890851 
0.64543 -0.0219931 
0.628378 0.0415153 
-0.299076 0.477786 
0.360422 0.332891 
0.616983 0.0657505 
0.0174152 0.528896 
-0.384807 0.428526 
-0.572589 0.223792 
-0.596764 0.175148 
-0.630883 0.045267 
-0.629641 0.0575226 
-0.615129 0.125657 
-0.560277 0.244927 
-0.522119 0.300099 
-0.536095 0.281474 
-0.361153 0.443975 
-0.407731 0.412033 
-0.471694 0.356685 
-0.336803 0.458345 
-0.0665756 0.533804 
-0.25999 0.494591 
-0.233294 0.504245 
-0.206157 0.512612 
-0.178655 0.51965 
0.538353 0.164804 
-0.038447 0.533689 
-0.122868 0.529592 
-0.548785 0.263054 
-0.0947483 0.532429 
0.0989762 0.510039 
-0.585338 0.199617 
-0.506829 0.318818 
0.324172 0.367271 
0.275846 0.409696 
0.558989 0.144066 
-0.490196 0.337547 
0.493221 0.206417 
0.469488 0.228063 
0.300085 0.389051 
0.421155 0.273923 
0.396793 0.297572 
-0.451218 0.376077 
0.0449271 0.524187 
-0.150865 0.525321 
0.202274 0.462384 
0.177076 0.476745 
0.125438 0.500561 
0.251599 0.428806 
0.516321 0.185446 
0.595262 0.100635 
0.646217 -0.0285105 
-0.626961 0.076041 
0.644479 -0.0155237 
0.640612 0.00380212 
-0.606729 0.150466 
-0.429882 0.394539 
-0.286179 0.483693 
0.633107 0.0291336 
0.151456 0.489474 
0.578073 0.122736 
0.0721172 0.517911 
-0.311802 0.471596 
-0.0104194 0.532061 
0.227093 0.446397 
0.372527 0.321172 
0.348273 0.344563 
0.445353 0.250683 
-0.621889 0.100821 
-0.631934 0.0270248 
0.610344 0.0775781 
0.622976 0.0537755 
ZONE T="boundary5"
0.321518 -0.419203 
0.348957 -0.412707 
-0.628402 -0.03254 
-0.589313 -0.142403 
-0.600493 -0.121621 
0.23824 -0.431093 
0.210354 -0.432837 
-0.610008 -0.100197 
-0.546251 -0.200345 
0.646838 -0.0350472 
0.647673 -0.0611926 
-0.500594 -0.243137 
-0.510377 -0.23498 
-0.631112 -0.00901506 
-0.632094 0.0148943 
-0.206952 -0.374425 
-0.235285 -0.366393 
-0.263509 -0.35788 
-0.346685 -0.328907 
-0.0669281 -0.407552 
-0.0946367 -0.401855 
-0.122653 -0.395653 
-0.0391142 -0.41281 
-0.319473 -0.339149 
-0.150572 -0.389048 
-0.178808 -0.381942 
0.293851 -0.42437 
0.26611 -0.428297 
-0.490579 -0.251019 
-0.562144 -0.181788 
-0.399216 -0.306164 
0.641898 -0.113293 
-0.373599 -0.317819 
-0.423836 -0.2937 
-0.469563 -0.266163 
-0.623975 -0.055608 
-0.617837 -0.0781853 
0.52235 -0.324122 
0.500948 -0.341548 
0.0990718 -0.430851 
0.0714171 -0.428454 
0.56077 -0.284222 
-0.0115284 -0.417537 
0.154614 -0.433493 
0.126823 -0.432552 
0.0161636 -0.421759 
0.0437327 -0.425401 
0.182462 -0.433612 
0.428729 -0.384351 
0.376071 -0.404789 
0.592181 -0.238732 
0.599007 -0.226704 
0.402706 -0.395364 
0.477957 -0.357505 
-0.576521 -0.162462 
0.542416 -0.304931 
0.453967 -0.371687 
0.627339 -0.164501 
0.635623 -0.139031 
0.605472 -0.214475 
-0.528963 -0.218076 
0.57732 -0.262118 
0.645976 -0.0873074 
0.617232 -0.189672 
-0.447285 -0.280397 
-0.291576 -0.348829 
0.335277 -0.416125 
-0.595098 -0.132116 
0.224304 -0.432091 
0.64758 -0.0481071 
-0.505514 -0.239093 
-0.629976 -0.0208019 
-0.249415 -0.362199 
-0.221134 -0.370466 
-0.080794 -0.404757 
-0.0530328 -0.410238 
-0.333114 -0.334124 
-0.136624 -0.3924 
-0.164702 -0.385545 
0.280001 -0.42648 
-0.495615 -0.247113 
-0.554353 -0.191199 
-0.360187 -0.323477 
-0.480178 -0.25874 
-0.621121 -0.0669542 
0.511819 -0.333043 
0.0852357 -0.429736 
-0.411594 -0.30007 
-0.0253327 -0.415234 
0.140714 -0.433121 
0.11294 -0.431792 
0.057565 -0.427005 
-0.386463 -0.312116 
0.00230626 -0.419714 
0.252188 -0.429831 
0.168536 -0.433659 
0.19641 -0.433341 
-0.192893 -0.378235 
0.362567 -0.40893 
0.307713 -0.421945 
0.595641 -0.232743 
0.415803 -0.390061 
0.489602 -0.349742 
-0.5831 -0.152549 
0.532579 -0.314731 
-0.626406 -0.044115 
0.466087 -0.364807 
0.441454 -0.37823 
-0.108657 -0.398805 
0.551808 -0.294767 
0.631708 -0.151839 
-0.537746 -0.209344 
0.584958 -0.250557 
0.639017 -0.126223 
-0.435643 -0.287196 
0.389456 -0.40027 
-0.614133 -0.089265 
-0.519793 -0.226663 
-0.305552 -0.344073 
0.0299375 -0.423651 
-0.277565 -0.353426 
-0.605454 -0.110999 
-0.631821 0.00293139 
-0.458521 -0.273433 
-0.569503 -0.172251 
0.647132 -0.0742678 
0.644221 -0.100343 
0.622486 -0.177167 
0.602284 -0.220614 
0.611534 -0.20216 
0.569269 -0.273337 
