ZONE T="boundary0"
-4 -0.871117 
-4 -0.41058 
-4 -0.364445 
-4 0.25335 
-4 0.326642 
-4 0.562307 
-4 0.781153 
-4 1 
-4 0.176777 
-4 0.215063 
-4 0.0729649 
-4 0.399935 
-4 -0.0308468 
-4 -0.533446 
-4 -0.63784 
-4 -0.285296 
-4 -0.318311 
-4 -0.219267 
-4 -0.186252 
-4 -0.108549 
-4 -0.742234 
-4 0.481121 
-4 -1 
-4 -0.252281 
-4 -0.387513 
-4 0.289996 
-4 0.67173 
-4 0.19592 
-4 0.124871 
-4 0.021059 
-4 0.234206 
-4 -0.472013 
-4 -0.585643 
-4 -0.301803 
-4 -0.202759 
-4 -0.690037 
-4 0.521714 
-4 -0.806676 
-4 -0.935559 
-4 0.890577 
-4 -0.147401 
-4 -0.0696981 
-4 -0.341378 
-4 0.363289 
-4 -0.235774 
-4 -0.268789 
-4 0.440528 
ZONE T="boundary1"
1.80154 1 
1.32083 1 
3.75 1 
4 1 
2.20674 1 
2.00414 1 
-1.39883 1 
-0.0182628 1 
0.0434993 1 
-0.283114 1 
-0.359034 1 
0.170518 1 
1.15512 1 
-3.31681 1 
-0.736036 1 
-0.850481 1 
-1.20127 1 
-1.79798 1 
-2.15854 1 
-1.97826 1 
0.929415 1 
0.801591 1 
1.04227 1 
3.53364 1 
3.31729 1 
1.66292 1 
-3.76828 1 
-4 1 
2.44396 1 
-3.53656 1 
-2.59833 1 
2.68119 1 
-0.0800248 1 
-0.44744 1 
-0.535846 1 
0.684033 1 
0.107009 1 
-0.14361 1 
-0.207194 1 
0.384926 1 
0.277722 1 
0.22412 1 
1.23797 1 
-0.635941 1 
0.566476 1 
-0.964925 1 
-1.02401 1 
-1.0831 1 
-1.30005 1 
-1.47842 1 
-1.55801 1 
3.16926 1 
1.52431 1 
0.475701 1 
2.85121 1 
3.02123 1 
-2.8477 1 
-3.09707 1 
-2.37843 1 
3.875 1 
2.10544 1 
-0.321074 1 
-0.793259 1 
-2.0684 1 
0.865503 1 
1.09869 1 
3.42547 1 
-3.88414 1 
2.32535 1 
-1.88812 1 
2.56258 1 
-0.491643 1 
-0.403237 1 
0.0752541 1 
-0.0491438 1 
0.0126183 1 
0.331324 1 
0.197319 1 
0.138764 1 
1.19655 1 
-0.585894 1 
-0.685989 1 
0.985841 1 
-0.245154 1 
0.625254 1 
0.742812 1 
3.64182 1 
-0.907703 1 
-1.05355 1 
-1.14218 1 
-1.34944 1 
-1.51821 1 
-1.25066 1 
-1.67799 1 
-1.43863 1 
3.24327 1 
1.42257 1 
1.2794 1 
0.521088 1 
1.59362 1 
1.73223 1 
2.7662 1 
2.93622 1 
-2.72302 1 
-2.97239 1 
-2.48838 1 
1.90284 1 
-3.42669 1 
-3.65242 1 
-0.175402 1 
-0.111817 1 
0.250921 1 
0.430314 1 
-0.994468 1 
-2.26848 1 
3.09525 1 
-3.20694 1 
ZONE T="boundary2"
4 -0.27157 
4 -0.204472 
4 -0.156519 
4 -0.108567 
4 0.265558 
4 0.237566 
4 0.164666 
4 0.209574 
4 0.386679 
4 0.45177 
4 0.644441 
4 1 
4 0.018261 
4 0.548106 
4 -0.854808 
4 -0.491829 
4 0.321588 
4 0.119757 
4 0.0690092 
4 -0.0451529 
4 -0.600723 
4 -1 
4 -0.338667 
4 -0.415248 
4 -0.709616 
4 -0.238021 
4 -0.132543 
4 0.251562 
4 0.18712 
4 0.419224 
4 0.499938 
4 0.822221 
4 0.293573 
4 0.142212 
4 0.354134 
4 0.0943833 
4 0.0436351 
4 -0.0134459 
4 0.596274 
4 -0.0768598 
4 -0.546276 
4 -0.927404 
4 0.22357 
4 -0.180496 
4 -0.305118 
4 -0.376958 
4 -0.453538 
4 -0.65517 
4 -0.782212 
ZONE T="boundary3"
-3.875 -1 
-0.880877 -1 
-0.765378 -1 
0.418409 -1 
0.556967 -1 
-0.346033 -1 
-0.302907 -1 
1.86925 -1 
-0.389158 -1 
-0.491922 -1 
0.213941 -1 
0.284226 -1 
-0.594686 -1 
0.143657 -1 
-1.05668 -1 
-2.8009 -1 
-2.22746 -1 
1.43258 -1 
1.56622 -1 
3.75 -1 
-1.82396 -1 
2.21894 -1 
2.39924 -1 
2.98361 -1 
-3.21226 -1 
-3.4827 -1 
-3.00658 -1 
3.4744 -1 
-1.63139 -1 
2.82001 -1 
-0.00136133 -1 
-0.183491 -1 
-0.143686 -1 
0.0711477 -1 
-0.0725236 -1 
0.744249 -1 
0.650608 -1 
-0.96878 -1 
0.978768 -1 
0.861508 -1 
-1.16162 -1 
-1.26655 -1 
-1.35269 -1 
1.19769 -1 
1.08823 -1 
4 -1 
-3.75313 -1 
3.3108 -1 
1.69986 -1 
1.31513 -1 
-2.56619 -1 
3.1472 -1 
2.03864 -1 
-1.43883 -1 
-4 -1 
-1.53511 -1 
-0.223297 -1 
-2.02571 -1 
-2.39682 -1 
-0.823127 -1 
0.487688 -1 
-0.32447 -1 
-0.44054 -1 
0.249083 -1 
-0.543304 -1 
1.4994 -1 
2.30909 -1 
-3.34748 -1 
-2.90374 -1 
-1.72767 -1 
-0.163589 -1 
-0.367595 -1 
0.0348932 -1 
0.107402 -1 
-0.0369425 -1 
0.178799 -1 
0.697428 -1 
0.351317 -1 
-1.01273 -1 
-0.680032 -1 
0.920138 -1 
-0.924829 -1 
-1.21408 -1 
-1.10915 -1 
-1.30962 -1 
0.603787 -1 
1.14296 -1 
0.802879 -1 
-3.81406 -1 
1.63304 -1 
1.37386 -1 
3.6122 -1 
-3.10942 -1 
-2.68354 -1 
3.229 -1 
3.3926 -1 
1.95395 -1 
1.78456 -1 
-3.61791 -1 
-3.9375 -1 
3.0654 -1 
2.12879 -1 
-1.58325 -1 
-0.108105 -1 
-0.203394 -1 
-0.263102 -1 
-2.12658 -1 
-2.4815 -1 
-1.92483 -1 
-2.31214 -1 
-1.48697 -1 
1.0335 -1 
1.25641 -1 
3.875 -1 
2.60963 -1 
-1.39576 -1 
2.90181 -1 
ZONE T="boundary4"
-0.381296 0.310037 
-0.289731 0.348287 
-0.632313 -0.016343 
-0.0145136 0.424169 
0.589024 0.23736 
0.581463 0.250468 
0.123081 0.440559 
0.152316 0.441594 
0.632808 0.127411 
0.62491 0.155346 
-0.42466 0.287451 
-0.358874 0.320375 
-0.31305 0.339433 
-0.500582 0.235283 
-0.627485 0.0301674 
-0.607131 0.0981624 
0.573413 0.263281 
0.56478 0.275829 
-0.584878 0.140792 
-0.543906 0.194363 
-0.596833 0.119848 
-0.56403 0.170656 
0.640182 0.0290978 
-0.556393 0.180127 
0.635874 0.113348 
0.638311 0.0992389 
-0.578284 0.150993 
0.641174 0.0710312 
0.0121003 0.42868 
-0.0928168 0.407706 
-0.118256 0.401424 
-0.265961 0.356836 
-0.515968 0.221968 
-0.483517 0.248817 
-0.465935 0.261563 
-0.44559 0.274964 
0.614719 0.183366 
0.602845 0.210428 
-0.242083 0.364998 
-0.217763 0.372911 
-0.63075 0.00696162 
-0.336224 0.330102 
-0.19334 0.380477 
-0.14358 0.394753 
-0.168512 0.387791 
0.0393174 0.432668 
-0.0669673 0.413638 
0.638398 0.0152868 
0.641231 0.0429584 
0.486015 0.354133 
-0.40316 0.299134 
0.367304 0.413033 
0.398551 0.401734 
-0.530794 0.20795 
0.458165 0.372383 
0.429164 0.388102 
0.555384 0.288253 
0.545241 0.300437 
0.0948186 0.43868 
0.181616 0.441641 
0.211764 0.44058 
0.0666701 0.436 
0.27279 0.434602 
0.511089 0.33436 
-0.0409831 0.419116 
0.241885 0.438306 
0.304121 0.429289 
0.335728 0.42216 
-0.622472 0.0531928 
-0.615686 0.0759046 
0.53452 0.312145 
0.585301 0.243947 
0.137693 0.441196 
0.629131 0.141454 
-0.370121 0.315286 
0.569165 0.269602 
-0.550238 0.187322 
0.637172 0.106306 
-0.560251 0.175423 
-0.581627 0.145922 
0.64008 0.0851672 
-0.00121999 0.426496 
-0.10555 0.404616 
-0.508345 0.228707 
-0.474794 0.255284 
-0.455839 0.268382 
0.608987 0.196987 
-0.229937 0.368998 
-0.631741 -0.00467748 
-0.324661 0.334829 
-0.205564 0.376737 
-0.156058 0.391316 
-0.130931 0.398136 
-0.254037 0.360963 
-0.277863 0.352611 
0.0256957 0.430753 
-0.0799057 0.410728 
-0.571329 0.160948 
-0.30141 0.343914 
-0.347578 0.325308 
-0.392272 0.304676 
0.383025 0.407652 
-0.523461 0.215043 
0.443822 0.380533 
0.560153 0.282095 
0.550385 0.294405 
0.108941 0.439724 
0.166964 0.441746 
0.196694 0.441256 
-0.180939 0.384178 
0.0529818 0.434419 
0.498771 0.344523 
0.634416 0.120395 
0.641561 0.056993 
0.639382 0.0221797 
0.640797 0.0360205 
-0.0277621 0.421709 
-0.0539889 0.416437 
0.0807337 0.437437 
0.226835 0.4396 
0.257358 0.436633 
0.288489 0.432146 
0.351587 0.417843 
0.413986 0.395206 
0.472288 0.36356 
0.319974 0.425949 
-0.537428 0.201231 
-0.492123 0.242143 
0.596143 0.224002 
-0.625196 0.0417263 
0.577502 0.256915 
-0.413964 0.293395 
-0.435191 0.281319 
-0.629332 0.0185936 
-0.619296 0.0646124 
-0.611622 0.0871146 
-0.602189 0.109102 
-0.59105 0.13043 
0.620057 0.169444 
0.523064 0.323526 
0.539949 0.306354 
ZONE T="boundary5"
-0.578747 -0.221896 
-0.541314 -0.28185 
-0.590109 -0.199654 
-0.632228 -0.0396419 
-0.632313 -0.016343 
0.549865 -0.15097 
-0.62267 -0.10908 
-0.627352 -0.0860478 
-0.600229 -0.177264 
-0.609069 -0.154684 
0.624136 -0.0380758 
0.628745 -0.0250567 
-0.630554 -0.0629032 
0.612896 -0.0634837 
-0.484718 -0.348314 
-0.464465 -0.367685 
-0.204437 -0.507902 
-0.232946 -0.499752 
-0.261379 -0.490138 
-0.289352 -0.479159 
-0.316959 -0.466758 
-0.343932 -0.453031 
-0.0894798 -0.526445 
-0.0608671 -0.527555 
-0.146941 -0.519996 
-0.118115 -0.523932 
-0.175643 -0.514672 
-0.566205 -0.243951 
-0.51689 -0.313193 
-0.529397 -0.297745 
-0.419542 -0.404775 
-0.442671 -0.386601 
-0.39552 -0.421827 
-0.370122 -0.438052 
-0.50119 -0.331078 
-0.616563 -0.131952 
0.632673 -0.0117935 
-0.0325118 -0.527247 
-0.00432567 -0.525512 
0.0235468 -0.522343 
0.0510881 -0.517725 
0.0782835 -0.511638 
0.206748 -0.459389 
0.131195 -0.495102 
0.104987 -0.504099 
0.182109 -0.472721 
0.156968 -0.484613 
0.566937 -0.131724 
0.23078 -0.444722 
0.254358 -0.428698 
0.277459 -0.41144 
0.344864 -0.353208 
0.322754 -0.37344 
0.300193 -0.393012 
0.45568 -0.24409 
0.388982 -0.310661 
0.36705 -0.332093 
0.411163 -0.28863 
0.433196 -0.26656 
0.517732 -0.18372 
0.498052 -0.202789 
0.478225 -0.221945 
0.638398 0.0152868 
0.635891 0.00164164 
0.53402 -0.167513 
-0.554171 -0.263158 
0.599137 -0.0879225 
0.575088 -0.121782 
0.582935 -0.111595 
-0.584556 -0.210841 
-0.632473 -0.0279939 
-0.625188 -0.0976005 
-0.604799 -0.166033 
0.626525 -0.0315968 
-0.629139 -0.0745016 
-0.631586 -0.0512871 
0.618832 -0.0509231 
-0.474708 -0.358122 
-0.218739 -0.503996 
-0.247219 -0.495115 
-0.30323 -0.473126 
-0.330529 -0.460059 
-0.075179 -0.527176 
-0.13255 -0.522137 
-0.161322 -0.517504 
-0.523214 -0.305527 
-0.595308 -0.188522 
-0.572598 -0.232993 
-0.53543 -0.289854 
-0.431218 -0.395829 
-0.382921 -0.430096 
-0.493044 -0.339782 
-0.453683 -0.377276 
-0.612975 -0.143371 
-0.509135 -0.32222 
0.630796 -0.0184519 
-0.018407 -0.52656 
0.00963141 -0.52411 
0.0647265 -0.514867 
0.118151 -0.499784 
0.144152 -0.490038 
-0.0466867 -0.527578 
0.194514 -0.466221 
0.242659 -0.436852 
0.333865 -0.363388 
0.265997 -0.420193 
0.378046 -0.321404 
0.422188 -0.277598 
0.488131 -0.212353 
0.637235 0.00844671 
0.507913 -0.193271 
0.542004 -0.159301 
0.525914 -0.175653 
0.634371 -0.00509809 
-0.357118 -0.445702 
0.356 -0.342695 
-0.547844 -0.272574 
0.091686 -0.508053 
0.571049 -0.126782 
0.444428 -0.255307 
0.606297 -0.0758642 
-0.619785 -0.120561 
-0.190079 -0.511458 
0.218854 -0.45221 
-0.103811 -0.525361 
0.0373479 -0.520218 
0.169617 -0.478841 
0.288908 -0.402331 
0.400091 -0.29966 
0.311545 -0.383313 
0.466927 -0.232981 
0.558514 -0.141448 
0.579052 -0.116722 
0.591278 -0.0999273 
-0.27543 -0.484816 
-0.407635 -0.413446 
-0.560288 -0.253617 
