ZONE T="boundary0"
-4 -0.711187 
-4 -0.855594 
-4 -0.462674 
-4 0.469379 
-4 0.397943 
-4 0.181304 
-4 0.217568 
-4 0.326508 
-4 0.654681 
-4 0.56203 
-4 0.253832 
-4 -0.0281023 
-4 0.03933 
-4 1 
-4 0.82734 
-4 0.110317 
-4 0.29017 
-4 -0.619767 
-4 -0.288628 
-4 -0.528348 
-4 -0.397001 
-4 -1 
-4 -0.252504 
-4 -0.174019 
-4 -0.134777 
-4 -0.0955346 
-4 -0.324753 
-4 -0.213261 
-4 -0.783391 
-4 0.433661 
-4 0.199436 
-4 0.608355 
-4 0.2357 
-4 0.741011 
-4 0.14581 
-4 0.0748235 
-4 0.308339 
-4 0.91367 
-4 0.00561386 
-4 -0.495511 
-4 -0.429838 
-4 -0.665477 
-4 -0.574057 
-4 -0.927797 
-4 0.272001 
-4 0.362225 
-4 0.515704 
-4 -0.154398 
-4 -0.115156 
-4 -0.0618185 
-4 -0.30669 
-4 -0.270566 
-4 -0.360877 
-4 -0.232883 
-4 -0.19364 
ZONE T="boundary1"
0.796133 1 
-0.157696 1 
-0.221769 1 
1.24253 1 
-0.0920012 1 
-0.428341 1 
-0.357092 1 
0.458618 1 
-0.728689 1 
-0.843611 1 
0.35681 1 
-1.18754 1 
4 1 
3.59537 1 
-3.75235 1 
-4 1 
1.13515 1 
-1.67162 1 
0.906517 1 
3.39306 1 
2.80869 1 
2.99972 1 
-1.84022 1 
-2.76608 1 
-3.31816 1 
-3.5047 1 
2.37805 1 
-2.40053 1 
2.1521 1 
1.92615 1 
1.58325 1 
1.7547 1 
-2.20467 1 
3.19075 1 
-0.285842 1 
0.305906 1 
0.255002 1 
0.105177 1 
0.0394353 1 
-0.613768 1 
-0.521055 1 
0.18009 1 
-0.0263068 1 
0.685749 1 
0.572184 1 
-0.965519 1 
-0.904565 1 
-1.13204 1 
-1.02102 1 
-1.28778 1 
-1.07653 1 
1.02083 1 
-1.38802 1 
1.46658 1 
-1.52982 1 
1.34991 1 
-2.00882 1 
-2.94885 1 
-3.13163 1 
2.59337 1 
-0.189732 1 
-0.124848 1 
-0.392717 1 
-0.78615 1 
3.79769 1 
-3.87617 1 
1.18884 1 
2.9042 1 
-1.75592 1 
-3.41143 1 
-2.5833 1 
2.03913 1 
1.84043 1 
-2.3026 1 
3.09523 1 
-0.253805 1 
0.280454 1 
0.0723063 1 
-0.321467 1 
-0.567411 1 
-0.671229 1 
0.217546 1 
0.142633 1 
0.00656424 1 
-0.474698 1 
0.407714 1 
0.628966 1 
0.515401 1 
-0.935042 1 
-0.874088 1 
-1.10428 1 
0.851325 1 
0.963674 1 
0.740941 1 
-3.62852 1 
-1.60072 1 
1.29622 1 
1.40824 1 
1.66898 1 
1.52492 1 
-1.92452 1 
-1.45892 1 
-3.04024 1 
-2.85747 1 
-3.2249 1 
-2.10675 1 
2.70103 1 
2.48571 1 
3.49422 1 
3.2919 1 
2.26508 1 
-1.04878 1 
-0.993272 1 
-0.059154 1 
0.331358 1 
-1.15979 1 
-1.23766 1 
-1.3379 1 
1.07799 1 
ZONE T="boundary2"
4 -0.432621 
4 -0.805816 
4 -0.611632 
4 0.149813 
4 0.117749 
4 -0.0958621 
4 -0.172668 
4 0.357124 
4 -0.0190566 
4 1 
4 0.682561 
4 -1 
4 0.329344 
4 0.42574 
4 0.494356 
4 0.588458 
4 0.21394 
4 0.181876 
4 -0.367956 
4 -0.30329 
4 -0.205323 
4 -0.237979 
4 0.301564 
4 0.246004 
4 -0.708724 
4 0.133781 
4 -0.134265 
4 0.84128 
4 0.343234 
4 0.460048 
4 0.541407 
4 0.63551 
4 0.0493464 
4 -0.335623 
4 -0.188995 
4 -0.221651 
4 -0.522127 
4 -0.902908 
4 0.391432 
4 0.315454 
4 0.229972 
4 0.273784 
4 0.165845 
4 0.197908 
4 -0.400288 
4 -0.270635 
4 -0.0574593 
ZONE T="boundary3"
-3.36762 -1 
-1.78053 -1 
-1.59482 -1 
2.8953 -1 
3.09776 -1 
1.66378 -1 
-1.118 -1 
-0.692288 -1 
-0.89887 -1 
-1.35183 -1 
-1.47332 -1 
1.34296 -1 
1.26152 -1 
1.42 -1 
3.47517 -1 
3.30023 -1 
3.82506 -1 
4 -1 
3.65011 -1 
-2.68753 -1 
-2.92218 -1 
-2.30995 -1 
2.38036 -1 
2.52402 -1 
0.838102 -1 
-0.493533 -1 
-0.293397 -1 
0.165009 -1 
0.100777 -1 
0.567256 -1 
-0.163657 -1 
-0.100629 -1 
0.278868 -1 
0.338052 -1 
0.397237 -1 
0.221939 -1 
-0.226685 -1 
-0.59291 -1 
-0.795579 -1 
-0.360109 -1 
-1.00844 -1 
-1.23491 -1 
1.49705 -1 
1.80659 -1 
1.94941 -1 
1.18008 -1 
1.06704 -1 
-3.78921 -1 
-4 -1 
-3.57841 -1 
2.09306 -1 
2.23671 -1 
-2.1381 -1 
-3.15682 -1 
-1.96625 -1 
0.456421 -1 
0.618907 -1 
0.515605 -1 
-0.0320423 -1 
0.0365448 -1 
0.722209 -1 
0.780155 -1 
0.953995 -1 
0.896049 -1 
1.01052 -1 
-2.49874 -1 
-1.68767 -1 
2.99653 -1 
-1.41257 -1 
1.30224 -1 
3.3877 -1 
3.91253 -1 
-2.80486 -1 
2.45219 -1 
0.132893 -1 
-0.132143 -1 
0.367644 -1 
0.193474 -1 
-0.195171 -1 
-0.642599 -1 
-0.543221 -1 
-0.743933 -1 
-0.847225 -1 
-0.426821 -1 
-1.06322 -1 
-1.17646 -1 
1.58041 -1 
1.878 -1 
1.38148 -1 
1.45853 -1 
1.2208 -1 
1.12356 -1 
-3.8946 -1 
3.73759 -1 
-3.68381 -1 
-1.53407 -1 
-1.29337 -1 
2.16489 -1 
2.30854 -1 
2.70966 -1 
-3.26222 -1 
-1.87339 -1 
-3.47301 -1 
3.56264 -1 
3.199 -1 
1.73519 -1 
2.02123 -1 
0.593081 -1 
0.486013 -1 
0.426829 -1 
-0.260041 -1 
-0.0663359 -1 
0.250403 -1 
0.00225122 -1 
0.0686609 -1 
0.670558 -1 
0.809129 -1 
0.751182 -1 
0.925022 -1 
0.30846 -1 
-0.326753 -1 
0.867075 -1 
-0.953653 -1 
-3.0395 -1 
0.54143 -1 
1.03878 -1 
0.982256 -1 
-2.59314 -1 
-2.05217 -1 
-2.40434 -1 
-2.22402 -1 
ZONE T="boundary4"
-0.579394 0.233696 
-0.574098 0.249475 
-0.584192 0.217753 
-0.601673 0.114969 
-0.60228 0.0944218 
-0.147288 0.532184 
-0.124347 0.524319 
-0.340553 0.515757 
-0.455823 0.435553 
-0.441463 0.449055 
-0.237119 0.542068 
-0.16974 0.537679 
-0.60058 0.0538608 
-0.601909 0.0740307 
0.466544 0.205951 
-0.537584 0.329111 
-0.527569 0.345857 
-0.321351 0.523654 
-0.600084 0.135583 
-0.597519 0.156216 
-0.591869 0.187142 
-0.546953 0.311959 
-0.555965 0.293743 
-0.564866 0.273573 
-0.0807093 0.502613 
-0.10235 0.514521 
-0.0594405 0.488643 
-0.0385889 0.472774 
-0.494626 0.392449 
-0.506315 0.37718 
-0.482377 0.407218 
-0.469374 0.421678 
0.451583 0.212219 
-0.394508 0.485723 
-0.410785 0.474216 
-0.377177 0.496684 
-0.359431 0.5066 
0.419348 0.223606 
0.436412 0.2179 
0.402196 0.228741 
-0.280438 0.535863 
-0.301469 0.530362 
-0.215123 0.542556 
0.598989 0.0932679 
-0.259319 0.539751 
-0.192847 0.541174 
-0.59832 0.0339635 
-0.426587 0.46185 
-0.517228 0.361733 
0.259599 0.264498 
0.291226 0.25591 
0.320314 0.248875 
0.37581 0.235762 
0.54546 0.156693 
0.227111 0.275004 
0.389026 0.232356 
0.00179441 0.436729 
-0.0182598 0.455386 
0.0626582 0.377548 
0.0854031 0.357241 
0.164131 0.302779 
0.19543 0.287541 
0.0419288 0.397373 
0.48146 0.198936 
0.618705 0.0530401 
0.626114 0.0312965 
0.575871 0.125749 
0.584071 0.115398 
0.63782 -0.0366863 
0.561172 0.141958 
0.0217436 0.417259 
0.631742 0.00888717 
0.63559 -0.0137386 
0.10926 0.338075 
0.13617 0.319278 
0.521374 0.175391 
0.609648 0.0736986 
0.496049 0.191218 
0.349361 0.242131 
0.334836 0.245503 
-0.576809 0.241607 
-0.602099 0.1047 
-0.135737 0.528516 
-0.158458 0.535183 
-0.601364 0.0639384 
-0.532657 0.337534 
-0.33101 0.519858 
-0.602216 0.0842246 
-0.601 0.125286 
-0.598921 0.145915 
-0.551553 0.302899 
-0.542353 0.320582 
-0.0914195 0.508794 
-0.0488997 0.480884 
-0.500544 0.384873 
-0.475948 0.414515 
-0.462669 0.428687 
-0.488573 0.399895 
-0.402715 0.480072 
-0.36837 0.501767 
0.427902 0.220829 
-0.350058 0.511322 
0.410787 0.226236 
-0.291 0.533304 
-0.226125 0.542539 
-0.113253 0.519661 
-0.181257 0.539688 
-0.269912 0.538005 
-0.418758 0.468129 
-0.522472 0.353845 
-0.311463 0.527175 
-0.434095 0.455538 
-0.511844 0.369509 
-0.385913 0.491321 
0.275377 0.260052 
-0.203971 0.542103 
0.305755 0.252327 
0.243293 0.269515 
-0.00816589 0.446151 
-0.0283279 0.464217 
0.0739196 0.367268 
-0.448715 0.442384 
0.179644 0.294834 
-0.0699574 0.495834 
-0.599567 0.0438993 
0.622638 0.0422462 
0.580036 0.120626 
-0.248241 0.541135 
0.55346 0.149482 
0.0318186 0.407308 
0.0522315 0.387399 
0.629153 0.0201483 
0.636901 -0.0251938 
0.633877 -0.0023901 
0.0971964 0.347476 
0.122551 0.32842 
0.150001 0.31075 
0.395617 0.230578 
0.0117948 0.427039 
0.211172 0.280988 
0.604528 0.0835979 
0.459091 0.209162 
0.444022 0.215129 
0.614396 0.0634662 
0.568688 0.134007 
0.591814 0.104526 
0.488798 0.195168 
0.474042 0.202527 
0.508896 0.183612 
-0.56964 0.261587 
-0.560531 0.28371 
-0.581855 0.225745 
0.342099 0.243821 
0.327574 0.247185 
0.362594 0.239 
0.533661 0.166366 
0.382422 0.234082 
-0.58827 0.20251 
-0.594954 0.171729 
ZONE T="boundary5"
-0.0814979 -0.47043 
-0.105197 -0.462876 
-0.0561679 -0.477768 
-0.0306247 -0.484417 
-0.289245 -0.378797 
-0.533018 -0.144184 
-0.52353 -0.159121 
-0.59516 0.0143729 
-0.591134 -0.00489253 
-0.323937 -0.356905 
-0.306723 -0.368059 
-0.567043 -0.0784538 
-0.586279 -0.0238048 
-0.550766 -0.112878 
-0.542163 -0.128686 
-0.458855 -0.241813 
-0.446216 -0.255386 
-0.21387 -0.419132 
-0.25264 -0.399529 
-0.271067 -0.389377 
-0.233375 -0.409556 
-0.340593 -0.345524 
-0.128673 -0.454721 
-0.19338 -0.428593 
-0.172656 -0.437565 
-0.150778 -0.446412 
-0.471158 -0.22792 
-0.574205 -0.0605816 
-0.356958 -0.333728 
-0.432555 -0.269275 
-0.403695 -0.296115 
-0.418492 -0.282753 
-0.388516 -0.309038 
-0.580626 -0.0423692 
-0.372902 -0.321596 
0.484508 -0.430131 
-0.487911 -0.207839 
0.458586 -0.446801 
-0.559154 -0.0960161 
0.5772 -0.328641 
0.562935 -0.351429 
0.555197 -0.362147 
-0.59832 0.0339635 
0.168237 -0.511055 
0.140944 -0.510078 
0.111873 -0.508068 
0.0828968 -0.505098 
0.0535936 -0.501135 
0.222 -0.510253 
0.301754 -0.501547 
0.274836 -0.505589 
0.195551 -0.511115 
0.248399 -0.508436 
0.331118 -0.495688 
0.426748 -0.463471 
0.394105 -0.477093 
0.442858 -0.455502 
0.360528 -0.488122 
0.547006 -0.372512 
0.528759 -0.392705 
0.590015 -0.303416 
0.637998 -0.0828437 
0.633666 -0.129108 
0.636301 -0.106 
0.621631 -0.19841 
0.626209 -0.175359 
0.583888 -0.316179 
0.616545 -0.221323 
0.630246 -0.152292 
-0.503921 -0.187138 
0.638565 -0.0597662 
0.63782 -0.0366863 
0.600753 -0.276722 
0.609326 -0.249552 
0.613086 -0.23548 
0.0244504 -0.496244 
-0.00318538 -0.490734 
0.509131 -0.410981 
-0.0933721 -0.466729 
-0.0434196 -0.48118 
-0.528334 -0.151691 
-0.315364 -0.362535 
-0.588813 -0.0143756 
-0.452579 -0.248641 
-0.261883 -0.394507 
-0.3323 -0.351266 
-0.203654 -0.423924 
-0.161745 -0.442056 
-0.116962 -0.458874 
-0.280188 -0.384141 
-0.465049 -0.234904 
-0.570717 -0.069555 
-0.348813 -0.339678 
-0.411143 -0.289489 
-0.396152 -0.302631 
-0.439436 -0.26238 
-0.577513 -0.0515096 
-0.36497 -0.327715 
-0.425573 -0.276066 
-0.479623 -0.217954 
-0.563187 -0.0872749 
0.570318 -0.340194 
-0.546534 -0.12082 
-0.596854 0.0241502 
-0.139751 -0.450635 
0.154586 -0.510679 
0.1264 -0.509195 
0.0682288 -0.503234 
0.288317 -0.503715 
0.208779 -0.5108 
0.235208 -0.509467 
-0.380752 -0.315371 
-0.0688586 -0.474185 
0.410567 -0.470616 
0.434848 -0.459577 
0.471726 -0.438744 
-0.298016 -0.37348 
0.450774 -0.451244 
0.345878 -0.492117 
0.538104 -0.382811 
-0.183045 -0.43314 
0.635089 -0.117567 
0.623983 -0.186898 
0.551158 -0.367374 
0.559124 -0.356831 
0.580615 -0.322448 
0.587022 -0.309832 
0.619155 -0.209883 
0.632041 -0.140713 
-0.583554 -0.0331178 
-0.537656 -0.136474 
-0.555041 -0.104487 
-0.223651 -0.414401 
-0.496016 -0.197567 
0.637278 -0.0944318 
0.638433 -0.0713087 
-0.243037 -0.4046 
0.628297 -0.163839 
0.605268 -0.263212 
0.181894 -0.511202 
0.0390023 -0.498804 
0.0106115 -0.493591 
-0.513924 -0.17327 
0.0973725 -0.506701 
-0.0169289 -0.487676 
0.261632 -0.507144 
-0.593257 0.00471748 
0.638368 -0.0482209 
0.611249 -0.242527 
0.614848 -0.228411 
0.519137 -0.40205 
0.316474 -0.498809 
0.595665 -0.290185 
0.497042 -0.420842 
0.37742 -0.482918 
