ZONE T="boundary0"
-4 0.00979067 
-4 0.079634 
-4 0.662153 
-4 0.5627 
-4 0.402244 
-4 0.341242 
-4 0.195484 
-4 0.305528 
-4 0.137559 
-4 -0.0600527 
-4 -0.1566 
-4 0.463247 
-4 -0.207949 
-4 -0.259298 
-4 -0.525546 
-4 -0.704838 
-4 -0.615192 
-4 1 
-4 -0.852419 
-4 -1 
-4 0.269815 
-4 -0.387631 
-4 -0.323465 
-4 0.831077 
-4 0.0447123 
-4 0.612427 
-4 0.371743 
-4 0.108597 
-4 -0.025131 
-4 -0.108326 
-4 -0.233624 
-4 -0.660015 
-4 -0.778628 
-4 -0.926209 
-4 0.23265 
-4 0.166522 
-4 -0.182274 
-4 0.432745 
-4 0.512973 
-4 -0.456588 
-4 -0.291382 
-4 0.915538 
-4 -0.570369 
-4 0.746615 
-4 0.323385 
-4 -0.355548 
-4 0.287671 
ZONE T="boundary1"
1.98591 1 
-0.00910981 1 
0.0631398 1 
-1.10238 1 
-1.19789 1 
-0.0874677 1 
0.728811 1 
-0.155431 1 
4 1 
3.75484 1 
-0.911874 1 
-1.00713 1 
0.997434 1 
-0.223394 1 
-0.282003 1 
3.50969 1 
-3.7896 1 
-4 1 
3.11844 1 
-1.41197 1 
-3.00672 1 
-2.79273 1 
3.31407 1 
-1.53054 1 
-2.57875 1 
2.66283 1 
2.44636 1 
2.89064 1 
0.211315 1 
0.13539 1 
-0.340613 1 
0.287241 1 
0.369726 1 
-0.457831 1 
-0.57252 1 
0.547414 1 
-0.799541 1 
-0.687208 1 
0.642617 1 
0.815005 1 
0.906219 1 
0.45221 1 
-3.5792 1 
1.23372 1 
1.11558 1 
-1.29339 1 
1.47468 1 
1.3542 1 
1.74194 1 
1.60831 1 
-1.67636 1 
-1.82218 1 
-3.29296 1 
-3.14984 1 
-2.17751 1 
-1.99985 1 
2.22988 1 
-2.37813 1 
0.027015 1 
-1.15014 1 
-0.0482888 1 
3.87742 1 
-0.959501 1 
-3.8948 1 
-2.89972 1 
2.5546 1 
3.00454 1 
-2.68574 1 
0.173352 1 
-0.189412 1 
-0.121449 1 
-0.311308 1 
0.328483 1 
-0.399222 1 
-0.252699 1 
-0.515176 1 
-0.855707 1 
-0.629864 1 
0.685714 1 
0.771908 1 
0.860612 1 
0.410968 1 
0.499812 1 
-0.743374 1 
-3.6844 1 
0.951826 1 
1.17465 1 
1.05651 1 
-1.24564 1 
-1.05476 1 
1.41444 1 
1.29396 1 
1.67512 1 
-1.47126 1 
-1.60345 1 
-1.35268 1 
-1.74927 1 
-3.43608 1 
3.41188 1 
-3.2214 1 
3.63227 1 
-1.91101 1 
1.86392 1 
2.1079 1 
-2.27782 1 
-2.08868 1 
2.33812 1 
2.77674 1 
0.0992647 1 
0.595015 1 
0.249278 1 
1.5415 1 
-2.47844 1 
-3.07828 1 
3.21625 1 
ZONE T="boundary2"
4 -0.586054 
4 -0.482289 
4 0.00644991 
4 0.253272 
4 0.18079 
4 0.325753 
4 0.596568 
4 0.798284 
4 0.0937053 
4 0.376971 
4 0.512378 
4 1 
4 -1 
4 -0.793027 
4 0.428189 
4 -0.0808055 
4 -0.124518 
4 -0.168231 
4 -0.280427 
4 -0.224329 
4 -0.378524 
4 -0.534171 
4 0.217031 
4 0.289512 
4 0.697426 
4 0.137248 
4 0.554473 
4 0.899142 
4 -0.68954 
4 0.40258 
4 0.351362 
4 -0.102662 
4 0.0500776 
4 -0.0371778 
4 -0.252378 
4 -0.146375 
4 0.470284 
4 -0.329476 
4 -0.430407 
4 -0.896513 
4 -0.19628 
ZONE T="boundary3"
-0.178057 -1 
-0.110382 -1 
-0.321467 -1 
0.423911 -1 
-1.12806 -1 
-1.01302 -1 
1.34596 -1 
-3.80731 -1 
-4 -1 
-2.95132 -1 
-2.77093 -1 
2.85507 -1 
2.69509 -1 
2.486 -1 
-1.50365 -1 
-3.13172 -1 
2.27691 -1 
2.07278 -1 
3.01505 -1 
-2.23006 -1 
-2.41305 -1 
4 -1 
3.66256 -1 
3.49383 -1 
0.0266471 -1 
-0.245732 -1 
-0.397202 -1 
0.173268 -1 
-0.787653 -1 
-0.682965 -1 
0.515577 -1 
-0.578277 -1 
0.622383 -1 
-0.0418677 -1 
0.332244 -1 
0.252756 -1 
0.837327 -1 
-0.487739 -1 
0.729189 -1 
1.04654 -1 
0.945465 -1 
1.14761 -1 
-0.900336 -1 
-3.37317 -1 
-3.61462 -1 
-1.64527 -1 
1.24679 -1 
1.45542 -1 
1.56488 -1 
1.86865 -1 
1.71677 -1 
-1.78688 -1 
-2.04706 -1 
3.32511 -1 
-1.2431 -1 
-1.37338 -1 
0.0999573 -1 
-0.14422 -1 
-1.07054 -1 
-3.90365 -1 
-2.86112 -1 
2.59054 -1 
2.17484 -1 
3.83128 -1 
-0.359334 -1 
-0.283599 -1 
-0.735309 -1 
-0.211894 -1 
-0.00761029 -1 
0.2925 -1 
-0.630621 -1 
-0.442471 -1 
-0.533008 -1 
0.783258 -1 
0.469744 -1 
0.378077 -1 
0.675786 -1 
0.56898 -1 
1.09707 -1 
-0.843995 -1 
-3.49389 -1 
-1.57446 -1 
1.29637 -1 
1.51015 -1 
1.1972 -1 
3.57819 -1 
1.79271 -1 
1.97072 -1 
-1.91697 -1 
-2.59199 -1 
3.17008 -1 
2.93506 -1 
2.77508 -1 
3.40947 -1 
2.38145 -1 
-2.32155 -1 
-2.13856 -1 
-1.30824 -1 
0.0633022 -1 
-0.076125 -1 
0.136612 -1 
0.213012 -1 
-0.956677 -1 
-3.04152 -1 
0.996001 -1 
1.40069 -1 
0.891396 -1 
-1.18558 -1 
1.64083 -1 
-3.71096 -1 
-1.71608 -1 
-1.43851 -1 
-3.25244 -1 
ZONE T="boundary4"
0.47108 0.382046 
0.450262 0.394914 
-0.323871 0.339901 
0.556196 0.303558 
0.56475 0.292014 
0.572813 0.280124 
0.580484 0.267747 
-0.501421 0.217056 
-0.486992 0.230795 
0.645042 0.0636237 
0.64514 0.0475121 
-0.303435 0.34976 
-0.472119 0.244037 
-0.614889 0.0198433 
-0.609617 0.0415234 
0.30117 0.449097 
0.324579 0.443961 
0.636233 0.128397 
0.639633 0.112101 
-0.538259 0.176685 
-0.526812 0.190219 
-0.621125 -0.0239782 
0.644338 0.0316369 
-0.343755 0.329748 
0.53428 0.329149 
0.524067 0.339504 
-0.61872 -0.00201397 
0.54556 0.316618 
0.617202 0.190094 
0.605795 0.217913 
0.62765 0.159927 
-0.577242 0.119646 
-0.585278 0.104506 
-0.559041 0.148908 
-0.568505 0.134421 
-0.548984 0.162945 
0.632165 0.144506 
-0.195729 0.393918 
-0.419652 0.28438 
-0.401314 0.2965 
-0.382513 0.308083 
-0.363404 0.319103 
-0.514355 0.203866 
-0.282805 0.359179 
-0.26154 0.368377 
-0.240105 0.377164 
-0.217995 0.385746 
-0.125692 0.416682 
-0.0766633 0.430005 
-0.0515458 0.435987 
-0.101624 0.423492 
-0.0253831 0.441598 
0.0288099 0.451146 
-0.455097 0.258157 
0.347807 0.437815 
-0.149602 0.409405 
-0.437578 0.271621 
-0.602904 0.0629279 
-0.594779 0.0839493 
0.428338 0.406687 
0.642614 0.0158456 
0.377047 0.428426 
0.40593 0.417097 
0.513429 0.349426 
0.491192 0.36777 
0.0861304 0.458052 
0.11555 0.460245 
0.146635 0.461506 
0.243766 0.45772 
0.27248 0.454072 
0.21071 0.460415 
0.587669 0.255079 
0.642244 0.0959641 
0.599935 0.230781 
0.64407 0.0797123 
0.000938679 0.44659 
0.0568303 0.454945 
-0.172745 0.401875 
0.17778 0.461623 
0.46077 0.388641 
0.560533 0.297831 
0.576712 0.273973 
-0.494265 0.223988 
0.645203 0.0555679 
-0.313679 0.344887 
-0.61243 0.0307257 
0.312901 0.44665 
0.638022 0.120267 
-0.5326 0.183507 
-0.333842 0.334883 
0.529228 0.33438 
-0.616982 0.00894494 
0.539997 0.322953 
-0.620098 -0.0129776 
0.611678 0.204077 
-0.581348 0.112123 
-0.563853 0.141716 
-0.554086 0.155979 
-0.47961 0.237478 
-0.543691 0.169869 
-0.410533 0.290516 
-0.372996 0.31366 
-0.272195 0.363831 
-0.353613 0.324489 
-0.22907 0.381507 
-0.206881 0.389883 
-0.0641217 0.433064 
-0.0384818 0.438868 
-0.250843 0.372821 
-0.113676 0.420147 
-0.507944 0.210516 
-0.463673 0.251176 
0.336227 0.441016 
-0.137666 0.413102 
-0.428671 0.278081 
-0.293144 0.354522 
-0.599012 0.0735037 
-0.391957 0.302363 
0.439388 0.400965 
0.362498 0.433341 
0.417207 0.412049 
0.568843 0.286111 
0.518799 0.34452 
0.502494 0.35882 
0.481252 0.375073 
0.10083 0.459266 
0.131086 0.461014 
0.258142 0.456053 
0.286854 0.451753 
0.227253 0.45926 
0.584135 0.261448 
0.644853 0.0395681 
0.641032 0.104048 
0.602906 0.224366 
0.629975 0.152236 
0.644662 0.0716739 
-0.520647 0.1971 
0.643259 0.0878492 
0.634279 0.136471 
0.643593 0.0237277 
0.593976 0.243019 
0.550959 0.310154 
-0.0122384 0.444174 
0.0428057 0.453143 
-0.161192 0.405694 
-0.0891615 0.426814 
-0.184256 0.39795 
0.0714674 0.45661 
0.014858 0.448961 
0.162206 0.461712 
0.194251 0.461195 
-0.572957 0.127083 
-0.4464 0.264971 
-0.590191 0.0943025 
0.622656 0.17509 
-0.606435 0.0522798 
0.391582 0.422999 
ZONE T="boundary5"
-0.574837 -0.238159 
-0.565101 -0.256776 
-0.531607 -0.309503 
-0.518186 -0.327135 
0.631911 -0.0300198 
-0.622129 -0.0459754 
-0.621764 -0.0679703 
-0.612806 -0.133502 
-0.617067 -0.111764 
-0.620066 -0.0899005 
0.605125 -0.0866562 
-0.451235 -0.397138 
-0.471002 -0.378994 
-0.186454 -0.52243 
-0.213015 -0.517488 
-0.239378 -0.511103 
-0.29063 -0.494321 
-0.265182 -0.503391 
-0.105832 -0.528398 
-0.132779 -0.527916 
-0.0790452 -0.527349 
-0.15963 -0.525922 
-0.592743 -0.198053 
-0.6006 -0.176683 
-0.0523718 -0.52476 
-0.504021 -0.344187 
-0.554597 -0.27497 
-0.543469 -0.29247 
-0.584214 -0.2183 
-0.408698 -0.430718 
-0.430392 -0.41445 
-0.621125 -0.0239782 
-0.36324 -0.459786 
-0.339569 -0.472537 
-0.315352 -0.484056 
-0.487908 -0.36195 
0.587276 -0.112 
0.371613 -0.284611 
0.422194 -0.248207 
0.000504026 -0.514896 
-0.0257282 -0.520593 
0.0520899 -0.498872 
0.0264653 -0.507649 
0.0774031 -0.488571 
0.102539 -0.47671 
0.442739 -0.233752 
0.329797 -0.315849 
0.12712 -0.463535 
0.151893 -0.44872 
0.176315 -0.432706 
0.225597 -0.396926 
0.201132 -0.415181 
0.251099 -0.377211 
0.303083 -0.336434 
0.276446 -0.357304 
0.350686 -0.300092 
0.396916 -0.266243 
0.481143 -0.206788 
0.463202 -0.219442 
0.51798 -0.17941 
0.498877 -0.193945 
0.613122 -0.0730252 
0.567908 -0.134432 
0.577591 -0.123729 
0.596387 -0.099781 
0.620232 -0.0590993 
0.626533 -0.0446887 
0.636398 -0.0149991 
0.639964 0.000279374 
0.642614 0.0158456 
-0.607304 -0.155155 
0.557804 -0.144727 
0.536557 -0.164173 
-0.386264 -0.44586 
-0.570064 -0.247517 
-0.524992 -0.318392 
-0.615089 -0.122663 
-0.621079 -0.0789488 
-0.618725 -0.100855 
-0.46123 -0.388188 
-0.199767 -0.520139 
-0.226238 -0.514472 
-0.277963 -0.499021 
-0.119309 -0.528348 
-0.146217 -0.527106 
-0.596802 -0.187417 
-0.511193 -0.335736 
-0.559946 -0.26593 
-0.537627 -0.301048 
-0.579628 -0.228279 
-0.419646 -0.422719 
-0.351483 -0.46631 
-0.496064 -0.353159 
-0.44092 -0.405924 
-0.0125727 -0.517937 
0.0393367 -0.503445 
0.0900447 -0.48281 
0.43246 -0.240964 
0.139583 -0.456269 
0.164176 -0.440832 
0.213411 -0.406121 
0.114906 -0.470275 
0.238378 -0.387109 
0.289749 -0.346853 
0.340226 -0.307943 
-0.47955 -0.370566 
0.316421 -0.3261 
0.361136 -0.292325 
0.409543 -0.257196 
0.472187 -0.213132 
0.508483 -0.186751 
0.452973 -0.226596 
0.490038 -0.200404 
0.609221 -0.0798997 
0.582503 -0.117924 
0.616779 -0.0661158 
0.638297 -0.00738797 
0.591908 -0.10595 
0.600846 -0.0932805 
0.629333 -0.0373962 
0.634269 -0.0225447 
0.623491 -0.0519428 
0.641406 0.00804166 
-0.604091 -0.165963 
-0.549126 -0.28378 
-0.610201 -0.144366 
-0.588589 -0.208224 
0.547339 -0.154629 
-0.173065 -0.524361 
-0.303055 -0.489346 
-0.327532 -0.478449 
-0.0390209 -0.522873 
-0.0656903 -0.526248 
-0.252329 -0.507416 
-0.397574 -0.438429 
0.0135337 -0.511463 
-0.0924314 -0.528066 
0.0648134 -0.493899 
0.188788 -0.424042 
-0.374837 -0.452967 
0.26378 -0.367267 
-0.6218 -0.0349697 
-0.622116 -0.0569764 
0.527349 -0.171891 
0.562906 -0.139628 
0.572804 -0.129134 
0.38425 -0.275395 
