ZONE T="boundary0"
-4 -0.486071 
-4 -0.583488 
-4 0.24931 
-4 0.301598 
-4 0.214612 
-4 0.353886 
-4 0.179914 
-4 0.612153 
-4 0.48287 
-4 0.741435 
-4 -0.791744 
-4 0.106759 
-4 0.0336041 
-4 -0.0932974 
-4 -0.135598 
-4 0.418378 
-4 -0.261091 
-4 -0.324873 
-4 -0.229718 
-4 -0.198344 
-4 -1 
-4 0.870718 
-4 1 
-4 -0.0509969 
-4 -0.388654 
-4 -0.534779 
-4 0.275454 
-4 0.547511 
-4 0.0701816 
-4 -0.114448 
-4 0.450624 
-4 0.676794 
-4 -0.687616 
-4 -0.895872 
-4 0.806076 
-4 0.935359 
-4 0.197263 
-4 0.231961 
-4 0.327742 
-4 0.386132 
-4 0.143337 
-4 -0.00869643 
-4 -0.0721472 
-4 -0.245404 
-4 -0.166971 
-4 -0.292982 
-4 -0.214031 
-4 -0.356764 
-4 -0.437363 
ZONE T="boundary1"
1.79956 1 
1.64638 1 
1.50797 1 
4 1 
3.73523 1 
1.12952 1 
0.54976 1 
0.729544 1 
3.47046 1 
-0.68603 1 
-0.571298 1 
3.09457 1 
3.28252 1 
-1.69114 1 
2.68802 1 
-2.01355 1 
-1.85234 1 
2.29612 1 
1.95275 1 
2.12443 1 
-2.98575 1 
-3.16496 1 
-2.35879 1 
-2.18617 1 
-3.52339 1 
-0.155431 1 
0.216206 1 
0.377826 1 
0.0630195 1 
0.29421 1 
0.138203 1 
-0.456566 1 
-0.0121639 1 
-0.0837973 1 
-0.218559 1 
-0.281687 1 
0.461443 1 
-0.369127 1 
-0.513932 1 
0.638077 1 
-0.903335 1 
-0.794683 1 
1.01855 1 
0.919781 1 
0.82101 1 
-3.88085 1 
1.36956 1 
1.24048 1 
-2.80654 1 
-1.10251 1 
-1.00292 1 
-1.18302 1 
-1.26353 1 
-2.58267 1 
-1.42455 1 
-1.55784 1 
-3.76169 1 
-4 1 
1.57717 1 
3.86762 1 
3.60285 1 
-0.628664 1 
3.18854 1 
2.89129 1 
-1.93294 1 
2.49207 1 
2.03859 1 
-3.07536 1 
-2.09986 1 
0.177205 1 
0.255208 1 
-0.0479806 1 
-0.250123 1 
0.336018 1 
0.419635 1 
-0.325407 1 
0.100611 1 
0.68381 1 
0.593919 1 
0.505602 1 
-0.412846 1 
-0.740356 1 
0.969166 1 
0.870395 1 
0.775277 1 
1.30502 1 
1.07403 1 
1.185 1 
1.43876 1 
1.72297 1 
-3.34418 1 
-2.89615 1 
-1.05272 1 
-1.22327 1 
-0.953128 1 
-2.47073 1 
-2.6946 1 
2.21028 1 
-1.34404 1 
1.87616 1 
-1.77174 1 
-3.64254 1 
-2.27248 1 
-3.82127 1 
-3.94042 1 
-0.119614 1 
-0.186995 1 
0.0254278 1 
-0.542615 1 
-0.485249 1 
-0.849009 1 
3.37649 1 
-1.49119 1 
-1.14276 1 
-1.62449 1 
ZONE T="boundary2"
4 -0.0321622 
4 -0.171278 
4 -0.20364 
4 -0.300724 
4 -0.343931 
4 -0.83624 
4 -0.67248 
4 0.0469201 
4 0.102992 
4 0.159063 
4 0.225185 
4 0.290656 
4 0.339271 
4 0.463451 
4 0.539016 
4 -0.268362 
4 0.387886 
4 1 
4 -1 
4 -0.10172 
4 0.654262 
4 0.769508 
4 -0.473552 
4 -0.236001 
4 -0.387138 
4 -0.187459 
4 -0.322327 
4 -0.75436 
4 0.131027 
4 0.25792 
4 0.501233 
4 -0.284543 
4 0.425668 
4 0.192124 
4 0.363578 
4 0.314963 
4 0.0749559 
4 0.00737897 
4 0.711885 
4 0.596639 
4 0.884754 
4 -0.91812 
4 -0.0669412 
4 -0.136499 
4 -0.21982 
4 -0.365534 
4 -0.430345 
4 -0.573016 
4 -0.252182 
ZONE T="boundary3"
-2.00561 -1 
-2.27427 -1 
-2.1446 -1 
-0.253965 -1 
0.186117 -1 
0.145814 -1 
1.14659 -1 
1.04334 -1 
2.89749 -1 
3.19583 -1 
-0.536185 -1 
-0.432126 -1 
-0.665998 -1 
0.486114 -1 
-0.920103 -1 
-0.822516 -1 
-1.01769 -1 
-1.66157 -1 
0.607221 -1 
-1.86661 -1 
-2.75908 -1 
-2.87747 -1 
3.42649 -1 
2.18225 -1 
2.46379 -1 
4 -1 
3.65714 -1 
-2.52231 -1 
0.321571 -1 
0.253844 -1 
0.105511 -1 
0.0325262 -1 
-0.328067 -1 
-0.179862 -1 
-0.0404588 -1 
-0.11016 -1 
0.403843 -1 
0.728327 -1 
-1.12858 -1 
0.834211 -1 
0.940095 -1 
-1.23946 -1 
-1.47184 -1 
-1.35565 -1 
-1.5667 -1 
-4 -1 
-3.74612 -1 
1.3454 -1 
1.24599 -1 
1.57814 -1 
1.73943 -1 
1.90072 -1 
-3.27743 -1 
-3.49224 -1 
2.04149 -1 
-2.6407 -1 
-3.07745 -1 
-2.40393 -1 
-2.0751 -1 
0.165966 -1 
1.09497 -1 
3.04666 -1 
-0.484156 -1 
-0.871309 -1 
0.546668 -1 
-2.81828 -1 
2.32302 -1 
3.82857 -1 
2.68064 -1 
0.287707 -1 
0.125663 -1 
-0.601092 -1 
0.21998 -1 
0.0690187 -1 
-0.380096 -1 
-0.216913 -1 
-0.291016 -1 
-0.00396627 -1 
-0.145011 -1 
-0.968897 -1 
0.362707 -1 
0.444978 -1 
-1.07313 -1 
0.887153 -1 
-1.18402 -1 
-1.41374 -1 
-1.29756 -1 
-3.87306 -1 
-0.744257 -1 
0.667774 -1 
0.991719 -1 
-1.76409 -1 
-1.93611 -1 
1.2957 -1 
1.19629 -1 
1.46177 -1 
1.82007 -1 
-3.38483 -1 
1.65878 -1 
3.31116 -1 
2.11187 -1 
3.54182 -1 
-2.69989 -1 
-3.61918 -1 
-3.17744 -1 
-0.0753096 -1 
-2.97746 -1 
-2.46312 -1 
0.781269 -1 
-1.51927 -1 
-1.61414 -1 
-2.58151 -1 
-2.20943 -1 
-2.3391 -1 
1.9711 -1 
ZONE T="boundary4"
-0.2141 0.484375 
-0.190024 0.492629 
-0.237891 0.475331 
-0.489361 0.305927 
-0.404388 0.382229 
-0.385599 0.395869 
-0.604495 0.128802 
-0.589585 0.161308 
0.625078 0.0230208 
0.620106 0.039354 
0.501376 0.259859 
0.63217 -0.0100262 
-0.260712 0.465786 
-0.517701 0.27313 
-0.530495 0.256582 
-0.283204 0.455498 
0.484007 0.289552 
0.465808 0.318306 
0.61419 0.0557162 
0.629131 0.00647709 
-0.422537 0.368087 
-0.637879 -0.00405805 
-0.635403 0.0180664 
-0.620448 0.0847865 
-0.613044 0.106887 
-0.626666 0.0625617 
-0.572409 0.193109 
-0.562827 0.209072 
-0.552792 0.224764 
-0.346383 0.421424 
0.31731 0.464088 
-0.541875 0.240832 
-0.44018 0.353337 
-0.504313 0.289231 
-0.366354 0.408876 
-0.304786 0.444754 
-0.164911 0.50032 
-0.139566 0.507166 
-0.63166 0.0402957 
-0.113095 0.513365 
-0.0864478 0.518648 
-0.45727 0.338001 
-0.473789 0.322074 
-0.000902443 0.529241 
0.634205 -0.0266491 
0.343329 0.447364 
0.387311 0.412034 
0.405527 0.394248 
0.36834 0.428485 
0.530173 0.209392 
0.515693 0.234577 
0.457044 0.33117 
0.438938 0.355704 
0.422586 0.375597 
0.0286406 0.530623 
0.0904077 0.529522 
0.122158 0.526699 
0.219355 0.506833 
0.274392 0.486282 
0.296149 0.475797 
0.247171 0.497435 
0.554971 0.167791 
0.542521 0.188502 
0.607507 0.0717997 
0.567413 0.147059 
0.594285 0.0993117 
0.579562 0.126267 
-0.325998 0.433309 
0.0595981 0.530767 
-0.0584891 0.523176 
-0.0304202 0.526683 
0.15353 0.522254 
0.186681 0.515595 
-0.202096 0.488601 
-0.395052 0.389128 
-0.597318 0.145178 
0.622701 0.031221 
-0.249341 0.470652 
-0.524171 0.264911 
-0.272 0.460735 
0.475056 0.304031 
0.617249 0.0475717 
0.627222 0.0147785 
-0.413523 0.375235 
-0.636797 0.00701941 
-0.616884 0.0958806 
-0.6237 0.0737121 
-0.567677 0.201125 
0.630772 -0.00175118 
-0.608901 0.117894 
-0.557864 0.216952 
-0.54739 0.232836 
-0.431423 0.360788 
-0.376031 0.402452 
-0.356421 0.415233 
-0.294039 0.450214 
-0.1775 0.49658 
-0.226033 0.479952 
-0.152266 0.503848 
-0.0997925 0.516121 
-0.465602 0.330112 
-0.126356 0.510379 
-0.511079 0.281239 
0.492787 0.274767 
-0.536245 0.248749 
0.633314 -0.0183211 
0.330471 0.455972 
0.396545 0.403278 
0.377944 0.420405 
-0.48165 0.314071 
-0.496916 0.297648 
0.522898 0.221954 
0.461463 0.324765 
0.448149 0.343563 
0.430884 0.36576 
0.106305 0.528311 
0.414179 0.385043 
0.0138652 0.530081 
0.285342 0.481191 
-0.629311 0.0514597 
0.548739 0.178135 
0.610937 0.0637944 
0.56121 0.15743 
0.508541 0.24722 
0.306812 0.470095 
-0.633684 0.0292046 
-0.31544 0.439119 
0.536322 0.198927 
0.573536 0.136686 
-0.448794 0.345744 
-0.581246 0.17734 
-0.336239 0.42745 
0.587066 0.112861 
0.0441224 0.530865 
0.0750139 0.530322 
-0.0444685 0.525058 
0.356008 0.438166 
0.601111 0.0856559 
-0.0156709 0.528107 
0.137878 0.524686 
0.203093 0.511483 
-0.0724869 0.521038 
0.233336 0.502346 
0.260872 0.492079 
0.17016 0.519179 
ZONE T="boundary5"
0.415323 -0.353566 
-0.174181 -0.367108 
-0.148123 -0.369011 
0.554975 -0.254528 
0.569826 -0.235518 
-0.557273 -0.251498 
-0.544363 -0.264481 
0.614225 -0.156251 
-0.637589 -0.0693287 
-0.638983 -0.0478108 
0.635165 -0.0597949 
0.635203 -0.0432627 
0.600963 -0.18517 
0.607913 -0.170905 
-0.591508 -0.206957 
-0.601599 -0.189676 
-0.569405 -0.237627 
-0.580895 -0.222697 
-0.625454 -0.131971 
-0.618703 -0.152053 
0.628951 -0.108894 
-0.49722 -0.300341 
-0.225125 -0.363515 
-0.199603 -0.365316 
-0.634878 -0.0905702 
-0.630841 -0.111455 
-0.274707 -0.35963 
-0.298757 -0.35732 
-0.122179 -0.371015 
-0.0956121 -0.373195 
-0.369318 -0.347147 
-0.392131 -0.342193 
-0.0691514 -0.375488 
-0.479225 -0.310483 
-0.529822 -0.277262 
-0.514507 -0.288956 
-0.346175 -0.351214 
-0.249894 -0.361677 
-0.414686 -0.336167 
0.593833 -0.198343 
-0.436822 -0.328939 
-0.458443 -0.320379 
0.392098 -0.362191 
0.368613 -0.369509 
0.62 -0.140738 
-0.637879 -0.00405805 
0.488256 -0.314881 
-0.639076 -0.0260315 
0.337188 -0.377376 
0.124567 -0.391057 
0.0957397 -0.389484 
0.0676944 -0.387538 
-0.0421378 -0.377924 
-0.0152112 -0.380396 
0.0122486 -0.382896 
0.213057 -0.391919 
0.18322 -0.392425 
0.153473 -0.392079 
0.24376 -0.390357 
0.274492 -0.387579 
-0.610597 -0.17159 
0.305655 -0.383338 
0.539109 -0.27215 
0.455285 -0.334883 
0.468174 -0.327628 
0.523721 -0.287011 
0.507571 -0.300672 
0.632027 -0.092613 
0.578259 -0.223486 
0.586235 -0.211142 
0.624948 -0.124866 
0.634099 -0.0762794 
0.634205 -0.0266491 
0.442126 -0.341632 
-0.322751 -0.354543 
0.0396803 -0.385291 
-0.161145 -0.368048 
0.562559 -0.245148 
-0.550924 -0.258093 
-0.638451 -0.0585824 
0.635313 -0.0515279 
0.604519 -0.178077 
-0.596697 -0.1984 
-0.575268 -0.230251 
-0.62225 -0.142071 
-0.21236 -0.364421 
-0.633029 -0.101047 
-0.286735 -0.358524 
-0.10889 -0.372089 
-0.380754 -0.344794 
-0.0823769 -0.374329 
-0.135146 -0.369998 
-0.186887 -0.366208 
-0.563449 -0.244657 
-0.522266 -0.283238 
-0.537205 -0.270997 
-0.357767 -0.349285 
-0.447707 -0.324832 
0.380401 -0.366001 
0.617215 -0.148531 
-0.505967 -0.2948 
-0.639192 -0.0369239 
-0.237508 -0.362614 
0.352957 -0.373686 
0.110147 -0.390332 
0.0817116 -0.388555 
-0.00148122 -0.381653 
-0.0556416 -0.376697 
0.16834 -0.39235 
-0.586326 -0.214909 
0.259135 -0.38913 
0.198135 -0.392288 
-0.61482 -0.161893 
0.290094 -0.385647 
-0.636401 -0.0799728 
0.515758 -0.293972 
0.498039 -0.307947 
0.403769 -0.35804 
0.547201 -0.263481 
0.574099 -0.229542 
0.590096 -0.204779 
0.611157 -0.163615 
0.597465 -0.191793 
0.627064 -0.116908 
0.633188 -0.0844606 
0.630611 -0.100775 
0.622585 -0.132835 
0.63476 -0.068044 
-0.638637 -0.0150382 
-0.2623 -0.360687 
-0.60625 -0.180709 
0.634833 -0.0349468 
0.428829 -0.347838 
-0.310762 -0.356 
0.139014 -0.391645 
0.0259621 -0.384112 
0.22841 -0.391279 
-0.0286717 -0.379158 
0.0536831 -0.386446 
0.321457 -0.380575 
-0.628318 -0.12176 
-0.488312 -0.305561 
0.53154 -0.279708 
-0.468926 -0.315611 
-0.334475 -0.352964 
0.582304 -0.217352 
0.478321 -0.321421 
0.448737 -0.33832 
0.461766 -0.331319 
-0.425813 -0.332712 
-0.403452 -0.339322 
