ZONE T="boundary0"
-4 -0.238781 
-4 0.217155 
-4 0.302215 
-4 0.867868 
-4 0.735735 
-4 0.405693 
-4 0.480896 
-4 0.645917 
-4 0.124374 
-4 -0.16413 
-4 -0.0611067 
-4 1 
-4 0.259685 
-4 0.0316335 
-4 0.170764 
-4 0.556099 
-4 -0.213897 
-4 -0.607039 
-4 -0.503887 
-4 -0.297932 
-4 -0.452311 
-4 -0.80352 
-4 -1 
-4 -0.263665 
-4 -0.400736 
-4 -0.3322 
-4 0.801801 
-4 0.443294 
-4 0.23842 
-4 0.0780037 
-4 0.147569 
-4 -0.0147366 
-4 0.28095 
-4 0.353954 
-4 0.518497 
-4 -0.112618 
-4 -0.189013 
-4 -0.555463 
-4 0.690826 
-4 0.601008 
-4 0.933934 
-4 -0.705279 
-4 -0.90176 
-4 0.19396 
-4 -0.251223 
-4 -0.226339 
-4 -0.366468 
-4 -0.426523 
-4 -0.315066 
-4 -0.280799 
-4 -0.478099 
ZONE T="boundary1"
4 1 
3.80858 1 
1.56113 1 
0.818341 1 
-0.458144 1 
-0.586212 1 
1.41834 1 
-0.330076 1 
-0.263764 1 
-1.5623 1 
-1.71179 1 
-0.706837 1 
-3.66756 1 
-0.964816 1 
-0.827462 1 
1.29756 1 
1.17678 1 
3.61717 1 
0.662239 1 
-4 1 
0.974442 1 
1.07561 1 
2.80411 1 
3.23434 1 
-2.16918 1 
-2.52967 1 
-3.36573 1 
2.01275 1 
2.48431 1 
1.85834 1 
1.70392 1 
0.217322 1 
0.289843 1 
-0.156512 1 
-0.197452 1 
0.144801 1 
0.574321 1 
0.486403 1 
0.437263 1 
0.0867109 1 
0.0286198 1 
-0.115573 1 
-0.0434766 1 
0.388123 1 
-1.48902 1 
-1.06648 1 
-1.16815 1 
-1.86128 1 
-1.29194 1 
-1.41573 1 
-2.89928 1 
-3.13251 1 
-2.01523 1 
2.64421 1 
2.24853 1 
-2.71448 1 
-0.39411 1 
3.90429 1 
-0.522178 1 
1.48974 1 
-0.29692 1 
-1.63705 1 
-0.896139 1 
1.23717 1 
-3.83378 1 
3.42575 1 
-2.34943 1 
1.78113 1 
0.253583 1 
-0.176982 1 
0.181062 1 
0.61828 1 
0.0576653 1 
0.530362 1 
-0.0795248 1 
-0.230608 1 
0.338983 1 
0.74029 1 
0.896391 1 
0.412693 1 
1.12619 1 
1.02503 1 
1.35795 1 
1.63253 1 
-1.52566 1 
-1.11731 1 
-1.01565 1 
1.93555 1 
-1.23004 1 
-1.45237 1 
-0.767149 1 
-0.646524 1 
-1.35383 1 
-3.51665 1 
-3.0159 1 
-3.24912 1 
-1.78653 1 
2.72416 1 
2.36642 1 
2.56426 1 
3.71288 1 
2.13064 1 
-2.62208 1 
3.01922 1 
-2.80688 1 
0.115756 1 
-0.00742839 1 
-0.136043 1 
0.461833 1 
-0.426127 1 
-0.362093 1 
-1.93825 1 
-2.0922 1 
ZONE T="boundary2"
4 -0.851638 
4 -0.703275 
4 -0.415694 
4 -0.231622 
4 -0.59093 
4 -0.478585 
4 0.277718 
4 0.314438 
4 1 
4 0.240997 
4 -1 
4 0.363762 
4 0.413087 
4 0.0795377 
4 0.143875 
4 0.192436 
4 0.489287 
4 0.565488 
4 -0.109915 
4 -0.170769 
4 -0.292213 
4 0.0152001 
4 0.782744 
4 -0.352803 
4 -0.777457 
4 -0.534758 
4 0.296078 
4 -0.925819 
4 0.388425 
4 0.111707 
4 0.527388 
4 -0.140342 
4 -0.261917 
4 -0.201195 
4 -0.0473575 
4 0.674116 
4 0.451187 
4 -0.322508 
4 -0.44714 
4 -0.647103 
4 0.891372 
4 0.3391 
4 0.259357 
4 0.216717 
4 0.168156 
4 -0.384249 
4 0.0473689 
ZONE T="boundary3"
-0.35666 -1 
0.136168 -1 
-1.27206 -1 
-0.316733 -1 
-0.276806 -1 
-1.50688 -1 
-0.433377 -1 
-0.510094 -1 
0.381636 -1 
0.68154 -1 
0.579083 -1 
1.42472 -1 
1.35505 -1 
2.67378 -1 
2.95264 -1 
3.80788 -1 
3.61575 -1 
4 -1 
3.42363 -1 
1.63373 -1 
2.19711 -1 
-3.43445 -1 
-3.17301 -1 
2.41388 -1 
-1.15422 -1 
-2.3534 -1 
-2.77729 -1 
-2.56534 -1 
-2.14171 -1 
3.2315 -1 
-0.395019 -1 
-0.202663 -1 
-0.595353 -1 
0.00252297 -1 
0.0693457 -1 
0.286647 -1 
0.476626 -1 
-0.0629984 -1 
-0.680612 -1 
-0.90016 -1 
-0.790386 -1 
0.896582 -1 
0.789061 -1 
1.49439 -1 
1.24299 -1 
1.80703 -1 
-1.38991 -1 
1.98034 -1 
-1.62386 -1 
-1.77694 -1 
1.13093 -1 
-3.84795 -1 
-3.56517 -1 
-3.69589 -1 
-4 -1 
2.54383 -1 
-1.93002 -1 
-2.97515 -1 
-0.12852 -1 
-1.02719 -1 
1.01375 -1 
-0.296769 -1 
-0.471735 -1 
0.630312 -1 
1.38988 -1 
2.81321 -1 
3.71181 -1 
3.90394 -1 
3.51969 -1 
-3.30373 -1 
-2.67132 -1 
-0.336697 -1 
-0.37584 -1 
-0.239734 -1 
-0.414198 -1 
-0.552723 -1 
0.102757 -1 
0.211408 -1 
0.0359343 -1 
-0.0302379 -1 
0.429131 -1 
0.334142 -1 
-0.637982 -1 
-0.845273 -1 
0.842821 -1 
1.45955 -1 
-0.735499 -1 
3.32757 -1 
1.29902 -1 
1.72038 -1 
1.56406 -1 
-1.33098 -1 
-1.21314 -1 
1.89369 -1 
-1.56537 -1 
-3.63053 -1 
-3.92397 -1 
-3.77192 -1 
2.30549 -1 
2.60881 -1 
-1.4484 -1 
2.08872 -1 
-2.45937 -1 
3.09207 -1 
-1.7004 -1 
-1.85348 -1 
-2.03586 -1 
-2.24755 -1 
2.47885 -1 
-3.07408 -1 
-3.49981 -1 
-2.87622 -1 
-0.165591 -1 
-0.0957595 -1 
-0.963674 -1 
0.527854 -1 
1.18696 -1 
1.07234 -1 
0.955168 -1 
-1.0907 -1 
0.735301 -1 
ZONE T="boundary4"
-0.0624757 0.476074 
-0.195683 0.428771 
-0.394391 0.319046 
-0.647902 -0.0252302 
-0.642926 -0.000375826 
-0.478782 0.251981 
-0.440158 0.284997 
-0.459743 0.268815 
0.650584 0.00718823 
-0.639765 0.0120156 
0.0487417 0.498926 
0.0771284 0.502126 
0.494663 0.360232 
0.472671 0.383231 
-0.627638 0.0488218 
-0.636169 0.0243258 
-0.617366 0.0730167 
-0.605404 0.096821 
-0.576708 0.142978 
-0.527896 0.203112 
-0.591812 0.120176 
-0.542443 0.186784 
-0.560191 0.165207 
0.58846 0.204656 
0.60057 0.178071 
-0.370748 0.334971 
-0.346689 0.350229 
-0.512862 0.218981 
-0.496051 0.235731 
-0.417552 0.302407 
-0.297529 0.378845 
-0.2725 0.392234 
-0.32228 0.364839 
0.562814 0.257991 
0.548602 0.284315 
-0.247165 0.405031 
-0.143156 0.449893 
-0.16956 0.439669 
-0.0896217 0.468132 
-0.116529 0.459386 
-0.0350759 0.483173 
0.0205081 0.49465 
-0.00739123 0.489387 
0.222305 0.499533 
0.251832 0.4946 
0.192931 0.502837 
0.163681 0.504646 
0.576036 0.231117 
0.310695 0.479352 
0.339782 0.468767 
0.651016 -0.00590059 
0.612 0.151839 
0.105736 0.504198 
0.134564 0.505068 
0.396362 0.441061 
0.423221 0.423893 
0.368412 0.456036 
0.532571 0.310463 
0.514663 0.335824 
0.28129 0.487928 
0.645773 0.0465589 
0.632057 0.0991306 
0.639855 0.072865 
0.622698 0.125339 
0.649558 0.0202511 
-0.221571 0.417209 
0.448799 0.404526 
-0.645632 -0.0127594 
-0.450018 0.276987 
0.0629198 0.500665 
-0.641399 0.00583355 
0.483892 0.371947 
-0.63211 0.0366456 
-0.638019 0.0181861 
-0.611572 0.0850128 
-0.598783 0.1086 
-0.6227 0.0610032 
-0.551443 0.176099 
-0.568594 0.154199 
-0.58442 0.131683 
0.594557 0.191382 
-0.358769 0.34268 
-0.504517 0.227416 
-0.520437 0.211101 
-0.428931 0.293801 
-0.487475 0.243918 
-0.285054 0.385613 
0.555865 0.271238 
-0.25987 0.398707 
-0.182656 0.434303 
-0.0760788 0.472206 
-0.0488041 0.479732 
0.00653528 0.492142 
-0.129875 0.454731 
0.237103 0.497271 
-0.535236 0.195007 
0.207639 0.501375 
-0.33453 0.35761 
-0.469333 0.260477 
-0.103107 0.463856 
0.178317 0.50392 
0.569515 0.244598 
0.325327 0.474304 
0.120145 0.504789 
-0.382627 0.327094 
0.409959 0.43274 
0.382528 0.448812 
-0.406037 0.310818 
0.540785 0.297511 
0.50489 0.348215 
0.523835 0.323297 
-0.309947 0.371916 
0.149125 0.505024 
0.0914219 0.503309 
0.35421 0.462657 
0.26661 0.491481 
-0.156392 0.444868 
0.29606 0.483872 
0.0346051 0.496919 
0.636157 0.0860574 
0.617461 0.138634 
0.606354 0.164985 
0.650143 0.0137254 
0.64794 0.0334444 
0.650876 0.000646307 
-0.0212596 0.486396 
-0.208662 0.423069 
-0.234404 0.411196 
0.582288 0.217905 
0.627533 0.112291 
0.460948 0.394118 
0.436204 0.414466 
0.643055 0.0597661 
ZONE T="boundary5"
-0.652095 -0.100057 
-0.652489 -0.0751302 
-0.598729 -0.268608 
-0.611799 -0.245767 
-0.651091 -0.0501631 
-0.647902 -0.0252302 
0.558205 -0.212136 
0.646589 -0.0571824 
0.44792 -0.286773 
0.423113 -0.297572 
0.495078 -0.261113 
0.576768 -0.193175 
-0.632447 -0.198413 
-0.623017 -0.222311 
-0.399245 -0.413741 
-0.427487 -0.404972 
-0.340497 -0.424872 
-0.370144 -0.420356 
-0.280709 -0.428234 
-0.25098 -0.427525 
-0.163478 -0.418775 
-0.221471 -0.42555 
-0.19246 -0.422577 
-0.106202 -0.409506 
0.621654 -0.129343 
-0.566761 -0.311513 
-0.547893 -0.331196 
-0.0778151 -0.404353 
-0.134829 -0.414376 
-0.480378 -0.381084 
-0.504597 -0.366176 
0.120726 -0.367375 
0.370983 -0.315865 
0.344342 -0.32346 
-0.649902 -0.124914 
-0.645903 -0.149618 
0.261873 -0.342175 
0.233936 -0.347485 
-0.454578 -0.394074 
-0.441146 -0.399804 
0.00719189 -0.388171 
-0.0211161 -0.393588 
0.0355579 -0.382807 
0.063908 -0.377551 
0.0923357 -0.372402 
0.205757 -0.352569 
0.149139 -0.362426 
0.397333 -0.307269 
0.1775 -0.357514 
0.289694 -0.33648 
0.317099 -0.330313 
0.472087 -0.274572 
0.640667 -0.0820085 
0.483686 -0.268028 
0.538333 -0.229769 
0.517259 -0.246117 
0.65004 -0.0317762 
0.651016 -0.00590059 
0.593697 -0.172992 
0.601441 -0.162502 
0.627272 -0.117846 
0.608729 -0.151676 
0.632333 -0.106089 
-0.31064 -0.427428 
-0.0494445 -0.39901 
-0.617616 -0.234138 
-0.640085 -0.174142 
-0.636483 -0.186346 
-0.516056 -0.358064 
-0.527159 -0.34947 
-0.583724 -0.290585 
-0.652517 -0.0875972 
-0.605483 -0.257313 
-0.649717 -0.0376683 
0.435589 -0.292339 
-0.652013 -0.0626339 
0.56766 -0.202826 
-0.627942 -0.210445 
-0.413454 -0.409639 
-0.35536 -0.422871 
-0.26584 -0.428053 
-0.236216 -0.426682 
-0.092003 -0.40696 
-0.120507 -0.411989 
-0.492646 -0.373889 
0.357695 -0.319777 
-0.648126 -0.137302 
-0.149143 -0.416643 
0.247912 -0.344871 
-0.447891 -0.39701 
-0.206953 -0.424178 
-0.00696299 -0.390875 
0.04973 -0.380165 
0.0781191 -0.374961 
0.219851 -0.350052 
0.134931 -0.364893 
0.163319 -0.359971 
-0.467616 -0.387853 
0.106528 -0.369876 
0.275795 -0.339385 
0.330744 -0.326983 
0.410281 -0.302574 
0.643936 -0.0696692 
0.477912 -0.271345 
0.527929 -0.238114 
0.506292 -0.253797 
0.48941 -0.264616 
0.0213728 -0.385478 
0.303413 -0.333472 
0.384202 -0.311702 
0.548418 -0.221119 
0.597625 -0.167788 
0.460095 -0.280854 
0.605145 -0.157129 
0.615449 -0.140659 
0.629874 -0.111998 
0.624531 -0.123628 
0.636796 -0.0941515 
0.585435 -0.183254 
0.650838 -0.0188501 
-0.29568 -0.428036 
-0.177957 -0.420767 
-0.325588 -0.426382 
0.19163 -0.355053 
-0.0636267 -0.401698 
-0.0352794 -0.396304 
-0.384757 -0.417322 
0.648627 -0.0445219 
-0.620369 -0.228249 
-0.638339 -0.180261 
-0.651223 -0.112505 
-0.61476 -0.239979 
-0.643215 -0.161933 
-0.634519 -0.192397 
-0.521652 -0.353827 
-0.537719 -0.340552 
-0.557533 -0.321552 
-0.510371 -0.36218 
-0.575459 -0.301225 
-0.591449 -0.279749 
-0.434344 -0.402458 
