ZONE T="boundary0"
-4 -1 
-4 -0.275793 
-4 -0.332407 
-4 0.40867 
-4 0.131272 
-4 0.293643 
-4 -0.22347 
-4 -0.171146 
-4 0.237215 
-4 0.184244 
-4 -0.0105412 
-4 -0.0908437 
-4 -0.652337 
-4 -0.38902 
-4 -0.475267 
-4 -0.561515 
-4 0.350071 
-4 0.0603656 
-4 0.467269 
-4 -0.743159 
-4 0.733634 
-4 0.600452 
-4 0.866817 
-4 0.53386 
-4 1 
-4 -0.197308 
-4 0.210729 
-4 -0.130995 
-4 -0.360713 
-4 -0.3041 
-4 -0.432144 
-4 -0.518391 
-4 -0.0506924 
-4 0.157758 
-4 0.0249122 
-4 0.095819 
-4 0.265429 
-4 0.321857 
-4 -0.697748 
-4 -0.606926 
-4 -0.871579 
-4 0.667043 
-4 0.800226 
-4 0.933409 
-4 0.437969 
-4 0.379371 
-4 -0.249631 
-4 0.500564 
-4 0.567156 
ZONE T="boundary1"
-3.38075 1 
-3.14804 1 
1.71635 1 
-0.21547 1 
-0.278636 1 
1.12206 1 
0.497115 1 
-0.545983 1 
0.272907 1 
0.318388 1 
-1.76555 1 
-1.61389 1 
0.407751 1 
3.19959 1 
0.872355 1 
-3.61346 1 
-1.34021 1 
1.49734 1 
-2.37188 1 
3.7999 1 
3.59979 1 
3.39969 1 
2.47476 1 
2.01776 1 
1.81682 1 
-2.82511 1 
-2.59849 1 
2.24626 1 
2.87233 1 
0.227427 1 
0.136466 1 
0.627747 1 
-0.439762 1 
-0.359199 1 
-0.152304 1 
0.055768 1 
-0.0249305 1 
-0.0886172 1 
-0.76645 1 
0.758379 1 
1.25044 1 
-0.652204 1 
0.986331 1 
-0.880695 1 
-0.709327 1 
1.37882 1 
-1.10558 1 
-0.99314 1 
-1.2229 1 
-1.47705 1 
-1.40863 1 
4 1 
-2.14454 1 
-3.80673 1 
1.61587 1 
-4 1 
-2.98658 1 
-1.9172 1 
-3.2644 1 
-0.247053 1 
-1.68972 1 
0.363069 1 
-3.49711 1 
3.69985 1 
3.29964 1 
1.91729 1 
-2.7118 1 
2.36051 1 
1.76658 1 
2.67354 1 
3.49974 1 
0.250167 1 
0.452433 1 
0.295648 1 
0.181947 1 
-0.39948 1 
0.0154188 1 
-0.0567739 1 
-0.492872 1 
0.562431 1 
0.693063 1 
-0.599094 1 
1.18625 1 
1.05419 1 
0.929343 1 
1.31463 1 
-1.04936 1 
-1.16424 1 
-1.28155 1 
-0.936918 1 
-1.44284 1 
-1.54547 1 
3.89995 1 
-3.7101 1 
2.13201 1 
1.66611 1 
-3.90337 1 
3.03596 1 
-3.06731 1 
-2.90584 1 
-1.84138 1 
-2.48519 1 
-0.318918 1 
-0.183887 1 
-0.120461 1 
0.0961172 1 
-0.737888 1 
-0.823572 1 
-0.680766 1 
0.815367 1 
-1.37442 1 
1.55661 1 
1.43808 1 
-2.03087 1 
-2.25821 1 
ZONE T="boundary2"
4 -1 
4 -0.628781 
4 -0.397665 
4 -0.346565 
4 -0.281935 
4 -0.217304 
4 -0.15223 
4 0.110153 
4 0.489124 
4 0.872281 
4 -0.0871559 
4 0.0285732 
4 0.191733 
4 0.357339 
4 -0.448766 
4 -0.538773 
4 0.252572 
4 0.282991 
4 0.744562 
4 1 
4 0.313411 
4 0.222152 
4 0.401267 
4 0.150943 
4 -0.814391 
4 -0.372115 
4 -0.249619 
4 -0.31425 
4 -0.119693 
4 -0.184767 
4 -0.0292914 
4 0.069363 
4 -0.583777 
4 0.267781 
4 0.616843 
4 0.936141 
4 0.808422 
4 0.298201 
4 0.237362 
4 0.379303 
4 0.445196 
4 0.206942 
4 0.171338 
4 0.130548 
4 0.335375 
4 -0.49377 
4 -0.423216 
ZONE T="boundary3"
-3.78058 -1 
-4 -1 
4 -1 
-0.474808 -1 
-0.3698 -1 
-0.774269 -1 
-1.53238 -1 
-1.45813 -1 
-0.0607969 -1 
-0.309514 -1 
-0.249229 -1 
-1.60663 -1 
-0.889644 -1 
3.79213 -1 
-3.32885 -1 
-3.09654 -1 
-2.93737 -1 
2.09234 -1 
-2.40784 -1 
-1.81336 -1 
-2.04887 -1 
2.30132 -1 
2.5103 -1 
3.3764 -1 
3.58426 -1 
0.364023 -1 
0.286881 -1 
-0.115202 -1 
0.158382 -1 
0.115549 -1 
-0.00639135 -1 
0.0545789 -1 
0.201215 -1 
-0.579816 -1 
-0.677043 -1 
0.441164 -1 
0.5441 -1 
0.647035 -1 
0.757065 -1 
0.979572 -1 
1.20167 -1 
1.3113 -1 
-3.56117 -1 
-1.35638 -1 
1.09205 -1 
-1.25464 -1 
-2.28439 -1 
1.62446 -1 
1.46788 -1 
3.16853 -1 
-1.00502 -1 
-1.12983 -1 
2.73999 -1 
2.62514 -1 
2.95426 -1 
1.8584 -1 
-2.77819 -1 
-2.53129 -1 
0.812081 -1 
0.867096 -1 
0.923334 -1 
1.03581 -1 
-3.89029 -1 
-0.422304 -1 
-1.49525 -1 
3.89607 -1 
-3.2127 -1 
2.40581 -1 
3.48033 -1 
-0.182216 -1 
-0.0335941 -1 
0.0240938 -1 
-0.0879997 -1 
0.179799 -1 
-0.527312 -1 
-0.725656 -1 
-0.62843 -1 
0.402594 -1 
0.325452 -1 
0.085064 -1 
-0.831956 -1 
0.70205 -1 
1.25648 -1 
3.6882 -1 
-3.67088 -1 
-3.44501 -1 
-1.56951 -1 
-1.30551 -1 
-1.40726 -1 
-1.71 -1 
-1.93112 -1 
-2.16663 -1 
1.54617 -1 
1.14686 -1 
3.27246 -1 
-1.06742 -1 
2.68257 -1 
2.84713 -1 
2.19683 -1 
3.06139 -1 
-2.34611 -1 
1.74143 -1 
1.97537 -1 
2.56772 -1 
-2.65474 -1 
-2.46957 -1 
-2.85778 -1 
-3.01696 -1 
-0.339657 -1 
-0.279372 -1 
0.136966 -1 
0.244048 -1 
0.492632 -1 
0.595567 -1 
0.784573 -1 
0.895215 -1 
0.839588 -1 
-1.19224 -1 
1.06393 -1 
-0.947331 -1 
0.951453 -1 
1.00769 -1 
1.38959 -1 
ZONE T="boundary4"
-0.304892 0.482388 
0.633119 0.0222952 
0.637106 0.00803274 
-0.612558 0.13651 
0.584212 0.113175 
0.592994 0.101563 
-0.472725 0.369505 
-0.624706 0.0662542 
0.370145 0.302904 
0.388803 0.286931 
0.608884 0.0771436 
0.601227 0.0895648 
0.642591 -0.0210806 
0.644084 -0.0358278 
-0.622159 0.0895879 
-0.618102 0.113039 
-0.605564 0.159919 
-0.62574 0.0431351 
-0.592476 0.194763 
-0.599368 0.177473 
-0.55751 0.263407 
-0.546722 0.280499 
-0.584823 0.212036 
0.171294 0.458815 
-0.534814 0.297764 
-0.521348 0.315629 
-0.490356 0.35159 
-0.625269 0.0202832 
-0.507115 0.332938 
-0.454325 0.386597 
-0.415199 0.418358 
-0.394563 0.43295 
-0.435161 0.402873 
-0.328222 0.471496 
-0.373104 0.446739 
-0.256247 0.501167 
-0.280764 0.492343 
-0.153052 0.525061 
-0.126244 0.527916 
-0.231004 0.508949 
-0.576559 0.229021 
-0.0721885 0.529499 
-0.0451144 0.528153 
0.0369625 0.514813 
0.00945609 0.520895 
-0.0994428 0.529403 
0.407528 0.271033 
-0.567347 0.246389 
-0.35106 0.459554 
0.640278 -0.00650809 
0.351476 0.318994 
0.332798 0.335147 
0.277753 0.382022 
0.305374 0.358757 
0.426252 0.255287 
0.574953 0.124383 
0.557243 0.143623 
0.538871 0.161422 
0.518029 0.179896 
0.496592 0.197783 
0.118088 0.486515 
0.0913396 0.497637 
0.0639569 0.507169 
-0.0176529 0.525278 
0.144994 0.47345 
0.251278 0.403383 
-0.179343 0.520935 
-0.205484 0.51552 
0.628261 0.0364532 
0.622623 0.0502498 
0.616113 0.0639125 
0.444993 0.239738 
0.470864 0.218655 
0.197785 0.44221 
0.224285 0.423801 
0.635215 0.0151936 
0.588667 0.107419 
0.379469 0.294907 
0.605133 0.0834032 
0.64344 -0.028443 
-0.623617 0.0779419 
-0.615505 0.124816 
-0.609228 0.148265 
-0.62541 0.0547037 
-0.596006 0.186152 
-0.602556 0.168728 
-0.552202 0.272007 
-0.588729 0.203435 
-0.528177 0.306769 
-0.481642 0.360647 
-0.540857 0.289193 
-0.620311 0.101345 
-0.404962 0.425768 
-0.425266 0.410726 
-0.444833 0.394841 
-0.316618 0.477074 
-0.38391 0.439964 
-0.139665 0.526657 
-0.24367 0.505206 
-0.0586421 0.529008 
0.0232518 0.518055 
-0.112852 0.52883 
-0.580765 0.220564 
-0.514322 0.324358 
-0.292884 0.487504 
0.39816 0.278969 
-0.562508 0.254944 
-0.46362 0.378154 
-0.362153 0.453269 
0.641538 -0.0137771 
-0.57203 0.237746 
0.342138 0.327068 
-0.268555 0.496896 
0.29161 0.370446 
0.360807 0.310941 
0.416881 0.263145 
0.566251 0.134148 
0.548168 0.152637 
0.507359 0.188896 
0.528537 0.17076 
-0.625693 0.031706 
0.104791 0.492272 
0.0777156 0.502609 
0.158237 0.466312 
0.264583 0.392791 
-0.192445 0.518386 
0.630792 0.0294103 
0.612588 0.070578 
0.62554 0.0433925 
0.638797 0.000786152 
0.597182 0.0956137 
-0.339708 0.465654 
0.43561 0.247492 
0.457913 0.229163 
0.57964 0.118828 
-0.498842 0.34236 
0.619464 0.0571281 
-0.166221 0.523159 
-0.0313639 0.526906 
-0.00406858 0.523277 
0.13163 0.480178 
-0.218281 0.512385 
-0.0858156 0.529631 
0.050513 0.511188 
0.184638 0.450682 
0.211131 0.433155 
0.483746 0.208234 
0.237871 0.413718 
0.319105 0.34697 
ZONE T="boundary5"
-0.436016 -0.277428 
-0.414675 -0.291004 
-0.529175 -0.1986 
0.639813 -0.109722 
-0.591973 -0.108199 
-0.601037 -0.08798 
0.480281 -0.366969 
-0.623311 -0.00222121 
-0.619883 -0.0243467 
-0.0667876 -0.422069 
-0.221558 -0.377813 
-0.196071 -0.386341 
-0.246899 -0.36882 
-0.272075 -0.35934 
-0.315499 -0.341532 
-0.34257 -0.329324 
-0.0404511 -0.42777 
-0.581561 -0.12787 
-0.0929058 -0.41587 
-0.11888 -0.409186 
-0.170441 -0.394418 
-0.144733 -0.402028 
-0.489066 -0.23716 
0.644084 -0.0358278 
-0.392195 -0.304049 
-0.369284 -0.316249 
-0.542646 -0.18335 
-0.456158 -0.263341 
-0.472854 -0.250584 
0.440349 -0.391117 
0.636823 -0.124433 
0.62902 -0.153597 
0.618959 -0.182628 
0.608508 -0.207831 
-0.569851 -0.146946 
-0.625269 0.0202832 
-0.515061 -0.213182 
-0.50227 -0.225394 
-0.60872 -0.0672632 
-0.615014 -0.0460311 
-0.293865 -0.350652 
0.150657 -0.450359 
0.122593 -0.449346 
0.0671289 -0.44486 
0.094612 -0.447481 
0.0128261 -0.437532 
0.0397668 -0.441513 
-0.0139758 -0.432926 
0.179269 -0.450454 
0.207902 -0.449539 
0.266201 -0.444232 
0.237078 -0.44749 
-0.556857 -0.165454 
0.354495 -0.425681 
0.32505 -0.433471 
0.383742 -0.416082 
0.539521 -0.315881 
0.467222 -0.375584 
0.492972 -0.357822 
0.517086 -0.337977 
0.505246 -0.348161 
0.528558 -0.327182 
0.548598 -0.305678 
0.643752 -0.0802259 
0.642133 -0.0949856 
0.56556 -0.284102 
0.573416 -0.272756 
0.585671 -0.252939 
0.596926 -0.232146 
0.644758 -0.0506234 
0.644638 -0.0654106 
0.295562 -0.439607 
0.41234 -0.404635 
-0.425417 -0.28433 
-0.596672 -0.0981632 
-0.621783 -0.0133119 
-0.208834 -0.382134 
-0.234249 -0.373375 
-0.25951 -0.364142 
-0.329078 -0.335528 
-0.586926 -0.118118 
-0.105909 -0.412588 
-0.183274 -0.390436 
-0.157604 -0.398279 
-0.380791 -0.310247 
-0.536001 -0.191055 
-0.464568 -0.257044 
-0.403498 -0.297636 
-0.481025 -0.243951 
0.638397 -0.117093 
0.624233 -0.168196 
-0.508719 -0.219345 
-0.612046 -0.0566994 
-0.28299 -0.355047 
0.13662 -0.449963 
0.0808602 -0.446265 
0.0534359 -0.443275 
-0.000589143 -0.435305 
0.193589 -0.450127 
0.222499 -0.44866 
-0.563494 -0.156298 
-0.0272283 -0.430419 
-0.54988 -0.174504 
0.339826 -0.429782 
0.369191 -0.421105 
0.453935 -0.383609 
0.473795 -0.371343 
0.511222 -0.343134 
0.534105 -0.321595 
0.486674 -0.362462 
0.544111 -0.310825 
0.522883 -0.332644 
0.643031 -0.0876151 
0.557298 -0.295062 
0.569544 -0.278468 
-0.522198 -0.205968 
0.591436 -0.242617 
0.579699 -0.262943 
0.641057 -0.102367 
-0.304705 -0.346148 
-0.617631 -0.0352291 
0.499161 -0.353057 
0.633204 -0.139089 
0.644522 -0.0432203 
0.644289 -0.0728234 
0.644795 -0.0580171 
0.602873 -0.220063 
-0.0536348 -0.424986 
-0.0798625 -0.419032 
0.164962 -0.450529 
0.310345 -0.436728 
0.280908 -0.442091 
0.398135 -0.410595 
0.613899 -0.195298 
0.0262832 -0.439604 
-0.131823 -0.405664 
0.251656 -0.446017 
0.108594 -0.448517 
-0.495717 -0.231332 
-0.605052 -0.0776849 
-0.575856 -0.137499 
-0.446165 -0.270497 
-0.624477 0.00901556 
0.426466 -0.398128 
-0.355981 -0.3229 
