ZONE T="boundary0"
-4 -0.157218 
-4 -0.272817 
-4 0.222896 
-4 -0.0677957 
-4 -0.437385 
-4 -0.355101 
-4 0.278664 
-4 -1 
-4 0.575018 
-4 -0.837573 
-4 1 
-4 0.00128805 
-4 0.167128 
-4 0.0703718 
-4 0.409792 
-4 0.344228 
-4 0.492405 
-4 0.787509 
-4 -0.313959 
-4 -0.556265 
-4 -0.675146 
-4 -0.215018 
-4 -0.396243 
-4 -0.918786 
-4 -0.112507 
-4 -0.0332538 
-4 0.11875 
-4 0.195012 
-4 0.37701 
-4 0.311446 
-4 0.533711 
-4 0.681263 
-4 0.451099 
-4 -0.33453 
-4 -0.496825 
-4 -0.293388 
-4 -0.615706 
-4 -0.756359 
-4 0.0358299 
-4 0.893754 
-4 0.25078 
ZONE T="boundary1"
1.97284 1 
1.76857 1 
4 1 
3.59896 1 
0.200762 1 
-0.334802 1 
-0.411427 1 
0.32227 1 
-0.97319 1 
0.795284 1 
0.727712 1 
0.095363 1 
0.0342843 1 
0.524998 1 
0.660141 1 
2.94988 1 
2.74759 1 
-3.77936 1 
-4 1 
-1.67408 1 
1.5643 1 
2.49391 1 
2.24023 1 
-2.53192 1 
-3.11743 1 
-3.55871 1 
-2.6783 1 
3.15217 1 
-0.495302 1 
-0.137351 1 
-0.082073 1 
-0.0267944 1 
-0.197765 1 
-0.674936 1 
-0.770695 1 
-0.258178 1 
0.423634 1 
-0.579177 1 
-0.871943 1 
-1.23073 1 
-1.2984 1 
-1.06812 1 
-1.43374 1 
-1.55391 1 
-1.88122 1 
-2.08836 1 
1.307 1 
1.18687 1 
1.43565 1 
1.06675 1 
0.931018 1 
-2.31014 1 
-2.82468 1 
3.37556 1 
-1.16306 1 
1.87071 1 
3.79948 1 
-0.373115 1 
0.761498 1 
0.0648237 1 
0.592569 1 
2.84873 1 
-3.88968 1 
1.66643 1 
2.36707 1 
-3.33807 1 
-0.109712 1 
0.00374498 1 
-0.167558 1 
-0.722816 1 
-0.227971 1 
0.261516 1 
0.372952 1 
-0.53724 1 
-0.0544336 1 
-0.29649 1 
0.148062 1 
-0.453364 1 
-0.821319 1 
-1.26456 1 
-1.36607 1 
0.474316 1 
0.693927 1 
-0.627057 1 
-1.614 1 
-1.77765 1 
-1.98479 1 
1.24694 1 
1.12681 1 
0.998885 1 
1.49997 1 
1.37132 1 
2.10653 1 
-2.42103 1 
-2.97105 1 
-2.60511 1 
3.48726 1 
3.26387 1 
3.05103 1 
2.62075 1 
-2.19925 1 
-1.02066 1 
-1.11559 1 
-0.922566 1 
-1.19689 1 
0.863151 1 
-3.66903 1 
-1.49383 1 
-2.75149 1 
ZONE T="boundary2"
4 -0.359734 
4 -0.299558 
4 -0.239406 
4 -0.41991 
4 0.109171 
4 0.268085 
4 1 
4 0.320709 
4 0.16407 
4 0.38746 
4 0.552763 
4 0.45421 
4 0.651316 
4 -0.540263 
4 0.218969 
4 0.825658 
4 -0.655197 
4 -1 
4 -0.185026 
4 -0.130646 
4 -0.0737101 
4 -0.0167743 
4 -0.770131 
4 -0.329646 
4 -0.269482 
4 0.294397 
4 0.19152 
4 -0.59773 
4 -0.157836 
4 0.420835 
4 -0.102178 
4 0.354084 
4 0.243527 
4 0.136621 
4 0.0461984 
4 -0.389822 
4 -0.480086 
4 0.602039 
4 0.503487 
4 -0.712664 
4 -0.885066 
4 0.912829 
4 0.738487 
4 -0.212216 
4 -0.0452422 
ZONE T="boundary3"
-1.73212 -1 
-1.52539 -1 
-1.96296 -1 
-0.338923 -1 
1.70704 -1 
-1.40189 -1 
0.583025 -1 
-4 -1 
-3.67577 -1 
-0.618294 -1 
-1.0544 -1 
-0.942608 -1 
-3.51366 -1 
1.10838 -1 
-1.1664 -1 
3.27366 -1 
3.63683 -1 
4 -1 
-2.41468 -1 
-2.1938 -1 
2.87644 -1 
2.65061 -1 
3.07505 -1 
0.00173927 -1 
-0.0559034 -1 
0.0666144 -1 
0.795646 -1 
-0.113546 -1 
0.131489 -1 
0.263545 -1 
0.197517 -1 
-0.259698 -1 
0.33452 -1 
-0.186622 -1 
0.49426 -1 
0.689335 -1 
-0.418149 -1 
0.890643 -1 
-0.83082 -1 
-0.724557 -1 
-0.518221 -1 
1.58121 -1 
1.41631 -1 
-1.2784 -1 
1.83287 -1 
1.23111 -1 
0.985639 -1 
1.32371 -1 
2.00474 -1 
2.1766 -1 
2.30069 -1 
-3.17672 -1 
2.42478 -1 
-3.35155 -1 
-3.00189 -1 
-2.63556 -1 
-2.81873 -1 
0.405495 -1 
-1.62875 -1 
-1.84754 -1 
-3.83789 -1 
-0.998503 -1 
-3.59472 -1 
3.81841 -1 
-2.30424 -1 
2.76353 -1 
2.97574 -1 
-0.027082 -1 
0.0341767 -1 
0.0990515 -1 
0.164503 -1 
0.538642 -1 
0.63618 -1 
-0.299311 -1 
-0.378536 -1 
0.843144 -1 
-0.777688 -1 
-0.568257 -1 
1.49876 -1 
-1.34015 -1 
-1.46364 -1 
-1.1104 -1 
-1.2224 -1 
1.76995 -1 
1.16974 -1 
1.04701 -1 
1.27741 -1 
1.37001 -1 
0.938141 -1 
2.09067 -1 
1.9188 -1 
-2.07838 -1 
3.45524 -1 
1.64413 -1 
2.36274 -1 
-3.26413 -1 
2.5377 -1 
2.23865 -1 
3.17435 -1 
-0.671425 -1 
-2.72714 -1 
0.230531 -1 
-0.0847246 -1 
-0.150084 -1 
-0.22316 -1 
0.449877 -1 
-0.468185 -1 
0.370007 -1 
0.299032 -1 
-2.52512 -1 
-0.886714 -1 
-3.4326 -1 
-3.0893 -1 
-2.91031 -1 
0.742491 -1 
ZONE T="boundary4"
-0.456053 0.399326 
-0.596306 0.198896 
0.639528 0.0463366 
-0.624126 0.0246886 
-0.625143 0.0489631 
-0.624509 0.0735728 
0.629199 0.0712241 
0.616282 0.0950207 
0.600658 0.117921 
-0.049037 0.506898 
-0.0229698 0.499922 
0.541399 0.177738 
0.517306 0.195743 
-0.31583 0.486345 
-0.289994 0.495887 
-0.26371 0.503828 
0.00268235 0.491502 
0.647164 0.0205925 
0.153109 0.41462 
0.17918 0.398083 
0.654302 -0.0325448 
-0.618201 0.123549 
-0.612525 0.148712 
-0.0753464 0.512319 
-0.102014 0.516158 
-0.6052 0.173878 
-0.574211 0.248163 
-0.58593 0.223716 
-0.553385 0.284999 
-0.56419 0.266808 
-0.540798 0.304174 
-0.527335 0.322772 
-0.412551 0.433562 
0.0279895 0.481704 
0.0530591 0.470587 
0.102813 0.444735 
0.128088 0.42999 
-0.495694 0.36059 
-0.511963 0.342055 
-0.365639 0.462753 
-0.341055 0.475285 
-0.389494 0.448821 
-0.237019 0.510133 
-0.15592 0.518855 
-0.183009 0.51766 
-0.210095 0.514749 
-0.476391 0.38048 
-0.434765 0.417033 
-0.128859 0.518346 
0.407345 0.262179 
0.348097 0.295053 
0.377909 0.278496 
0.232622 0.363831 
0.436526 0.245745 
0.583039 0.139069 
0.562933 0.159268 
0.464204 0.229665 
0.491453 0.212971 
0.0779888 0.458221 
0.205163 0.381386 
0.592077 0.128715 
0.608749 0.106676 
0.652079 -0.00579716 
0.653518 -0.0191004 
0.260185 0.346569 
0.289152 0.328992 
0.318239 0.311971 
-0.622199 0.0984678 
-0.625033 0.0612739 
0.623045 0.0832895 
-0.0359555 0.503597 
0.52949 0.186927 
-0.276912 0.500058 
-0.0100888 0.495886 
0.643684 0.0335658 
0.166165 0.406385 
-0.61556 0.136176 
-0.0886521 0.514442 
-0.600929 0.18645 
-0.609052 0.16135 
-0.580225 0.236014 
-0.558885 0.275962 
-0.534171 0.313549 
-0.569298 0.257538 
-0.59128 0.211374 
-0.547202 0.294659 
0.0405856 0.47629 
0.115499 0.437449 
-0.353437 0.469197 
-0.328523 0.481 
-0.250413 0.507187 
-0.169474 0.518471 
-0.0621534 0.509804 
-0.466347 0.390039 
-0.503938 0.351418 
-0.445528 0.408323 
-0.62484 0.0368177 
-0.519764 0.332505 
-0.196575 0.516418 
-0.223593 0.512651 
-0.115421 0.51746 
0.362996 0.286754 
-0.486174 0.370663 
0.573199 0.149383 
0.504478 0.204507 
0.477891 0.221421 
-0.377665 0.455956 
0.0904561 0.451584 
0.0655832 0.464531 
-0.401128 0.441352 
0.0153941 0.486763 
0.140633 0.422364 
-0.42377 0.42545 
0.21888 0.372587 
0.587615 0.133943 
0.612589 0.100896 
0.649962 0.00746193 
0.552332 0.168699 
0.604772 0.112349 
0.653993 -0.0258176 
0.652882 -0.0124396 
0.59643 0.123369 
0.192175 0.389739 
-0.302983 0.49131 
-0.142386 0.518813 
0.274637 0.337721 
0.24638 0.355157 
0.303666 0.320423 
0.4504 0.237764 
0.421958 0.253998 
0.333147 0.303465 
0.634689 0.0589171 
-0.62356 0.08604 
-0.620403 0.111041 
0.392636 0.270348 
ZONE T="boundary5"
0.242101 -0.458511 
0.213681 -0.460977 
0.270542 -0.454868 
-0.038678 -0.441487 
-0.0110716 -0.446777 
-0.621489 0.000815596 
-0.624126 0.0246886 
-0.545961 -0.172495 
-0.604195 -0.068072 
-0.617266 -0.0226293 
-0.611492 -0.0455925 
-0.595413 -0.0900238 
-0.412384 -0.294677 
-0.434744 -0.279127 
-0.176592 -0.404692 
-0.204019 -0.395307 
-0.231541 -0.38516 
-0.312654 -0.350509 
-0.33876 -0.337583 
-0.066346 -0.435483 
-0.093842 -0.428828 
-0.121492 -0.421451 
-0.14895 -0.413444 
-0.471107 -0.250349 
-0.485783 -0.237324 
-0.513281 -0.210383 
-0.499755 -0.224085 
-0.364457 -0.323813 
-0.388689 -0.309713 
-0.456013 -0.262871 
0.654302 -0.0325448 
-0.573473 -0.13237 
-0.585162 -0.111463 
0.32703 -0.443713 
0.354943 -0.436 
0.128568 -0.46213 
0.100442 -0.460655 
0.0723957 -0.458341 
0.0444792 -0.455235 
0.0166818 -0.451374 
0.156874 -0.462718 
0.298839 -0.449974 
0.185202 -0.462357 
-0.560398 -0.152706 
0.382458 -0.426742 
0.409402 -0.415861 
0.435621 -0.403283 
0.460927 -0.388961 
-0.53022 -0.191731 
0.484847 -0.373069 
0.548286 -0.315221 
0.528684 -0.336163 
0.507625 -0.355346 
0.566087 -0.292821 
0.64622 -0.113129 
0.620513 -0.192456 
0.611989 -0.212107 
0.602805 -0.231455 
0.596265 -0.244207 
0.63066 -0.166171 
0.653946 -0.0594628 
-0.25881 -0.374344 
-0.285888 -0.362797 
0.639302 -0.13973 
0.651183 -0.0863472 
0.58203 -0.269113 
0.227903 -0.459884 
0.256341 -0.45684 
-0.0248916 -0.444217 
-0.623011 0.0127301 
-0.614574 -0.0341595 
-0.619578 -0.0109426 
-0.423649 -0.287024 
-0.190333 -0.400079 
-0.21781 -0.390315 
-0.325756 -0.344146 
-0.0525305 -0.438568 
-0.107689 -0.42522 
-0.135244 -0.417526 
-0.478498 -0.243897 
-0.376637 -0.316873 
-0.445471 -0.271121 
-0.400613 -0.302315 
-0.463612 -0.256674 
-0.492823 -0.230761 
-0.608032 -0.0568932 
0.341038 -0.440042 
0.114499 -0.461501 
0.0864103 -0.459601 
0.0305673 -0.453397 
0.284718 -0.452582 
0.17104 -0.46266 
0.199448 -0.461798 
0.368766 -0.431568 
0.312973 -0.447017 
0.422614 -0.409787 
0.448399 -0.396344 
0.518342 -0.345961 
0.473032 -0.381233 
-0.521865 -0.201162 
-0.162796 -0.409148 
0.557412 -0.304201 
0.00278997 -0.449164 
0.142719 -0.462539 
-0.538219 -0.182219 
-0.506577 -0.217292 
0.616334 -0.202318 
0.599577 -0.237853 
0.496406 -0.364426 
0.625747 -0.179376 
-0.553321 -0.162704 
-0.567089 -0.142636 
0.654438 -0.0460073 
-0.245209 -0.379837 
-0.299314 -0.356748 
0.0584262 -0.456885 
0.396013 -0.421508 
-0.0801138 -0.432236 
0.538696 -0.32589 
0.642982 -0.126487 
-0.351667 -0.330807 
0.60748 -0.221821 
0.635169 -0.153012 
-0.599985 -0.0791203 
-0.590461 -0.100826 
-0.579481 -0.122008 
0.652851 -0.0729339 
0.648957 -0.0997854 
-0.272387 -0.36866 
0.574289 -0.281122 
0.589354 -0.256779 
