ZONE T="boundary0"
-4 -1 
-4 -0.289245 
-4 -0.326208 
-4 0.207433 
-4 0.262745 
-4 0.396494 
-4 0.318057 
-4 0.474931 
-4 -0.0138696 
-4 -0.0908501 
-4 0.135272 
-4 -0.211923 
-4 -0.252281 
-4 1 
-4 0.659486 
-4 0.567208 
-4 -0.81892 
-4 -0.387577 
-4 -0.448946 
-4 -0.171566 
-4 -0.543393 
-4 -0.63784 
-4 0.0631109 
-4 0.52107 
-4 0.829743 
-4 -0.307727 
-4 0.235089 
-4 0.357276 
-4 -0.0523598 
-4 -0.232102 
-4 0.613347 
-4 -0.90946 
-4 -0.418261 
-4 -0.191745 
-4 -0.131208 
-4 -0.270763 
-4 -0.590617 
-4 0.0991915 
-4 0.171353 
-4 0.0246206 
-4 0.498001 
-4 -0.72838 
-4 0.914871 
-4 -0.356893 
-4 0.290401 
-4 -0.496169 
-4 0.435713 
-4 0.544139 
-4 0.744614 
ZONE T="boundary1"
1.40635 1 
4 1 
0.929415 1 
0.806724 1 
0.170518 1 
0.277722 1 
0.22412 1 
1.04227 1 
-1.20662 1 
-1.08549 1 
-0.0968323 1 
-0.14361 1 
-0.213362 1 
-0.44744 1 
-0.365277 1 
1.15512 1 
-1.56496 1 
-1.32664 1 
-2.09333 1 
-1.8883 1 
-3.48462 1 
-4 1 
-3.65242 1 
2.13467 1 
1.9841 1 
-2.8477 1 
3.35145 1 
3.67573 1 
2.28525 1 
3.09018 1 
-2.65911 1 
-1.68327 1 
-2.47052 1 
0.0434993 1 
0.426206 1 
0.376712 1 
0.684033 1 
0.579867 1 
-0.508871 1 
-0.693164 1 
-0.0500551 1 
-0.283114 1 
0.475701 1 
0.107009 1 
1.28073 1 
1.83353 1 
1.51315 1 
3.51359 1 
-0.570302 1 
-1.44665 1 
-0.964365 1 
-0.828764 1 
2.63236 1 
-3.31681 1 
1.61994 1 
2.82891 1 
2.43582 1 
-3.08226 1 
0.868069 1 
0.250921 1 
0.985841 1 
-1.14606 1 
-0.120221 1 
-0.178486 1 
-0.406359 1 
-1.26663 1 
-1.99082 1 
-3.82621 1 
2.05939 1 
3.83786 1 
3.22082 1 
-2.7534 1 
-1.78578 1 
-2.28192 1 
0.401459 1 
-0.478155 1 
-0.00327791 1 
-0.324196 1 
0.745379 1 
0.63195 1 
1.09869 1 
1.21793 1 
0.527784 1 
1.45975 1 
3.43252 1 
-0.631733 1 
-1.50581 1 
3.59466 1 
-1.38665 1 
-1.62412 1 
1.90882 1 
1.72674 1 
2.73064 1 
-2.96498 1 
1.56654 1 
-2.56481 1 
-3.19954 1 
-3.56852 1 
-3.40072 1 
2.36053 1 
2.20996 1 
2.95955 1 
-0.0734437 1 
0.0752541 1 
0.138764 1 
0.327217 1 
0.450954 1 
-0.248238 1 
0.197319 1 
-0.539586 1 
-0.760964 1 
-1.02493 1 
-0.896564 1 
1.34354 1 
2.53409 1 
ZONE T="boundary2"
4 -0.264368 
4 -0.379328 
4 0.215112 
4 0.165975 
4 0.265558 
4 0.774053 
4 1 
4 0.326119 
4 0.386679 
4 -0.0881491 
4 -0.0197788 
4 -0.517558 
4 -0.758779 
4 0.116837 
4 0.0485293 
4 0.548106 
4 0.467392 
4 -0.210444 
4 -0.293108 
4 -0.122334 
4 -0.321848 
4 0.661079 
4 -1 
4 -0.156519 
4 0.190543 
4 0.887026 
4 0.356399 
4 -0.0539639 
4 0.295838 
4 -0.638168 
4 0.0826834 
4 0.507749 
4 -0.237406 
4 -0.278738 
4 0.0143753 
4 -0.350588 
4 -0.448443 
4 0.717566 
4 -0.879389 
4 0.604592 
4 -0.307478 
4 -0.183482 
4 -0.105242 
4 -0.139427 
4 0.427036 
4 0.240335 
4 0.141406 
ZONE T="boundary3"
-3.74135 -1 
-3.4827 -1 
-4 -1 
-0.676317 -1 
-0.243199 -1 
-0.183491 -1 
0.645343 -1 
0.755373 -1 
1.0908 -1 
1.42032 -1 
-1.82855 -1 
-1.68437 -1 
2.20665 -1 
-2.59886 -1 
-2.21126 -1 
-2.80272 -1 
3.6618 -1 
3.11604 -1 
2.63884 -1 
2.90847 -1 
-3.00658 -1 
-3.24464 -1 
-0.302907 -1 
-0.778597 -1 
-0.0463888 -1 
-0.11494 -1 
-0.582282 -1 
-0.488246 -1 
0.0709282 -1 
0.0122697 -1 
-0.395577 -1 
0.12844 -1 
0.535312 -1 
0.431332 -1 
0.327351 -1 
0.256651 -1 
0.185952 -1 
1.20473 -1 
-1.40336 -1 
-1.16162 -1 
-1.26655 -1 
-1.05668 -1 
-1.33496 -1 
-1.54018 -1 
-1.47177 -1 
0.976869 -1 
1.31252 -1 
1.49467 -1 
1.56903 -1 
1.71774 -1 
4 -1 
1.88092 -1 
3.3236 -1 
3.4927 -1 
2.36921 -1 
3.8309 -1 
2.0441 -1 
-2.01991 -1 
-0.96878 -1 
-0.880877 -1 
-0.829737 -1 
0.866121 -1 
-3.61202 -1 
-3.87067 -1 
-0.213345 -1 
0.700358 -1 
-1.75646 -1 
-2.40506 -1 
2.77366 -1 
-3.12561 -1 
-0.273053 -1 
-0.727457 -1 
-0.0806644 -1 
-0.535264 -1 
0.041599 -1 
-0.0170595 -1 
-0.441912 -1 
-0.349242 -1 
0.0996842 -1 
0.483322 -1 
0.292001 -1 
0.221302 -1 
0.379341 -1 
1.14776 -1 
-1.10915 -1 
-1.21408 -1 
-1.30075 -1 
-1.43757 -1 
1.03383 -1 
1.36642 -1 
1.25862 -1 
1.53185 -1 
1.64338 -1 
-1.61227 -1 
1.79933 -1 
3.40815 -1 
3.21982 -1 
3.01225 -1 
2.50403 -1 
3.74635 -1 
1.96251 -1 
-2.11559 -1 
2.28793 -1 
-2.70079 -1 
2.12538 -1 
-1.92423 -1 
0.157196 -1 
-0.149216 -1 
-1.01273 -1 
-0.924829 -1 
-0.855307 -1 
0.590328 -1 
-0.629299 -1 
3.57725 -1 
-2.90465 -1 
0.810747 -1 
-1.36916 -1 
0.921495 -1 
-1.50598 -1 
1.4575 -1 
-3.36367 -1 
3.91545 -1 
-0.804167 -1 
ZONE T="boundary4"
-0.612505 0.0215504 
-0.332739 0.350271 
-0.310861 0.362205 
-0.171503 0.422531 
-0.146987 0.430722 
0.641826 0.0969898 
-0.195796 0.413746 
0.646308 0.0678636 
0.648199 0.0388819 
-0.549778 0.15966 
0.464506 0.391518 
0.491949 0.370575 
-0.538845 0.174779 
-0.415539 0.296668 
0.597482 0.227638 
-0.514476 0.20483 
-0.606298 0.0446332 
-0.4539 0.265629 
-0.435019 0.281529 
-0.243033 0.394671 
-0.219537 0.404497 
-0.578668 0.112019 
-0.566633 0.133545 
-0.617179 -0.00169033 
-0.598567 0.0674673 
0.647304 0.0102829 
-0.589344 0.0899506 
-0.56011 0.144123 
0.648109 0.0245614 
-0.526925 0.190024 
-0.500545 0.220298 
-0.486125 0.235295 
0.567808 0.283483 
0.575971 0.269862 
-0.47027 0.250745 
0.615667 0.184571 
-0.395544 0.311056 
-0.375078 0.324743 
-0.354094 0.337827 
-0.265988 0.384394 
-0.288673 0.37354 
-0.121897 0.438419 
-0.0706988 0.452022 
-0.04461 0.457883 
-0.0966076 0.445488 
0.00914223 0.467685 
0.0369185 0.471542 
-0.62033 -0.025036 
0.644367 0.0824717 
0.638693 0.111582 
0.558896 0.297047 
0.590711 0.241938 
0.404901 0.425926 
0.373294 0.439512 
0.538982 0.323381 
0.549238 0.310434 
0.516391 0.348192 
0.0648135 0.474572 
0.122678 0.478074 
0.0937106 0.4768 
0.18291 0.477475 
0.213956 0.475325 
0.276724 0.466666 
0.308857 0.459708 
0.341164 0.450718 
0.635023 0.126154 
0.62625 0.155204 
0.244957 0.47181 
-0.0178106 0.463153 
0.152796 0.47834 
0.43564 0.409814 
0.603928 0.213188 
-0.321841 0.356314 
-0.15927 0.426702 
0.647589 0.0533938 
0.478462 0.381354 
-0.444539 0.273673 
-0.231315 0.399657 
-0.572807 0.122869 
-0.615029 0.00996742 
-0.609587 0.0331413 
-0.602614 0.0561114 
-0.584173 0.101065 
-0.563409 0.138857 
-0.544383 0.167272 
-0.555022 0.151944 
-0.183676 0.418213 
-0.493394 0.227854 
-0.507576 0.212623 
0.571957 0.276713 
-0.478263 0.243087 
-0.532955 0.182457 
-0.405605 0.303951 
-0.462151 0.25826 
-0.385367 0.317984 
-0.364636 0.331366 
-0.343462 0.344127 
-0.277366 0.37904 
-0.299805 0.367946 
-0.425352 0.289192 
-0.207695 0.409194 
-0.134466 0.434649 
-0.0576739 0.455038 
-0.0836746 0.448839 
0.0230159 0.469715 
-0.109275 0.442033 
-0.618942 -0.0133382 
0.645415 0.075179 
0.640327 0.1043 
0.563424 0.290313 
0.389222 0.43301 
-0.520764 0.19748 
0.554142 0.303795 
0.527972 0.336047 
0.50442 0.359657 
0.544183 0.316965 
0.108189 0.477558 
0.198444 0.476564 
0.292839 0.463409 
0.357323 0.445385 
-0.254543 0.389604 
0.63692 0.118883 
0.58357 0.256022 
0.630847 0.140742 
0.647798 0.0174168 
0.648242 0.0317209 
-0.59413 0.0787804 
0.0508543 0.473162 
0.0792528 0.475803 
0.229476 0.473743 
0.260873 0.469437 
-0.00435025 0.465513 
0.167857 0.478053 
-0.0312286 0.460609 
0.137736 0.478345 
0.420431 0.418178 
0.450265 0.40097 
0.600743 0.220431 
0.643169 0.0897421 
0.59414 0.234809 
0.621133 0.16995 
0.609942 0.198939 
0.325079 0.455459 
ZONE T="boundary5"
-0.618082 -0.118397 
-0.620827 -0.0951219 
0.56783 -0.158541 
0.551854 -0.173761 
-0.621973 -0.0484107 
-0.608358 -0.164662 
-0.593154 -0.210472 
-0.601419 -0.187646 
-0.61392 -0.141574 
-0.56208 -0.275184 
-0.550464 -0.294175 
-0.513287 -0.344028 
-0.49773 -0.361364 
-0.457453 -0.399402 
-0.478424 -0.380706 
-0.279648 -0.491433 
-0.251817 -0.49753 
0.514089 -0.203756 
0.49237 -0.218453 
-0.33434 -0.473567 
-0.360918 -0.461862 
-0.196247 -0.504038 
-0.168752 -0.50456 
-0.0877681 -0.496077 
-0.141373 -0.50335 
-0.114448 -0.5005 
-0.0355528 -0.482936 
-0.622131 -0.0717945 
-0.539545 -0.310312 
-0.527969 -0.32596 
0.535087 -0.187938 
-0.224065 -0.501705 
-0.386688 -0.448444 
0.614988 -0.0962824 
0.647304 0.0102829 
0.439816 -0.249585 
0.412657 -0.264069 
-0.572748 -0.255644 
-0.00993869 -0.474413 
-0.0615083 -0.490197 
0.0154028 -0.464729 
0.0406352 -0.453955 
0.0656025 -0.44232 
0.166643 -0.389138 
0.192849 -0.374864 
0.115755 -0.416721 
0.0907605 -0.429784 
-0.62033 -0.025036 
0.141216 -0.403011 
0.219085 -0.360776 
0.246228 -0.346537 
0.301352 -0.318799 
0.273426 -0.332664 
0.385119 -0.27802 
0.357282 -0.291659 
0.466364 -0.234479 
0.329243 -0.305224 
0.645775 -0.00383623 
0.643523 -0.0177466 
0.627296 -0.0712084 
0.584609 -0.140121 
0.636843 -0.0449604 
0.592468 -0.13036 
0.621472 -0.0839174 
0.599931 -0.120225 
0.524699 -0.195995 
0.64054 -0.0314819 
-0.583589 -0.233164 
-0.411591 -0.433372 
-0.435033 -0.417095 
-0.30714 -0.483459 
-0.619631 -0.106781 
0.559961 -0.166277 
-0.597437 -0.199114 
-0.611306 -0.153159 
-0.616173 -0.130017 
-0.505614 -0.352791 
-0.468077 -0.390209 
-0.265783 -0.494713 
0.503312 -0.211227 
-0.347725 -0.467933 
-0.182504 -0.504519 
-0.155054 -0.504169 
-0.622236 -0.0601018 
-0.54509 -0.302301 
-0.533838 -0.318197 
-0.556389 -0.284751 
-0.373911 -0.455362 
-0.488215 -0.371174 
0.426281 -0.25691 
-0.605048 -0.176203 
-0.0226988 -0.478824 
-0.0484873 -0.486732 
0.0280647 -0.459456 
0.179741 -0.381989 
0.103283 -0.423302 
0.128501 -0.409894 
0.0782162 -0.436124 
0.23264 -0.353618 
0.205955 -0.367793 
0.287374 -0.325696 
0.371218 -0.28487 
0.479446 -0.226596 
0.315291 -0.311991 
-0.237975 -0.499846 
-0.210175 -0.503099 
0.644741 -0.0108065 
0.543568 -0.180966 
0.632424 -0.0582146 
0.58859 -0.135282 
0.596255 -0.125333 
0.624469 -0.0776023 
0.618311 -0.090143 
0.5764 -0.149497 
0.642124 -0.0246345 
-0.0746004 -0.493316 
0.638782 -0.0382463 
-0.588514 -0.221879 
-0.62166 -0.0834687 
0.607769 -0.10845 
0.646632 0.00321315 
-0.567533 -0.265479 
-0.578313 -0.244474 
-0.621338 -0.0367107 
-0.101078 -0.498481 
-0.399259 -0.441107 
-0.446377 -0.408419 
0.0531599 -0.44823 
0.453148 -0.242133 
-0.320822 -0.478739 
-0.127891 -0.502127 
0.0027794 -0.469703 
0.25981 -0.33956 
-0.423437 -0.425414 
-0.29346 -0.487674 
0.153934 -0.396081 
0.343266 -0.298444 
0.51942 -0.199911 
0.529923 -0.192005 
0.39892 -0.271104 
-0.520739 -0.335085 
