ZONE T="boundary0"
-4 -0.192224 
-4 -0.240193 
-4 -0.315414 
-4 -0.342665 
-4 -0.473501 
-4 -0.408083 
-4 -0.288163 
-4 0.280702 
-4 0.254836 
-4 0.675786 
-4 0.167371 
-4 0.0663047 
-4 -0.0886844 
-4 -0.140454 
-4 -0.831188 
-4 0.211104 
-4 0.23297 
-4 -0.662377 
-4 -0.567939 
-4 -0.0111898 
-4 0.461766 
-4 0.306569 
-4 1 
-4 0.837893 
-4 -1 
-4 0.116838 
-4 0.332435 
-4 0.358301 
-4 0.410034 
-4 0.568776 
-4 -0.216209 
-4 -0.329039 
-4 -0.440792 
-4 -0.264178 
-4 0.267769 
-4 -0.114569 
-4 0.189237 
-4 0.222037 
-4 -0.615158 
-4 -0.0499371 
-4 0.0275574 
-4 0.918946 
-4 -0.915594 
-4 -0.746782 
-4 0.756839 
-4 0.0915713 
-4 0.142104 
-4 0.345368 
-4 -0.301788 
-4 -0.166339 
-4 0.384167 
-4 0.4359 
-4 -0.52072 
-4 0.622281 
-4 -0.375374 
-4 0.243903 
-4 0.293636 
-4 0.319502 
-4 0.515271 
ZONE T="boundary1"
-3.21234 1 
-3.42476 1 
0.511035 1 
0.41426 1 
0.164807 1 
0.0988881 1 
-0.848381 1 
3.83993 1 
0.317485 1 
-0.0962149 1 
-0.207648 1 
-3.71238 1 
1.07903 1 
-1.7241 1 
-1.62069 1 
3.19411 1 
1.97961 1 
-2.99993 1 
-2.52845 1 
-2.76419 1 
-2.30682 1 
3.67987 1 
3.35973 1 
1.38832 1 
1.57771 1 
2.58607 1 
2.38909 1 
2.19211 1 
2.80728 1 
-0.347137 1 
-0.478862 1 
-0.277392 1 
0.0329695 1 
4 1 
0.620588 1 
0.241146 1 
-0.788932 1 
-0.961667 1 
1.18519 1 
0.730142 1 
0.972865 1 
-0.729484 1 
-1.07495 1 
1.28676 1 
-0.666828 1 
-1.41386 1 
-4 1 
3.02848 1 
-1.51728 1 
-1.90464 1 
-2.08519 1 
0.851503 1 
1.7671 1 
-1.1927 1 
-1.31045 1 
-3.85619 1 
-0.0316227 1 
-0.604173 1 
-3.31855 1 
0.462648 1 
0.131848 1 
-0.151931 1 
-1.67239 1 
-2.64632 1 
-2.41763 1 
3.5198 1 
1.48302 1 
2.48758 1 
2.69667 1 
-0.412999 1 
-0.312265 1 
0.0659289 1 
0.565812 1 
0.279316 1 
-0.818657 1 
1.13211 1 
0.675365 1 
-0.759208 1 
-1.01831 1 
-0.905024 1 
1.02595 1 
1.23597 1 
3.7599 1 
-0.698156 1 
-3.10614 1 
3.1113 1 
3.27692 1 
-3.56857 1 
-2.88206 1 
-1.46557 1 
-1.81437 1 
0.790823 1 
0.912184 1 
1.67241 1 
-2.196 1 
1.87335 1 
2.08586 1 
-1.25158 1 
-3.78428 1 
-3.92809 1 
-1.99492 1 
0.202977 1 
0.365873 1 
0.000673374 1 
-0.0639188 1 
-0.541517 1 
-0.6355 1 
-0.24252 1 
-1.13383 1 
1.33754 1 
3.91997 1 
-1.36216 1 
-1.56898 1 
2.2906 1 
2.91788 1 
ZONE T="boundary2"
4 -0.383118 
4 -0.292366 
4 -0.45285 
4 0.166136 
4 0.113581 
4 -0.325318 
4 0.26922 
4 0.298615 
4 0.239825 
4 0.0610254 
4 -0.00898827 
4 -0.703183 
4 -0.522581 
4 0.453328 
4 -0.851591 
4 0.726664 
4 -1 
4 -0.259414 
4 -0.19351 
4 -0.226462 
4 -0.136256 
4 -0.079002 
4 0.337293 
4 0.589996 
4 0.375971 
4 0.521662 
4 1 
4 -0.417984 
4 0.139858 
4 -0.354218 
4 0.283917 
4 0.20298 
4 0.0260186 
4 -0.612882 
4 -0.777387 
4 -0.27589 
4 -0.308842 
4 -0.209986 
4 -0.164883 
4 -0.242938 
4 -0.107629 
4 0.254522 
4 0.317954 
4 -0.0439951 
4 0.087303 
4 0.65833 
4 0.41465 
4 -0.487715 
4 0.487495 
4 0.555829 
4 0.863332 
4 -0.925796 
4 0.356632 
ZONE T="boundary3"
-3.63724 -1 
-3.81862 -1 
-1.58201 -1 
-1.77089 -1 
-1.97335 -1 
-2.38329 -1 
-0.195294 -1 
-1.40012 -1 
1.12837 -1 
1.34678 -1 
-3.03207 -1 
-0.508819 -1 
1.88486 -1 
-0.962678 -1 
-2.17582 -1 
3.6676 -1 
2.47044 -1 
4 -1 
2.25993 -1 
2.04943 -1 
-2.59076 -1 
-2.81142 -1 
-3.33466 -1 
3.3352 -1 
3.5014 -1 
0.00530623 -1 
0.0723244 -1 
0.139343 -1 
0.278974 -1 
0.209158 -1 
0.444864 -1 
0.361919 -1 
-0.129721 -1 
-0.260867 -1 
-0.0622076 -1 
-0.85664 -1 
-0.750601 -1 
0.403392 -1 
-0.62971 -1 
-0.384843 -1 
-0.446831 -1 
-0.322855 -1 
0.582216 -1 
0.970628 -1 
-1.07226 -1 
1.23757 -1 
1.53148 -1 
0.812885 -1 
0.69755 -1 
-1.18185 -1 
-1.49106 -1 
-1.29098 -1 
2.69399 -1 
3.12638 -1 
2.91755 -1 
-4 -1 
1.72028 -1 
-3.72793 -1 
-1.67645 -1 
-1.87212 -1 
-2.07458 -1 
3.8338 -1 
2.15468 -1 
-2.48702 -1 
-2.92175 -1 
3.4183 -1 
2.36518 -1 
0.105833 -1 
0.244066 -1 
0.0388154 -1 
0.17425 -1 
-0.162508 -1 
-0.22808 -1 
-0.0284506 -1 
-0.909659 -1 
0.424128 -1 
-0.690156 -1 
-0.415837 -1 
-0.291861 -1 
0.51354 -1 
1.0495 -1 
-0.569264 -1 
-1.01747 -1 
1.29218 -1 
1.18297 -1 
1.43913 -1 
3.5845 -1 
0.891757 -1 
-1.44559 -1 
-1.12706 -1 
-1.23642 -1 
2.58221 -1 
-3.48595 -1 
-3.18337 -1 
-3.90931 -1 
-2.70109 -1 
1.96714 -1 
1.80257 -1 
-2.27955 -1 
0.639883 -1 
0.320447 -1 
-0.0959646 -1 
0.755218 -1 
-0.353849 -1 
-0.477825 -1 
0.382655 -1 
3.02197 -1 
3.23079 -1 
-1.34555 -1 
-0.803621 -1 
1.62588 -1 
-1.53654 -1 
2.80577 -1 
ZONE T="boundary4"
-0.503016 0.363298 
-0.580164 0.251233 
0.0923186 0.409392 
0.118761 0.396177 
-0.0870462 0.483618 
-0.0613475 0.476066 
-0.483793 0.38276 
-0.624829 0.0261273 
-0.348078 0.470982 
-0.322819 0.48015 
-0.0359081 0.467305 
-0.626379 0.0505837 
-0.551265 0.301902 
-0.536734 0.322714 
-0.463471 0.401018 
-0.442119 0.417979 
0.608062 0.125928 
0.590919 0.148019 
-0.624616 0.100463 
-0.621242 0.125739 
0.620907 0.105776 
0.631994 0.0843784 
-0.616195 0.151102 
-0.613036 0.163831 
-0.607523 0.1829 
-0.601188 0.201675 
-0.58867 0.232919 
-0.270985 0.493163 
-0.244626 0.496963 
-0.297091 0.487553 
-0.566512 0.277049 
-0.626321 0.0753758 
-0.419835 0.433531 
-0.521082 0.342715 
-0.372721 0.460115 
-0.396673 0.447605 
-0.218146 0.498957 
-0.165226 0.497671 
-0.191661 0.499176 
-0.112874 0.489795 
-0.138976 0.494519 
-0.0105806 0.457438 
0.650882 0.0262938 
0.447038 0.252801 
0.325851 0.304664 
0.357018 0.292323 
0.654824 -0.000568322 
0.571974 0.168245 
0.561391 0.178162 
0.527627 0.205147 
0.502276 0.222077 
0.475329 0.237931 
0.0659422 0.422471 
0.0403551 0.434816 
0.0147374 0.446593 
0.14648 0.382466 
0.29444 0.317083 
0.203589 0.355486 
0.232964 0.342492 
0.581653 0.15836 
0.647886 0.0395278 
0.644208 0.0525745 
0.638597 0.0687492 
0.656086 -0.0277156 
0.65578 -0.0140727 
0.550417 0.187625 
0.174281 0.36907 
0.387795 0.279739 
0.41816 0.266516 
0.26374 0.329514 
0.10554 0.402782 
-0.0741585 0.480001 
-0.493547 0.373173 
-0.335524 0.47578 
-0.544141 0.312409 
-0.452924 0.409664 
-0.625805 0.0383444 
0.599755 0.137185 
-0.623132 0.11313 
0.626694 0.0952059 
-0.614664 0.157479 
-0.618918 0.138462 
-0.604456 0.192323 
-0.584509 0.24212 
-0.595192 0.217407 
-0.610387 0.173397 
-0.257839 0.495289 
-0.310017 0.484072 
-0.559086 0.289599 
-0.625673 0.0879349 
-0.431097 0.425931 
-0.360487 0.465755 
-0.512198 0.353141 
-0.626553 0.0629819 
-0.408364 0.440755 
-0.231404 0.498183 
-0.178436 0.498636 
-0.284085 0.490582 
-0.0999271 0.486881 
-0.152083 0.496296 
-0.0232069 0.46249 
-0.529042 0.332822 
-0.473768 0.392044 
-0.204908 0.499285 
-0.384797 0.454057 
0.341449 0.298513 
0.653194 0.0129144 
0.566733 0.173262 
-0.57354 0.26425 
0.0791399 0.415956 
0.053167 0.428692 
0.027574 0.440779 
0.132611 0.389293 
-0.0485886 0.471824 
0.310147 0.310853 
0.218257 0.34892 
-0.125897 0.492346 
0.576866 0.163355 
0.646132 0.0460757 
0.586344 0.153243 
0.64947 0.0329307 
0.656015 -0.020892 
0.655384 -0.0073143 
0.555951 0.182948 
0.515079 0.213813 
0.160364 0.37572 
0.188914 0.362213 
0.488901 0.230182 
0.00211074 0.452113 
0.372437 0.286094 
0.403026 0.273233 
0.461263 0.245524 
0.432661 0.259791 
0.248332 0.335936 
0.279083 0.323249 
0.614703 0.115995 
0.635422 0.0766186 
0.641536 0.0607091 
0.539172 0.196591 
ZONE T="boundary5"
0.383221 -0.433284 
-0.529105 -0.1936 
-0.233987 -0.397199 
0.645446 -0.109222 
0.651182 -0.0821573 
-0.62171 0.00207358 
-0.624829 0.0261273 
-0.583945 -0.111432 
-0.617063 -0.0215649 
0.628709 -0.162856 
0.618208 -0.189507 
-0.499005 -0.22715 
0.409872 -0.421574 
-0.179233 -0.417657 
-0.206751 -0.407796 
-0.314229 -0.360607 
-0.287942 -0.373549 
0.60655 -0.216042 
0.593814 -0.242253 
-0.0688272 -0.449231 
-0.041111 -0.455217 
-0.124142 -0.434974 
-0.0965864 -0.442462 
-0.151805 -0.426675 
-0.470775 -0.254584 
-0.455898 -0.267717 
-0.48523 -0.240964 
-0.512354 -0.212905 
-0.544721 -0.173783 
-0.363469 -0.333399 
-0.386385 -0.319178 
-0.340111 -0.346828 
-0.423761 -0.293309 
-0.440039 -0.280788 
-0.603345 -0.0674493 
-0.594342 -0.089677 
-0.405278 -0.306558 
0.0993243 -0.473456 
0.0710157 -0.471453 
0.156353 -0.474728 
0.127822 -0.474566 
0.299583 -0.458971 
0.271031 -0.464601 
-0.559096 -0.153489 
0.32791 -0.451924 
0.014721 -0.464921 
0.042798 -0.468595 
-0.0132202 -0.46046 
0.185063 -0.473881 
0.242399 -0.468899 
0.213727 -0.471964 
0.435899 -0.408066 
0.454651 -0.396864 
0.355733 -0.44342 
0.472868 -0.384614 
0.546772 -0.315427 
0.527591 -0.337224 
0.506933 -0.357309 
0.484531 -0.375968 
-0.572179 -0.132716 
0.579787 -0.267804 
0.564172 -0.29224 
0.653276 -0.0685639 
0.637871 -0.136097 
-0.610931 -0.0447358 
-0.261132 -0.385763 
0.654806 -0.0549782 
0.656086 -0.0277156 
0.648555 -0.0957398 
-0.623466 0.0140762 
-0.619579 -0.0097824 
0.623596 -0.176236 
0.396638 -0.427637 
-0.193025 -0.412819 
-0.220405 -0.402591 
-0.301134 -0.367179 
0.600318 -0.229215 
-0.0549898 -0.452316 
-0.110389 -0.438808 
-0.138001 -0.430915 
-0.537035 -0.183789 
-0.374988 -0.326389 
-0.327226 -0.353824 
-0.431951 -0.287116 
-0.599015 -0.0786321 
-0.414576 -0.300013 
-0.448024 -0.274321 
-0.165549 -0.422256 
-0.395881 -0.312944 
-0.492169 -0.23411 
-0.0827301 -0.445938 
0.0851617 -0.472564 
0.142087 -0.474769 
0.285341 -0.461955 
-0.505735 -0.220081 
0.113568 -0.474126 
0.0568956 -0.470129 
0.000734065 -0.462788 
0.170712 -0.474435 
0.199404 -0.47306 
0.341879 -0.447862 
0.313791 -0.455628 
0.445348 -0.402588 
0.463843 -0.390864 
-0.520838 -0.203348 
-0.478057 -0.247832 
0.537394 -0.326515 
0.517455 -0.347467 
0.422998 -0.415038 
0.555694 -0.304003 
0.652296 -0.0753708 
0.5722 -0.280165 
0.633457 -0.149533 
0.478739 -0.380345 
-0.0271842 -0.457933 
-0.274582 -0.379755 
0.256739 -0.466907 
0.654112 -0.0617789 
0.641862 -0.122716 
-0.351843 -0.340208 
0.0287456 -0.466859 
0.586988 -0.255134 
0.228079 -0.470578 
0.369551 -0.438554 
0.612501 -0.202829 
-0.2476 -0.391577 
0.495909 -0.366853 
-0.463391 -0.261212 
-0.589307 -0.100632 
-0.578217 -0.122159 
-0.607318 -0.0561515 
-0.614183 -0.0331986 
-0.552042 -0.163732 
-0.565782 -0.143194 
0.655753 -0.04136 
