ZONE T="boundary0"
-4 -0.222424 
-4 -0.278672 
-4 0.161803 
-4 0.197208 
-4 0.433272 
-4 1 
-4 0.83124 
-4 0.232613 
-4 0.281904 
-4 0.662479 
-4 -0.804894 
-4 0.107597 
-4 0.0533919 
-4 -0.166177 
-4 -0.111285 
-4 0.547876 
-4 -0.355292 
-4 -0.431912 
-4 -0.0563924 
-4 -0.52085 
-4 -0.609788 
-4 0.331195 
-4 0.382234 
-4 -1 
-4 -0.250548 
-4 0.179505 
-4 0.91562 
-4 0.257259 
-4 0.746859 
-4 0.0804946 
-4 -0.138731 
-4 0.1347 
-4 -0.393602 
-4 -0.00150028 
-4 -0.194301 
-4 -0.565319 
-4 0.214911 
-4 -0.316982 
-4 0.30655 
-4 0.356715 
-4 0.407753 
-4 0.490574 
-4 0.605178 
-4 -0.0838385 
-4 -0.476381 
-4 -0.902447 
-4 -0.707341 
ZONE T="boundary1"
0.875401 1 
0.813755 1 
-4 1 
-3.78655 1 
2.17274 1 
0.485684 1 
0.413798 1 
0.263634 1 
0.341911 1 
0.943602 1 
0.12982 1 
-0.618179 1 
-0.692686 1 
0.219644 1 
-1.08346 1 
1.23776 1 
-0.82094 1 
-0.874687 1 
2.30589 1 
-1.40269 1 
1.90645 1 
-3.33921 1 
-3.5731 1 
4 1 
3.60921 1 
3.21841 1 
-1.84266 1 
-2.02842 1 
-2.72183 1 
-3.10532 1 
-2.91358 1 
2.63736 1 
2.43903 1 
1.51629 1 
-0.0125019 1 
0.175655 1 
0.0839843 1 
0.0357412 1 
-0.4123 1 
-0.285174 1 
-0.0794369 1 
-0.215773 1 
-0.146372 1 
-0.515239 1 
-0.348737 1 
0.752109 1 
0.619464 1 
0.552574 1 
-0.463769 1 
1.0118 1 
1.12478 1 
-0.767193 1 
-0.566709 1 
-0.928434 1 
-0.982181 1 
-1.18475 1 
0.685787 1 
1.38624 1 
1.64634 1 
-1.52979 1 
-1.65689 1 
-1.29372 1 
-2.24927 1 
-2.47012 1 
3.02705 1 
2.83569 1 
3.41381 1 
1.06829 1 
0.844578 1 
-3.89328 1 
0.449741 1 
0.302772 1 
-0.655432 1 
0.377854 1 
-0.847813 1 
2.03959 1 
-3.45615 1 
3.8046 1 
-1.93554 1 
-3.00945 1 
2.5382 1 
2.23931 1 
-3.22226 1 
0.197649 1 
0.106902 1 
0.0116196 1 
0.152737 1 
0.0598627 1 
-0.0459694 1 
0.241639 1 
-0.250474 1 
-0.181072 1 
-0.380518 1 
-0.316956 1 
0.586019 1 
0.519129 1 
-0.489504 1 
0.977703 1 
0.909502 1 
0.782932 1 
1.18127 1 
-0.592444 1 
-0.90156 1 
-0.955307 1 
-1.13411 1 
1.312 1 
1.58132 1 
1.45127 1 
1.7764 1 
-1.59334 1 
-1.3482 1 
-3.67983 1 
2.37246 1 
-2.13885 1 
-2.81771 1 
-2.59598 1 
3.12273 1 
-2.35969 1 
3.51151 1 
-1.74978 1 
2.93137 1 
2.73653 1 
-0.112904 1 
0.652625 1 
0.718948 1 
-0.438035 1 
-0.540974 1 
-0.729939 1 
1.09654 1 
1.04005 1 
-0.794066 1 
-1.03282 1 
-1.23923 1 
-1.46624 1 
3.31611 1 
ZONE T="boundary2"
4 -0.641673 
4 -0.480749 
4 0.00321626 
4 0.0763637 
4 0.241325 
4 0.294434 
4 0.383441 
4 0.338938 
4 0.129597 
4 0.18283 
4 0.544509 
4 -0.820837 
4 -1 
4 1 
4 0.772254 
4 -0.266023 
4 -0.406367 
4 -0.331985 
4 -0.299004 
4 -0.0699312 
4 -0.134996 
4 0.463975 
4 -0.200061 
4 0.03979 
4 0.361189 
4 0.156213 
4 0.212077 
4 -0.910418 
4 0.267879 
4 0.10298 
4 0.658381 
4 -0.443558 
4 -0.315495 
4 -0.369176 
4 -0.561211 
4 -0.102464 
4 -0.0333575 
4 0.886127 
4 -0.731255 
4 0.316686 
4 0.423708 
4 0.504242 
4 -0.233042 
4 -0.167528 
4 -0.282514 
ZONE T="boundary3"
0.0540333 -1 
-0.0891798 -1 
-0.0175732 -1 
3.12536 -1 
3.29381 -1 
-0.355225 -1 
-0.250861 -1 
0.258118 -1 
0.39768 -1 
-0.170021 -1 
-0.1296 -1 
0.19066 -1 
0.469783 -1 
0.544698 -1 
0.692257 -1 
1.13451 -1 
1.23252 -1 
-0.58005 -1 
3.59646 -1 
3.44514 -1 
-3.38784 -1 
-3.18774 -1 
-1.14555 -1 
-1.03707 -1 
-1.93205 -1 
3.79823 -1 
4 -1 
-2.75368 -1 
-2.32754 -1 
2.72507 -1 
2.9569 -1 
-2.97071 -1 
2.49323 -1 
0.122347 -1 
0.325576 -1 
-0.700512 -1 
0.619614 -1 
0.764901 -1 
-0.459589 -1 
0.8968 -1 
0.83085 -1 
1.0365 -1 
-0.928595 -1 
-0.814553 -1 
0.966648 -1 
1.3763 -1 
-1.25844 -1 
-1.37134 -1 
-1.48481 -1 
-1.59827 -1 
1.52008 -1 
1.44819 -1 
1.74898 -1 
-1.76516 -1 
-2.03092 -1 
1.97788 -1 
2.10672 -1 
2.23556 -1 
-3.58795 -1 
-4 -1 
-3.79397 -1 
-2.1298 -1 
-0.0533765 -1 
3.20958 -1 
-0.303043 -1 
-0.210441 -1 
0.01823 -1 
-0.10939 -1 
0.433732 -1 
0.507241 -1 
1.18352 -1 
3.5208 -1 
-3.28779 -1 
-1.09131 -1 
3.89912 -1 
-2.54061 -1 
2.84099 -1 
2.60915 -1 
0.224389 -1 
0.156503 -1 
0.0881899 -1 
0.291847 -1 
-0.640281 -1 
0.655935 -1 
0.728579 -1 
-0.407407 -1 
0.863825 -1 
0.797875 -1 
-0.14981 -1 
-0.871574 -1 
0.582156 -1 
0.361628 -1 
-0.51982 -1 
-0.757532 -1 
-0.982833 -1 
1.30441 -1 
-1.31489 -1 
-1.54154 -1 
1.48414 -1 
-1.202 -1 
-1.42807 -1 
1.63453 -1 
-1.8486 -1 
-1.98149 -1 
3.36947 -1 
-1.68171 -1 
1.86343 -1 
2.17114 -1 
2.36439 -1 
3.69735 -1 
3.04113 -1 
-3.4879 -1 
0.931724 -1 
1.0855 -1 
-3.89699 -1 
-3.69096 -1 
2.0423 -1 
1.41225 -1 
-2.86219 -1 
-3.07922 -1 
1.00157 -1 
-2.22867 -1 
-2.08036 -1 
ZONE T="boundary4"
-0.336071 0.649125 
-0.360363 0.633348 
-0.612852 0.0405163 
-0.614816 0.0584071 
-0.575793 0.351642 
-0.558887 0.121129 
-0.5365 0.182972 
-0.551061 0.153296 
-0.376881 -0.0816671 
-0.327154 -0.0901854 
-0.399331 0.268638 
-0.447527 0.254089 
-0.516717 0.470237 
-0.040224 -0.0999903 
-0.187361 -0.0974675 
-0.140744 -0.0980048 
-0.0905785 -0.0987273 
-0.617655 0.112876 
-0.617261 0.141809 
-0.617227 0.094597 
-0.613338 0.193584 
-0.609999 0.218769 
-0.559549 0.088641 
-0.553322 0.0567707 
-0.472547 0.530781 
-0.593551 0.297093 
-0.585667 0.323376 
0.275999 0.287807 
-0.553478 0.404003 
-0.56401 0.380861 
-0.50275 0.491169 
-0.487963 0.511435 
-0.529807 0.44875 
-0.402507 0.601267 
-0.381845 0.6178 
0.412475 0.339655 
-0.456302 0.549463 
-0.233788 -0.0965393 
-0.146546 0.270454 
-0.230069 0.275834 
-0.270644 0.277567 
-0.188379 0.273253 
-0.309512 0.664419 
-0.28205 0.678319 
-0.250817 0.692027 
-0.218739 0.704046 
0.317434 0.298515 
-0.182953 0.715293 
-0.026618 0.744141 
0.368518 0.70574 
0.442543 0.661511 
-0.100381 0.26766 
0.51428 0.550997 
0.329072 0.720331 
0.45152 0.368665 
0.406796 0.686415 
0.489281 0.412593 
0.433815 0.354148 
-0.421568 0.584478 
0.497348 0.42628 
0.517721 0.531491 
0.504175 0.440403 
-0.00418424 0.264357 
0.0458264 0.264446 
0.457802 0.647855 
0.354632 0.311223 
0.518942 0.511492 
0.372106 0.318502 
0.467501 0.384472 
0.479055 0.398161 
0.336178 0.304492 
0.348473 0.713718 
0.309273 0.726115 
0.471934 0.632802 
0.425174 0.674647 
0.388014 0.696656 
0.508996 0.569161 
0.513058 0.46596 
0.509108 0.453058 
0.517713 0.490245 
0.494489 0.600914 
0.502346 0.585654 
0.483836 0.617568 
-0.600249 0.270597 
-0.523229 0.000630316 
0.187739 0.273251 
-0.311136 0.277807 
-0.492461 0.22948 
-0.146556 0.724691 
-0.478151 -0.0402531 
-0.107253 0.732834 
-0.0677037 0.739206 
0.0555595 0.749551 
0.0963619 0.750193 
0.215927 0.743566 
-0.425293 -0.0672451 
-0.355633 0.2753 
0.0144912 0.74755 
0.137025 0.749461 
-0.053996 0.265554 
0.141914 0.268821 
0.0960995 0.265988 
-0.281 -0.0944224 
0.389139 0.326598 
0.233663 0.279662 
0.177167 0.74727 
0.272063 0.734785 
0.244089 0.739727 
-0.615762 0.168295 
-0.348321 0.641396 
-0.613897 0.0494548 
-0.544577 0.168525 
-0.352125 -0.086541 
-0.423747 0.262421 
-0.164056 -0.0977484 
-0.115663 -0.0983191 
-0.0654017 -0.0992747 
-0.617622 0.127345 
-0.617507 0.103735 
-0.611779 0.206191 
-0.560095 0.104903 
-0.557274 0.0725413 
-0.580893 0.337566 
-0.589751 0.310277 
-0.558858 0.392483 
-0.509844 0.480773 
-0.480358 0.52119 
-0.55586 0.137428 
-0.371198 0.625704 
-0.392277 0.609658 
-0.210579 -0.0970933 
-0.209223 0.274604 
-0.167465 0.271848 
-0.295874 0.671552 
-0.322896 0.656953 
-0.26653 0.685394 
-0.464526 0.54021 
-0.123471 0.268991 
0.29681 0.292796 
0.442832 0.36121 
-0.439323 0.567353 
0.516274 0.541295 
0.0208188 0.26423 
0.518619 0.521512 
0.363412 0.314761 
0.345441 0.307758 
0.358551 0.709865 
0.465038 0.640489 
0.338812 0.717137 
0.433993 0.668256 
0.319204 0.723327 
0.378336 0.701344 
0.326835 0.301413 
0.459703 0.376378 
0.511875 0.56015 
0.484325 0.405269 
0.511205 0.459474 
0.50676 0.446686 
-0.61628 0.0764849 
0.473421 0.391199 
0.518653 0.500854 
0.498587 0.593372 
0.505867 0.577489 
0.489365 0.609372 
0.493454 0.419357 
0.500909 0.433273 
-0.597047 0.283882 
-0.234858 0.698251 
-0.570078 0.366322 
-0.200922 0.709913 
-0.516706 0.208338 
-0.540958 0.0272572 
-0.164812 0.720217 
-0.502236 -0.0215208 
-0.250353 0.276839 
-0.29089 0.277924 
-0.0875096 0.736228 
0.0759614 0.75004 
-0.452489 -0.0552522 
-0.401342 -0.0753137 
-0.126951 0.728995 
-0.333411 0.276993 
-0.00607558 0.746026 
0.1167 0.750004 
-0.0290964 0.264805 
-0.0771962 0.266501 
-0.470738 0.243149 
0.119016 0.267222 
-0.30411 -0.0926448 
-0.257407 -0.0956874 
0.0709663 0.265025 
0.478056 0.62532 
0.416095 0.680702 
0.450315 0.654842 
0.397491 0.691691 
0.400944 0.332887 
0.380675 0.322441 
0.423311 0.346662 
0.515813 0.478027 
-0.52337 0.459562 
0.254886 0.283439 
0.210736 0.276185 
0.15711 0.748558 
0.19657 0.745628 
-0.412135 0.592982 
0.03502 0.748721 
0.258104 0.737403 
-0.0471818 0.741872 
-0.614668 0.180951 
0.230028 0.741776 
0.290744 0.730761 
-0.616646 0.155059 
0.164845 0.270819 
-0.605615 0.244775 
-0.54209 0.426612 
-0.377576 0.272579 
-0.495464 0.50138 
ZONE T="boundary5"
0.157381 -0.626457 
0.129105 -0.624703 
0.185683 -0.627303 
-0.51841 -0.230564 
-0.535551 -0.199328 
-0.588066 -0.0737194 
-0.594779 -0.0507369 
-0.469451 -0.305994 
-0.485194 -0.283829 
0.313786 -0.137521 
0.343284 -0.144648 
0.371141 -0.152516 
0.398428 -0.161531 
-0.612852 0.0405163 
-0.600668 -0.0275248 
-0.607604 0.00596725 
-0.56358 -0.140293 
-0.574634 -0.112729 
-0.55016 -0.170106 
-0.339813 -0.442353 
-0.31589 -0.461249 
0.59112 -0.409731 
0.594298 -0.38311 
-0.293666 -0.477484 
-0.27086 -0.492925 
-0.182782 -0.542469 
-0.205378 -0.53116 
-0.249444 -0.506381 
-0.227587 -0.519141 
-0.158322 -0.553727 
-0.133489 -0.564169 
0.0255624 -0.610691 
-0.000557718 -0.605241 
-0.0265063 -0.599023 
-0.0535448 -0.591659 
-0.0803279 -0.583435 
-0.107076 -0.574248 
-0.38629 -0.40087 
-0.414435 -0.37218 
0.465122 -0.568422 
0.484329 -0.556802 
-0.442435 -0.340403 
0.0764699 -0.619072 
0.102751 -0.622267 
0.491445 -0.206808 
0.284095 -0.131376 
-0.040224 -0.0999903 
0.0251538 -0.102773 
0.0581328 -0.104732 
0.448224 -0.182328 
0.423747 -0.171304 
0.549956 -0.497637 
0.252793 -0.125816 
0.0509595 -0.615237 
0.215572 -0.627169 
0.245412 -0.625927 
0.278762 -0.623125 
0.310729 -0.618895 
0.342052 -0.613101 
0.426757 -0.587053 
0.407909 -0.594411 
0.373649 -0.605356 
0.445285 -0.578729 
0.528305 -0.235199 
0.221406 -0.121021 
0.510497 -0.220358 
0.470337 -0.193928 
0.535051 -0.51488 
0.518835 -0.530554 
0.584634 -0.317054 
0.587155 -0.324831 
-0.500084 -0.261108 
0.581746 -0.309382 
0.542421 -0.249025 
0.555207 -0.263861 
0.574863 -0.294357 
0.565805 -0.278707 
0.584427 -0.434843 
0.574879 -0.458006 
0.590899 -0.339722 
0.5933 -0.354692 
0.563323 -0.478723 
0.0911478 -0.107091 
0.124007 -0.109862 
-0.00755969 -0.101205 
-0.362954 -0.42254 
0.156886 -0.113094 
0.189153 -0.11677 
0.502004 -0.544362 
0.143237 -0.625692 
0.171529 -0.626996 
-0.527128 -0.215028 
-0.591524 -0.0622578 
-0.477426 -0.294985 
0.328566 -0.140951 
0.384838 -0.156863 
-0.604356 -0.0108242 
-0.597828 -0.0391573 
-0.569247 -0.126567 
-0.557027 -0.15527 
-0.327945 -0.451919 
0.593198 -0.396484 
-0.282332 -0.485306 
-0.194125 -0.536905 
-0.238568 -0.51285 
-0.170599 -0.5482 
-0.145949 -0.55905 
-0.30485 -0.469466 
0.0124826 -0.608062 
-0.0135547 -0.602228 
-0.0669694 -0.587655 
-0.0937402 -0.578953 
-0.400549 -0.386707 
0.474824 -0.562775 
-0.456195 -0.323395 
0.0895995 -0.620764 
-0.428654 -0.356484 
0.0416451 -0.103704 
0.436066 -0.176638 
-0.260207 -0.49974 
-0.120325 -0.569321 
0.0382452 -0.613053 
-0.216531 -0.52524 
0.200628 -0.627371 
0.0637015 -0.617244 
0.262104 -0.624719 
0.230499 -0.626691 
0.32643 -0.616208 
0.417377 -0.590845 
0.357911 -0.609471 
0.436075 -0.583011 
0.268462 -0.128493 
0.298963 -0.134336 
0.357252 -0.148441 
0.501094 -0.213411 
0.45937 -0.187959 
0.58594 -0.320928 
-0.509404 -0.24593 
-0.0400546 -0.595449 
0.583234 -0.313202 
0.548981 -0.256301 
0.560679 -0.271163 
0.578478 -0.301792 
0.580013 -0.446575 
0.589191 -0.332237 
0.107581 -0.108422 
0.455283 -0.573729 
0.570526 -0.286423 
0.588201 -0.422405 
-0.492744 -0.272537 
-0.610464 0.023206 
-0.351482 -0.43256 
-0.374734 -0.411825 
-0.542997 -0.184788 
0.11592 -0.62358 
0.411151 -0.166254 
-0.0238912 -0.100555 
0.00879806 -0.101944 
0.140452 -0.111418 
0.173026 -0.114866 
0.0746431 -0.10586 
0.237112 -0.123332 
0.294772 -0.621206 
0.205288 -0.118819 
0.5355 -0.241973 
0.510552 -0.53762 
0.493277 -0.550738 
0.481002 -0.200188 
0.556879 -0.488351 
0.542704 -0.506433 
0.519552 -0.227598 
0.527111 -0.522892 
0.592262 -0.347182 
0.569388 -0.468527 
-0.581638 -0.0933236 
0.59437 -0.368886 
0.390885 -0.600213 
