ZONE T="boundary0"
-4 0.0533919 
-4 0.232613 
-4 0.268018 
-4 0.394372 
-4 0.433272 
-4 -0.166177 
-4 0.549972 
-4 0.662479 
-4 -0.019614 
-4 0.774986 
-4 -0.804894 
-4 -0.222424 
-4 -0.278672 
-4 -0.355292 
-4 -0.431912 
-4 0.161803 
-4 0.197208 
-4 0.126398 
-4 -0.52085 
-4 -0.609788 
-4 0.472172 
-4 -1 
-4 1 
-4 0.331195 
-4 0.250316 
-4 0.413822 
-4 0.606226 
-4 -0.250548 
-4 -0.393602 
-4 -0.194301 
-4 -0.0928954 
-4 0.214911 
-4 -0.565319 
-4 -0.902447 
-4 0.887493 
-4 -0.707341 
-4 -0.316982 
-4 0.299607 
-4 0.1441 
-4 0.0898948 
-4 0.179505 
-4 0.016889 
-4 0.362784 
-4 0.452722 
-4 0.511072 
-4 0.718733 
-4 -0.476381 
ZONE T="boundary1"
1.18484 1 
1.58765 1 
1.74705 1 
0.420189 1 
0.175655 1 
1.08927 1 
0.993708 1 
0.687749 1 
0.617514 1 
-0.0125019 1 
-0.0784312 1 
3.21841 1 
3.41398 1 
3.70699 1 
-0.982181 1 
-1.08346 1 
-3.33921 1 
-3.78655 1 
1.90645 1 
-2.47012 1 
-1.47534 1 
1.48694 1 
3.02284 1 
2.83569 1 
-3.5731 1 
-2.91358 1 
-3.10532 1 
-2.2184 1 
4 1 
0.355533 1 
-0.146372 1 
-0.214313 1 
0.263634 1 
0.114541 1 
0.145098 1 
0.484845 1 
-0.4123 1 
-0.356036 1 
-0.285174 1 
0.0204628 1 
0.219644 1 
-0.468564 1 
-0.53219 1 
-0.595817 1 
0.0534274 1 
0.55118 1 
-0.704167 1 
-0.830219 1 
-0.767193 1 
-0.9062 1 
0.934333 1 
0.874957 1 
0.757983 1 
0.81647 1 
1.38624 1 
-1.18475 1 
-1.33004 1 
-2.02842 1 
-4 1 
-1.83845 1 
-2.72183 1 
-1.65689 1 
2.22953 1 
2.64854 1 
2.43903 1 
0.0839843 1 
1.66735 1 
1.04149 1 
0.652631 1 
-0.0454666 1 
3.3162 1 
1.13706 1 
-1.03282 1 
1.5373 1 
3.12063 1 
2.92927 1 
-3.45615 1 
-3.00945 1 
-0.180342 1 
0.12982 1 
-0.249743 1 
-0.320605 1 
-0.112402 1 
0.241639 1 
0.197649 1 
0.452517 1 
-0.440432 1 
-0.384168 1 
0.160376 1 
0.518012 1 
0.387861 1 
0.309583 1 
-0.798706 1 
-0.94419 1 
0.96402 1 
0.787227 1 
0.722866 1 
1.28554 1 
-1.13411 1 
1.43659 1 
-1.40269 1 
1.82675 1 
-2.34426 1 
-1.56612 1 
-3.67983 1 
-3.22226 1 
2.06799 1 
2.74211 1 
2.54379 1 
2.33428 1 
-1.93344 1 
-3.89328 1 
-2.81771 1 
-2.59598 1 
3.56049 1 
-1.74767 1 
3.8535 1 
0.0687058 1 
0.0992627 1 
0.00398042 1 
0.0369451 1 
0.845713 1 
0.584347 1 
-0.564004 1 
-0.500377 1 
-0.868209 1 
-0.649992 1 
0.904645 1 
-0.73568 1 
-1.2574 1 
-2.12341 1 
ZONE T="boundary2"
4 0.00183688 
4 0.267879 
4 0.320989 
4 -1 
4 -0.761116 
4 0.0870114 
4 0.21477 
4 -0.522231 
4 -0.427108 
4 -0.641673 
4 0.821562 
4 1 
4 -0.0833377 
4 0.445892 
4 -0.17088 
4 -0.141699 
4 -0.266023 
4 -0.200061 
4 -0.379547 
4 -0.331985 
4 0.643125 
4 0.383441 
4 0.150891 
4 0.544509 
4 -0.233042 
4 -0.299004 
4 0.18283 
4 0.294434 
4 -0.880558 
4 -0.47467 
4 -0.701394 
4 0.910781 
4 -0.15629 
4 -0.355766 
4 -0.581952 
4 -0.0407504 
4 0.732344 
4 0.241325 
4 0.118951 
4 0.352215 
4 0.414667 
4 0.495201 
4 0.593817 
4 -0.249532 
4 -0.216551 
4 -0.282514 
4 -0.315495 
4 -0.112518 
4 -0.18547 
4 -0.403327 
4 0.0444242 
4 0.16686 
4 0.1988 
ZONE T="boundary3"
-3.58795 -1 
-3.79397 -1 
-1.48701 -1 
-1.93205 -1 
-1.74907 -1 
3.79823 -1 
3.59646 -1 
4 -1 
-0.821772 -1 
0.0570448 -1 
0.256689 -1 
-1.14555 -1 
1.69019 -1 
1.97788 -1 
-0.0165644 -1 
-2.96729 -1 
2.72089 -1 
2.49323 -1 
1.52008 -1 
-2.75368 -1 
-2.54006 -1 
-1.37134 -1 
3.29381 -1 
2.9569 -1 
-2.32754 -1 
0.622438 -1 
-0.0891798 -1 
0.124631 -1 
0.192217 -1 
0.32116 -1 
0.545103 -1 
0.694125 -1 
0.765811 -1 
0.467768 -1 
0.957923 -1 
1.01031 -1 
-0.579251 -1 
-0.459589 -1 
-0.339927 -1 
0.905541 -1 
-0.250861 -1 
1.23252 -1 
-0.700512 -1 
1.1738 -1 
1.34998 -1 
3.39469 -1 
-1.03542 -1 
-0.928595 -1 
-1.25568 -1 
-4 -1 
-2.11502 -1 
2.26558 -1 
-3.18774 -1 
3.19292 -1 
-3.38784 -1 
0.835676 -1 
-0.161795 -1 
0.394464 -1 
1.11507 -1 
-3.69096 -1 
-1.84056 -1 
3.69735 -1 
1.83403 -1 
1.60513 -1 
-2.86048 -1 
-1.42918 -1 
-2.4338 -1 
0.0202402 -1 
-0.0528721 -1 
0.0908378 -1 
0.158424 -1 
0.224453 -1 
0.729968 -1 
0.288925 -1 
0.58377 -1 
0.984114 -1 
-0.51942 -1 
-0.295394 -1 
0.506435 -1 
-0.399758 -1 
3.89912 -1 
-0.761142 -1 
1.20316 -1 
1.29125 -1 
3.49558 -1 
-1.09048 -1 
-0.639881 -1 
-0.982006 -1 
-1.20061 -1 
-0.875183 -1 
-1.31351 -1 
-1.61804 -1 
-3.89699 -1 
-2.22128 -1 
-2.02354 -1 
-2.64687 -1 
2.60706 -1 
2.3794 -1 
1.43503 -1 
-3.07751 -1 
2.8389 -1 
3.07491 -1 
-3.4879 -1 
-3.28779 -1 
0.658281 -1 
0.800744 -1 
0.870609 -1 
-0.206328 -1 
0.431116 -1 
0.357812 -1 
1.06269 -1 
1.14443 -1 
-0.125487 -1 
0.931732 -1 
3.24337 -1 
3.34425 -1 
2.12173 -1 
ZONE T="boundary4"
-0.579131 0.0439704 
-0.581072 0.0612785 
-0.558477 0.291826 
0.452222 0.66045 
-0.579144 0.191245 
-0.570969 0.241285 
0.534639 0.469618 
-0.360729 0.178438 
-0.373107 0.151651 
-0.30741 0.627753 
-0.282481 0.642731 
-0.179829 -0.0788551 
-0.22422 -0.0685522 
-0.0138104 -0.0925427 
0.0300852 -0.0943074 
-0.0963458 -0.088507 
0.433817 0.67311 
-0.138537 -0.0847797 
0.424006 0.328575 
0.0741831 -0.0964695 
-0.053074 0.273518 
-0.0169261 0.271849 
-0.583259 0.141964 
-0.583771 0.113977 
-0.583401 0.0962914 
-0.581625 0.167575 
-0.565369 0.266326 
-0.550411 0.317074 
-0.256772 0.656532 
-0.528412 0.372146 
-0.51779 0.394254 
-0.540352 0.344183 
-0.313032 -0.0252567 
-0.267048 -0.0527322 
0.363072 0.301638 
-0.421926 0.532476 
-0.388472 0.565718 
-0.370259 0.581709 
-0.350619 0.597518 
-0.452764 0.496422 
-0.467292 0.477198 
-0.375932 0.0653688 
-0.379888 0.122917 
-0.351261 0.0139289 
-0.330294 0.612467 
-0.323097 0.221807 
-0.0551849 -0.090819 
-0.283949 0.246226 
-0.241233 0.261775 
-0.202129 0.269815 
-0.0891018 0.274787 
-0.227574 0.670391 
-0.0928561 0.714476 
-0.0553666 0.722161 
-0.016189 0.728502 
0.0629197 0.736669 
0.102653 0.738609 
-0.494093 0.436894 
0.0233215 0.733317 
0.537558 0.492828 
0.516625 0.419187 
0.522877 0.432076 
0.528101 0.445395 
0.374681 0.702462 
0.354043 0.709798 
0.530815 0.551833 
0.394889 0.693997 
0.414492 0.684337 
0.537525 0.513315 
0.535243 0.53275 
0.524602 0.569692 
0.0227267 0.270048 
0.0626035 0.268676 
0.473063 0.363757 
0.487023 0.377674 
0.499587 0.392678 
0.395088 0.314115 
0.181874 0.738119 
0.314039 0.720945 
0.48373 0.632439 
0.468518 0.647173 
0.334188 0.715789 
0.456176 0.349668 
0.517067 0.585958 
0.508644 0.405599 
0.437621 0.33674 
0.508336 0.601023 
0.496652 0.617453 
-0.197589 0.682822 
0.234368 0.274448 
0.156098 0.268857 
0.109209 0.268049 
-0.125776 0.275142 
-0.16409 0.694788 
-0.129914 0.705136 
-0.162151 0.273916 
0.220295 0.735558 
0.142353 0.739116 
0.409979 0.321122 
0.379889 0.307792 
0.346013 0.296182 
0.311022 0.287066 
0.272688 0.279679 
0.195197 0.270899 
0.27644 0.728461 
0.248441 0.732549 
-0.580166 0.0526172 
-0.57553 0.216342 
-0.367613 0.165288 
-0.295038 0.635394 
-0.202162 -0.0742923 
0.00813427 -0.093402 
0.443146 0.666964 
-0.159235 -0.082161 
0.0521336 -0.0953165 
-0.0350018 0.272705 
-0.583682 0.127974 
-0.583654 0.105133 
-0.582579 0.154778 
-0.554585 0.304495 
-0.269709 0.649785 
-0.562069 0.279115 
-0.52321 0.383253 
-0.534554 0.358238 
-0.245924 -0.0614245 
-0.37945 0.573809 
-0.360526 0.58972 
-0.405537 0.549436 
-0.460125 0.486883 
-0.545542 0.330688 
-0.380766 0.0939453 
-0.36591 0.0385365 
-0.340538 0.605102 
-0.318942 0.620244 
-0.377212 0.137524 
-0.343862 0.201821 
-0.0345028 -0.0917188 
-0.262939 0.254957 
-0.221799 0.266365 
-0.580498 0.179422 
-0.0741515 0.718519 
0.0827797 0.737816 
0.519878 0.425578 
0.364411 0.706265 
0.53649 0.481179 
0.404769 0.689324 
0.533292 0.542355 
0.527939 0.560845 
-0.582501 0.0787673 
0.00289546 0.270918 
0.480196 0.370565 
0.476288 0.639976 
0.384847 0.698376 
0.34415 0.712904 
0.32414 0.718469 
0.521027 0.577916 
0.460506 0.653979 
0.504247 0.399056 
0.537845 0.503075 
0.536656 0.523067 
0.447036 0.343011 
0.512867 0.593588 
0.424257 0.678899 
0.502693 0.609381 
0.493481 0.385033 
0.0426594 0.269285 
-0.242262 0.663648 
-0.212658 0.676791 
0.132652 0.26825 
-0.0710876 0.274232 
-0.10744 0.27512 
-0.147063 0.700164 
-0.290817 -0.0402988 
-0.180915 0.689018 
-0.143973 0.274771 
-0.30425 0.235187 
-0.182185 0.272291 
0.00354491 0.731097 
0.0431072 0.735171 
-0.117464 -0.0868683 
-0.0358087 0.725531 
0.122503 0.739045 
0.0858992 0.268207 
-0.0757749 -0.0897767 
-0.333579 -0.00706256 
0.512771 0.412308 
0.525619 0.438681 
0.490358 0.625091 
0.464779 0.356525 
0.531802 0.457396 
0.417042 0.324763 
0.430867 0.332565 
0.387525 0.310872 
0.402574 0.31753 
0.354571 0.298827 
0.371512 0.304624 
0.328594 0.291324 
0.291909 0.283082 
0.253558 0.276827 
0.214798 0.272469 
-0.506364 0.415808 
-0.111439 0.710022 
0.162121 0.738813 
0.2011 0.737047 
-0.568299 0.253834 
0.175653 0.269707 
-0.481096 0.457313 
0.262462 0.730648 
0.234382 0.734181 
0.295302 0.725007 
-0.437709 0.514759 
ZONE T="boundary5"
-0.110994 -0.537961 
-0.56101 -0.0442354 
-0.55425 -0.0664112 
-0.465548 -0.246454 
-0.0607077 -0.557419 
-0.0862455 -0.547993 
-0.408413 -0.322354 
-0.38088 -0.352681 
-0.330606 -0.400734 
-0.353336 -0.380052 
-0.435094 -0.289464 
-0.573896 0.0105583 
-0.579131 0.0439704 
-0.307085 -0.420536 
-0.566936 -0.021811 
0.111767 -0.598941 
0.0875871 -0.59531 
-0.516036 -0.159217 
-0.529567 -0.130554 
-0.0348655 -0.56604 
-0.482216 -0.220127 
-0.501301 -0.187266 
-0.540712 -0.104017 
0.421038 -0.161355 
-0.447916 -0.272145 
0.578771 -0.430493 
0.586082 -0.407255 
-0.135394 -0.527161 
-0.15773 -0.516443 
-0.17972 -0.505073 
0.398411 -0.152293 
0.374392 -0.143907 
-0.220655 -0.481587 
-0.24173 -0.468226 
0.0635279 -0.591006 
0.137528 -0.602044 
0.0393891 -0.58599 
-0.200364 -0.493621 
-0.00984102 -0.573544 
0.0154123 -0.580305 
-0.285028 -0.437768 
-0.262371 -0.454233 
0.163377 -0.604355 
0.0741831 -0.0964695 
0.215364 -0.109422 
0.243318 -0.113539 
0.191362 -0.60593 
0.219385 -0.606509 
0.248393 -0.606001 
0.47925 -0.544399 
0.371663 -0.588927 
0.341172 -0.595739 
0.311025 -0.600663 
0.496572 -0.532802 
0.42312 -0.572362 
0.404826 -0.579074 
0.531236 -0.232089 
0.516525 -0.218725 
0.349814 -0.136436 
0.323823 -0.129572 
0.297644 -0.123576 
0.270522 -0.118197 
0.441139 -0.564717 
0.460478 -0.555191 
0.500066 -0.205742 
0.482673 -0.193768 
0.463264 -0.182089 
0.513117 -0.519895 
0.557233 -0.471378 
0.568904 -0.452037 
0.529116 -0.505223 
0.54389 -0.489075 
0.564901 -0.273559 
0.544824 -0.246451 
0.555437 -0.259619 
0.587494 -0.329568 
0.589798 -0.343132 
0.591003 -0.356777 
0.590305 -0.382768 
0.583882 -0.315484 
0.102445 -0.0982174 
0.130771 -0.100335 
0.15907 -0.102876 
0.187403 -0.105903 
0.280335 -0.604047 
0.579089 -0.301744 
0.572618 -0.287347 
0.443022 -0.171448 
-0.557732 -0.0553549 
-0.0735143 -0.552807 
-0.394849 -0.337701 
-0.342071 -0.390503 
-0.576754 0.0272266 
-0.318941 -0.410748 
-0.57064 -0.00567444 
0.0996643 -0.597211 
-0.52296 -0.144961 
-0.0478208 -0.561831 
-0.491938 -0.203801 
-0.564079 -0.0330514 
-0.547771 -0.0853191 
-0.53528 -0.117345 
-0.44157 -0.280853 
0.582802 -0.418995 
-0.123237 -0.532658 
-0.146602 -0.521885 
-0.168768 -0.51084 
0.386447 -0.14797 
-0.231244 -0.474987 
0.0514409 -0.588582 
-0.190083 -0.499421 
-0.0986595 -0.543074 
-0.0223815 -0.569885 
0.0273807 -0.583231 
-0.252105 -0.461309 
0.150443 -0.6033 
-0.296132 -0.429248 
0.229351 -0.111403 
0.409778 -0.156692 
-0.273771 -0.446099 
-0.210553 -0.487677 
0.124636 -0.60059 
0.00276033 -0.577019 
0.177363 -0.605264 
0.205371 -0.606347 
0.233892 -0.6064 
0.0755425 -0.593242 
0.356471 -0.592568 
0.488012 -0.538751 
0.414013 -0.575827 
0.326132 -0.598406 
0.524001 -0.225276 
0.336848 -0.132889 
0.362139 -0.140053 
0.284101 -0.120792 
0.310756 -0.126473 
0.432179 -0.568656 
0.508406 -0.212095 
0.473057 -0.187783 
0.504966 -0.526505 
0.563327 -0.461866 
0.536686 -0.497318 
0.55078 -0.480392 
0.538175 -0.239135 
-0.456862 -0.25939 
0.55026 -0.252933 
0.588783 -0.336328 
0.59114 -0.369789 
0.491463 -0.199621 
0.38834 -0.584318 
0.11661 -0.0992268 
0.173242 -0.104326 
0.0883151 -0.0973019 
0.450882 -0.560102 
0.201391 -0.107593 
0.295701 -0.602547 
-0.367277 -0.366536 
0.264376 -0.605213 
0.256933 -0.115785 
0.144924 -0.101549 
0.585836 -0.322483 
0.581633 -0.308571 
0.568912 -0.280378 
0.576012 -0.294469 
0.56032 -0.266489 
0.469954 -0.549952 
0.52127 -0.512728 
0.574158 -0.441415 
0.588616 -0.395088 
0.432096 -0.166258 
0.453217 -0.17663 
-0.473994 -0.233363 
-0.508812 -0.173317 
-0.421991 -0.306101 
0.590537 -0.349943 
