ZONE T="boundary0"
-4 -0.6691 
-4 -0.7794 
-4 -0.330746 
-4 -0.262156 
-4 -0.210565 
-4 -0.158975 
-4 0.309816 
-4 0.512137 
-4 0.756069 
-4 1 
-4 0.35993 
-4 -0.433334 
-4 -0.5588 
-4 0.12721 
-4 0.0315738 
-4 -0.38204 
-4 -0.0280882 
-4 -0.0935314 
-4 0.634103 
-4 -1 
-4 0.436034 
-4 0.211443 
-4 0.163184 
-4 0.0912358 
-4 0.259703 
-4 -0.72425 
-4 -0.296451 
-4 -0.236361 
-4 0.878034 
-4 -0.496067 
-4 -0.407687 
-4 -0.356393 
-4 -0.126253 
-4 -0.18477 
-4 0.57312 
-4 -0.8897 
-4 -0.0608098 
-4 0.474085 
-4 0.187314 
-4 0.109223 
-4 0.145197 
-4 0.235573 
-4 0.28476 
-4 0.00174284 
-4 0.0614048 
-4 0.334873 
-4 0.397982 
-4 -0.61395 
-4 0.695086 
ZONE T="boundary1"
-3.75812 1 
1.46612 1 
1.57193 1 
1.0658 1 
1.67775 1 
-4 1 
-0.702388 1 
3.80457 1 
-0.817682 1 
1.3603 1 
1.26371 1 
-1.45729 1 
-1.55366 1 
0.858798 1 
1.16713 1 
-1.36093 1 
-2.36455 1 
-2.93095 1 
-3.1106 1 
-2.7513 1 
-2.55793 1 
-3.31342 1 
2.16006 1 
3.41372 1 
-3.51625 1 
3.60915 1 
-0.348195 1 
0.5287 1 
0.325438 1 
-0.268146 1 
-0.200154 1 
-0.0606415 1 
-0.132162 1 
0.010879 1 
0.156248 1 
0.0835636 1 
-0.587093 1 
-0.94171 1 
-0.507668 1 
0.240843 1 
-1.18121 1 
-1.06146 1 
-0.428243 1 
0.640913 1 
0.753126 1 
0.96447 1 
1.78356 1 
3.21829 1 
2.89869 1 
1.97181 1 
-1.71509 1 
2.5791 1 
2.36958 1 
-1.27107 1 
-1.87652 1 
-2.12054 1 
4 1 
1.51902 1 
1.62484 1 
-0.760035 1 
1.31201 1 
-1.50548 1 
1.21542 1 
-1.40911 1 
-3.02078 1 
-2.65462 1 
-2.84113 1 
-3.63719 1 
-3.41484 1 
3.70686 1 
-2.46124 1 
0.427069 1 
-0.23415 1 
-0.0964018 1 
0.119906 1 
-0.64474 1 
-0.879696 1 
-0.54738 1 
-1.12134 1 
-0.308171 1 
0.584807 1 
0.283141 1 
1.01513 1 
1.11646 1 
1.73066 1 
0.911634 1 
3.05849 1 
1.87769 1 
3.31601 1 
-1.63437 1 
2.73889 1 
2.47434 1 
-1.316 1 
2.06594 1 
-1.99853 1 
-2.24254 1 
3.90229 1 
2.26482 1 
-3.21201 1 
-0.0248813 1 
0.0472213 1 
-0.166158 1 
0.198546 1 
-0.388219 1 
-0.467956 1 
-1.22614 1 
3.51143 1 
0.805962 1 
0.69702 1 
1.41321 1 
-1.79581 1 
-1.00159 1 
-3.87906 1 
ZONE T="boundary2"
4 -0.395894 
4 -0.273146 
4 -0.220621 
4 -0.168955 
4 -0.117289 
4 0.196802 
4 0.236995 
4 0.282703 
4 0.353046 
4 0.534827 
4 0.621633 
4 0.0207955 
4 0.15661 
4 -0.819299 
4 0.400534 
4 0.448022 
4 -0.0482468 
4 0.0887025 
4 0.716225 
4 -0.466117 
4 -1 
4 -0.638599 
4 0.810816 
4 1 
4 -0.325671 
4 -0.246884 
4 -0.143122 
4 0.216899 
4 0.317874 
4 0.57823 
4 0.176706 
4 0.424278 
4 -0.082768 
4 0.122656 
4 -0.0137257 
4 -0.194788 
4 0.668929 
4 -0.728949 
4 0.905408 
4 0.259849 
4 0.054749 
4 0.37679 
4 -0.299409 
4 -0.360783 
4 -0.431005 
4 -0.552358 
4 -0.90965 
4 0.491425 
4 0.76352 
ZONE T="boundary3"
0.15539 -1 
1.55832 -1 
1.63487 -1 
0.0462912 -1 
-0.625623 -1 
0.873625 -1 
0.983766 -1 
-0.153753 -1 
-0.430519 -1 
-0.291867 -1 
0.547135 -1 
-0.953864 -1 
-3.55261 -1 
-3.7763 -1 
-3.20075 -1 
3.522 -1 
-2.12007 -1 
-1.93333 -1 
1.84911 -1 
2.5018 -1 
-2.75549 -1 
-2.97812 -1 
-2.3068 -1 
3.6415 -1 
3.25943 -1 
2.99687 -1 
-2.53115 -1 
2.74933 -1 
-0.0699972 -1 
0.00752844 -1 
0.369046 -1 
0.45809 -1 
0.225726 -1 
0.297386 -1 
0.0850541 -1 
0.655309 -1 
0.763483 -1 
-0.22281 -1 
-0.528071 -1 
0.818554 -1 
1.097 -1 
1.21024 -1 
-4 -1 
-0.732684 -1 
-0.839745 -1 
-1.06798 -1 
2.06335 -1 
1.346 -1 
1.48176 -1 
-1.68348 -1 
-1.6002 -1 
2.28257 -1 
-3.37668 -1 
-1.76676 -1 
-1.45484 -1 
-1.30949 -1 
-1.18874 -1 
3.761 -1 
4 -1 
1.59659 -1 
0.928695 -1 
-0.361193 -1 
-3.66446 -1 
-2.0267 -1 
-2.86681 -1 
3.12815 -1 
2.8731 -1 
-0.0312344 -1 
0.413568 -1 
-0.111875 -1 
0.261556 -1 
0.120222 -1 
0.502612 -1 
0.601222 -1 
0.333216 -1 
0.190558 -1 
0.0656724 -1 
-0.576847 -1 
-0.479295 -1 
0.709396 -1 
-0.679153 -1 
1.15362 -1 
-0.786214 -1 
1.04039 -1 
1.95623 -1 
1.41388 -1 
-0.896804 -1 
2.62557 -1 
-1.01092 -1 
-1.64184 -1 
2.17296 -1 
-3.08944 -1 
-3.28872 -1 
-2.64332 -1 
-1.85004 -1 
-1.38217 -1 
-3.46464 -1 
-1.12836 -1 
3.39071 -1 
-3.88815 -1 
1.74199 -1 
3.70125 -1 
3.58175 -1 
3.8805 -1 
-2.41898 -1 
-2.21344 -1 
-0.188282 -1 
-0.257339 -1 
0.0269099 -1 
0.846089 -1 
0.791019 -1 
1.27812 -1 
1.52004 -1 
-1.24911 -1 
-1.52752 -1 
2.39219 -1 
-1.72512 -1 
ZONE T="boundary4"
0.613 0.12991 
0.600288 0.149349 
-0.509598 0.358384 
-0.103798 0.446157 
-0.0785418 0.438649 
-0.54082 0.322317 
0.530327 0.220677 
0.550719 0.203853 
-0.626775 0.0475227 
-0.627342 0.0711114 
-0.624821 0.0242161 
-0.554584 0.303211 
-0.608422 0.190482 
-0.603517 0.205211 
-0.324306 0.460967 
-0.492216 0.375097 
-0.347418 0.455379 
-0.626482 0.0949321 
-0.624164 0.118881 
0.624164 0.10922 
-0.620373 0.142863 
-0.617232 0.157931 
-0.592043 0.234496 
-0.584622 0.250794 
-0.576554 0.266743 
-0.434654 0.417835 
-0.413884 0.429389 
-0.203511 0.466174 
-0.566042 0.285281 
-0.473897 0.390618 
-0.454708 0.404873 
0.650372 -0.0211523 
0.650667 -0.00582449 
0.646628 0.0396086 
-0.392305 0.439563 
-0.370209 0.448206 
-0.276766 0.467549 
-0.252473 0.468551 
-0.300621 0.465041 
-0.228172 0.468076 
-0.178927 0.462956 
-0.154011 0.45846 
-0.129139 0.452858 
-0.0524499 0.430217 
0.382394 0.297388 
0.409766 0.287395 
-0.525972 0.340565 
0.309129 0.319449 
0.337571 0.311482 
0.360074 0.304697 
0.570005 0.185486 
0.477757 0.255451 
0.457425 0.2663 
0.504546 0.239069 
0.436648 0.276168 
0.0569854 0.39198 
0.0858719 0.382195 
0.000858839 0.411734 
0.028124 0.402071 
-0.0264137 0.421328 
0.212621 0.344664 
0.280519 0.327033 
0.147487 0.36284 
0.180075 0.353491 
0.116669 0.372242 
0.64881 0.0246008 
0.643583 0.0545207 
0.639085 0.0712126 
0.633553 0.0874168 
0.650157 0.00936207 
0.585778 0.168058 
0.517602 0.23011 
0.246639 0.33579 
-0.598106 0.219759 
0.606843 0.13976 
-0.0911464 0.442488 
0.540663 0.212438 
-0.627235 0.0593133 
-0.547841 0.312865 
-0.606033 0.197869 
-0.501037 0.366877 
-0.625504 0.106925 
-0.618873 0.150412 
-0.588414 0.242683 
-0.580672 0.258812 
-0.424365 0.423785 
-0.571419 0.276082 
-0.464417 0.397901 
0.650619 -0.0134903 
-0.483179 0.383003 
-0.40318 0.434659 
-0.38133 0.444071 
-0.358875 0.451986 
-0.444787 0.411519 
-0.264629 0.46824 
-0.288715 0.466487 
-0.335909 0.458367 
-0.191201 0.464721 
-0.14155 0.455783 
-0.0654756 0.4345 
-0.560431 0.294322 
-0.627092 0.0830288 
-0.21583 0.467297 
0.39613 0.292533 
-0.625971 0.0358554 
-0.116442 0.449616 
-0.517921 0.349601 
-0.53353 0.331551 
0.34884 0.308148 
0.323369 0.315529 
0.467656 0.260999 
0.491291 0.247492 
0.447091 0.271351 
0.0714161 0.387044 
0.0144907 0.406899 
-0.0127706 0.416551 
0.371258 0.301117 
-0.240321 0.468493 
0.163764 0.358098 
0.294835 0.323276 
-0.166446 0.460851 
0.647825 0.03212 
0.636452 0.0793599 
0.64959 0.0169908 
0.641472 0.0629038 
0.650514 0.00177218 
0.593218 0.158847 
0.645213 0.0470866 
0.629103 0.098424 
-0.312498 0.463201 
0.0425462 0.396999 
0.423276 0.281949 
0.524007 0.225454 
0.101253 0.377156 
0.132061 0.367475 
-0.0394184 0.425814 
0.263583 0.33142 
0.196338 0.349026 
0.229625 0.340199 
-0.61315 0.174295 
-0.595138 0.227154 
-0.600874 0.212507 
0.618806 0.119686 
0.560534 0.194852 
0.511115 0.234648 
0.57805 0.176916 
-0.622449 0.130901 
ZONE T="boundary5"
-0.545141 -0.178082 
-0.534315 -0.193002 
-0.485905 -0.250178 
-0.616928 -0.0213882 
-0.586324 -0.108017 
-0.624821 0.0242161 
-0.621524 0.00123297 
-0.555664 -0.162495 
-0.565617 -0.146536 
-0.575769 -0.128719 
0.535916 -0.317008 
0.55435 -0.290143 
-0.374023 -0.34364 
-0.100071 -0.463668 
-0.228573 -0.420825 
-0.252784 -0.410353 
-0.337059 -0.366828 
-0.317295 -0.378116 
-0.297233 -0.388862 
-0.611076 -0.0436251 
-0.355701 -0.355493 
-0.0731843 -0.47014 
-0.152799 -0.448543 
-0.178565 -0.439939 
-0.204066 -0.430602 
-0.498994 -0.23597 
0.448195 -0.402569 
0.469037 -0.386747 
-0.523031 -0.207571 
-0.442587 -0.291604 
-0.511208 -0.221942 
-0.604 -0.0654848 
-0.391922 -0.331315 
-0.595741 -0.0869442 
-0.457725 -0.278044 
-0.426233 -0.3053 
-0.409445 -0.318451 
-0.4724 -0.263983 
-0.275159 -0.399917 
0.602418 -0.195619 
0.590693 -0.221722 
0.50457 -0.354036 
0.650372 -0.0211523 
0.641835 -0.082134 
0.63378 -0.112378 
0.649299 -0.0364663 
0.623765 -0.142429 
0.515556 -0.342094 
0.0943815 -0.492164 
0.0655544 -0.490645 
0.00909279 -0.484903 
0.0372781 -0.488221 
-0.0461133 -0.475832 
-0.0185806 -0.48078 
0.123238 -0.492691 
0.152578 -0.492168 
0.211269 -0.487671 
0.181865 -0.490522 
0.359534 -0.450759 
0.270775 -0.477823 
0.300582 -0.470574 
0.388318 -0.437933 
0.330243 -0.461591 
0.426566 -0.416896 
0.407671 -0.427914 
0.493116 -0.365489 
0.525985 -0.329768 
0.644981 -0.0669854 
0.647491 -0.0517266 
0.562763 -0.276245 
0.578265 -0.247501 
0.613509 -0.16918 
-0.126547 -0.456482 
0.240977 -0.483475 
-0.539789 -0.185586 
-0.62334 0.0127008 
-0.619388 -0.0101103 
-0.570788 -0.137682 
0.545396 -0.303758 
-0.240716 -0.415676 
-0.3073 -0.383556 
-0.614158 -0.0325476 
-0.346419 -0.361224 
-0.165713 -0.444333 
-0.191349 -0.435362 
-0.492501 -0.243121 
0.458746 -0.394829 
-0.528728 -0.200329 
-0.505149 -0.228998 
-0.383018 -0.337543 
-0.59117 -0.0975419 
-0.434468 -0.29852 
-0.450212 -0.284887 
-0.400733 -0.324951 
-0.465122 -0.271075 
-0.264007 -0.405212 
0.596634 -0.208705 
-0.560715 -0.154562 
0.638069 -0.0973249 
0.628974 -0.12747 
-0.607688 -0.0546035 
0.0799617 -0.491526 
0.0231725 -0.486672 
-0.00475937 -0.482946 
-0.0596696 -0.473085 
0.137911 -0.492566 
0.16723 -0.491489 
-0.581177 -0.118434 
0.285727 -0.474397 
0.374034 -0.444589 
0.344974 -0.456404 
0.417189 -0.422526 
0.481294 -0.376366 
-0.479206 -0.257133 
0.510125 -0.348122 
0.498903 -0.359822 
0.437493 -0.409903 
0.531015 -0.323439 
0.646319 -0.0593696 
0.520834 -0.335985 
-0.327216 -0.37254 
0.584582 -0.234661 
0.558619 -0.283233 
0.643484 -0.0745753 
-0.364904 -0.349631 
-0.417892 -0.311942 
-0.51717 -0.214799 
0.398056 -0.433043 
-0.600015 -0.0762697 
0.618757 -0.15585 
0.648484 -0.0441069 
0.64993 -0.0288159 
-0.550471 -0.170334 
-0.286235 -0.394468 
-0.0866512 -0.467001 
-0.113335 -0.46017 
0.108808 -0.492554 
0.255911 -0.480832 
0.226148 -0.485741 
0.608053 -0.182437 
-0.216354 -0.4258 
-0.0323654 -0.478409 
0.315477 -0.466297 
0.196583 -0.489251 
-0.139701 -0.452607 
0.0514066 -0.489546 
0.570728 -0.26199 
