ZONE T="boundary0"
-4 -0.378633 
-4 -0.431912 
-4 -0.325353 
-4 -0.231991 
-4 -0.278086 
-4 0.644609 
-4 0.822304 
-4 0.246222 
-4 0.1371 
-4 -0.804894 
-4 -1 
-4 1 
-4 0.268018 
-4 -0.185896 
-4 -0.609788 
-4 -0.52085 
-4 0.191661 
-4 0.289815 
-4 0.0611348 
-4 -0.01483 
-4 0.333408 
-4 0.502654 
-4 0.455336 
-4 0.394372 
-4 -0.100363 
-4 0.549972 
-4 -0.405273 
-4 -0.351993 
-4 -0.255038 
-4 0.733456 
-4 -0.902447 
-4 0.25712 
-4 -0.565319 
-4 0.16438 
-4 0.0991172 
-4 0.0231524 
-4 0.478995 
-4 -0.0575964 
-4 0.911152 
-4 0.218941 
-4 0.278917 
-4 0.311612 
-4 0.36389 
-4 0.424854 
-4 0.526313 
-4 -0.208943 
-4 -0.30172 
-4 -0.476381 
-4 -0.143129 
-4 -0.707341 
-4 0.59729 
ZONE T="boundary1"
0.352269 1 
0.418105 1 
1.58765 1 
0.874957 1 
0.832524 1 
0.91739 1 
0.993708 1 
-0.214313 1 
-0.356036 1 
0.747657 1 
-2.05365 1 
4 1 
3.5738 1 
3.7869 1 
1.44365 1 
1.29965 1 
-2.40837 1 
-2.5651 1 
3.25416 1 
3.41398 1 
2.83569 1 
-2.72183 1 
-2.91358 1 
-3.5731 1 
-3.33921 1 
-3.78655 1 
-4 1 
-1.64848 1 
2.64854 1 
2.43903 1 
0.0534274 1 
-0.146059 1 
0.551585 1 
0.619229 1 
-0.0108039 1 
0.175655 1 
0.233651 1 
0.117659 1 
0.29296 1 
0.483942 1 
-0.282567 1 
-0.429505 1 
-0.468564 1 
-0.507622 1 
-0.546681 1 
-0.585739 1 
-0.0784312 1 
0.683443 1 
1.07003 1 
1.18484 1 
-0.704167 1 
-0.971518 1 
-0.763381 1 
-0.822595 1 
-0.897057 1 
-1.16309 1 
-1.0673 1 
-1.4413 1 
-1.30219 1 
-3.10532 1 
1.90645 1 
1.74705 1 
2.22953 1 
2.06799 1 
3.02284 1 
-0.644953 1 
0.385187 1 
0.85374 1 
0.955549 1 
3.68035 1 
1.37165 1 
-2.48674 1 
3.33407 1 
-3.89328 1 
2.54379 1 
-0.180186 1 
0.0213118 1 
0.585407 1 
0.204653 1 
0.146657 1 
0.79009 1 
0.451023 1 
0.0855431 1 
-0.24844 1 
-0.39277 1 
-0.319301 1 
-0.488093 1 
0.517763 1 
-0.56621 1 
-0.112245 1 
-0.0446176 1 
1.03187 1 
1.12743 1 
0.263305 1 
0.322614 1 
1.24225 1 
-0.733774 1 
-0.859826 1 
-1.1152 1 
-1.37175 1 
-3.45615 1 
-3.67983 1 
3.49389 1 
-1.54489 1 
-1.85106 1 
-3.00945 1 
1.51565 1 
1.82675 1 
1.66735 1 
2.14876 1 
1.98722 1 
2.33428 1 
-3.22226 1 
3.1385 1 
-2.81771 1 
3.89345 1 
2.92927 1 
2.74211 1 
-2.23101 1 
0.896173 1 
0.71555 1 
-0.792988 1 
-1.01941 1 
0.651336 1 
-0.527151 1 
-0.449034 1 
-0.67456 1 
-0.615346 1 
-0.934287 1 
-1.23264 1 
-2.64347 1 
ZONE T="boundary2"
4 -0.141699 
4 -0.0833377 
4 0.0543571 
4 0.0870114 
4 0.21477 
4 0.244565 
4 0.184974 
4 0.61725 
4 0.15232 
4 0.304155 
4 -0.233042 
4 -0.522231 
4 1 
4 0.808625 
4 -1 
4 -0.679234 
4 0.27436 
4 0.119666 
4 0.431082 
4 0.367619 
4 0.524166 
4 -0.266023 
4 -0.331985 
4 -0.427108 
4 -0.200061 
4 -0.299004 
4 -0.112518 
4 0.0706843 
4 0.229667 
4 0.199872 
4 0.168647 
4 0.904313 
4 -0.839617 
4 0.289258 
4 0.135993 
4 0.103339 
4 -0.0144903 
4 0.259462 
4 0.39935 
4 0.477624 
4 0.570708 
4 0.712938 
4 -0.600733 
4 -0.47467 
4 -0.17088 
4 -0.216551 
4 -0.249532 
4 -0.315495 
4 -0.379547 
4 0.335887 
4 -0.282514 
ZONE T="boundary3"
-3.58795 -1 
-3.79397 -1 
0.905541 -1 
0.192217 -1 
-0.232775 -1 
0.977341 -1 
-0.829172 -1 
-0.44708 -1 
-0.593674 -1 
-3.38784 -1 
1.85685 -1 
1.69019 -1 
-1.13871 -1 
-1.37264 -1 
4 -1 
3.79823 -1 
-4 -1 
-1.60138 -1 
-1.50292 -1 
-2.96729 -1 
-2.74684 -1 
-2.54006 -1 
-2.33328 -1 
-1.69984 -1 
3.19292 -1 
2.72089 -1 
2.26558 -1 
2.49323 -1 
1.52352 -1 
2.9569 -1 
3.39469 -1 
0.38854 -1 
0.25378 -1 
0.32116 -1 
0.697881 -1 
0.622438 -1 
-0.0165644 -1 
0.546995 -1 
0.467768 -1 
-0.300486 -1 
0.130654 -1 
0.0570448 -1 
-0.0908148 -1 
-0.0536896 -1 
-0.165065 -1 
-0.711423 -1 
0.833742 -1 
0.765811 -1 
1.1348 -1 
1.37079 -1 
1.2528 -1 
1.44716 -1 
-1.03507 -1 
-1.24236 -1 
-3.18774 -1 
-2.11502 -1 
-1.89677 -1 
3.59646 -1 
-0.932121 -1 
-3.69096 -1 
0.941441 -1 
-0.520377 -1 
-3.4879 -1 
1.77352 -1 
3.89912 -1 
-3.89699 -1 
-1.55215 -1 
-2.85707 -1 
-2.43667 -1 
2.3794 -1 
2.06122 -1 
0.35485 -1 
0.660159 -1 
0.28747 -1 
0.507381 -1 
-0.26663 -1 
0.428154 -1 
0.161436 -1 
0.0938493 -1 
0.0202402 -1 
-0.12794 -1 
-0.19892 -1 
-0.652548 -1 
-0.373783 -1 
-0.770297 -1 
0.799777 -1 
1.05607 -1 
1.1938 -1 
-1.08689 -1 
-1.19054 -1 
-3.07751 -1 
-2.64345 -1 
-2.22415 -1 
-1.7983 -1 
2.60706 -1 
2.8389 -1 
1.60685 -1 
3.07491 -1 
0.869642 -1 
0.731846 -1 
0.222999 -1 
-0.035127 -1 
-0.0722522 -1 
0.584716 -1 
-3.28779 -1 
3.49558 -1 
-0.880646 -1 
-0.983596 -1 
-1.3075 -1 
1.31179 -1 
1.48534 -1 
1.40897 -1 
-1.43778 -1 
-1.65061 -1 
3.69735 -1 
-2.0059 -1 
3.29381 -1 
ZONE T="boundary4"
0.408737 0.311809 
0.453849 0.654938 
-0.557597 0.0636559 
-0.555659 0.0468866 
-0.55985 0.0975859 
-0.513949 0.337015 
-0.501581 0.363793 
0.188018 -0.0928663 
0.456463 0.337723 
-0.360913 0.547505 
-0.34309 0.562627 
0.00695751 -0.0717825 
-0.0286491 -0.0638899 
0.114013 -0.0853826 
0.0785682 -0.081802 
-0.10301 -0.0347055 
-0.0667322 -0.0517201 
0.150931 -0.0889541 
-0.557622 0.16666 
-0.554906 0.189574 
-0.560144 0.114727 
-0.546094 0.23796 
-0.53287 0.286709 
-0.540134 0.262134 
-0.46639 0.425546 
-0.490633 0.38492 
0.541052 0.452831 
-0.524425 0.310994 
-0.439246 0.463805 
-0.424647 0.482011 
-0.393908 0.5161 
-0.171912 0.0291689 
-0.141148 -0.00736873 
0.435067 0.666891 
-0.304281 0.591804 
-0.233732 0.634136 
-0.2583 0.620771 
-0.28222 0.60639 
-0.191008 0.074871 
-0.147137 0.212514 
-0.177829 0.173128 
-0.193498 0.12476 
-0.0445357 0.26216 
-0.205928 0.647711 
-0.17745 0.66007 
-0.145689 0.672195 
-0.042579 0.701411 
-0.00528949 0.708741 
0.18531 0.72402 
0.146972 0.72388 
0.375361 0.694159 
-0.0781748 0.692907 
0.021763 0.271142 
0.0535659 0.272651 
0.354719 0.700816 
0.415455 0.67741 
0.546088 0.496256 
-0.559463 0.141849 
0.334943 0.706175 
-0.551055 0.213522 
0.541491 0.53344 
0.536233 0.551423 
0.490168 0.365316 
0.476702 0.353008 
0.502348 0.378482 
0.470574 0.64233 
0.182712 0.273506 
0.545032 0.474917 
0.259663 0.277378 
0.533281 0.429057 
0.352433 0.292777 
0.322357 0.286042 
0.395663 0.686381 
0.499712 0.613954 
0.486279 0.628279 
0.314949 0.710706 
0.250329 0.72036 
0.222759 0.72256 
0.521308 0.40501 
0.529331 0.568358 
0.544768 0.515261 
0.434174 0.324167 
0.382078 0.301584 
0.521212 0.583851 
0.511957 0.598241 
0.290861 0.280902 
0.277821 0.717092 
0.115598 0.273221 
0.0907076 0.273205 
-0.113307 0.682931 
0.0433515 -0.0775641 
0.225229 0.274938 
-0.00984946 0.268098 
-0.0782466 0.252655 
-0.114572 0.236237 
0.140489 0.273188 
0.0322602 0.714618 
0.0703892 0.719129 
0.108651 0.722225 
-0.556696 0.0552635 
-0.559001 0.0806022 
-0.507935 0.350482 
-0.352075 0.555152 
-0.0109174 -0.0681595 
0.0962855 -0.0836419 
-0.0478592 -0.0583344 
-0.0851856 -0.0438831 
0.132473 -0.0871567 
-0.556383 0.178131 
-0.560068 0.106155 
-0.536648 0.274465 
-0.543244 0.250079 
-0.478915 0.405474 
-0.496214 0.374412 
-0.52879 0.298901 
-0.432036 0.47298 
-0.409605 0.499351 
-0.157795 0.00983503 
-0.122836 -0.0220941 
0.444574 0.661098 
-0.323974 0.577599 
-0.246087 0.627584 
-0.183354 0.0512283 
-0.187875 0.149661 
-0.191757 0.654047 
-0.219907 0.641082 
-0.161639 0.666314 
-0.0239708 0.705262 
0.16614 0.724146 
0.0376522 0.272053 
0.425354 0.672324 
-0.558686 0.154265 
0.34486 0.703604 
-0.519348 0.324069 
0.539099 0.542501 
-0.559979 0.128292 
0.483561 0.359024 
0.462338 0.648802 
0.169482 -0.090843 
0.337448 0.289173 
0.405629 0.68205 
0.493152 0.621264 
0.324969 0.70854 
0.385567 0.690414 
0.204043 0.723498 
0.47858 0.635476 
0.365082 0.69762 
0.496399 0.371769 
0.543405 0.463808 
0.532993 0.559976 
-0.548699 0.225767 
0.545693 0.505777 
0.395511 0.306428 
0.545896 0.48557 
0.466783 0.345101 
0.525449 0.576198 
0.506021 0.606243 
-0.553104 0.201568 
0.275282 0.278967 
0.236554 0.721586 
0.264092 0.718867 
0.103153 0.273231 
0.306644 0.283258 
-0.0957953 0.68811 
-0.270338 0.613711 
0.367338 0.296904 
0.0251191 -0.074896 
-0.0604201 0.697341 
0.242458 0.27599 
-0.129556 0.677738 
0.203977 0.27404 
0.0059377 0.26985 
-0.0272608 0.265521 
-0.0615354 0.257917 
-0.0967803 0.245267 
0.0513037 0.717051 
0.0895059 0.720855 
0.0134573 0.711858 
-0.131534 0.225308 
-0.164114 0.194092 
0.127804 0.723236 
-0.194498 0.0997036 
0.543371 0.524394 
0.516739 0.591146 
0.512385 0.391348 
0.445482 0.330677 
0.537594 0.440805 
0.421598 0.317696 
0.52774 0.416812 
0.296436 0.714196 
0.0609453 -0.0798034 
-0.453194 0.444942 
-0.377708 0.532115 
0.1616 0.273254 
0.128043 0.273199 
-0.293327 0.599213 
0.072135 0.273043 
ZONE T="boundary5"
-0.0672909 -0.519555 
0.120439 -0.570844 
0.257805 -0.10252 
-0.381497 -0.304681 
-0.395129 -0.289224 
-0.156878 -0.478086 
-0.543262 -0.0167718 
-0.539087 -0.0320351 
-0.555659 0.0468866 
0.280822 -0.106687 
0.303274 -0.111359 
-0.40831 -0.273387 
-0.421266 -0.256873 
-0.530264 -0.0598353 
-0.516367 -0.0960599 
-0.456321 -0.207288 
0.188018 -0.0928663 
-0.504924 -0.121571 
-0.0427357 -0.528874 
-0.114278 -0.49933 
-0.136704 -0.488506 
-0.215807 -0.443637 
-0.0915367 -0.509522 
-0.176761 -0.467152 
-0.196445 -0.455647 
0.0525818 -0.557477 
0.0748435 -0.562494 
0.169187 -0.576875 
0.55541 -0.44108 
0.00621478 -0.545028 
-0.0183893 -0.537304 
0.0293032 -0.551567 
-0.257808 -0.415024 
-0.237025 -0.429638 
0.234752 -0.0988925 
-0.353964 -0.333453 
-0.303268 -0.379601 
-0.280847 -0.397699 
-0.491035 -0.149067 
0.143748 -0.574107 
0.427688 -0.153042 
0.325613 -0.116693 
0.366161 -0.565679 
0.279685 -0.578555 
0.308717 -0.575841 
0.19472 -0.578802 
0.211371 -0.0956847 
-0.475913 -0.175914 
-0.43377 -0.240013 
0.46857 -0.525385 
0.0972479 -0.566921 
0.222086 -0.579881 
0.56543 -0.42157 
0.249493 -0.579885 
0.397643 -0.556878 
0.415037 -0.550825 
0.408879 -0.144487 
0.432192 -0.543896 
0.516481 -0.48956 
0.34713 -0.12257 
0.566201 -0.281251 
0.388847 -0.136436 
0.368434 -0.129205 
0.450633 -0.53523 
0.479319 -0.182961 
0.46293 -0.172259 
0.445911 -0.162402 
0.494276 -0.193973 
0.48516 -0.514786 
0.501054 -0.50298 
0.530805 -0.474805 
0.508482 -0.205779 
0.337259 -0.571652 
0.521086 -0.217624 
0.532881 -0.230215 
0.573257 -0.400634 
0.578476 -0.37869 
0.580837 -0.355521 
-0.550363 0.0145356 
0.552704 -0.256392 
0.543275 -0.24294 
-0.326555 -0.359377 
0.543849 -0.458664 
0.575209 -0.30658 
0.579895 -0.331343 
-0.388368 -0.297001 
-0.541229 -0.0244183 
0.292066 -0.108946 
-0.523614 -0.0780621 
-0.510789 -0.10888 
-0.12553 -0.493997 
-0.102943 -0.504506 
-0.186641 -0.461464 
0.0636961 -0.560059 
-0.0550478 -0.524305 
-0.0305931 -0.533177 
-0.00611544 -0.541255 
-0.247471 -0.422409 
0.246289 -0.100645 
-0.226468 -0.436716 
-0.292135 -0.388747 
0.0177368 -0.548376 
-0.49814 -0.1354 
0.156456 -0.575594 
0.132082 -0.572559 
-0.206166 -0.449706 
0.314463 -0.113939 
0.294218 -0.577381 
0.181945 -0.577947 
0.223069 -0.0972357 
-0.269401 -0.40646 
0.0409222 -0.554602 
-0.079451 -0.514628 
0.208398 -0.579471 
0.10883 -0.568964 
0.264597 -0.579401 
0.406376 -0.553954 
-0.445227 -0.223776 
0.378676 -0.132719 
0.357811 -0.125788 
0.269326 -0.104532 
0.336398 -0.119542 
0.441478 -0.539702 
0.398907 -0.140352 
0.486876 -0.188361 
-0.414847 -0.265177 
0.436858 -0.15761 
0.493215 -0.509028 
0.508903 -0.496427 
-0.146825 -0.483361 
0.501469 -0.199768 
0.471198 -0.177497 
0.351757 -0.568888 
0.514875 -0.211605 
0.527088 -0.223821 
0.560695 -0.431466 
0.576216 -0.389745 
-0.547045 -0.00117089 
0.1997 -0.0942335 
0.476955 -0.520226 
-0.427572 -0.248483 
0.454484 -0.167221 
0.548118 -0.249571 
0.381986 -0.561578 
0.418332 -0.148657 
0.0860309 -0.564782 
-0.166855 -0.472683 
-0.401777 -0.281354 
-0.315007 -0.369599 
0.235789 -0.580021 
0.323017 -0.573942 
-0.340413 -0.346577 
-0.4663 -0.191715 
-0.367919 -0.319248 
0.459682 -0.530454 
0.549853 -0.45002 
0.537517 -0.466889 
0.559927 -0.268564 
0.571203 -0.293738 
0.423658 -0.54747 
0.56966 -0.41122 
0.580804 -0.343415 
0.580051 -0.367145 
0.523804 -0.482339 
0.57802 -0.318872 
-0.48362 -0.162573 
0.538191 -0.23649 
-0.534855 -0.0459922 
-0.553261 0.0306701 
