ZONE T="boundary0"
-4 -0.358778 
-4 0.178878 
-4 0.330654 
-4 0.259703 
-4 0.371296 
-4 0.49322 
-4 -0.195228 
-4 -0.287062 
-4 0.0637484 
-4 0.121313 
-4 -0.142633 
-4 -0.0131446 
-4 -0.837977 
-4 1 
-4 -0.482091 
-4 -0.0900377 
-4 -0.675954 
-4 -0.579023 
-4 -1 
-4 0.688627 
-4 0.590924 
-4 0.411937 
-4 0.295179 
-4 0.350975 
-4 -0.241145 
-4 0.0925309 
-4 -0.16893 
-4 -0.32292 
-4 -0.420435 
-4 0.219291 
-4 0.150096 
-4 -0.116335 
-4 0.0253019 
-4 -0.0515912 
-4 -0.627488 
-4 -0.530557 
-4 -0.756966 
-4 -0.918989 
-4 0.844313 
-4 0.639775 
-4 0.391616 
-4 0.452579 
-4 0.542072 
ZONE T="boundary1"
0.866699 1 
1.936 1 
0.219096 1 
0.149875 1 
3.69294 1 
4 1 
-1.40005 1 
0.639122 1 
0.523968 1 
1.09874 1 
0.982717 1 
3.38587 1 
-3.51625 1 
-3.75812 1 
-4 1 
1.72654 1 
3.18355 1 
-3.26558 1 
2.98122 1 
-3.03033 1 
2.39217 1 
2.20776 1 
2.7789 1 
2.57658 1 
-2.79509 1 
-2.25936 1 
-2.52723 1 
-1.97459 1 
-0.199794 1 
-0.282066 1 
-0.692139 1 
-0.569333 1 
-0.364338 1 
-0.466836 1 
0.0806531 1 
0.313955 1 
0.0112883 1 
0.408814 1 
-0.814945 1 
-0.876547 1 
-0.99975 1 
-1.06135 1 
-1.19333 1 
-1.3253 1 
-0.0580765 1 
0.75291 1 
1.40672 1 
1.29636 1 
-1.4748 1 
-1.58232 1 
-1.12734 1 
-1.68983 1 
-1.83221 1 
-3.39091 1 
1.51708 1 
-0.128935 1 
-0.753542 1 
-0.938149 1 
0.184486 1 
3.84647 1 
0.581545 1 
1.04073 1 
3.5394 1 
-3.87906 1 
2.29996 1 
2.67774 1 
-2.39329 1 
-2.91271 1 
-2.11698 1 
-0.24093 1 
-0.415587 1 
0.0459707 1 
-0.630736 1 
0.115264 1 
0.266526 1 
0.361384 1 
-0.845746 1 
-1.03055 1 
-1.25931 1 
0.466391 1 
-0.518084 1 
0.696016 1 
1.19755 1 
-1.43743 1 
-1.36268 1 
-1.63607 1 
-1.52856 1 
-1.9034 1 
-3.63719 1 
2.88006 1 
3.28471 1 
3.08239 1 
-1.76102 1 
-3.45358 1 
2.07188 1 
-2.66116 1 
-3.14796 1 
1.83127 1 
1.62181 1 
1.4619 1 
1.35154 1 
-3.32824 1 
2.48437 1 
0.809804 1 
-0.0233941 1 
-0.0935059 1 
-0.164365 1 
-0.323202 1 
-0.72284 1 
-0.907348 1 
-0.96895 1 
-0.784244 1 
0.924708 1 
-1.16033 1 
-1.09435 1 
ZONE T="boundary2"
4 -0.463377 
4 -0.408623 
4 -0.518132 
4 -0.341852 
4 -0.679557 
4 -0.281318 
4 -0.225538 
4 0.198773 
4 0.275664 
4 0.237219 
4 -0.148997 
4 0.324514 
4 0.0232124 
4 0.10266 
4 0.373363 
4 1 
4 0.6221 
4 0.748067 
4 -1 
4 -0.056235 
4 0.434748 
4 0.496133 
4 -0.436 
4 -0.375237 
4 -0.598844 
4 -0.253428 
4 0.256441 
4 -0.187267 
4 0.0629361 
4 -0.839779 
4 0.874033 
4 -0.311585 
4 -0.102616 
4 -0.0165113 
4 0.348939 
4 0.300089 
4 0.404056 
4 0.465441 
4 0.217996 
4 0.150717 
4 -0.490754 
4 0.685083 
4 0.559117 
ZONE T="boundary3"
-3.2124 -1 
-3.6062 -1 
-3.4093 -1 
-1.51909 -1 
3.72846 -1 
-1.07178 -1 
-0.950211 -1 
0.22918 -1 
0.154555 -1 
-1.30455 -1 
-0.833566 -1 
-0.71692 -1 
0.565938 -1 
0.674609 -1 
0.774221 -1 
4 -1 
-1.41182 -1 
1.28122 -1 
1.44146 -1 
1.61491 -1 
1.78836 -1 
-1.18817 -1 
3.13338 -1 
2.84352 -1 
3.45692 -1 
-2.20068 -1 
-2.65627 -1 
-1.96322 -1 
2.26856 -1 
-2.79531 -1 
2.55365 -1 
0.381238 -1 
0.473588 -1 
-0.0577674 -1 
-0.121682 -1 
0.011081 -1 
-0.252205 -1 
-0.185597 -1 
0.305209 -1 
0.873833 -1 
0.993224 -1 
-0.318813 -1 
-0.622659 -1 
-0.528398 -1 
-4 -1 
-3.8031 -1 
1.11262 -1 
-0.423606 -1 
3.59269 -1 
-1.72575 -1 
2.02846 -1 
-2.93434 -1 
3.29515 -1 
0.0799295 -1 
-3.50775 -1 
-1.01099 -1 
0.191867 -1 
-0.775243 -1 
0.620273 -1 
-1.46546 -1 
1.36134 -1 
1.70163 -1 
-1.12997 -1 
3.86423 -1 
2.98845 -1 
-2.42848 -1 
-2.72579 -1 
2.69858 -1 
0.427413 -1 
-0.0897249 -1 
-0.0233432 -1 
-0.218901 -1 
0.343223 -1 
0.519763 -1 
0.933529 -1 
-0.575529 -1 
0.824027 -1 
0.724415 -1 
-3.90155 -1 
-3.70465 -1 
-0.476002 -1 
-0.37121 -1 
-0.66979 -1 
3.66057 -1 
-1.35819 -1 
1.19692 -1 
-1.24636 -1 
-1.62242 -1 
1.52818 -1 
1.90841 -1 
2.14851 -1 
2.41111 -1 
-2.08195 -1 
-1.84449 -1 
-3.31085 -1 
-3.07337 -1 
3.5248 -1 
-2.86482 -1 
3.21427 -1 
3.37603 -1 
0.0455052 -1 
0.267194 -1 
-0.285509 -1 
-0.15364 -1 
0.117242 -1 
1.05292 -1 
-0.891888 -1 
ZONE T="boundary4"
-0.630496 0.0154728 
-0.630272 0.0385158 
-0.628515 0.0618058 
0.501752 0.201168 
-0.597282 0.179031 
-0.620418 0.108827 
-0.614123 0.132365 
-0.502661 0.32851 
-0.518592 0.309827 
0.643096 -0.0341851 
0.641537 -0.019662 
0.631981 0.023105 
-0.625226 0.0852762 
0.601692 0.0881656 
0.613386 0.067773 
-0.609416 0.147138 
-0.568749 0.236498 
-0.558306 0.254083 
-0.408316 0.4133 
-0.387281 0.427777 
0.477523 0.224236 
-0.467228 0.364828 
-0.448334 0.381795 
-0.428704 0.397946 
-0.485365 0.347046 
-0.546351 0.272542 
-0.365476 0.441452 
-0.343106 0.45419 
-0.319978 0.466089 
-0.296373 0.476989 
-0.169558 0.516661 
-0.142977 0.521291 
-0.221741 0.503967 
-0.533609 0.290512 
-0.0609968 0.527924 
-0.03343 0.527529 
-0.115844 0.524765 
0.401206 0.298907 
0.435999 0.264706 
0.418641 0.281805 
0.375377 0.323955 
0.521917 0.181847 
0.62073 0.05265 
0.558311 0.144569 
0.541642 0.162239 
0.574154 0.126244 
-0.00538992 0.525722 
0.106684 0.50311 
0.0784488 0.511288 
0.0506422 0.517648 
0.0223884 0.522485 
0.161738 0.481763 
0.189063 0.468296 
0.270165 0.41611 
0.296693 0.395086 
0.323243 0.37233 
0.13429 0.493336 
0.34919 0.34874 
-0.584084 0.207738 
0.635974 0.0090234 
0.639177 -0.00531988 
0.627163 0.0370615 
0.588527 0.107659 
0.453329 0.247672 
-0.271994 0.487008 
-0.247231 0.495967 
-0.195974 0.510841 
-0.0886617 0.52698 
0.216462 0.452744 
0.243374 0.435406 
-0.630575 0.0269965 
-0.629582 0.0501753 
-0.617444 0.120642 
-0.510731 0.319257 
-0.627055 0.073567 
0.607735 0.0780831 
-0.623002 0.0970883 
-0.603643 0.163196 
-0.611836 0.139773 
-0.563607 0.245338 
-0.397875 0.42065 
0.489628 0.212687 
-0.457874 0.373414 
-0.494117 0.337875 
-0.552424 0.263374 
-0.476395 0.356037 
-0.438606 0.389976 
-0.376451 0.434731 
-0.331605 0.460263 
-0.308233 0.471664 
-0.418592 0.405732 
-0.156292 0.519124 
-0.526211 0.300255 
-0.0472105 0.527895 
-0.12943 0.523183 
-0.540075 0.281594 
0.427323 0.273256 
0.409932 0.290362 
0.388321 0.311458 
0.511861 0.191533 
0.550058 0.153481 
0.566346 0.135505 
0.531845 0.172108 
0.0926252 0.507405 
0.0365482 0.52026 
0.175498 0.475231 
0.283539 0.40574 
0.336287 0.360615 
-0.590903 0.193486 
0.642418 -0.0269123 
0.637678 0.00187498 
0.634077 0.0160927 
0.640458 -0.012474 
0.62967 0.0301173 
0.362333 0.336399 
0.61717 0.0602664 
0.444658 0.256181 
-0.354358 0.44794 
-0.284237 0.482129 
0.624067 0.0449061 
-0.25966 0.49162 
0.465397 0.235919 
0.595277 0.0980266 
0.581478 0.117058 
-0.208894 0.507544 
-0.182797 0.513897 
-0.0193982 0.526805 
0.00852038 0.524285 
0.120557 0.498425 
0.148098 0.487752 
-0.234529 0.500105 
-0.0748345 0.527618 
0.0645892 0.514662 
0.202873 0.460719 
0.256886 0.425925 
-0.102265 0.52603 
0.310064 0.383822 
0.230033 0.444258 
-0.576621 0.222227 
ZONE T="boundary5"
-0.630496 0.0154728 
-0.535992 -0.207028 
-0.523367 -0.219701 
-0.62637 -0.0296443 
-0.629191 -0.00727151 
0.504552 -0.338357 
0.516315 -0.32845 
0.527554 -0.318113 
-0.579866 -0.151412 
-0.589968 -0.134487 
0.632665 -0.135494 
0.641453 -0.0923011 
0.642996 -0.0778363 
0.592046 -0.233246 
-0.558612 -0.181136 
-0.547577 -0.194353 
-0.465877 -0.266607 
-0.481645 -0.255228 
-0.247317 -0.364884 
-0.600173 -0.114585 
-0.271252 -0.357136 
-0.29508 -0.348971 
-0.221469 -0.372801 
-0.19553 -0.380321 
-0.0105143 -0.422336 
-0.0639864 -0.412398 
-0.0905138 -0.40676 
-0.0373492 -0.417597 
-0.169414 -0.38749 
-0.393207 -0.308603 
0.643096 -0.0341851 
0.643845 -0.0487375 
-0.449683 -0.277318 
0.558405 -0.284148 
-0.510273 -0.231799 
-0.496162 -0.243825 
-0.315187 -0.341677 
-0.431513 -0.288308 
-0.335176 -0.334 
-0.412944 -0.298581 
-0.354261 -0.326213 
-0.373177 -0.317979 
-0.60893 -0.094118 
0.643805 -0.0632736 
0.628488 -0.149663 
0.26902 -0.43184 
0.24017 -0.435104 
0.584375 -0.246495 
-0.569607 -0.166582 
-0.616224 -0.0731155 
0.355975 -0.413633 
0.327065 -0.421233 
0.0986224 -0.435687 
0.126379 -0.437348 
0.42329 -0.388478 
0.404122 -0.396845 
0.0164307 -0.426556 
0.0709603 -0.433286 
0.043638 -0.43023 
0.182797 -0.438189 
0.154564 -0.438213 
0.211496 -0.437181 
0.384657 -0.404312 
0.467065 -0.364896 
0.445455 -0.377388 
0.492375 -0.347752 
0.538317 -0.307292 
0.639197 -0.10675 
0.636257 -0.121151 
0.548673 -0.295894 
0.567586 -0.271989 
0.599187 -0.219915 
0.605912 -0.206367 
0.618202 -0.178353 
0.57622 -0.259449 
0.298022 -0.427261 
-0.11691 -0.400718 
-0.143212 -0.39429 
-0.622045 -0.0516035 
-0.529747 -0.213432 
-0.627973 -0.0184817 
0.521991 -0.323343 
-0.585043 -0.143024 
0.642315 -0.085078 
-0.47382 -0.260999 
-0.595242 -0.124624 
-0.283184 -0.353108 
-0.2593 -0.361058 
-0.0772618 -0.409632 
-0.182484 -0.383952 
0.64357 -0.0414558 
-0.457833 -0.272043 
-0.516881 -0.225815 
-0.48896 -0.249598 
-0.305149 -0.345368 
-0.440654 -0.282905 
-0.422276 -0.29353 
-0.363744 -0.322155 
-0.60473 -0.104428 
-0.403118 -0.303677 
0.643495 -0.0705599 
0.254612 -0.433624 
-0.541853 -0.200753 
-0.564203 -0.173929 
-0.3252 -0.337888 
-0.612761 -0.0836802 
0.341572 -0.417631 
0.112494 -0.436614 
0.413755 -0.392773 
0.00294691 -0.424514 
-0.344739 -0.330159 
0.0572894 -0.431839 
0.16868 -0.438316 
0.19715 -0.437813 
-0.574838 -0.159066 
0.394431 -0.400686 
0.456357 -0.37131 
0.370386 -0.409187 
-0.553171 -0.187808 
0.479893 -0.356579 
0.498514 -0.343118 
0.532996 -0.312763 
0.510487 -0.333467 
0.434453 -0.383094 
-0.383227 -0.313367 
0.637808 -0.113967 
0.553606 -0.290076 
0.563064 -0.27812 
0.595669 -0.226609 
0.602602 -0.213167 
0.580362 -0.253011 
0.634538 -0.128342 
0.62361 -0.164103 
-0.503278 -0.237883 
0.612285 -0.19246 
0.643922 -0.0560055 
0.630647 -0.1426 
0.54356 -0.301652 
0.640411 -0.0995386 
-0.234408 -0.368893 
-0.0239433 -0.42003 
-0.0506794 -0.415055 
0.140467 -0.437888 
0.312581 -0.424429 
-0.208513 -0.376608 
0.0300236 -0.428467 
-0.103723 -0.403789 
0.0847828 -0.434576 
0.225842 -0.436281 
0.283547 -0.429717 
-0.156325 -0.390936 
-0.130073 -0.397551 
-0.630036 0.00408997 
0.571971 -0.265765 
-0.619323 -0.06241 
-0.624398 -0.040661 
0.588268 -0.239905 
