ZONE T="boundary0"
-4 -0.29655 
-4 -0.220295 
-4 -0.158975 
-4 0.35993 
-4 0.309816 
-4 0.512137 
-4 0.131011 
-4 0.0514612 
-4 -0.0280882 
-4 -0.0935314 
-4 0.436034 
-4 -0.433334 
-4 -0.5588 
-4 0.756069 
-4 -0.364942 
-4 -0.684267 
-4 0.195357 
-4 0.163184 
-4 -1 
-4 -0.842133 
-4 1 
-4 0.0912358 
-4 0.259703 
-4 -0.258422 
-4 -0.189635 
-4 0.0116865 
-4 -0.126253 
-4 0.397982 
-4 -0.496067 
-4 -0.330746 
-4 -0.399138 
-4 -0.621534 
-4 -0.0608098 
-4 0.334873 
-4 0.17927 
-4 0.474085 
-4 -0.921067 
-4 -0.7632 
-4 0.634103 
-4 0.147097 
-4 0.0713485 
-4 0.111123 
-4 0.28476 
-4 0.22753 
-4 0.878034 
ZONE T="boundary1"
1.94531 1 
1.06113 1 
-0.428243 1 
-0.379518 1 
-0.507668 1 
0.5287 1 
3.80898 1 
3.61796 1 
-1.87652 1 
0.418961 1 
1.44747 1 
-3.38103 1 
-3.51625 1 
-3.1106 1 
-2.04578 1 
-2.52723 1 
2.78338 1 
3.00965 1 
2.37481 1 
-0.268146 1 
0.231915 1 
0.278676 1 
0.325438 1 
0.0805815 1 
-0.0588235 1 
0.010879 1 
-0.132162 1 
-0.205501 1 
-0.817682 1 
-0.587093 1 
-0.330792 1 
-0.94171 1 
-0.702388 1 
0.638439 1 
0.753126 1 
-1.06574 1 
4 1 
-1.29669 1 
0.96447 1 
0.867814 1 
1.16713 1 
-1.18121 1 
-1.55366 1 
-1.70726 1 
-1.42517 1 
-3.75812 1 
-4 1 
-2.7513 1 
-2.97538 1 
3.42694 1 
3.23592 1 
2.16006 1 
1.78356 1 
1.62181 1 
1.3603 1 
1.27313 1 
1.53464 1 
-3.24581 1 
2.5791 1 
0.156248 1 
-0.40388 1 
3.71347 1 
-3.44864 1 
-2.28651 1 
2.89651 1 
0.255296 1 
-0.0239722 1 
-0.168831 1 
-0.355155 1 
-0.467956 1 
-0.299469 1 
-0.64474 1 
0.473831 1 
0.3722 1 
-0.54738 1 
0.583569 1 
0.695782 1 
-1.00372 1 
-0.760035 1 
3.90449 1 
-0.879696 1 
1.0128 1 
1.11413 1 
0.916142 1 
-1.63046 1 
-1.96115 1 
-1.36093 1 
-3.87906 1 
-2.86334 1 
3.52245 1 
3.33143 1 
2.26744 1 
2.05269 1 
1.86444 1 
1.70269 1 
1.40389 1 
1.31671 1 
1.49106 1 
-3.17821 1 
-1.79189 1 
2.68124 1 
2.47695 1 
-3.04299 1 
-3.31342 1 
-0.0954928 1 
0.302057 1 
0.0457302 1 
-0.236824 1 
0.118415 1 
0.194081 1 
-1.12348 1 
-1.23895 1 
0.81047 1 
1.57823 1 
-2.63927 1 
-3.63719 1 
1.22013 1 
-1.48942 1 
3.12278 1 
ZONE T="boundary2"
4 -0.426654 
4 -0.387192 
4 -0.337014 
4 -0.0574872 
4 0.0207955 
4 -0.264151 
4 0.254176 
4 0.214141 
4 0.305557 
4 0.379631 
4 -0.177091 
4 0.0990781 
4 -0.552358 
4 -0.638599 
4 0.61139 
4 -1 
4 0.49551 
4 -0.220621 
4 -0.117289 
4 -0.466117 
4 0.174106 
4 0.805695 
4 1 
4 -0.819299 
4 -0.406923 
4 -0.0183459 
4 -0.300582 
4 0.234159 
4 0.279867 
4 0.0599368 
4 -0.595478 
4 0.342594 
4 0.55345 
4 0.437571 
4 -0.198856 
4 -0.0873882 
4 -0.509237 
4 0.136592 
4 0.708542 
4 0.902847 
4 -0.728949 
4 -0.90965 
4 -0.362103 
4 -0.446385 
4 -0.242386 
4 0.194123 
4 -0.14719 
ZONE T="boundary3"
-1.06919 -1 
2.99687 -1 
2.69858 -1 
1.72828 -1 
-0.252205 -1 
-0.728112 -1 
-0.833566 -1 
0.65128 -1 
-0.622659 -1 
1.32864 -1 
1.44806 -1 
2.30501 -1 
3.68133 -1 
-2.51296 -1 
-3.70174 -1 
4 -1 
3.84067 -1 
2.5018 -1 
3.17976 -1 
3.36266 -1 
-1.43439 -1 
-3.20075 -1 
-1.96322 -1 
-2.10065 -1 
-1.56879 -1 
-1.766 -1 
-2.99803 -1 
-2.75549 -1 
-2.23809 -1 
-0.0553007 -1 
0.15635 -1 
0.229882 -1 
0.525658 -1 
0.0137586 -1 
0.0828178 -1 
-0.153753 -1 
-0.337906 -1 
0.360321 -1 
0.295101 -1 
0.776901 -1 
0.974472 -1 
1.09185 -1 
-0.523133 -1 
-0.423606 -1 
-4 -1 
3.522 -1 
-3.40348 -1 
-3.55261 -1 
0.875687 -1 
1.20922 -1 
-1.29999 -1 
-1.18459 -1 
-0.951377 -1 
1.63487 -1 
-2.63422 -1 
2.06335 -1 
1.94252 -1 
0.44299 -1 
1.82169 -1 
2.84773 -1 
-0.780839 -1 
1.38835 -1 
3.92033 -1 
2.4034 -1 
3.27121 -1 
-2.03194 -1 
-1.66739 -1 
-2.87676 -1 
0.193116 -1 
0.0482881 -1 
-0.104527 -1 
0.119584 -1 
-0.295056 -1 
0.327711 -1 
0.262492 -1 
-0.202979 -1 
0.71409 -1 
1.03316 -1 
0.588469 -1 
-0.473369 -1 
-0.572896 -1 
3.44233 -1 
-3.85087 -1 
-3.47804 -1 
0.92508 -1 
1.26893 -1 
0.826294 -1 
3.761 -1 
-0.675386 -1 
3.60166 -1 
-1.36719 -1 
-0.892471 -1 
-3.30211 -1 
-1.24229 -1 
-3.62717 -1 
-3.09939 -1 
3.08832 -1 
1.15053 -1 
-2.16937 -1 
-1.50159 -1 
1.54147 -1 
-2.57359 -1 
-2.69486 -1 
2.60019 -1 
-1.86461 -1 
-2.37552 -1 
-0.380756 -1 
-0.0207711 -1 
0.401655 -1 
0.484324 -1 
-1.12689 -1 
2.18418 -1 
1.77498 -1 
1.68158 -1 
1.8821 -1 
2.00293 -1 
-1.01028 -1 
ZONE T="boundary4"
-0.266415 0.494474 
-0.241478 0.499012 
0.464365 0.237828 
-0.531566 0.322703 
-0.623376 0.0478763 
-0.621843 0.0247762 
-0.139752 0.502118 
-0.114187 0.499158 
-0.545554 0.303181 
-0.216425 0.502039 
-0.190927 0.503581 
-0.622068 0.0949173 
-0.619179 0.118701 
-0.623461 0.0712744 
0.650453 -0.0146569 
0.649109 0.000201599 
-0.601652 0.189927 
-0.611276 0.157517 
-0.614795 0.142533 
-0.584243 0.233889 
-0.576476 0.250238 
-0.568104 0.266272 
-0.590637 0.219145 
-0.557274 0.284987 
-0.0883852 0.494699 
-0.0628457 0.488859 
-0.482705 0.377808 
-0.464432 0.394542 
-0.445321 0.410275 
-0.425363 0.424995 
-0.338162 0.472423 
-0.31482 0.481124 
-0.290768 0.488526 
-0.36105 0.462357 
-0.383164 0.451098 
-0.0369902 0.481547 
-0.165493 0.503606 
-0.0114223 0.47299 
0.298071 0.320717 
0.325275 0.307796 
-0.500109 0.360106 
-0.516562 0.341523 
0.576569 0.153063 
0.443714 0.249412 
0.422807 0.260524 
0.39603 0.274046 
0.347166 0.297477 
0.368963 0.287148 
0.559951 0.16964 
0.591984 0.135251 
0.518535 0.203267 
0.491852 0.221215 
0.539765 0.187135 
0.0404925 0.451946 
0.0671509 0.439519 
0.0146754 0.462986 
0.121396 0.411916 
0.149084 0.397169 
0.270853 0.333907 
0.239379 0.349621 
0.207975 0.365824 
0.0935904 0.42637 
0.650999 -0.0296897 
0.643933 0.0296792 
0.646928 0.0150728 
0.640088 0.044153 
0.634707 0.0603046 
0.617835 0.0968919 
0.628333 0.0759351 
-0.40468 0.438589 
0.605644 0.1167 
0.178517 0.381411 
-0.25398 0.49693 
-0.62279 0.0363142 
-0.126949 0.500819 
-0.203688 0.503001 
-0.620807 0.106832 
-0.622949 0.0831067 
0.649882 -0.0072185 
-0.623602 0.0595747 
-0.606779 0.173816 
-0.613105 0.150042 
-0.580435 0.242099 
-0.572368 0.258296 
-0.5875 0.226543 
-0.562801 0.275694 
-0.0755775 0.491945 
-0.551522 0.294154 
-0.454981 0.402535 
-0.435441 0.417769 
-0.326554 0.476942 
-0.302848 0.485002 
-0.349678 0.467554 
-0.372186 0.456883 
-0.228974 0.500712 
-0.0498724 0.485363 
-0.17821 0.503781 
-0.538686 0.313032 
-0.101255 0.497106 
-0.152612 0.50305 
-0.0241581 0.477413 
0.311664 0.314237 
-0.491523 0.369071 
-0.596386 0.204627 
-0.524184 0.332208 
-0.508457 0.350922 
-0.473678 0.386295 
0.43329 0.255022 
0.33622 0.302636 
0.35807 0.292325 
0.568404 0.161496 
0.505319 0.212427 
0.478195 0.229664 
0.550011 0.178564 
0.454075 0.243683 
0.0538668 0.44583 
0.0276323 0.457578 
0.135251 0.404563 
0.284446 0.327279 
0.223649 0.357674 
0.650825 -0.0221697 
-0.617167 0.13065 
0.645535 0.0223973 
0.637531 0.0522732 
0.648124 0.00765255 
0.623318 0.0865304 
0.642115 0.0369439 
-0.394009 0.444992 
0.382517 0.28064 
0.599 0.126113 
-0.415114 0.431932 
-0.278635 0.49168 
0.529268 0.195357 
0.0804059 0.433015 
0.107519 0.419192 
0.409454 0.267354 
0.00167815 0.468122 
0.25509 0.341711 
0.163797 0.389284 
0.193231 0.373588 
0.584447 0.144305 
0.631647 0.0681718 
0.611951 0.106926 
ZONE T="boundary5"
-0.584263 -0.105534 
-0.621843 0.0247762 
-0.244672 -0.392362 
-0.519604 -0.201818 
-0.50763 -0.215303 
0.619553 -0.179358 
-0.593731 -0.0849006 
-0.601958 -0.0638237 
-0.573579 -0.12573 
-0.563251 -0.143046 
0.639098 -0.119644 
-0.531142 -0.187951 
-0.60892 -0.042295 
-0.542315 -0.173534 
-0.348475 -0.341036 
-0.221004 -0.402042 
-0.196008 -0.411556 
-0.268097 -0.382104 
-0.289305 -0.372197 
-0.310274 -0.361781 
-0.0126256 -0.460985 
-0.614576 -0.0203452 
-0.0664056 -0.450089 
-0.0928463 -0.443646 
-0.0395955 -0.455891 
-0.170777 -0.420451 
-0.467454 -0.255379 
-0.452834 -0.268276 
-0.436887 -0.28142 
0.391083 -0.429936 
0.362008 -0.441287 
-0.494839 -0.228853 
-0.481661 -0.242017 
-0.329499 -0.351644 
-0.420513 -0.294014 
-0.385176 -0.318578 
0.645701 -0.0897694 
0.610531 -0.201539 
-0.552944 -0.158708 
0.473528 -0.383519 
0.452099 -0.398021 
0.542924 -0.318373 
-0.366975 -0.330059 
-0.403032 -0.306574 
0.127158 -0.475046 
0.0984755 -0.473914 
0.0147806 -0.465392 
0.070352 -0.471899 
0.0423142 -0.469028 
0.273158 -0.464514 
0.243541 -0.4691 
0.185007 -0.474327 
0.155871 -0.475208 
0.214091 -0.472333 
0.332565 -0.450737 
0.302879 -0.458439 
0.429967 -0.411043 
0.410719 -0.420976 
0.498414 -0.363856 
0.552834 -0.305762 
0.510298 -0.353187 
0.521719 -0.34201 
0.532577 -0.330422 
0.649774 -0.0597675 
0.64807 -0.074815 
0.630338 -0.149304 
0.562109 -0.29285 
0.570827 -0.279566 
0.600806 -0.223418 
0.586717 -0.251941 
-0.618896 0.00201892 
0.650999 -0.0296897 
0.650761 -0.0447409 
-0.119101 -0.436539 
-0.145045 -0.428814 
-0.513669 -0.208607 
-0.597999 -0.0744225 
-0.568516 -0.134449 
-0.525431 -0.194933 
-0.6056 -0.0531115 
-0.208536 -0.406877 
-0.27873 -0.377213 
-0.232868 -0.397274 
-0.299822 -0.367054 
-0.611915 -0.0313633 
-0.0796465 -0.446952 
-0.460196 -0.261887 
-0.444917 -0.274916 
0.376637 -0.435845 
-0.488298 -0.235483 
-0.501285 -0.222126 
-0.319917 -0.35677 
-0.428752 -0.287784 
0.642684 -0.10477 
0.615133 -0.190486 
-0.547701 -0.166172 
-0.33902 -0.3464 
0.462931 -0.390944 
-0.357761 -0.335608 
-0.39415 -0.312643 
-0.411823 -0.300364 
0.112812 -0.474599 
0.00106225 -0.463283 
-0.376116 -0.324382 
0.0563224 -0.470568 
0.258375 -0.466977 
0.170443 -0.474902 
-0.474609 -0.248753 
0.199559 -0.473473 
-0.579061 -0.115706 
0.317774 -0.45479 
0.400954 -0.425572 
0.441133 -0.404702 
0.486174 -0.373945 
0.547948 -0.312122 
0.516069 -0.34766 
0.527211 -0.336275 
0.537816 -0.324454 
0.504413 -0.358585 
0.420404 -0.416129 
0.649008 -0.0673011 
0.62514 -0.164401 
0.55754 -0.299355 
0.566537 -0.286253 
-0.589145 -0.0952849 
0.605755 -0.212517 
0.593948 -0.237771 
0.646965 -0.0823051 
-0.558179 -0.150931 
-0.536794 -0.180793 
-0.620547 0.0133746 
-0.256416 -0.387306 
0.634952 -0.134543 
0.650359 -0.0522602 
0.650976 -0.0372169 
-0.616909 -0.00919649 
-0.0261276 -0.458528 
-0.0530195 -0.453078 
0.141514 -0.475252 
0.288056 -0.461662 
-0.18342 -0.416081 
0.0285345 -0.467308 
-0.105996 -0.440176 
-0.157937 -0.424713 
0.0844059 -0.473016 
0.228833 -0.470873 
-0.132097 -0.432758 
0.347356 -0.44623 
0.579028 -0.2659 
