ZONE T="boundary0"
-4 -0.551217 
-4 -0.196329 
-4 -0.263538 
-4 -0.113654 
-4 0.124359 
-4 0.634103 
-4 0.436034 
-4 0.372925 
-4 -0.330746 
-4 -0.433334 
-4 -0.38204 
-4 -0.6691 
-4 0.0311303 
-4 0.0793918 
-4 -0.0171311 
-4 0.341371 
-4 0.309816 
-4 0.535068 
-4 0.274694 
-4 -1 
-4 -0.83455 
-4 0.239571 
-4 0.169327 
-4 0.204449 
-4 1 
-4 0.817052 
-4 -0.229933 
-4 -0.154992 
-4 0.404479 
-4 -0.297142 
-4 -0.407687 
-4 -0.356393 
-4 -0.610159 
-4 0.0552611 
-4 0.357148 
-4 -0.492276 
-4 0.325593 
-4 0.485551 
-4 0.292255 
-4 -0.917275 
-4 -0.751825 
-4 0.257133 
-4 0.186888 
-4 0.146843 
-4 0.22201 
-4 0.101875 
-4 0.0069996 
-4 -0.0653926 
-4 0.584586 
-4 0.908526 
-4 0.725577 
ZONE T="boundary1"
-3.82836 1 
1.74688 1 
0.856077 1 
1.2683 1 
1.16706 1 
-0.531437 1 
-1.63437 1 
-0.27667 1 
-0.351053 1 
-0.728496 1 
-0.822049 1 
-0.130877 1 
-0.97167 1 
4 1 
3.41372 1 
3.15621 1 
0.456736 1 
-0.441245 1 
-1.91781 1 
-1.77609 1 
2.73889 1 
-2.08018 1 
-3.17289 1 
-2.91375 1 
-3.03236 1 
1.97181 1 
1.82186 1 
-2.55793 1 
-2.67654 1 
2.27545 1 
-0.202286 1 
0.0136819 1 
-0.0594684 1 
0.0868322 1 
0.162169 1 
0.347121 1 
-0.629967 1 
0.237505 1 
0.603296 1 
0.530016 1 
0.676576 1 
-1.11386 1 
-1.33774 1 
-3.31342 1 
-3.48507 1 
3.56029 1 
0.749856 1 
1.59631 1 
1.52072 1 
-2.79515 1 
-3.65671 1 
0.962299 1 
1.06468 1 
1.36953 1 
1.44512 1 
2.12363 1 
1.6719 1 
-2.32139 1 
-2.40024 1 
3.70686 1 
3.85343 1 
-1.41236 1 
-1.26311 1 
-4 1 
-2.24254 1 
1.21768 1 
-0.313861 1 
-0.775272 1 
3.28496 1 
-0.396149 1 
-1.84695 1 
-1.999 1 
-2.97306 1 
1.89684 1 
-2.61723 1 
2.50717 1 
2.94755 1 
-0.239478 1 
-0.486341 1 
-0.0228933 1 
0.1245 1 
-0.166582 1 
0.401928 1 
-0.580702 1 
-0.679231 1 
-0.896859 1 
0.199837 1 
0.292313 1 
0.493376 1 
-1.04277 1 
-3.39925 1 
3.48701 1 
0.802966 1 
1.55851 1 
-2.85445 1 
-3.57089 1 
1.11587 1 
1.01349 1 
1.31891 1 
1.40733 1 
0.639936 1 
0.909188 1 
2.19954 1 
1.48292 1 
1.63411 1 
-2.36081 1 
-2.47908 1 
3.78015 1 
3.63358 1 
-1.52337 1 
2.04772 1 
-1.70523 1 
-0.0951729 1 
0.050257 1 
0.713216 1 
-1.18849 1 
-1.37505 1 
-3.10263 1 
-1.30043 1 
-3.24316 1 
0.566656 1 
-3.91418 1 
1.78437 1 
1.70939 1 
-3.74253 1 
-2.16136 1 
-2.73584 1 
-2.28197 1 
3.92672 1 
ZONE T="boundary2"
4 -0.168955 
4 -0.395545 
4 -0.547584 
4 -0.728949 
4 0.282703 
4 0.239753 
4 0.767414 
4 0.142752 
4 -0.195003 
4 0.0202278 
4 1 
4 -0.864475 
4 -1 
4 0.341619 
4 0.400534 
4 0.0887025 
4 0.196802 
4 -0.0482468 
4 0.534827 
4 0.467681 
4 0.651121 
4 -0.108601 
4 -0.471565 
4 -0.247098 
4 -0.221051 
4 -0.334346 
4 -0.273146 
4 -0.303746 
4 0.261228 
4 -0.638267 
4 -0.181979 
4 0.883707 
4 -0.796712 
4 0.371076 
4 0.115727 
4 0.169777 
4 -0.0140095 
4 0.501254 
4 0.709267 
4 -0.0784239 
4 -0.234075 
4 -0.364945 
4 -0.509575 
4 -0.433555 
4 -0.932237 
4 0.312161 
4 0.218278 
4 0.0544652 
4 -0.208027 
4 -0.138778 
4 -0.288446 
4 -0.319046 
4 -0.260122 
4 0.434107 
4 0.592974 
ZONE T="boundary3"
-1.45484 -1 
-1.56916 -1 
3.72523 -1 
-0.439495 -1 
-0.350918 -1 
0.655309 -1 
0.764467 -1 
-0.0134106 -1 
-0.528071 -1 
-0.0731123 -1 
-1.32179 -1 
0.873625 -1 
0.985315 -1 
-1.0713 -1 
-0.843274 -1 
1.45216 -1 
1.346 -1 
4 -1 
-2.97769 -1 
-3.13336 -1 
2.51595 -1 
2.2909 -1 
2.87686 -1 
-1.68348 -1 
-2.54012 -1 
3.13191 -1 
-2.01092 -1 
1.55832 -1 
-2.40782 -1 
-2.27552 -1 
0.15539 -1 
0.337562 -1 
0.226388 -1 
0.297386 -1 
0.0462912 -1 
0.45809 -1 
0.377738 -1 
-0.22281 -1 
-0.147961 -1 
-0.286864 -1 
-0.732684 -1 
-0.630377 -1 
0.100841 -1 
0.5567 -1 
1.097 -1 
1.2215 -1 
-4 -1 
-3.80019 -1 
-3.60038 -1 
-1.18874 -1 
-0.953864 -1 
-3.28904 -1 
1.6852 -1 
1.81208 -1 
-1.8472 -1 
-2.75891 -1 
2.06584 -1 
1.93896 -1 
3.45046 -1 
3.29119 -1 
-1.76534 -1 
-1.512 -1 
-0.395206 -1 
0.709888 -1 
0.819046 -1 
1.39908 -1 
3.86262 -1 
-3.05553 -1 
2.40343 -1 
2.6964 -1 
3.00438 -1 
-2.34167 -1 
0.261887 -1 
0.190889 -1 
0.0164403 -1 
0.417914 -1 
-0.185386 -1 
-0.0432614 -1 
-0.318891 -1 
-0.254837 -1 
-0.483783 -1 
-0.68153 -1 
0.507395 -1 
0.92947 -1 
-0.579224 -1 
1.28375 -1 
1.04116 -1 
-3.90009 -1 
-3.70028 -1 
-1.25526 -1 
-1.01258 -1 
-1.13002 -1 
-0.787979 -1 
-0.898569 -1 
-3.44471 -1 
1.74864 -1 
1.50524 -1 
-1.62632 -1 
-2.64951 -1 
1.87552 -1 
2.0024 -1 
3.37083 -1 
-2.47397 -1 
-2.14322 -1 
-1.72441 -1 
-1.92906 -1 
-3.2112 -1 
2.17837 -1 
0.128115 -1 
0.0735657 -1 
0.35765 -1 
0.317474 -1 
-0.110537 -1 
0.606004 -1 
3.21155 -1 
3.58785 -1 
1.62176 -1 
1.15925 -1 
-2.8683 -1 
-1.38832 -1 
-1.80627 -1 
ZONE T="boundary4"
0.61551 0.154364 
0.604593 0.175503 
-0.639561 0.0341718 
0.355665 0.357299 
0.380485 0.35038 
-0.637929 0.0109728 
-0.386617 0.370671 
-0.6398 0.0575288 
-0.570789 0.259337 
-0.558103 0.274695 
-0.49017 0.330942 
-0.542936 0.290555 
0.402275 0.343168 
-0.508869 0.318775 
-0.295157 0.381578 
-0.271467 0.382301 
-0.623516 0.157773 
-0.618244 0.173124 
-0.635854 0.104388 
-0.638584 0.0809722 
0.552224 0.246976 
0.561151 0.23701 
0.64259 0.0443595 
0.642628 0.0288916 
0.640092 -0.00180952 
-0.628057 0.142151 
-0.631568 0.127649 
-0.612775 0.186939 
-0.599462 0.214834 
-0.591548 0.2288 
-0.606711 0.20047 
-0.582499 0.243061 
-0.450524 0.350907 
-0.36445 0.374831 
0.641791 0.0135665 
0.641667 0.059688 
-0.42973 0.358794 
-0.408466 0.365339 
-0.246847 0.382491 
-0.222227 0.382271 
-0.318773 0.380167 
-0.118877 0.379809 
-0.0916476 0.379299 
-0.0645011 0.378973 
-0.171465 0.381129 
-0.145137 0.380435 
-0.47067 0.341653 
0.578164 0.215885 
0.454956 0.320377 
0.428919 0.332686 
0.474936 0.30929 
0.327957 0.363598 
-0.526674 0.305136 
0.542939 0.256609 
0.531414 0.267604 
0.494299 0.296932 
0.519393 0.27804 
0.507055 0.287778 
0.0798421 0.379734 
0.109865 0.379915 
0.0207705 0.37912 
0.0497678 0.379425 
0.141016 0.379823 
0.268418 0.372933 
0.23667 0.376013 
0.300092 0.368613 
0.639847 0.0750167 
0.636704 0.0922989 
0.632486 0.109215 
0.624892 0.132224 
0.591979 0.196216 
-0.341737 0.37797 
-0.196823 0.38177 
-0.0363596 0.378842 
-0.00830535 0.378902 
0.172161 0.379287 
0.204413 0.378081 
0.610243 0.165033 
0.368116 0.35399 
-0.638916 0.0225609 
-0.639859 0.0458492 
-0.564577 0.267124 
0.391421 0.346902 
-0.499636 0.325035 
-0.550672 0.282771 
-0.283315 0.382016 
-0.620972 0.165481 
-0.63741 0.0927031 
0.556731 0.242034 
0.64272 0.0366256 
-0.62588 0.14999 
-0.629891 0.13492 
-0.615586 0.180062 
-0.595589 0.221865 
-0.603173 0.207696 
-0.587116 0.235989 
-0.609818 0.193738 
-0.576777 0.251294 
-0.375561 0.372892 
-0.234536 0.382423 
-0.306971 0.380969 
-0.105261 0.379533 
-0.0780732 0.379112 
-0.1583 0.380779 
-0.259157 0.382457 
-0.460679 0.346456 
-0.41915 0.362229 
-0.132006 0.380109 
0.442045 0.326759 
0.465029 0.314982 
0.341848 0.360616 
-0.534945 0.298001 
0.41568 0.338139 
0.537241 0.262174 
0.500729 0.292427 
0.525465 0.272893 
0.0948531 0.379848 
0.03527 0.379267 
0.12544 0.379914 
0.252556 0.374614 
0.31405 0.366255 
0.284276 0.37094 
0.640868 0.0673653 
0.638417 0.0836831 
0.641047 0.00586661 
0.642317 0.021223 
0.642239 0.0520301 
0.51328 0.28298 
0.484716 0.303265 
0.585226 0.206159 
0.628933 0.120799 
-0.639377 0.0692608 
0.62042 0.143387 
0.634729 0.10079 
-0.480519 0.336476 
-0.353112 0.376529 
-0.209524 0.382046 
0.064805 0.379588 
-0.0223315 0.37885 
0.156589 0.379622 
0.18829 0.378779 
0.00623387 0.378995 
-0.0504291 0.378882 
0.220548 0.377167 
-0.633906 0.116056 
-0.397581 0.36816 
-0.517905 0.312128 
-0.440194 0.355022 
-0.330266 0.379179 
0.598462 0.185967 
0.547627 0.251836 
0.56984 0.226595 
-0.184143 0.38146 
ZONE T="boundary5"
-0.339584 -0.409206 
-0.359217 -0.397295 
-0.273502 -0.443588 
-0.637929 0.0109728 
0.400662 -0.409609 
0.383427 -0.42292 
-0.601982 -0.122925 
-0.634966 -0.0120192 
-0.630729 -0.0347636 
-0.573247 -0.178912 
0.625427 -0.0621757 
0.586988 -0.146967 
0.600458 -0.120926 
-0.463828 -0.316681 
-0.249768 -0.454018 
-0.29687 -0.432369 
-0.492907 -0.287318 
-0.478945 -0.301916 
-0.552782 -0.211317 
-0.118415 -0.496305 
-0.145735 -0.489503 
-0.198979 -0.473321 
-0.224539 -0.464102 
-0.618639 -0.0794155 
-0.172493 -0.481866 
-0.563267 -0.195272 
-0.518766 -0.257389 
-0.506355 -0.27226 
-0.541955 -0.226883 
-0.530702 -0.242142 
0.460912 -0.350296 
-0.414561 -0.358713 
-0.378457 -0.384768 
-0.39672 -0.372029 
-0.448218 -0.33093 
-0.43162 -0.345098 
-0.58294 -0.161757 
0.640092 -0.00180952 
0.63018 -0.0472929 
-0.610866 -0.101311 
0.613999 -0.0917152 
-0.0908885 -0.502172 
0.0513414 -0.517146 
0.0223391 -0.516189 
-0.0629155 -0.507141 
-0.00626581 -0.514179 
-0.0348048 -0.511139 
0.109431 -0.515642 
0.0803296 -0.516982 
-0.592008 -0.144273 
0.16775 -0.509132 
0.1386 -0.513052 
-0.318417 -0.421133 
0.338983 -0.451513 
0.225882 -0.496888 
0.254779 -0.488317 
0.283379 -0.477959 
0.365658 -0.435273 
0.31152 -0.465711 
0.439119 -0.374349 
0.420279 -0.392664 
0.491098 -0.311013 
0.471344 -0.337558 
0.50045 -0.297263 
-0.625275 -0.0572227 
0.544793 -0.222664 
0.637564 -0.0170878 
0.634251 -0.0322305 
0.531189 -0.24672 
0.51623 -0.272267 
0.558333 -0.19862 
0.57281 -0.172829 
0.196794 -0.503795 
-0.349448 -0.403328 
0.392128 -0.416373 
-0.636611 -0.000543747 
-0.633004 -0.02342 
0.593828 -0.134 
-0.261679 -0.448902 
-0.285234 -0.438077 
-0.485988 -0.294676 
-0.132103 -0.49302 
-0.211798 -0.46882 
-0.185773 -0.477707 
-0.237197 -0.459168 
-0.568323 -0.187132 
-0.536382 -0.234551 
-0.547423 -0.219138 
-0.368888 -0.391108 
-0.405694 -0.365443 
-0.456083 -0.32387 
-0.439978 -0.338083 
-0.423146 -0.351975 
0.627884 -0.0547602 
0.619988 -0.0770513 
-0.47145 -0.309363 
0.0368363 -0.516805 
-0.076923 -0.504777 
-0.0205484 -0.512786 
-0.614888 -0.0904112 
0.0948879 -0.516463 
-0.597119 -0.133656 
0.12403 -0.514507 
-0.307689 -0.426838 
0.240392 -0.492809 
0.269158 -0.483356 
-0.587555 -0.153056 
0.352464 -0.443631 
0.325372 -0.458847 
0.429832 -0.383644 
0.410595 -0.401282 
0.481418 -0.324434 
0.466179 -0.34397 
0.49582 -0.304169 
0.450219 -0.36251 
-0.628151 -0.0460289 
0.636002 -0.02468 
-0.32905 -0.415256 
-0.387639 -0.378471 
-0.606553 -0.112171 
0.523791 -0.259539 
0.538008 -0.234701 
0.551562 -0.210641 
-0.499696 -0.279846 
0.607431 -0.106413 
0.632304 -0.0397857 
-0.578169 -0.170377 
-0.524792 -0.24981 
0.374619 -0.429208 
0.638929 -0.00946549 
-0.6221 -0.0683613 
0.565586 -0.185731 
-0.104676 -0.499356 
0.0658369 -0.517207 
0.211385 -0.500536 
0.182306 -0.506643 
0.297549 -0.472063 
-0.0488771 -0.509262 
0.00802806 -0.515314 
0.153198 -0.511261 
0.579953 -0.159926 
-0.159146 -0.485798 
-0.512621 -0.264874 
-0.558085 -0.203334 
0.508466 -0.284845 
