ZONE T="boundary0"
-4 -0.780887 
-4 -1 
-4 -0.243966 
-4 -0.29616 
-4 0.444381 
-4 -0.0458852 
-4 -0.191773 
-4 0.623327 
-4 0.811663 
-4 -0.35085 
-4 -0.483657 
-4 0.155653 
-4 1 
-4 0.533854 
-4 -0.118829 
-4 -0.40554 
-4 -0.67133 
-4 -0.561773 
-4 0.207143 
-4 0.104163 
-4 0.249033 
-4 0.329288 
-4 0.290924 
-4 0.367652 
-4 -0.890443 
-4 -0.270063 
-4 0.717495 
-4 0.57859 
-4 -0.21787 
-4 -0.0823571 
-4 -0.378195 
-4 -0.323505 
-4 -0.616552 
-4 0.129908 
-4 0.181398 
-4 0.0291391 
-4 -0.522715 
-4 -0.444599 
-4 0.489117 
-4 0.905832 
-4 -0.726108 
-4 0.269978 
-4 0.406017 
-4 0.34847 
-4 0.310106 
-4 0.228088 
-4 -0.155301 
ZONE T="boundary1"
-2.8403 1 
0.642573 1 
-0.438465 1 
1.40966 1 
1.3122 1 
-0.0606391 1 
-0.319943 1 
0.862078 1 
0.227655 1 
-0.986722 1 
-1.11686 1 
-1.20613 1 
-0.515701 1 
-0.592937 1 
-0.675116 1 
0.431784 1 
0.32854 1 
3.71438 1 
3.07321 1 
2.84299 1 
1.09438 1 
-3.6715 1 
-4 1 
2.61277 1 
-1.86564 1 
-2.04785 1 
1.58726 1 
0.278098 1 
-0.26257 1 
-0.132918 1 
0.0702361 1 
0.148945 1 
-0.205197 1 
0.00479848 1 
0.535028 1 
-0.757296 1 
-0.880565 1 
0.974038 1 
1.21473 1 
0.750119 1 
-1.29541 1 
-1.42208 1 
-1.54875 1 
-1.7072 1 
1.75066 1 
1.91405 1 
2.31746 1 
2.11575 1 
-2.96598 1 
-3.09165 1 
-3.343 1 
-2.23005 1 
4 1 
3.85719 1 
3.57157 1 
3.42876 1 
-2.62886 1 
-2.42945 1 
2.46511 1 
1.36093 1 
-0.379204 1 
-1.05179 1 
-0.554319 1 
-0.634026 1 
0.380162 1 
2.9581 1 
-3.83575 1 
2.72788 1 
0.303319 1 
-0.291257 1 
0.109591 1 
-0.233884 1 
-0.0279203 1 
0.252876 1 
0.483406 1 
0.5888 1 
-0.81893 1 
-0.933643 1 
-0.716206 1 
1.03421 1 
1.15456 1 
1.49846 1 
0.918058 1 
-0.477083 1 
-1.25077 1 
-1.1615 1 
-1.62798 1 
-1.78642 1 
1.66896 1 
1.83235 1 
2.21661 1 
-3.02882 1 
-3.50725 1 
-1.95675 1 
3.92859 1 
3.50016 1 
3.25098 1 
2.0149 1 
-2.73458 1 
-2.32975 1 
-2.13895 1 
-2.90314 1 
-2.52915 1 
3.78578 1 
3.64297 1 
2.39129 1 
2.53894 1 
-0.169058 1 
-0.0967786 1 
0.1883 1 
0.0375173 1 
-3.21733 1 
1.26346 1 
0.806098 1 
0.696346 1 
-1.48542 1 
-1.35875 1 
ZONE T="boundary2"
4 -0.563585 
4 -0.781793 
4 -0.47342 
4 -0.383255 
4 -0.154738 
4 0.0489622 
4 0.851869 
4 -0.201251 
4 -0.282513 
4 -0.241882 
4 -0.332884 
4 -0.108224 
4 -0.029631 
4 0.138948 
4 0.284377 
4 0.228934 
4 -1 
4 0.703738 
4 0.603059 
4 1 
4 0.339821 
4 0.4211 
4 0.502379 
4 -0.672689 
4 -0.428337 
4 -0.262198 
4 -0.358069 
4 -0.131481 
4 -0.518503 
4 -0.0689276 
4 -0.177994 
4 0.00966561 
4 0.0939551 
4 0.256655 
4 -0.890896 
4 0.653398 
4 0.777804 
4 0.925935 
4 -0.307699 
4 -0.221567 
4 0.312099 
4 0.38046 
4 0.461739 
4 0.552719 
4 0.183941 
ZONE T="boundary3"
-4 -1 
-0.549304 -1 
-0.641349 -1 
-0.452163 -1 
-0.355023 -1 
-0.906216 -1 
-1.04822 -1 
-0.819805 -1 
-0.287637 -1 
-0.162993 -1 
-3.51545 -1 
1.11654 -1 
1.22334 -1 
-0.733394 -1 
1.81647 -1 
-2.82183 -1 
3.73549 -1 
2.17207 -1 
1.9921 -1 
3.47097 -1 
2.35205 -1 
-2.3917 -1 
1.64085 -1 
-3.08788 -1 
-1.86901 -1 
-1.72088 -1 
0.446017 -1 
0.562634 -1 
0.0399963 -1 
0.176024 -1 
0.253541 -1 
0.10801 -1 
0.331058 -1 
0.679252 -1 
-0.105736 -1 
-0.220251 -1 
0.388538 -1 
0.901192 -1 
3.60323 -1 
4 -1 
3.18358 -1 
-1.32284 -1 
-1.44779 -1 
-3.83848 -1 
-3.67696 -1 
-3.35393 -1 
-1.18553 -1 
1.00887 -1 
1.48549 -1 
1.40781 -1 
2.56955 -1 
2.73287 -1 
2.89619 -1 
-1.57274 -1 
-2.13036 -1 
-0.0328698 -1 
0.845707 -1 
0.790222 -1 
1.33013 -1 
-0.595326 -1 
-0.403593 -1 
-0.97722 -1 
1.16994 -1 
-0.687372 -1 
2.08209 -1 
-2.60676 -1 
0.504325 -1 
0.214782 -1 
0.142017 -1 
0.2923 -1 
0.620943 -1 
-0.134365 -1 
-0.32133 -1 
-0.191622 -1 
-0.500734 -1 
3.5371 -1 
-0.7766 -1 
-0.863011 -1 
3.86774 -1 
3.66936 -1 
3.32727 -1 
-1.38531 -1 
-3.91924 -1 
-3.75772 -1 
-3.43469 -1 
-1.11688 -1 
1.56317 -1 
1.44665 -1 
-3.59621 -1 
1.72866 -1 
-1.25419 -1 
2.65121 -1 
2.4608 -1 
2.81453 -1 
2.26206 -1 
-3.2209 -1 
-1.64681 -1 
-1.99968 -1 
-1.79495 -1 
-2.26103 -1 
1.90429 -1 
0.00356324 -1 
0.359798 -1 
-0.0693028 -1 
-0.253944 -1 
0.417277 -1 
0.0740031 -1 
0.87345 -1 
0.95503 -1 
0.817965 -1 
1.0627 -1 
-2.95485 -1 
0.734737 -1 
1.27674 -1 
1.36897 -1 
-1.51027 -1 
3.03988 -1 
ZONE T="boundary4"
-0.155385 0.347447 
-0.179573 0.345343 
-0.129044 0.350105 
-0.248503 0.340858 
-0.637265 0.0403009 
0.546657 0.25256 
0.612499 0.0767787 
0.555687 0.240116 
-0.470568 0.307532 
0.593239 0.169305 
-0.268713 0.339791 
-0.379044 0.330864 
-0.362398 0.332991 
-0.635197 0.00252908 
-0.636691 0.0213801 
0.606448 0.125333 
-0.594675 0.202638 
-0.618028 0.154449 
-0.608061 0.177997 
-0.583078 0.220021 
-0.48444 0.301481 
-0.559196 0.248492 
0.537049 0.264514 
-0.570345 0.236217 
-0.535612 0.269905 
-0.547683 0.259637 
0.382033 0.363879 
0.406347 0.355267 
-0.523411 0.279021 
-0.510779 0.28731 
-0.497776 0.294785 
-0.456458 0.312847 
-0.441756 0.317591 
-0.426878 0.321669 
0.527046 0.275733 
0.59852 0.154492 
-0.411311 0.325254 
0.602851 0.14006 
-0.395597 0.328261 
-0.226167 0.342118 
0.564914 0.226013 
0.573466 0.211447 
-0.344733 0.334813 
-0.326984 0.336293 
-0.307986 0.337595 
-0.288964 0.338709 
0.0120385 0.369102 
0.0430632 0.373528 
0.587245 0.183789 
0.464033 0.326762 
0.481777 0.315052 
0.612222 0.0522635 
-0.203948 0.343534 
-0.636876 0.0592094 
-0.635483 0.0780344 
0.446232 0.336963 
0.426456 0.346752 
0.074195 0.377668 
0.101826 0.380939 
0.498888 0.302017 
0.129599 0.383709 
0.151792 0.385467 
0.196431 0.387506 
0.21887 0.387653 
0.270573 0.385327 
0.1741 0.386756 
0.355316 0.371492 
0.610577 0.101081 
0.51649 0.286409 
-0.10292 0.353106 
0.580665 0.19778 
0.605328 0.0038392 
-0.63368 0.0925953 
-0.63123 0.107046 
-0.625099 0.13281 
0.244684 0.386988 
-0.0749273 0.356678 
-0.0471092 0.36051 
0.298541 0.382289 
-0.0175137 0.364781 
0.326625 0.377786 
0.609804 0.028037 
-0.167469 0.346356 
-0.258603 0.340321 
-0.37073 0.331982 
-0.636057 0.0119482 
0.551247 0.246392 
-0.613312 0.166339 
0.541929 0.258597 
-0.541732 0.264867 
-0.564871 0.242443 
0.394256 0.359765 
-0.589047 0.211441 
-0.504334 0.29114 
-0.517159 0.283259 
-0.463549 0.310275 
-0.434342 0.319708 
0.53212 0.270187 
-0.449139 0.315304 
-0.491158 0.298223 
-0.419115 0.323538 
0.600778 0.147303 
-0.40347 0.326826 
-0.55353 0.254155 
0.569277 0.218782 
-0.353572 0.333951 
-0.317486 0.336974 
-0.298473 0.33817 
-0.477548 0.304596 
-0.237328 0.341472 
-0.142202 0.348729 
-0.335862 0.335591 
0.0275428 0.371339 
0.473002 0.321052 
0.612637 0.0645166 
-0.529584 0.274556 
-0.21505 0.342802 
-0.278835 0.339258 
-0.637194 0.0497603 
-0.636307 0.068634 
0.455209 0.331996 
-0.637096 0.0308396 
0.416462 0.351153 
0.0879996 0.379358 
0.436419 0.342009 
0.490447 0.308683 
0.140686 0.384643 
0.207646 0.38766 
0.368731 0.367895 
0.521837 0.281138 
0.59033 0.176583 
0.584036 0.190822 
0.577142 0.204654 
0.595974 0.161932 
0.560387 0.233121 
0.604748 0.13272 
0.608783 0.113251 
-0.19175 0.344402 
-0.632537 0.0998351 
0.162938 0.386174 
0.185258 0.387202 
-0.115971 0.351564 
-0.621774 0.143701 
0.231774 0.387438 
0.257631 0.386288 
-0.0610113 0.358566 
0.28457 0.383977 
-0.0889136 0.354852 
-0.00273927 0.366944 
0.341014 0.374857 
0.312608 0.380226 
-0.0323075 0.36263 
0.0586167 0.375645 
-0.387334 0.329627 
-0.576871 0.228241 
0.611812 0.0889492 
0.611273 0.0401234 
0.607809 0.0158937 
-0.628442 0.119998 
-0.634661 0.0853276 
0.507845 0.294386 
-0.601686 0.190489 
0.115698 0.382395 
ZONE T="boundary5"
-0.337014 -0.434204 
-0.58363 -0.166484 
-0.5471 -0.229813 
-0.557407 -0.21346 
-0.467419 -0.3298 
-0.629636 -0.0348011 
-0.632828 -0.0162269 
-0.620941 -0.0713759 
-0.625657 -0.0532029 
0.471562 -0.342413 
-0.615501 -0.0893878 
-0.567262 -0.196845 
-0.609391 -0.107156 
0.416377 -0.429463 
-0.490089 -0.305365 
-0.260453 -0.475966 
-0.300334 -0.455644 
-0.281062 -0.465831 
-0.17018 -0.512125 
-0.319292 -0.444913 
-0.119219 -0.527283 
-0.145608 -0.519874 
-0.597034 -0.137987 
-0.0926137 -0.533829 
-0.0641517 -0.539835 
-0.239543 -0.485493 
-0.217161 -0.494893 
-0.194497 -0.503615 
-0.507354 -0.284883 
-0.52366 -0.263739 
-0.432779 -0.362803 
-0.535637 -0.246944 
0.366752 -0.475366 
0.393002 -0.453545 
-0.4015 -0.388952 
-0.635197 0.00252908 
-0.370679 -0.411898 
-0.38662 -0.400353 
-0.449013 -0.347921 
-0.416061 -0.377167 
0.455888 -0.373261 
-0.354416 -0.423009 
0.437533 -0.402429 
0.447024 -0.38814 
0.54042 -0.157742 
0.309449 -0.509847 
0.338733 -0.494115 
0.0568237 -0.55408 
0.025166 -0.552135 
-0.0355279 -0.544855 
-0.00522384 -0.549064 
0.248205 -0.533217 
0.216782 -0.541309 
0.152849 -0.551465 
0.184913 -0.547337 
0.40499 -0.441835 
0.427271 -0.416279 
0.464008 -0.358086 
0.499883 -0.267553 
0.506717 -0.24653 
0.492609 -0.289199 
0.484857 -0.310537 
0.513719 -0.22554 
0.548949 -0.138929 
0.532213 -0.176792 
0.522585 -0.200965 
0.571281 -0.0909762 
0.560171 -0.114906 
0.581599 -0.0675354 
0.591005 -0.0438102 
0.598978 -0.0201271 
0.605328 0.0038392 
0.279094 -0.522838 
0.120791 -0.553863 
0.0884257 -0.554694 
-0.552308 -0.22167 
-0.631334 -0.0255291 
-0.623391 -0.062311 
-0.618309 -0.0804061 
-0.612529 -0.0982985 
-0.627743 -0.0440205 
-0.478914 -0.317727 
-0.290735 -0.460806 
-0.270796 -0.470975 
-0.328191 -0.43962 
-0.132443 -0.523686 
-0.105942 -0.530664 
-0.228388 -0.490278 
-0.182372 -0.507965 
-0.498833 -0.295215 
-0.515623 -0.274397 
-0.529715 -0.255387 
-0.54143 -0.238419 
0.380162 -0.464811 
-0.562393 -0.205186 
-0.37869 -0.40618 
-0.440957 -0.355427 
-0.424478 -0.370051 
-0.40882 -0.383108 
-0.458305 -0.338949 
-0.394098 -0.394702 
0.442365 -0.395348 
-0.362586 -0.417509 
0.324274 -0.502319 
-0.0498596 -0.542469 
0.00995971 -0.550743 
0.232569 -0.537531 
-0.575655 -0.181773 
0.168916 -0.549624 
0.399072 -0.447772 
-0.63412 -0.00685988 
0.421909 -0.422947 
0.43249 -0.409424 
0.460029 -0.365722 
0.467862 -0.350292 
0.451542 -0.380758 
0.410764 -0.435727 
0.496293 -0.278397 
0.488811 -0.299903 
0.510175 -0.236021 
0.503302 -0.257048 
0.527302 -0.188833 
0.536266 -0.167241 
0.544651 -0.148314 
0.565763 -0.102951 
0.554544 -0.126902 
0.586438 -0.0557225 
0.595168 -0.0320257 
-0.309853 -0.450347 
0.352976 -0.485095 
0.602367 -0.00819951 
-0.345755 -0.428668 
-0.157924 -0.516095 
-0.250033 -0.480806 
0.518057 -0.213213 
-0.590529 -0.152324 
-0.205862 -0.499339 
0.576526 -0.0792877 
0.478462 -0.3266 
-0.0203926 -0.5471 
-0.0784071 -0.536954 
0.040989 -0.553269 
0.263753 -0.528319 
0.136841 -0.552867 
0.104619 -0.55447 
0.294412 -0.516662 
0.200901 -0.544568 
0.0726261 -0.554557 
-0.603454 -0.122663 
