ZONE T="boundary0"
-4 -0.239785 
-4 -0.188761 
-4 -0.532133 
-4 -0.290808 
-4 -0.0467903 
-4 0.0257276 
-4 0.169652 
-4 0.14585 
-4 -0.117776 
-4 0.642609 
-4 0.523479 
-4 0.761739 
-4 -0.342986 
-4 -0.395165 
-4 0.0982456 
-4 0.389292 
-4 0.344563 
-4 0.269009 
-4 0.231232 
-4 -0.6691 
-4 0.434021 
-4 -1 
-4 1 
-4 0.193455 
-4 0.306786 
-4 -0.463649 
-4 -0.83455 
-4 -0.214273 
-4 -0.265296 
-4 -0.0105314 
-4 0.157751 
-4 -0.153269 
-4 0.583044 
-4 -0.369076 
-4 -0.316897 
-4 -0.0822831 
-4 0.366928 
-4 0.250121 
-4 -0.600616 
-4 0.702174 
-4 0.88087 
-4 0.122048 
-4 0.181554 
-4 0.0619866 
-4 0.287898 
-4 0.411657 
-4 0.47875 
-4 -0.429407 
-4 -0.497891 
-4 -0.751825 
-4 -0.917275 
-4 0.325675 
-4 0.212343 
ZONE T="boundary1"
1.18109 1 
1.84573 1 
1.69455 1 
3.5437 1 
0.41719 1 
-0.175157 1 
-0.111444 1 
-0.390048 1 
-0.478256 1 
-0.876162 1 
-0.762657 1 
-1.38633 1 
1.29731 1 
1.41352 1 
-3.63883 1 
-2.38147 1 
-3.81942 1 
2.69036 1 
2.9234 1 
3.35007 1 
3.15644 1 
-2.17242 1 
-2.59847 1 
0.243367 1 
0.0209949 1 
-0.0452246 1 
-0.23887 1 
-0.314459 1 
0.621202 1 
0.511602 1 
-0.664561 1 
-0.566464 1 
0.163956 1 
0.322778 1 
-0.989666 1 
0.730801 1 
-1.2019 1 
-1.09578 1 
-1.29412 1 
1.06987 1 
-1.50467 1 
-1.62302 1 
0.958646 1 
1.55403 1 
0.844723 1 
1.9969 1 
-1.96337 1 
-3.27766 1 
-2.81548 1 
-3.04657 1 
2.30015 1 
2.14853 1 
2.49526 1 
-4 1 
0.0924754 1 
4 1 
3.77185 1 
1.77014 1 
-0.1433 1 
-0.434152 1 
-0.819409 1 
1.35541 1 
2.80688 1 
3.25325 1 
-2.48997 1 
-0.0121148 1 
-0.0783344 1 
-0.207013 1 
-0.276664 1 
-0.352254 1 
0.566402 1 
-0.713609 1 
-0.615513 1 
0.203662 1 
0.369984 1 
0.283073 1 
-0.932914 1 
-0.52236 1 
0.676001 1 
0.464396 1 
-3.72912 1 
-1.14884 1 
-1.56385 1 
1.01426 1 
-1.34022 1 
1.48378 1 
1.2392 1 
1.62429 1 
0.901684 1 
1.92131 1 
-2.27694 1 
-2.0679 1 
-3.45825 1 
-2.93103 1 
-3.16212 1 
2.22434 1 
2.3977 1 
-2.70698 1 
-1.7932 1 
-1.4455 1 
3.03992 1 
2.07272 1 
-3.90971 1 
0.128216 1 
0.0567352 1 
0.787762 1 
3.88592 1 
2.59281 1 
-1.24801 1 
1.12548 1 
3.44688 1 
3.65777 1 
-1.04272 1 
ZONE T="boundary2"
4 -0.351861 
4 -0.682144 
4 -0.42279 
4 -0.292475 
4 -0.15996 
4 -0.0885764 
4 -0.231343 
4 0.257324 
4 0.184298 
4 0.128443 
4 -0.493719 
4 -0.841072 
4 -1 
4 0.78929 
4 0.367527 
4 -0.00799473 
4 0.072587 
4 0.312425 
4 0.57858 
4 0.473053 
4 1 
4 0.683935 
4 -0.387325 
4 -0.322168 
4 -0.124268 
4 -0.261909 
4 0.220811 
4 0.15637 
4 -0.587932 
4 -0.761608 
4 -0.195652 
4 0.0322961 
4 -0.458255 
4 -0.920536 
4 0.100515 
4 0.284875 
4 -0.0482856 
4 0.42029 
4 0.525816 
4 0.631257 
4 0.736612 
4 0.894645 
4 0.339976 
ZONE T="boundary3"
-3.6278 -1 
-3.50373 -1 
-0.0218799 -1 
0.0963848 -1 
0.155646 -1 
0.214908 -1 
-0.150813 -1 
-1.95714 -1 
-0.618408 -1 
-0.49709 -1 
0.595835 -1 
-1.41054 -1 
0.892043 -1 
0.791783 -1 
1.33268 -1 
1.21798 -1 
1.44281 -1 
-3.24402 -1 
4 -1 
3.69477 -1 
1.99018 -1 
2.3205 -1 
-2.10974 -1 
-2.26234 -1 
2.88379 -1 
2.49926 -1 
2.69153 -1 
3.38954 -1 
3.13666 -1 
0.500148 -1 
0.691523 -1 
-0.386738 -1 
-0.0863466 -1 
0.35896 -1 
0.286934 -1 
-0.213599 -1 
-0.856374 -1 
-0.973021 -1 
1.55295 -1 
1.69578 -1 
0.997664 -1 
1.10328 -1 
-0.739726 -1 
1.83862 -1 
-1.18687 -1 
-1.07994 -1 
-3.75187 -1 
-1.2987 -1 
-2.98431 -1 
-1.79554 -1 
-2.80382 -1 
-2.62332 -1 
-4 -1 
-1.63394 -1 
-1.52224 -1 
3.54215 -1 
2.14174 -1 
-0.276385 -1 
-0.331562 -1 
-0.441914 -1 
-3.56577 -1 
0.185277 -1 
0.126016 -1 
-0.557749 -1 
0.841913 -1 
1.27533 -1 
1.38775 -1 
-3.37388 -1 
3.84738 -1 
-2.18604 -1 
-2.03344 -1 
2.59539 -1 
3.2631 -1 
3.01023 -1 
0.643679 -1 
0.547992 -1 
0.0372525 -1 
-0.0541132 -1 
0.322947 -1 
0.429554 -1 
-0.182206 -1 
-0.914697 -1 
1.62437 -1 
1.05047 -1 
1.16063 -1 
-0.679067 -1 
1.49788 -1 
-1.13341 -1 
0.741653 -1 
2.78766 -1 
-3.68983 -1 
-1.24278 -1 
2.40988 -1 
-2.89406 -1 
-2.44283 -1 
-3.87593 -1 
-1.87634 -1 
-1.71474 -1 
-1.46639 -1 
-2.71357 -1 
3.61846 -1 
3.46584 -1 
-3.11417 -1 
1.9144 -1 
0.250921 -1 
-0.244992 -1 
-0.11858 -1 
-0.303973 -1 
-0.414326 -1 
-0.35915 -1 
-0.469502 -1 
-0.79805 -1 
-1.02648 -1 
0.944853 -1 
1.7672 -1 
-1.35462 -1 
2.06596 -1 
2.23112 -1 
-1.57809 -1 
ZONE T="boundary4"
-0.423303 0.377204 
-0.633262 0.0463166 
-0.622887 0.0911324 
-0.615789 0.113434 
-0.475798 0.330978 
-0.610697 0.127384 
0.447901 0.311341 
0.624935 0.0346821 
0.629753 0.0189177 
0.636542 -0.0130782 
-0.638337 0.00177542 
-0.636471 0.0239766 
-0.628725 0.0687287 
-0.598043 0.15738 
0.638459 -0.0292264 
-0.568576 0.212765 
-0.558541 0.228874 
-0.547283 0.24579 
0.371506 0.396957 
0.393777 0.37508 
-0.521859 0.280034 
-0.507539 0.297196 
-0.53548 0.262339 
-0.458893 0.347013 
-0.441395 0.362416 
-0.404682 0.391338 
-0.385396 0.404922 
-0.324146 0.441895 
-0.302312 0.45308 
-0.365635 0.417822 
-0.280098 0.463499 
-0.256958 0.473383 
-0.23349 0.482453 
-0.209091 0.490914 
-0.0790177 0.520829 
-0.0508953 0.524116 
-0.0227016 0.526291 
0.63365 0.00290265 
0.588699 0.110347 
-0.184418 0.498512 
0.331458 0.430398 
0.61158 0.0679732 
0.601226 0.0885748 
0.352976 0.413327 
0.559314 0.15466 
0.542607 0.178064 
0.431904 0.331727 
0.46963 0.281791 
0.4153 0.351531 
0.0967529 0.522402 
0.127391 0.517647 
0.0359595 0.52713 
0.0664931 0.525504 
-0.492002 0.314391 
0.159172 0.510852 
0.252013 0.478173 
0.281538 0.462931 
0.30687 0.447573 
0.574389 0.132719 
0.619176 0.0503666 
-0.345104 0.430219 
0.508112 0.226463 
0.525743 0.201522 
-0.158782 0.505424 
-0.10605 0.516622 
-0.132932 0.511413 
0.00665552 0.527344 
0.190365 0.502161 
0.221524 0.491256 
0.490644 0.251701 
-0.58472 0.18427 
-0.619484 0.102329 
0.627455 0.0268346 
-0.63757 0.0128894 
-0.625958 0.0799695 
-0.613299 0.120429 
-0.604617 0.142485 
0.637624 -0.0211368 
-0.563617 0.220856 
0.382794 0.386179 
-0.552978 0.237376 
-0.514784 0.288685 
-0.528757 0.271253 
-0.467421 0.339075 
-0.395099 0.398216 
-0.414056 0.384354 
-0.313278 0.447583 
-0.375572 0.411459 
-0.432416 0.369892 
-0.268571 0.468542 
-0.29125 0.458386 
-0.245263 0.47802 
-0.0649714 0.52261 
-0.0368079 0.525344 
-0.541452 0.254114 
0.635216 -0.00506527 
-0.196787 0.494821 
-0.450215 0.354795 
-0.221327 0.486791 
0.606556 0.0783513 
0.342336 0.422018 
0.362339 0.405257 
0.550993 0.166381 
0.439977 0.321594 
0.458883 0.296653 
0.423688 0.341703 
0.112105 0.52023 
0.0512375 0.5265 
-0.48398 0.322762 
0.143333 0.514486 
0.26691 0.47082 
0.622161 0.0425634 
0.615502 0.0592241 
0.63182 0.0109397 
0.595106 0.099543 
0.581659 0.121605 
-0.334676 0.436148 
-0.499856 0.30587 
0.516894 0.213963 
0.566921 0.143735 
-0.355424 0.424111 
-0.17163 0.502083 
-0.119514 0.514142 
-0.0925522 0.518852 
0.0816439 0.524142 
0.3193 0.439186 
0.404685 0.363445 
-0.145883 0.508534 
0.0213101 0.527398 
0.206035 0.49697 
0.534168 0.189783 
-0.008027 0.526974 
0.480197 0.266786 
0.236881 0.484983 
0.174837 0.506751 
-0.635028 0.0351691 
-0.631151 0.0575537 
-0.591569 0.170917 
0.294326 0.455459 
0.499362 0.239066 
-0.576844 0.198628 
ZONE T="boundary5"
0.11632 -0.405539 
-0.153877 -0.375086 
-0.632176 -0.0846103 
-0.62719 -0.105332 
0.613906 -0.169437 
0.506732 -0.312133 
0.619456 -0.155818 
0.624877 -0.140569 
-0.56824 -0.218132 
-0.57861 -0.204891 
-0.557154 -0.230838 
-0.588289 -0.191048 
0.554711 -0.265651 
0.563189 -0.255169 
-0.545478 -0.242888 
-0.204902 -0.367731 
-0.230089 -0.363933 
-0.278368 -0.356043 
-0.301075 -0.351893 
-0.254223 -0.360115 
-0.323741 -0.347341 
-0.0753601 -0.385896 
-0.101703 -0.382337 
-0.128054 -0.378704 
-0.179754 -0.371399 
-0.474597 -0.295355 
-0.490514 -0.286015 
-0.458229 -0.303868 
-0.597336 -0.176437 
-0.51966 -0.265582 
-0.532842 -0.254615 
-0.50534 -0.276217 
-0.440949 -0.311826 
-0.404731 -0.325707 
-0.423288 -0.319021 
-0.38539 -0.331863 
-0.344853 -0.342626 
-0.63885 -0.0202483 
0.369014 -0.381662 
0.345786 -0.388013 
-0.638337 0.00177542 
-0.605575 -0.161255 
0.629544 -0.124987 
0.633332 -0.10936 
0.638459 -0.0292264 
0.319793 -0.393834 
-0.613031 -0.145387 
-0.62081 -0.125608 
0.144726 -0.406657 
0.0879966 -0.4038 
0.00533738 -0.395984 
-0.0218417 -0.392772 
0.203112 -0.406597 
0.17389 -0.407058 
0.392023 -0.374175 
0.293688 -0.398456 
0.415912 -0.364981 
0.439405 -0.354325 
0.527202 -0.294566 
0.54587 -0.275729 
0.579526 -0.232431 
-0.365834 -0.337375 
0.638253 -0.0775409 
0.636262 -0.0934532 
0.594476 -0.208202 
0.607836 -0.182757 
0.639375 -0.0453774 
-0.635778 -0.0634792 
-0.637999 -0.0420158 
0.639301 -0.0614695 
-0.0486018 -0.389407 
0.263254 -0.402459 
0.233187 -0.405106 
0.0602429 -0.401578 
0.0325446 -0.398929 
0.462681 -0.341931 
0.48519 -0.327883 
0.62226 -0.148226 
-0.573514 -0.21158 
-0.562781 -0.224557 
-0.551395 -0.236938 
-0.217496 -0.365851 
-0.289728 -0.354012 
-0.2663 -0.358116 
-0.312418 -0.349673 
-0.0885327 -0.384127 
-0.114878 -0.380529 
-0.166815 -0.373251 
-0.140965 -0.376903 
-0.482618 -0.29079 
-0.592917 -0.183807 
-0.512575 -0.270999 
-0.414043 -0.322455 
-0.395088 -0.328871 
-0.449636 -0.307948 
-0.53924 -0.248836 
0.357436 -0.384971 
-0.601565 -0.168905 
0.631544 -0.117198 
0.332823 -0.391077 
-0.609419 -0.153375 
-0.617095 -0.135565 
-0.629859 -0.0950136 
-0.33431 -0.345044 
0.130518 -0.406181 
0.102152 -0.404741 
-0.00825631 -0.394407 
0.188501 -0.406942 
0.380564 -0.378061 
-0.624176 -0.115525 
0.306764 -0.396286 
0.427739 -0.359831 
0.536727 -0.285336 
0.550342 -0.270734 
-0.375633 -0.334695 
0.637374 -0.085511 
-0.192328 -0.369577 
0.559002 -0.260451 
0.571567 -0.24395 
0.616752 -0.162656 
0.610937 -0.176127 
-0.497994 -0.281215 
0.639041 -0.0372941 
0.627312 -0.132808 
0.634911 -0.101427 
-0.432158 -0.315517 
-0.355362 -0.340074 
-0.637062 -0.0527658 
-0.583545 -0.198036 
0.638898 -0.0695124 
0.639461 -0.0534232 
-0.466466 -0.299712 
-0.0352245 -0.391111 
0.404032 -0.369746 
-0.242159 -0.36205 
0.159304 -0.406958 
0.248232 -0.403935 
-0.0619824 -0.387667 
0.0463879 -0.400302 
0.218154 -0.405988 
0.47406 -0.335107 
0.278492 -0.400631 
0.0189362 -0.397494 
0.0741134 -0.402747 
-0.526326 -0.260188 
0.587207 -0.220444 
-0.634153 -0.0740748 
-0.638596 -0.0311392 
-0.638763 -0.00923302 
0.517143 -0.303554 
0.49611 -0.320212 
0.451146 -0.348321 
0.601384 -0.195599 
