ZONE T="boundary0"
-4 0.440921 
-4 -0.25682 
-4 -0.221722 
-4 0.172098 
-4 0.210154 
-4 0.384528 
-4 0.328134 
-4 0.24821 
-4 -0.186624 
-4 0.0856559 
-4 0.526145 
-4 1 
-4 0.805684 
-4 0.708526 
-4 0.611368 
-4 -0.308573 
-4 -0.360326 
-4 -0.0937053 
-4 -0.000786274 
-4 -0.609788 
-4 -0.706566 
-4 -1 
-4 -0.853283 
-4 -0.436668 
-4 -0.51301 
-4 -0.239271 
-4 0.191126 
-4 0.356331 
-4 0.288172 
-4 0.902842 
-4 0.659947 
-4 -0.33445 
-4 -0.140165 
-4 0.0424348 
-4 0.229182 
-4 0.128877 
-4 -0.0472458 
-4 0.412724 
-4 -0.658177 
-4 0.483533 
-4 0.568757 
-4 0.757105 
-4 -0.926642 
-4 -0.779925 
-4 -0.204173 
-4 -0.282697 
-4 -0.398497 
-4 -0.474839 
-4 -0.561399 
ZONE T="boundary1"
-0.345033 1 
-0.772585 1 
-0.892683 1 
1.29766 1 
0.825215 1 
0.863649 1 
0.75443 1 
-1.24943 1 
0.902083 1 
-0.498677 1 
-0.602907 1 
-1.47157 1 
-1.68368 1 
-4 1 
0.971131 1 
3.50312 1 
3.10279 1 
-1.87409 1 
-2.55817 1 
-2.40187 1 
2.15572 1 
-2.93034 1 
-3.1462 1 
2.38473 1 
1.74491 1 
-3.5731 1 
-3.35965 1 
-3.78655 1 
2.8681 1 
0.419897 1 
-0.0752656 1 
-0.13871 1 
0.270416 1 
-0.0118212 1 
0.0538527 1 
0.61812 1 
0.194971 1 
0.119527 1 
-0.217164 1 
-0.177937 1 
0.683645 1 
0.345156 1 
0.552594 1 
-0.394448 1 
-0.256391 1 
-0.295618 1 
0.486245 1 
-0.687746 1 
-1.06406 1 
1.04018 1 
-1.15675 1 
3.875 1 
1.43039 1 
-0.978371 1 
3.75156 1 
4 1 
1.16892 1 
1.56311 1 
1.9267 1 
-1.3605 1 
-2.06449 1 
2.62641 1 
-2.71447 1 
-2.23318 1 
-0.832634 1 
0.844432 1 
-0.550792 1 
-1.57763 1 
0.936607 1 
3.30295 1 
-2.48002 1 
-3.03827 1 
2.27022 1 
-3.46638 1 
-0.106988 1 
0.0210158 1 
0.232694 1 
0.157249 1 
-0.158324 1 
0.719038 1 
0.882866 1 
0.650882 1 
-0.446563 1 
-0.36974 1 
-0.320325 1 
-0.276004 1 
-0.19755 1 
0.453071 1 
-0.645326 1 
-0.730165 1 
1.36402 1 
-1.02122 1 
3.62734 1 
3.81328 1 
-3.89328 1 
3.9375 1 
1.23329 1 
1.10455 1 
1.65401 1 
1.49675 1 
2.04121 1 
1.8358 1 
-3.67983 1 
-1.30497 1 
-1.41604 1 
-1.20309 1 
-1.96929 1 
-1.77888 1 
-2.31753 1 
-2.14883 1 
2.98545 1 
-3.25293 1 
0.51942 1 
0.585357 1 
-0.0435434 1 
0.382526 1 
0.307786 1 
0.0866897 1 
0.789823 1 
-0.236777 1 
1.00566 1 
-0.935527 1 
-1.1104 1 
2.50557 1 
-2.82241 1 
2.74726 1 
-2.63632 1 
ZONE T="boundary2"
4 -0.490688 
4 -0.409063 
4 -0.163841 
4 -0.209909 
4 0.555816 
4 -0.117773 
4 -0.572312 
4 0.400759 
4 0.478287 
4 -0.786156 
4 -0.254043 
4 -0.27611 
4 0.000892382 
4 -0.35362 
4 -0.325899 
4 -0.298178 
4 0.132971 
4 0.0669315 
4 0.201339 
4 0.235523 
4 0.777908 
4 0.30247 
4 0.888954 
4 0.666862 
4 1 
4 -1 
4 0.269707 
4 0.335233 
4 -0.449875 
4 0.439523 
4 -0.231976 
4 -0.140807 
4 -0.265077 
4 -0.0584403 
4 -0.186875 
4 -0.381341 
4 -0.312038 
4 -0.33976 
4 0.099951 
4 0.517051 
4 0.611339 
4 0.722385 
4 0.833431 
4 0.944477 
4 -0.679234 
4 -0.893078 
4 -0.5315 
4 -0.287144 
4 0.252615 
4 0.318851 
4 0.286088 
4 0.367996 
4 0.0339119 
4 0.167155 
4 0.218431 
ZONE T="boundary3"
-3.68676 -1 
-1.93517 -1 
-2.12542 -1 
-0.82677 -1 
-0.225812 -1 
-0.165065 -1 
0.0711898 -1 
-0.0165644 -1 
0.190118 -1 
0.130654 -1 
-1.59627 -1 
-1.76572 -1 
-1.35901 -1 
0.634352 -1 
3.62943 -1 
-0.104319 -1 
0.741946 -1 
0.84954 -1 
-1.11031 -1 
-1.23466 -1 
1.51046 -1 
1.65769 -1 
-0.930607 -1 
-3.4259 -1 
-3.16504 -1 
-2.73411 -1 
2.0264 -1 
2.85432 -1 
3.05659 -1 
-2.94958 -1 
-2.31568 -1 
2.64683 -1 
0.25378 -1 
0.317443 -1 
0.546995 -1 
0.38854 -1 
0.459638 -1 
-0.375159 -1 
0.974276 -1 
-0.300486 -1 
-0.449833 -1 
1.09901 -1 
-0.722933 -1 
1.23112 -1 
1.36323 -1 
-0.524506 -1 
-0.623719 -1 
3.81471 -1 
4 -1 
3.44414 -1 
1.84204 -1 
2.23287 -1 
2.43934 -1 
3.25886 -1 
-4 -1 
-2.5249 -1 
-2.0303 -1 
-0.195439 -1 
0.0273127 -1 
0.160386 -1 
-1.681 -1 
0.795743 -1 
-1.17249 -1 
1.58407 -1 
-3.29547 -1 
2.95545 -1 
-2.84184 -1 
0.100922 -1 
0.221949 -1 
0.352991 -1 
0.424089 -1 
0.503316 -1 
0.590673 -1 
0.688149 -1 
-0.134692 -1 
0.911908 -1 
-0.263149 -1 
-0.412496 -1 
1.03664 -1 
-0.774851 -1 
1.16507 -1 
-1.02046 -1 
-0.878689 -1 
-0.574113 -1 
-1.47764 -1 
3.72207 -1 
3.53679 -1 
1.93422 -1 
1.74987 -1 
-3.55633 -1 
2.54309 -1 
2.33611 -1 
2.12963 -1 
-3.05731 -1 
2.75057 -1 
3.3515 -1 
-3.84338 -1 
3.90736 -1 
-1.85044 -1 
-2.22055 -1 
0.285612 -1 
-0.0604415 -1 
-0.337822 -1 
-0.487169 -1 
3.15772 -1 
1.29718 -1 
-0.673326 -1 
1.43684 -1 
-1.29683 -1 
-2.42029 -1 
-2.62951 -1 
ZONE T="boundary4"
-0.535795 0.251517 
0.490952 0.546216 
-0.565413 0.137758 
0.496587 0.380073 
0.386571 0.63006 
-0.567628 0.111864 
-0.567872 0.0790742 
-0.568113 0.0954848 
-0.565267 0.0470838 
-0.566926 0.0630729 
-0.526033 0.274466 
-0.515061 0.296996 
-0.501815 0.320964 
-0.459387 0.383189 
-0.444721 0.401211 
0.464296 0.338713 
0.482415 0.358972 
-0.413712 0.435188 
-0.429536 0.418484 
-0.380849 0.466329 
-0.363995 0.480709 
-0.39756 0.451045 
-0.346656 0.494526 
-0.32892 0.507729 
-0.310752 0.520363 
-0.291343 0.532948 
-0.561872 0.161394 
-0.27152 0.544911 
-0.249556 0.557199 
0.513115 0.495512 
-0.148094 0.602894 
-0.202071 0.580668 
-0.176549 0.591721 
-0.0876977 0.623026 
-0.119232 0.613091 
-0.0221259 0.640039 
0.0118485 0.647069 
0.0462655 0.65301 
0.0809132 0.657805 
0.46261 0.580493 
-0.0557959 0.631891 
0.416152 0.301349 
0.507031 0.401883 
0.512663 0.41917 
0.517459 0.466941 
0.515951 0.481327 
0.504432 0.521102 
0.263048 0.046883 
0.250133 0.156263 
0.244631 0.127912 
0.245313 0.0995816 
0.251791 0.0720693 
0.278167 0.0240061 
0.261413 0.182637 
0.400788 0.291957 
0.149142 0.663654 
0.182911 0.664639 
0.216094 0.664212 
0.240458 0.662914 
0.450265 0.591544 
0.264776 0.660686 
0.114951 0.661337 
0.350974 0.643227 
0.404068 0.621771 
0.420904 0.612366 
0.332704 0.648416 
0.368974 0.637124 
0.435987 0.602485 
0.429706 0.310364 
0.516148 0.436345 
0.482904 0.557689 
0.517576 0.4517 
0.474048 0.568514 
-0.544159 0.228833 
-0.55143 0.205804 
-0.473335 0.364612 
-0.48656 0.345441 
-0.227171 0.568762 
0.297564 0.655996 
-0.557362 0.183149 
0.310602 -0.0101884 
0.344028 -0.036828 
0.376843 -0.0601858 
0.388927 0.285101 
0.376987 0.278387 
0.365066 0.271732 
0.35318 0.265002 
0.409037 -0.0835707 
0.322054 0.245725 
0.442816 0.320008 
0.289932 0.219684 
-0.568084 0.0872782 
-0.566185 0.0550691 
-0.53106 0.263053 
-0.508595 0.309067 
-0.52069 0.2858 
0.473694 0.34854 
-0.452141 0.392271 
-0.421701 0.426909 
-0.372483 0.47359 
-0.405707 0.443189 
-0.437209 0.409919 
-0.319886 0.514118 
-0.301099 0.526735 
-0.26059 0.551148 
-0.355383 0.487689 
-0.189356 0.586302 
-0.103508 0.618196 
-0.133706 0.608115 
-0.00516776 0.643694 
0.0635691 0.655554 
-0.0717839 0.627592 
0.502209 0.390787 
0.510097 0.410445 
0.516873 0.47416 
0.24661 0.142237 
0.247861 0.0856619 
0.244218 0.113729 
0.256864 0.0592271 
0.270178 0.0351599 
-0.56796 0.103677 
-0.563818 0.149602 
0.40851 0.296588 
0.166022 0.664316 
0.228282 0.663673 
0.132036 0.662654 
0.412568 0.617216 
0.360014 0.640294 
0.428533 0.60756 
0.422976 0.305785 
0.487037 0.552029 
-0.567487 0.0710683 
-0.566739 0.12483 
0.51465 0.427708 
0.517056 0.444004 
0.377823 0.633718 
0.517707 0.459322 
0.443231 0.597151 
0.478573 0.563181 
0.34187 0.645931 
0.456542 0.586135 
-0.547934 0.217362 
-0.480045 0.355094 
-0.337842 0.501199 
-0.238411 0.563072 
-0.214673 0.574824 
0.252629 0.661922 
0.281207 0.658596 
-0.559759 0.172301 
-0.54011 0.240224 
-0.466453 0.37397 
-0.28148 0.539009 
-0.554541 0.194514 
-0.389272 0.45876 
-0.494348 0.333303 
-0.162371 0.597433 
0.293576 0.0061392 
0.327012 -0.0238904 
0.0290324 0.650182 
0.097917 0.659718 
0.199505 0.664608 
0.360379 -0.0485866 
0.382963 0.281732 
0.371027 0.275062 
0.395386 0.626056 
0.46845 0.574619 
0.489876 0.369271 
0.509306 0.508488 
0.514698 0.488445 
0.359113 0.268383 
0.498208 0.533936 
0.337428 0.25567 
0.453825 0.329052 
0.436324 0.3151 
0.305416 0.233417 
0.274331 0.202192 
0.315209 0.652554 
-0.0389954 0.636107 
0.255093 0.169741 
0.394871 0.288505 
0.393049 -0.0717289 
ZONE T="boundary5"
-0.36286 -0.265558 
0.428095 -0.0987592 
0.44577 -0.114453 
0.104776 -0.480504 
-0.332336 -0.289339 
-0.347507 -0.277802 
-0.437395 -0.197167 
-0.491133 -0.1337 
-0.507668 -0.109335 
-0.537526 -0.0532493 
-0.532173 -0.0650159 
-0.552338 -0.0131624 
-0.556454 0.00137836 
-0.560022 0.0163605 
-0.461851 -0.170506 
-0.473115 -0.157109 
-0.449801 -0.184008 
-0.521236 -0.0863771 
-0.11043 -0.415744 
-0.184182 -0.380904 
-0.130852 -0.406737 
-0.167528 -0.389334 
0.430094 -0.438475 
-0.149277 -0.398192 
-0.200686 -0.372219 
0.0032937 -0.456943 
0.0250636 -0.463073 
0.0470136 -0.468668 
-0.273611 -0.329626 
-0.244949 -0.34723 
-0.23063 -0.355593 
-0.0898019 -0.424346 
0.479293 -0.397602 
-0.316921 -0.300542 
-0.302516 -0.310583 
-0.423063 -0.211596 
-0.408391 -0.225656 
-0.377928 -0.252952 
-0.393304 -0.239478 
-0.25914 -0.338663 
-0.215723 -0.364012 
-0.287934 -0.320363 
-0.562974 0.031646 
0.0663484 -0.473102 
-0.565267 0.0470838 
0.516917 -0.222039 
0.509606 -0.202814 
0.523612 -0.311069 
0.489622 -0.385209 
0.0858084 -0.477088 
0.165515 -0.488181 
0.144634 -0.48612 
0.123846 -0.48346 
0.188607 -0.489715 
0.468056 -0.409136 
0.211766 -0.490428 
0.235947 -0.490231 
0.332852 -0.477997 
0.30906 -0.482936 
0.285442 -0.486501 
0.386833 -0.460676 
0.372841 -0.466101 
0.51968 -0.327085 
0.416512 -0.446462 
0.514242 -0.34254 
0.443176 -0.429689 
0.401871 -0.453976 
0.455986 -0.419832 
0.461918 -0.130777 
0.507404 -0.357345 
0.49913 -0.371664 
0.525459 -0.260319 
0.52219 -0.241144 
0.525936 -0.294641 
0.358635 -0.470898 
0.526584 -0.277592 
0.476431 -0.147775 
0.500365 -0.183896 
0.489316 -0.165562 
-0.0205012 -0.449589 
-0.04406 -0.441643 
-0.0670508 -0.433256 
0.261267 -0.488915 
-0.547654 -0.0274448 
0.409037 -0.0835707 
0.437049 -0.106475 
-0.355219 -0.271726 
-0.499592 -0.121647 
-0.534898 -0.0591547 
-0.554471 -0.00591339 
-0.558318 0.00885044 
-0.467534 -0.16385 
-0.455875 -0.1773 
-0.526862 -0.0757775 
-0.514629 -0.0979606 
-0.443641 -0.190628 
-0.120664 -0.411292 
-0.175872 -0.385152 
-0.140084 -0.402506 
-0.192452 -0.376594 
0.0141599 -0.460074 
-0.237804 -0.351437 
-0.309741 -0.305596 
-0.430276 -0.204428 
-0.415768 -0.218668 
-0.385654 -0.246258 
-0.25206 -0.342972 
-0.223192 -0.35983 
-0.295246 -0.315505 
-0.266393 -0.334172 
-0.20822 -0.368143 
0.0566683 -0.470941 
0.513484 -0.212342 
0.0360209 -0.46594 
0.134231 -0.484863 
0.177054 -0.489048 
0.0760666 -0.475153 
0.0952821 -0.478853 
0.473783 -0.403475 
0.155067 -0.487228 
-0.280791 -0.325024 
0.200183 -0.490178 
0.320992 -0.480639 
0.297274 -0.484872 
0.379868 -0.463468 
0.423361 -0.442567 
-0.339954 -0.283613 
0.436703 -0.434183 
-0.564204 0.0393525 
0.449664 -0.424868 
0.503428 -0.364598 
0.484581 -0.391509 
0.462116 -0.414591 
0.114302 -0.482041 
0.510994 -0.350022 
0.524077 -0.250689 
0.519784 -0.231528 
0.521845 -0.319126 
0.517147 -0.334878 
0.365763 -0.468575 
0.526481 -0.286125 
-0.37043 -0.259299 
-0.400885 -0.232608 
0.526241 -0.268941 
0.469338 -0.139136 
0.394397 -0.457426 
0.494522 -0.378539 
0.524982 -0.302885 
0.409245 -0.450323 
-0.324658 -0.294981 
-0.48229 -0.145532 
-0.561581 0.0239873 
0.495038 -0.17461 
-0.158422 -0.393803 
-0.00862765 -0.453343 
-0.0323055 -0.44569 
-0.100138 -0.420098 
0.223858 -0.490454 
-0.0784521 -0.428867 
-0.0555804 -0.437518 
0.483057 -0.156535 
0.505197 -0.193252 
0.453986 -0.122475 
0.273369 -0.487854 
0.248615 -0.48972 
-0.542826 -0.0404395 
0.345806 -0.474674 
-0.550069 -0.0203274 
0.418654 -0.0910543 
