ZONE T="boundary0"
-4 -1 
-4 0.471528 
-4 0.400408 
-4 0.329288 
-4 0.289161 
-4 0.249033 
-4 0.65039 
-4 0.560959 
-4 0.155653 
-4 -0.297408 
-4 -0.0943653 
-4 -0.00733278 
-4 -0.43097 
-4 -0.835665 
-4 0.825195 
-4 1 
-4 0.202343 
-4 0.0741602 
-4 -0.268406 
-4 -0.2104 
-4 -0.239403 
-4 -0.181398 
-4 -0.364189 
-4 -0.55115 
-4 -0.67133 
-4 -0.330799 
-4 0.435968 
-4 0.309224 
-4 0.605675 
-4 -0.050849 
-4 0.737793 
-4 0.269097 
-4 0.178998 
-4 0.114907 
-4 -0.282907 
-4 -0.224902 
-4 -0.137882 
-4 -0.39758 
-4 -0.253904 
-4 -0.49106 
-4 -0.753497 
-4 -0.61124 
-4 -0.917832 
-4 0.912598 
-4 0.364848 
-4 0.225688 
-4 0.0334137 
-4 -0.347494 
-4 -0.314104 
-4 0.516244 
-4 -0.195899 
ZONE T="boundary1"
1.40966 1 
1.3122 1 
0.227655 1 
2.89496 1 
3.13587 1 
0.380162 1 
-1.54875 1 
3.78397 1 
1.21473 1 
1.09438 1 
2.3849 1 
2.22634 1 
2.65405 1 
1.75066 1 
1.90922 1 
2.06778 1 
-1.42208 1 
3.3519 1 
-3.6715 1 
-3.50725 1 
-4 1 
-2.98593 1 
-3.16447 1 
-3.343 1 
-2.04785 1 
-2.33835 1 
-1.7072 1 
-1.87752 1 
0.148945 1 
0.750119 1 
0.642573 1 
0.535028 1 
0.00479848 1 
-0.0606391 1 
0.0702361 1 
-0.26257 1 
-0.319943 1 
0.303908 1 
-0.205197 1 
-0.132918 1 
0.457595 1 
0.974038 1 
1.49491 1 
-0.880565 1 
-0.783595 1 
-0.99871 1 
0.862078 1 
-0.366611 1 
-1.11686 1 
-1.29541 1 
1.58016 1 
-0.59662 1 
-0.686624 1 
-2.80739 1 
4 1 
3.56794 1 
-2.62886 1 
-0.413279 1 
-0.506615 1 
1.36093 1 
3.01542 1 
1.26346 1 
2.30562 1 
2.51948 1 
1.82994 1 
2.7745 1 
-1.48542 1 
3.24389 1 
-3.58938 1 
-3.83575 1 
-3.25374 1 
-2.1931 1 
-1.79236 1 
0.1883 1 
0.696346 1 
0.5888 1 
-0.0279203 1 
-0.291257 1 
-0.169058 1 
-0.0967786 1 
0.418879 1 
1.15456 1 
1.03421 1 
1.45229 1 
-0.83208 1 
-0.939637 1 
0.806098 1 
-1.20613 1 
1.66541 1 
-1.62798 1 
1.9885 1 
-0.641622 1 
-1.35875 1 
-3.0752 1 
3.89198 1 
3.67595 1 
3.45992 1 
-1.96268 1 
-2.4836 1 
2.14706 1 
0.109591 1 
0.342035 1 
-0.233884 1 
0.265782 1 
0.496311 1 
0.0375173 1 
-0.389945 1 
-0.459947 1 
-0.73511 1 
-3.42513 1 
-2.71812 1 
-2.89666 1 
0.918058 1 
-1.05778 1 
1.53754 1 
-0.551618 1 
-0.343277 1 
ZONE T="boundary2"
4 -1 
4 -0.836344 
4 0.0489622 
4 -0.282513 
4 -0.377967 
4 -0.201251 
4 -0.241882 
4 0.116452 
4 0.183941 
4 -0.47342 
4 0.234159 
4 0.284377 
4 0.352738 
4 0.409664 
4 -0.154738 
4 -0.672689 
4 0.603059 
4 0.466589 
4 -0.108224 
4 -0.029631 
4 0.801529 
4 1 
4 -0.918172 
4 -0.221567 
4 0.150196 
4 0.259268 
4 0.20905 
4 0.381201 
4 -0.754517 
4 -0.573055 
4 0.534824 
4 0.318558 
4 0.438127 
4 -0.131481 
4 -0.0689276 
4 -0.177994 
4 0.00966561 
4 -0.262198 
4 -0.33024 
4 -0.425693 
4 0.0827069 
4 0.702294 
4 0.900765 
ZONE T="boundary3"
-4 -1 
-3.67696 -1 
-1.58433 -1 
-1.44779 -1 
4 -1 
3.54505 -1 
3.3934 -1 
-0.452163 -1 
-0.225315 -1 
0.0375701 -1 
0.10801 -1 
-3.51545 -1 
-3.35393 -1 
-2.30322 -1 
-1.2511 -1 
1.3179 -1 
-0.819805 -1 
-0.775191 -1 
-2.47609 -1 
3.6967 -1 
2.898 -1 
-2.13036 -1 
-1.72088 -1 
-3.06796 -1 
3.06314 -1 
2.08426 -1 
2.40857 -1 
2.57072 -1 
2.73287 -1 
-0.0328698 -1 
-0.0979315 -1 
0.180775 -1 
-0.162993 -1 
-0.287637 -1 
0.446846 -1 
0.253541 -1 
0.350194 -1 
0.301867 -1 
-0.546756 -1 
0.830078 -1 
-0.641349 -1 
0.679252 -1 
0.563049 -1 
-1.04587 -1 
1.41995 -1 
1.6704 -1 
-1.34944 -1 
0.980905 -1 
1.21584 -1 
1.09837 -1 
1.87733 -1 
-0.93284 -1 
-2.62904 -1 
-1.92562 -1 
-0.730577 -1 
-0.876322 -1 
-2.78198 -1 
3.84835 -1 
-3.83848 -1 
-1.51606 -1 
3.46923 -1 
0.07279 -1 
-3.43469 -1 
-0.797498 -1 
-3.21094 -1 
3.22827 -1 
2.24641 -1 
2.65179 -1 
-0.0654006 -1 
-0.130462 -1 
-0.3699 -1 
0.144393 -1 
0.217158 -1 
0.39852 -1 
-0.256476 -1 
-0.49946 -1 
-0.194154 -1 
-0.594053 -1 
0.754665 -1 
0.504948 -1 
1.54518 -1 
-1.14849 -1 
-1.30027 -1 
0.905492 -1 
1.03964 -1 
1.36892 -1 
1.9808 -1 
1.77387 -1 
2.48964 -1 
2.98057 -1 
2.81544 -1 
-2.55256 -1 
-1.65261 -1 
-2.21679 -1 
-2.38966 -1 
-1.82325 -1 
-2.02799 -1 
0.32603 -1 
0.277704 -1 
0.00235015 -1 
0.62115 -1 
-0.752884 -1 
-0.685963 -1 
-0.848064 -1 
-0.904581 -1 
-0.989357 -1 
-2.92497 -1 
1.15711 -1 
-1.39862 -1 
1.26687 -1 
3.77253 -1 
3.62088 -1 
3.92418 -1 
-2.70551 -1 
-3.59621 -1 
ZONE T="boundary4"
0.255195 0.432503 
0.229638 0.43394 
0.558356 0.278871 
-0.621066 -0.0205434 
-0.620347 -0.00258375 
-0.32658 0.311174 
-0.309936 0.317393 
-0.618614 0.015311 
-0.238852 0.342104 
-0.257818 0.335738 
-0.219888 0.348341 
0.58182 0.234626 
0.587773 0.220017 
-0.615845 0.0330543 
-0.612029 0.0505676 
0.607731 0.144019 
0.610214 0.119092 
-0.608328 0.0640113 
-0.49244 0.224094 
-0.594515 0.100654 
-0.603986 0.0772606 
-0.571972 0.141076 
-0.542753 0.178353 
0.54947 0.291819 
0.54004 0.304032 
-0.584725 0.120095 
0.574571 0.25026 
0.566501 0.265441 
-0.528743 0.192842 
-0.555962 0.162924 
0.512841 0.332948 
0.52994 0.315721 
-0.516818 0.203974 
-0.134026 0.375116 
-0.109847 0.382167 
-0.480211 0.23312 
-0.504784 0.214298 
-0.415488 0.272333 
0.601955 0.174313 
0.597865 0.189855 
-0.467792 0.241683 
-0.293269 0.323423 
-0.379943 0.289323 
-0.357893 0.298775 
-0.275547 0.329656 
-0.342272 0.305089 
-0.199334 0.35497 
-0.178767 0.36147 
-0.156418 0.368376 
0.0229611 0.414997 
-0.00529106 0.409036 
0.0518829 0.420396 
-0.0855751 0.388974 
0.440431 0.383403 
0.59794 0.021562 
0.206028 0.434409 
0.419978 0.393252 
0.367748 0.412438 
0.395134 0.403349 
0.0810449 0.425051 
0.593105 0.205152 
0.478312 0.360629 
0.460433 0.372197 
0.495983 0.347468 
0.134934 0.431341 
0.107894 0.428579 
0.158649 0.433069 
0.182476 0.434108 
0.280729 0.430028 
-0.0595262 0.395932 
0.605191 0.159273 
0.608614 0.0696176 
0.33828 0.420155 
-0.0333178 0.402516 
0.309429 0.425898 
0.604428 0.0454294 
0.61054 0.0943466 
-0.401756 0.279195 
-0.442193 0.257677 
-0.429055 0.265121 
-0.455123 0.249861 
0.24242 0.433346 
-0.620831 -0.0115593 
-0.318265 0.314308 
-0.619609 0.00637487 
-0.229373 0.345237 
0.584876 0.227354 
-0.617361 0.0242018 
-0.61407 0.0418386 
0.609233 0.131579 
-0.610259 0.0573104 
-0.606237 0.0706611 
0.54484 0.29799 
0.554005 0.285407 
0.570645 0.257908 
0.521571 0.324511 
-0.535856 0.185698 
-0.522843 0.198472 
-0.121946 0.37867 
0.562523 0.272212 
-0.486364 0.228657 
-0.498658 0.219252 
0.599998 0.182107 
-0.301608 0.320429 
-0.368945 0.294125 
-0.284413 0.326558 
-0.248339 0.338937 
-0.167599 0.364942 
-0.209615 0.351671 
0.00881348 0.412093 
0.0373997 0.417786 
-0.145229 0.371767 
-0.0977224 0.385604 
-0.189055 0.358235 
0.217832 0.434274 
0.430278 0.38848 
0.381515 0.408117 
0.590517 0.212613 
0.504545 0.340361 
0.450523 0.37796 
0.121399 0.430061 
0.170555 0.433678 
0.194248 0.434352 
0.0944527 0.426907 
0.267972 0.431399 
0.407639 0.398505 
0.53507 0.309945 
0.603659 0.166811 
-0.266686 0.332713 
0.595568 0.19753 
-0.510853 0.209195 
0.606553 0.15166 
0.578296 0.242489 
0.469465 0.366554 
0.146782 0.432288 
-0.0725658 0.392497 
0.353074 0.41653 
-0.0464389 0.399275 
0.295102 0.428147 
0.066442 0.422823 
-0.019325 0.405843 
0.323893 0.42323 
-0.54948 0.17074 
-0.589805 0.110464 
0.487262 0.3542 
-0.57857 0.130715 
0.606805 0.0574708 
0.601463 0.0334169 
0.610651 0.106721 
-0.334434 0.308158 
-0.390887 0.28435 
-0.350093 0.301963 
-0.599509 0.0890576 
0.609864 0.0819569 
-0.408641 0.275806 
-0.422294 0.268772 
-0.461488 0.24582 
-0.435649 0.261445 
-0.474035 0.23745 
-0.564212 0.152173 
-0.448685 0.253816 
ZONE T="boundary5"
0.520739 -0.108145 
0.505646 -0.126981 
-0.585112 -0.185798 
-0.596354 -0.157506 
-0.462305 -0.367321 
-0.617495 -0.0742891 
-0.478587 -0.35014 
-0.500103 -0.32528 
-0.542592 -0.266363 
-0.552678 -0.249705 
-0.610757 -0.109598 
-0.614538 -0.0919929 
-0.570918 -0.216101 
-0.621066 -0.0205434 
-0.6196 -0.0564418 
-0.562211 -0.23275 
-0.606193 -0.127072 
-0.208945 -0.529286 
-0.232412 -0.520129 
-0.254258 -0.510757 
-0.315531 -0.479697 
-0.27578 -0.500682 
-0.295827 -0.4905 
-0.415084 -0.410794 
-0.400212 -0.422839 
-0.333875 -0.468883 
-0.0784946 -0.564646 
-0.0490539 -0.569182 
-0.106278 -0.559216 
-0.185182 -0.537644 
-0.133874 -0.55272 
-0.159654 -0.545641 
-0.430445 -0.397578 
-0.445377 -0.383907 
-0.516353 -0.304544 
-0.529873 -0.285703 
-0.351867 -0.457522 
-0.384987 -0.434464 
-0.368605 -0.446233 
-0.620803 -0.0385268 
0.361341 -0.40901 
0.0419691 -0.574956 
0.011292 -0.574465 
-0.0195183 -0.572457 
0.07293 -0.573813 
0.165181 -0.558777 
0.194645 -0.549399 
0.276303 -0.506078 
0.300636 -0.486044 
0.323147 -0.463008 
0.343593 -0.436987 
0.352737 -0.423302 
0.369538 -0.393932 
0.377282 -0.378233 
0.384537 -0.362173 
0.407999 -0.302843 
0.39816 -0.328729 
0.417358 -0.278235 
0.460549 -0.188909 
0.448419 -0.209485 
0.437248 -0.231256 
0.551197 -0.0682394 
0.535583 -0.0892877 
0.58924 -0.0017235 
0.59794 0.021562 
0.490641 -0.146098 
0.565723 -0.0464826 
0.427227 -0.253673 
0.476053 -0.16579 
0.134981 -0.565863 
0.104302 -0.57081 
0.250292 -0.523268 
0.223063 -0.537617 
0.578487 -0.0243154 
0.572307 -0.0355168 
0.513194 -0.117557 
-0.590948 -0.171735 
-0.489512 -0.33785 
-0.547705 -0.258075 
-0.612746 -0.100816 
-0.618657 -0.0653785 
-0.566628 -0.224457 
-0.601543 -0.142374 
-0.608569 -0.118359 
-0.557511 -0.241264 
-0.220717 -0.524807 
-0.243373 -0.515532 
-0.285844 -0.49567 
-0.407692 -0.416869 
-0.324745 -0.47436 
-0.0637941 -0.567068 
-0.146794 -0.549295 
-0.172453 -0.541756 
-0.437965 -0.3908 
-0.523209 -0.295191 
-0.536333 -0.276097 
-0.342916 -0.463271 
-0.422816 -0.404244 
-0.453918 -0.375691 
-0.392642 -0.428705 
-0.61612 -0.0831584 
-0.621055 -0.0295373 
-0.620317 -0.0474923 
-0.376841 -0.440409 
0.0266341 -0.574905 
-0.0342993 -0.57098 
0.0574645 -0.574599 
-0.305722 -0.485176 
0.180013 -0.554386 
0.288728 -0.496393 
-0.360278 -0.451939 
0.333702 -0.450287 
0.357117 -0.416211 
0.348245 -0.430206 
0.312192 -0.474846 
0.380968 -0.370237 
0.403105 -0.315808 
0.412649 -0.290534 
0.365515 -0.40152 
0.454341 -0.199103 
0.44268 -0.220277 
0.593851 0.0098181 
-0.578239 -0.201051 
0.498104 -0.136496 
0.55862 -0.0574674 
0.543497 -0.0788389 
-0.470527 -0.358805 
-0.197098 -0.533565 
0.373479 -0.386125 
0.432104 -0.242408 
0.422205 -0.265918 
-0.265061 -0.505808 
0.528206 -0.098746 
-0.508343 -0.315 
0.483263 -0.15587 
0.468144 -0.177224 
-0.0924099 -0.562065 
0.391507 -0.345543 
-0.120105 -0.5561 
-0.00411932 -0.573644 
0.150153 -0.562598 
0.11969 -0.568593 
0.236847 -0.530768 
0.208986 -0.543822 
0.263513 -0.515009 
0.584096 -0.0131334 
0.569062 -0.0410283 
0.57545 -0.0299458 
0.0886472 -0.572553 
