ZONE T="boundary0"
-4 -0.137531 
-4 -0.208935 
-4 -0.0953657 
-4 0.252887 
-4 0.306371 
-4 0.539981 
-4 0.0311303 
-4 -0.0532004 
-4 0.119437 
-4 0.359854 
-4 0.737132 
-4 -0.83455 
-4 -0.6691 
-4 -0.28034 
-4 -0.244637 
-4 -0.333324 
-4 -0.457006 
-4 0.219525 
-4 0.186162 
-4 0.417059 
-4 0.605698 
-4 1 
-4 -0.386308 
-4 -0.527704 
-4 0.474265 
-4 -0.598402 
-4 -1 
-4 -0.173233 
-4 -0.116448 
-4 0.279629 
-4 -0.011035 
-4 0.333113 
-4 -0.262489 
-4 -0.074283 
-4 0.202843 
-4 0.671415 
-4 0.868566 
-4 0.57284 
-4 -0.226786 
-4 -0.359816 
-4 -0.306832 
-4 -0.421657 
-4 -0.492355 
-4 0.388457 
-4 0.445662 
-4 0.236206 
-4 0.152799 
-4 0.0752835 
-4 0.507123 
-4 -0.633751 
-4 -0.563053 
-4 -0.751825 
-4 -0.917275 
ZONE T="boundary1"
1.67746 1 
0.864158 1 
-0.733141 1 
-0.828468 1 
0.963393 1 
-0.187897 1 
1.28933 1 
1.17197 1 
-1.00195 1 
-0.447282 1 
-0.123248 1 
-0.542548 1 
-3.34454 1 
-3.65671 1 
0.378885 1 
3.78974 1 
4 1 
3.57947 1 
3.27798 1 
0.663306 1 
-1.19415 1 
3.10661 1 
2.93523 1 
-3.82836 1 
-1.92761 1 
2.59439 1 
1.54208 1 
2.43721 1 
-2.43866 1 
-3.08471 1 
-2.63177 1 
-2.82488 1 
0.470288 1 
0.0879253 1 
0.56169 1 
0.764922 1 
-0.0585977 1 
0.0146638 1 
-0.244917 1 
-0.301937 1 
0.159725 1 
0.305206 1 
0.231526 1 
-0.374609 1 
1.06768 1 
-0.637815 1 
-1.4023 1 
1.47439 1 
1.4067 1 
-2.09403 1 
-4 1 
2.28004 1 
1.97356 1 
2.1268 1 
-1.76118 1 
1.82551 1 
-1.58174 1 
-0.780805 1 
1.23065 1 
-3.50062 1 
3.89487 1 
3.42873 1 
3.02092 1 
2.76481 1 
1.60977 1 
-3.21462 1 
-2.72833 1 
0.424586 1 
0.515989 1 
0.81454 1 
0.714114 1 
-0.021967 1 
-0.273427 1 
-0.0909226 1 
-0.155572 1 
0.612498 1 
0.123825 1 
0.268366 1 
-0.410946 1 
-0.338273 1 
-3.74253 1 
0.913776 1 
1.01554 1 
-0.494915 1 
1.11982 1 
-0.685478 1 
-0.91521 1 
-1.29823 1 
-1.09805 1 
3.6846 1 
1.44054 1 
-2.26634 1 
-2.53522 1 
-3.91418 1 
-2.01082 1 
2.35863 1 
2.5158 1 
2.05018 1 
-2.9548 1 
-1.84439 1 
3.1923 1 
1.89953 1 
2.20342 1 
1.75148 1 
-0.216407 1 
0.195626 1 
0.0512946 1 
0.342045 1 
-0.590182 1 
1.34801 1 
-1.49202 1 
-1.67146 1 
1.50823 1 
ZONE T="boundary2"
4 -0.537619 
4 -0.442229 
4 -0.247098 
4 -0.296969 
4 -0.346839 
4 0.0814901 
4 0.191253 
4 0.239753 
4 0.290686 
4 0.347668 
4 0.40465 
4 -0.014764 
4 0.80038 
4 1 
4 -0.735782 
4 0.502705 
4 0.60076 
4 -0.179058 
4 -0.111018 
4 -0.636701 
4 -1 
4 -0.489924 
4 -0.272033 
4 0.136371 
4 0.265219 
4 0.376159 
4 0.0333631 
4 0.90019 
4 0.319177 
4 0.453677 
4 0.551733 
4 0.70057 
4 -0.867891 
4 -0.145038 
4 -0.0628911 
4 -0.213078 
4 0.215503 
4 -0.394534 
4 -0.686242 
4 -0.58716 
4 -0.321904 
ZONE T="boundary3"
-0.212187 -1 
-0.275324 -1 
0.874891 -1 
-0.391146 -1 
0.140203 -1 
-0.961986 -1 
-0.0837674 -1 
0.397261 -1 
1.10341 -1 
1.22012 -1 
0.568923 -1 
0.767737 -1 
0.98915 -1 
-3.36687 -1 
-3.68344 -1 
2.06584 -1 
3.05756 -1 
3.44571 -1 
-2.58336 -1 
-2.94614 -1 
-3.1565 -1 
-1.98735 -1 
-2.13636 -1 
2.65135 -1 
2.78676 -1 
3.72285 -1 
2.51595 -1 
2.2909 -1 
-1.86948 -1 
-1.7516 -1 
-2.28536 -1 
0.091959 -1 
-0.641969 -1 
-0.542469 -1 
0.188447 -1 
-0.149049 -1 
0.317259 -1 
0.477263 -1 
0.0367368 -1 
-0.0184855 -1 
-0.466808 -1 
0.660583 -1 
-0.741469 -1 
1.33683 -1 
1.51101 -1 
1.42392 -1 
1.6852 -1 
-1.07888 -1 
-0.851727 -1 
-1.63372 -1 
-1.51584 -1 
-1.3558 -1 
-1.27578 -1 
-1.19576 -1 
4 -1 
1.87552 -1 
-0.796598 -1 
-4 -1 
-3.84172 -1 
3.86143 -1 
-0.243755 -1 
1.16176 -1 
0.821314 -1 
-3.52515 -1 
3.25163 -1 
-2.76475 -1 
-3.05132 -1 
-2.06186 -1 
2.71905 -1 
3.58428 -1 
2.17837 -1 
-1.81054 -1 
-0.592219 -1 
-0.180618 -1 
0.164325 -1 
0.252853 -1 
0.116081 -1 
0.437262 -1 
0.00912565 -1 
-0.116408 -1 
-0.0511264 -1 
0.35726 -1 
-0.428977 -1 
-0.333235 -1 
0.614753 -1 
0.523093 -1 
0.71416 -1 
-0.691719 -1 
0.93202 -1 
1.04628 -1 
1.27847 -1 
1.46747 -1 
1.59811 -1 
-1.02043 -1 
-2.43436 -1 
-1.57478 -1 
-1.43582 -1 
-1.69266 -1 
-2.21086 -1 
2.92216 -1 
-3.26169 -1 
1.78036 -1 
1.97068 -1 
-1.92842 -1 
2.58365 -1 
2.40343 -1 
-0.504638 -1 
0.0643479 -1 
-0.769033 -1 
-0.906857 -1 
-3.92086 -1 
-3.76258 -1 
1.38038 -1 
-1.13732 -1 
-1.23577 -1 
-1.31579 -1 
3.93071 -1 
3.79214 -1 
-0.824163 -1 
ZONE T="boundary4"
-0.386979 0.309213 
-0.406837 0.298991 
-0.366579 0.318943 
0.619627 0.174977 
-0.19007 0.383248 
-0.166435 0.390045 
-0.213622 0.37612 
0.58755 0.242629 
0.572724 0.266515 
-0.625602 0.0273673 
0.522732 0.325175 
-0.563068 0.170254 
0.545681 0.301564 
-0.62858 0.00518857 
-0.630045 -0.0170686 
0.397811 0.402657 
0.419741 0.393294 
-0.498757 0.23723 
-0.621074 0.049385 
-0.614977 0.071128 
-0.607321 0.092461 
-0.601713 0.105631 
-0.587489 0.133427 
-0.594932 0.119704 
0.564752 0.277861 
-0.580102 0.145695 
-0.572206 0.157639 
-0.553388 0.182477 
-0.142166 0.396661 
-0.117798 0.402929 
-0.0926928 0.408984 
-0.542628 0.194944 
-0.529135 0.209226 
-0.463895 0.264079 
-0.345948 0.328112 
-0.324753 0.336936 
-0.303408 0.345304 
-0.515026 0.222858 
-0.236505 0.368844 
-0.0674695 0.414641 
-0.259295 0.361229 
-0.445382 0.276471 
0.610183 0.197847 
0.643348 0.0452367 
0.642321 0.0298789 
0.638362 0.10978 
0.640392 0.014567 
0.599377 0.220644 
0.64349 0.0608317 
0.534426 0.313714 
0.472181 0.364567 
0.446388 0.379936 
0.372724 0.411803 
0.556318 0.288886 
0.510515 0.336068 
0.491759 0.350976 
0.126332 0.441168 
0.156416 0.44207 
0.0677252 0.436685 
0.188023 0.441897 
0.0963417 0.439304 
0.219646 0.440483 
0.251905 0.437649 
0.316358 0.427201 
0.344636 0.420298 
0.284234 0.433262 
0.641168 0.0920183 
0.627848 0.151427 
0.642757 0.0763789 
0.63459 0.127308 
-0.426354 0.288084 
-0.281406 0.353458 
-0.0414203 0.420011 
-0.0152448 0.4249 
0.0119283 0.429405 
0.0392366 0.433312 
-0.481882 0.250846 
-0.396949 0.304182 
-0.178264 0.386687 
-0.201858 0.379725 
0.580353 0.254706 
-0.629499 -0.00592851 
0.408837 0.39812 
-0.623531 0.038415 
-0.604591 0.0990772 
-0.591292 0.126609 
-0.598408 0.112708 
0.568794 0.272227 
-0.576216 0.151708 
-0.558293 0.176416 
-0.567706 0.163996 
-0.583861 0.1396 
-0.129994 0.399839 
-0.105258 0.406005 
-0.548074 0.188767 
-0.535966 0.202164 
-0.335374 0.332584 
-0.3141 0.341173 
-0.356291 0.323592 
-0.376813 0.314151 
-0.225076 0.372523 
-0.154312 0.393396 
-0.0800936 0.411864 
-0.247914 0.36508 
-0.506973 0.230137 
-0.454705 0.270376 
-0.522155 0.216119 
0.642946 0.0375496 
-0.627282 0.0163027 
0.64147 0.0222077 
-0.611339 0.0818617 
0.385331 0.407404 
0.433181 0.386848 
0.593609 0.231714 
0.551077 0.29529 
0.528647 0.319514 
0.604923 0.209314 
0.516687 0.330693 
0.540128 0.307708 
0.482077 0.357926 
0.141369 0.441744 
0.172219 0.442132 
0.0820229 0.438093 
0.235791 0.439249 
0.330541 0.423933 
0.300336 0.430448 
0.560591 0.283416 
0.64353 0.0530324 
0.64323 0.0686097 
0.642066 0.0842085 
0.631422 0.139424 
0.636593 0.118569 
-0.435925 0.282373 
-0.270366 0.357388 
-0.292424 0.34943 
-0.0283454 0.422519 
-0.0544579 0.417385 
-0.00167159 0.427225 
0.0534688 0.435089 
0.111328 0.440351 
0.459429 0.372495 
0.35874 0.416249 
0.203841 0.441351 
0.0255698 0.431437 
0.268096 0.435656 
0.639893 0.100919 
-0.490394 0.244131 
0.615055 0.186474 
0.623912 0.163263 
-0.618219 0.0603098 
-0.472963 0.257564 
-0.416644 0.293626 
0.50126 0.343678 
ZONE T="boundary5"
-0.538409 -0.286641 
-0.549203 -0.271072 
-0.628617 -0.0615511 
-0.609686 -0.149182 
-0.594525 -0.188341 
-0.630041 -0.0393387 
-0.60185 -0.170725 
-0.559417 -0.255126 
-0.586578 -0.205562 
-0.514357 -0.317525 
-0.197834 -0.511428 
-0.27492 -0.487348 
-0.299304 -0.477297 
-0.224134 -0.504472 
-0.250143 -0.496326 
-0.060672 -0.52783 
-0.088365 -0.52718 
-0.170792 -0.51728 
-0.630045 -0.0170686 
-0.115991 -0.525185 
-0.143584 -0.521861 
-0.439465 -0.391471 
-0.616317 -0.127493 
-0.486932 -0.347855 
-0.456159 -0.377224 
-0.471819 -0.362822 
-0.52667 -0.302301 
-0.500925 -0.332939 
-0.364994 -0.443628 
-0.385156 -0.431139 
-0.322055 -0.466771 
-0.344359 -0.455309 
-0.56899 -0.238963 
-0.422247 -0.405086 
-0.40395 -0.418466 
0.617619 -0.0584381 
-0.621709 -0.105652 
-0.625825 -0.083656 
0.280903 -0.40178 
0.301592 -0.384747 
0.256445 -0.420587 
0.231723 -0.437989 
0.637568 -0.000542238 
0.594275 -0.0986887 
0.577274 -0.121495 
-0.578021 -0.222491 
0.0766265 -0.509756 
-0.0328425 -0.527095 
-0.00521306 -0.524951 
0.0222872 -0.521365 
0.0495936 -0.516307 
0.206705 -0.453879 
0.18136 -0.468208 
0.129727 -0.492082 
0.103369 -0.501681 
0.358446 -0.333918 
0.155663 -0.480957 
0.340289 -0.350647 
0.321914 -0.367152 
0.377881 -0.315693 
0.397168 -0.297406 
0.457673 -0.239795 
0.43718 -0.25922 
0.417218 -0.278282 
0.478201 -0.220656 
0.558885 -0.142848 
0.49861 -0.201848 
0.610604 -0.0721337 
0.640392 0.014567 
0.602767 -0.0856256 
0.629291 -0.0300293 
0.623889 -0.0443287 
0.633869 -0.0153933 
0.539245 -0.163301 
0.518836 -0.183039 
-0.543878 -0.278906 
-0.598275 -0.17957 
-0.629503 -0.0504565 
-0.287166 -0.482455 
-0.26258 -0.491971 
-0.590631 -0.196988 
-0.0745213 -0.527675 
-0.129806 -0.523687 
-0.157213 -0.519728 
-0.613146 -0.138382 
-0.464055 -0.370095 
-0.532613 -0.294526 
-0.507712 -0.325294 
-0.375137 -0.437483 
-0.310733 -0.472152 
-0.447879 -0.384426 
-0.564272 -0.247085 
-0.430919 -0.398359 
-0.413162 -0.411863 
-0.619165 -0.11661 
-0.627388 -0.0726249 
-0.630224 -0.0282043 
0.291305 -0.393336 
0.244179 -0.42943 
0.585996 -0.11026 
-0.394613 -0.424892 
-0.354734 -0.44957 
-0.520583 -0.309969 
-0.582373 -0.214064 
-0.0190137 -0.526201 
0.00856055 -0.52334 
0.0631541 -0.513218 
0.194123 -0.461213 
0.116612 -0.497068 
0.142769 -0.486701 
-0.493996 -0.34046 
0.331133 -0.358934 
0.3118 -0.376006 
-0.573573 -0.230764 
0.368181 -0.324822 
0.387535 -0.306558 
0.447413 -0.249488 
0.4072 -0.287846 
0.467919 -0.2302 
0.34939 -0.342306 
0.488405 -0.211244 
0.606772 -0.0789313 
0.598599 -0.0922092 
0.620853 -0.0514285 
0.631687 -0.0227458 
0.614203 -0.0653341 
0.626692 -0.0372188 
0.635828 -0.00799609 
0.52911 -0.173242 
0.549182 -0.153188 
-0.605905 -0.160004 
-0.554382 -0.263145 
-0.479445 -0.355409 
0.568245 -0.132317 
0.639092 0.00699045 
-0.333266 -0.461156 
-0.623927 -0.0946841 
-0.184346 -0.51451 
-0.211022 -0.508098 
-0.0467519 -0.527639 
0.0900522 -0.505906 
0.508751 -0.192471 
-0.237184 -0.500545 
-0.102189 -0.526349 
0.0359737 -0.519021 
0.168595 -0.474761 
0.268763 -0.411306 
0.4272 -0.268746 
0.219308 -0.446092 
