ZONE T="boundary0"
-4 -0.473501 
-4 -0.212701 
-4 -0.239243 
-4 0.196559 
-4 0.579572 
-4 0.490396 
-4 0.253418 
-4 -0.186158 
-4 -0.567939 
-4 -0.662377 
-4 0.40122 
-4 0.327319 
-4 -0.831188 
-4 1 
-4 -0.27464 
-4 -0.310038 
-4 -0.109179 
-4 -0.0322 
-4 -0.345435 
-4 -0.380832 
-4 0.0537503 
-4 0.789786 
-4 0.139701 
-4 -1 
-4 -0.225972 
-4 0.534984 
-4 -0.615158 
-4 0.36427 
-4 -0.199429 
-4 -0.292339 
-4 -0.256942 
-4 -0.147669 
-4 -0.0706895 
-4 -0.427166 
-4 0.224988 
-4 0.0107751 
-4 -0.52072 
-4 0.684679 
-4 0.894893 
-4 -0.327736 
-4 -0.363133 
-4 0.16813 
-4 0.0967255 
-4 0.290368 
-4 0.445808 
-4 -0.746782 
-4 -0.915594 
ZONE T="boundary1"
-3.22531 1 
3.73421 1 
3.46843 1 
0.0336329 1 
1.07903 1 
-0.779428 1 
0.409827 1 
0.308618 1 
-0.653878 1 
-0.904978 1 
-1.34565 1 
1.28676 1 
1.18519 1 
0.972865 1 
1.9815 1 
1.77866 1 
-2.34229 1 
-4 1 
-3.73118 1 
-2.76188 1 
-2.55209 1 
2.18435 1 
2.54199 1 
-3.46236 1 
3.20264 1 
0.170017 1 
-0.527367 1 
-0.390933 1 
-0.45915 1 
-0.25855 1 
-0.324742 1 
0.101825 1 
-0.183882 1 
0.511035 1 
0.851503 1 
0.730142 1 
1.38832 1 
-0.109213 1 
-1.22509 1 
-1.10452 1 
0.620588 1 
-1.48876 1 
-1.4172 1 
-1.56031 1 
-1.63186 1 
-1.71287 1 
-1.79387 1 
-1.95587 1 
-2.14908 1 
1.48591 1 
2.36317 1 
1.58349 1 
2.93686 1 
3.06975 1 
-2.9936 1 
3.86711 1 
4 1 
3.60132 1 
0.359223 1 
1.23597 1 
1.02595 1 
-3.86559 1 
-2.65699 1 
2.08292 1 
-3.59677 1 
3.33554 1 
0.239318 1 
-0.425042 1 
-0.291646 1 
0.067729 1 
0.135921 1 
-0.221216 1 
-0.590622 1 
-0.842203 1 
-0.716653 1 
-0.493259 1 
1.13211 1 
0.912184 1 
1.33754 1 
-0.0377902 1 
0.460431 1 
-1.28537 1 
-1.00475 1 
0.675365 1 
-1.45298 1 
-1.59609 1 
-2.05248 1 
1.43711 1 
-3.34384 1 
-1.87487 1 
-2.44719 1 
2.27376 1 
2.45258 1 
1.68107 1 
3.0033 1 
-2.24569 1 
1.5347 1 
1.88008 1 
3.1362 1 
2.73942 1 
-3.10946 1 
-2.87774 1 
-0.357837 1 
-0.146547 1 
0.565812 1 
-1.1648 1 
0.790823 1 
-1.38143 1 
-1.52453 1 
-1.75337 1 
-1.67237 1 
3.93355 1 
3.80066 1 
ZONE T="boundary2"
4 -0.689047 
4 -0.594334 
4 -0.499622 
4 -0.229439 
4 -0.125781 
4 0.274971 
4 0.0181528 
4 -0.0422681 
4 -0.322295 
4 -0.426435 
4 -1 
4 -0.17761 
4 0.0785738 
4 -0.291343 
4 -0.260391 
4 0.379614 
4 -0.353247 
4 0.217678 
4 0.148126 
4 0.332265 
4 0.570223 
4 0.713482 
4 0.426964 
4 -0.844523 
4 0.856741 
4 1 
4 -0.641691 
4 -0.546978 
4 -0.0120576 
4 -0.463028 
4 -0.0840247 
4 -0.203524 
4 0.0483633 
4 -0.306819 
4 -0.244915 
4 0.182902 
4 0.11335 
4 0.303618 
4 0.35594 
4 0.246325 
4 0.641852 
4 0.403289 
4 -0.922262 
4 -0.766785 
4 0.498593 
4 -0.151696 
4 -0.275867 
4 -0.337771 
4 -0.389841 
4 0.785111 
4 0.92837 
ZONE T="boundary3"
-1.18036 -1 
3.56319 -1 
2.26756 -1 
2.49633 -1 
1.02872 -1 
-0.486449 -1 
0.703923 -1 
-0.248114 -1 
-0.187417 -1 
-0.124801 -1 
-0.957735 -1 
-0.839645 -1 
1.12209 -1 
0.0055963 -1 
3.78159 -1 
4 -1 
-2.91622 -1 
1.56179 -1 
1.87227 -1 
2.03879 -1 
2.80536 -1 
-1.53879 -1 
-1.66919 -1 
-3.62574 -1 
-2.40177 -1 
-2.18445 -1 
-0.308812 -1 
0.0733766 -1 
0.210902 -1 
0.142139 -1 
0.327551 -1 
0.269226 -1 
-0.062184 -1 
0.465408 -1 
0.396479 -1 
0.584665 -1 
-0.39763 -1 
0.819633 -1 
-0.604002 -1 
-0.721555 -1 
-1.06905 -1 
-1.4084 -1 
-1.29438 -1 
0.935344 -1 
1.26995 -1 
-3.81287 -1 
1.19602 -1 
-3.34072 -1 
1.41782 -1 
-1.96713 -1 
1.70575 -1 
3.34478 -1 
-3.19821 -1 
-3.0557 -1 
2.96587 -1 
3.12638 -1 
-2.77673 -1 
-2.58925 -1 
1.4898 -1 
-4 -1 
2.38195 -1 
-0.217766 -1 
-0.89869 -1 
1.0754 -1 
3.8908 -1 
1.95553 -1 
2.65084 -1 
-1.60399 -1 
-0.156109 -1 
0.0394864 -1 
0.176521 -1 
0.298389 -1 
-0.0282937 -1 
0.430944 -1 
-0.0934923 -1 
-0.44204 -1 
0.525037 -1 
-0.662778 -1 
-0.7806 -1 
0.644294 -1 
-1.12471 -1 
-1.35139 -1 
-1.23737 -1 
-1.01339 -1 
0.98203 -1 
0.877489 -1 
0.761778 -1 
1.23299 -1 
-3.48323 -1 
1.15905 -1 
-1.81816 -1 
3.45399 -1 
-3.12695 -1 
1.78901 -1 
1.63377 -1 
2.15318 -1 
2.88561 -1 
-2.07579 -1 
-2.68299 -1 
-2.29311 -1 
3.67239 -1 
3.23558 -1 
0.240064 -1 
-0.353221 -1 
-0.278463 -1 
0.107758 -1 
0.362015 -1 
-0.545226 -1 
-3.26946 -1 
-2.84648 -1 
-1.4736 -1 
1.52579 -1 
3.04612 -1 
1.45381 -1 
-3.90644 -1 
-3.71931 -1 
1.34389 -1 
-2.49551 -1 
-2.98596 -1 
ZONE T="boundary4"
-0.0801765 0.377255 
-0.0527134 0.379192 
-0.643955 0.0073224 
-0.645328 0.0315969 
0.642321 0.057808 
-0.267671 0.365931 
-0.241513 0.367669 
-0.484091 0.316464 
-0.462103 0.326883 
0.566848 0.240084 
0.461795 0.328672 
0.475537 0.320677 
-0.645083 0.0559911 
-0.643133 0.0804409 
-0.639398 0.104795 
0.639902 0.00237875 
-0.633814 0.128899 
0.59981 0.191836 
0.63579 0.102815 
-0.62933 0.143872 
-0.62413 0.15853 
-0.610139 0.189717 
-0.616969 0.175651 
0.642538 0.0300087 
-0.592753 0.219152 
-0.585087 0.230097 
-0.188662 0.370674 
-0.162002 0.372152 
-0.392378 0.349248 
-0.505228 0.304396 
-0.416147 0.343144 
-0.576957 0.240686 
-0.343478 0.358199 
-0.543 0.276298 
-0.525359 0.290623 
-0.439399 0.335742 
0.631323 0.119772 
0.641575 0.0162084 
-0.5595 0.260522 
-0.368184 0.354205 
0.525843 0.283566 
0.501693 0.303121 
-0.215397 0.369198 
-0.318624 0.361352 
-0.293162 0.363894 
-0.107712 0.37542 
-0.0249507 0.381218 
0.00278412 0.383253 
-0.602613 0.20339 
0.44774 0.336094 
0.419042 0.34918 
0.53705 0.273135 
0.296617 0.382141 
0.265932 0.386113 
0.388976 0.360342 
0.547769 0.262202 
0.488808 0.312185 
0.0591537 0.387107 
0.0878018 0.388731 
0.145788 0.390779 
0.175148 0.390944 
0.116498 0.38999 
0.205175 0.390335 
0.235232 0.388796 
0.327617 0.376627 
0.62324 0.143402 
0.584514 0.216103 
0.606855 0.179137 
0.613383 0.166171 
0.639214 0.0854992 
0.641126 0.0716873 
-0.134816 0.373733 
0.0309677 0.385257 
0.358512 0.369408 
-0.0664436 0.378212 
-0.254594 0.366835 
-0.644839 0.0194491 
-0.473194 0.321875 
0.468708 0.324746 
-0.644325 0.068234 
-0.641491 0.0926533 
-0.645413 0.0437966 
-0.626821 0.151233 
-0.631665 0.136413 
-0.613644 0.182728 
0.642791 0.0439102 
-0.620678 0.167145 
-0.58898 0.224666 
-0.175331 0.371408 
-0.58108 0.235436 
-0.534324 0.283637 
-0.450827 0.331503 
0.642145 0.0231022 
-0.38031 0.351864 
-0.42783 0.339618 
-0.636838 0.116901 
-0.355851 0.356319 
0.513991 0.293619 
-0.202029 0.369941 
-0.28042 0.364964 
-0.011083 0.382239 
-0.3059 0.362697 
-0.606463 0.196602 
-0.228455 0.368451 
-0.331063 0.359869 
0.454805 0.332453 
-0.597803 0.211345 
0.404106 0.355023 
-0.404304 0.346354 
0.557532 0.251336 
0.482218 0.316503 
0.495301 0.307725 
0.0734753 0.387958 
0.160466 0.390948 
0.220209 0.38969 
0.312151 0.37958 
0.610186 0.172687 
0.63764 0.0941845 
-0.568453 0.250801 
0.640259 0.0786052 
0.640826 0.00928288 
0.633686 0.111328 
0.641813 0.0647552 
0.618526 0.154879 
0.603394 0.185521 
0.592381 0.204108 
-0.121262 0.374562 
0.627525 0.13167 
-0.0939424 0.376323 
-0.0388315 0.3802 
0.102147 0.389413 
0.13114 0.390455 
0.250594 0.387604 
0.281295 0.384297 
0.0450586 0.386207 
0.190163 0.390746 
0.373814 0.365114 
-0.148407 0.372931 
0.0168743 0.384268 
0.343115 0.373236 
-0.551411 0.268577 
-0.49478 0.310638 
-0.515438 0.297719 
0.531508 0.278413 
0.542471 0.26773 
0.575902 0.228257 
0.433513 0.342906 
ZONE T="boundary5"
-0.623797 -0.0874588 
-0.643955 0.0073224 
-0.18344 -0.483027 
-0.211929 -0.473768 
-0.572948 -0.194239 
-0.562603 -0.210389 
0.300129 -0.463224 
0.273786 -0.47522 
-0.636674 -0.0405909 
-0.641045 -0.0167525 
0.527144 -0.23477 
-0.61539 -0.110476 
0.43885 -0.35788 
-0.584256 -0.175182 
-0.630907 -0.0641602 
-0.240051 -0.463439 
-0.267861 -0.451996 
-0.540075 -0.242347 
-0.500789 -0.289667 
-0.347502 -0.411654 
-0.371495 -0.396992 
-0.0681886 -0.509072 
-0.0972047 -0.504171 
0.494155 -0.286667 
0.510825 -0.261075 
-0.415642 -0.366373 
-0.435812 -0.350582 
-0.126041 -0.498213 
-0.154875 -0.491149 
-0.453438 -0.335708 
-0.527884 -0.258108 
-0.514622 -0.274122 
0.350336 -0.43439 
0.325599 -0.449659 
-0.485927 -0.305207 
-0.551781 -0.226231 
-0.394886 -0.381398 
-0.470517 -0.320218 
0.639902 0.00237875 
0.637546 -0.0113487 
0.616473 -0.0782285 
0.476592 -0.311589 
0.634535 -0.0249433 
0.604338 -0.104256 
0.426167 -0.371365 
-0.594802 -0.15571 
0.0480534 -0.517732 
0.0189756 -0.51724 
-0.0100922 -0.515616 
0.0770655 -0.517055 
-0.0391876 -0.512884 
-0.605717 -0.13322 
0.191419 -0.501705 
0.21932 -0.494411 
0.13469 -0.512016 
0.163174 -0.507554 
0.105966 -0.515166 
0.246797 -0.485607 
0.396741 -0.399125 
0.373963 -0.417612 
0.413017 -0.384351 
0.458325 -0.335197 
0.543327 -0.208449 
0.630883 -0.0384583 
0.626645 -0.0518004 
0.575235 -0.156421 
0.559383 -0.182436 
0.590287 -0.130578 
-0.2952 -0.439476 
-0.321632 -0.426086 
-0.197728 -0.478531 
-0.567837 -0.202353 
0.287048 -0.469424 
-0.639038 -0.0287039 
-0.619746 -0.0990225 
-0.63396 -0.0524164 
-0.226039 -0.468737 
-0.254011 -0.457852 
0.502588 -0.273935 
-0.425802 -0.358574 
-0.140491 -0.494813 
-0.169195 -0.48722 
-0.521323 -0.266173 
0.338089 -0.442224 
-0.557249 -0.218349 
-0.534041 -0.250275 
-0.405334 -0.373982 
-0.383269 -0.389312 
-0.444691 -0.343223 
-0.462048 -0.32804 
-0.545987 -0.234332 
-0.478288 -0.31278 
0.638808 -0.00449951 
0.485502 -0.299219 
0.610606 -0.0913352 
-0.589627 -0.165499 
-0.507775 -0.281956 
-0.0827186 -0.506754 
0.00443454 -0.516567 
0.0625637 -0.517542 
-0.0246521 -0.514386 
-0.610698 -0.121909 
0.148959 -0.509954 
0.120346 -0.513753 
-0.627513 -0.0758579 
-0.642688 -0.0047371 
0.260367 -0.480611 
0.385499 -0.408552 
0.404964 -0.391833 
0.432569 -0.36468 
0.44874 -0.346671 
0.419653 -0.37792 
0.53523 -0.221604 
0.628834 -0.0451518 
0.362283 -0.426192 
0.567349 -0.169451 
-0.578692 -0.184764 
0.582852 -0.143551 
0.597465 -0.117497 
0.467599 -0.323503 
-0.493428 -0.297504 
0.632785 -0.0317214 
0.621809 -0.0651108 
0.63612 -0.0181638 
-0.600396 -0.144531 
-0.0537051 -0.511111 
0.0915263 -0.516265 
0.23312 -0.490201 
0.205418 -0.498243 
0.519025 -0.247947 
-0.35957 -0.40444 
-0.281592 -0.44587 
-0.33464 -0.419 
-0.11165 -0.501323 
0.0335128 -0.51763 
0.177334 -0.504806 
0.31297 -0.456642 
-0.308482 -0.432911 
0.551357 -0.195441 
