ZONE T="boundary0"
-4 -1 
-4 -0.831188 
-4 -0.220004 
-4 -0.279068 
-4 0.107304 
-4 -0.0277144 
-4 -0.662377 
-4 -0.16094 
-4 -0.0943271 
-4 0.168276 
-4 0.408857 
-4 -0.567939 
-4 -0.376284 
-4 0.617797 
-4 1 
-4 0.808898 
-4 0.198763 
-4 -0.327676 
-4 0.319053 
-4 0.513327 
-4 0.274151 
-4 0.229249 
-4 -0.473501 
-4 -0.249536 
-4 -0.190472 
-4 -0.0610207 
-4 0.0397946 
-4 -0.615158 
-4 -0.746782 
-4 -0.915594 
-4 0.904449 
-4 0.713348 
-4 -0.35198 
-4 0.363955 
-4 -0.127633 
-4 0.461092 
-4 0.2517 
-4 0.13779 
-4 -0.424893 
-4 -0.303372 
-4 -0.52072 
-4 0.18352 
-4 0.214006 
-4 0.296602 
-4 0.565562 
ZONE T="boundary1"
3.73421 1 
1.9815 1 
1.01835 1 
0.934924 1 
0.736046 1 
1.10177 1 
0.835485 1 
1.38832 1 
-0.0619308 1 
-0.120168 1 
0.333373 1 
0.409827 1 
-0.653397 1 
-0.539726 1 
-0.340183 1 
-1.32114 1 
-1.22509 1 
-2.16103 1 
1.58349 1 
1.48591 1 
3.46843 1 
2.93686 1 
3.20264 1 
2.24405 1 
-2.6755 1 
2.76365 1 
2.59045 1 
2.41725 1 
-3.47958 1 
-1.08353 1 
-3.00041 1 
-1.98135 1 
-3.24 1 
-0.254312 1 
-0.426054 1 
0.0749149 1 
-0.00369397 1 
0.153524 1 
-0.18724 1 
0.25692 1 
-0.941975 1 
1.23597 1 
0.620588 1 
0.515208 1 
1.7825 1 
-1.4172 1 
-1.51332 1 
-1.60944 1 
-1.80167 1 
-3.73979 1 
-2.35059 1 
4 1 
-4 1 
-0.797686 1 
0.976635 1 
1.06006 1 
0.785766 1 
-0.0910492 1 
0.3716 1 
-0.596562 1 
-1.27311 1 
1.5347 1 
3.06975 1 
2.67705 1 
-1.15431 1 
3.60132 1 
-3.1202 1 
-0.383119 1 
0.0356104 1 
-0.0328124 1 
-0.297247 1 
-0.220776 1 
0.114219 1 
0.205222 1 
1.16887 1 
0.678317 1 
0.567898 1 
0.462517 1 
0.885205 1 
1.43711 1 
1.68299 1 
1.31215 1 
-1.36917 1 
-3.35979 1 
-1.46526 1 
-1.56138 1 
-1.70555 1 
-1.89151 1 
-3.60969 1 
1.882 1 
-2.83796 1 
-2.25581 1 
3.86711 1 
3.33554 1 
2.11277 1 
2.33065 1 
2.50385 1 
-2.07119 1 
-2.51304 1 
-3.8699 1 
-0.153704 1 
0.295147 1 
-0.86983 1 
-0.725542 1 
-0.48289 1 
-1.01275 1 
2.85026 1 
ZONE T="boundary2"
4 -0.426435 
4 -0.689047 
4 -0.844523 
4 -0.206043 
4 0.121424 
4 0.248413 
4 0.301132 
4 0.344579 
4 0.388025 
4 -0.358889 
4 -1 
4 0.737459 
4 0.195693 
4 0.0471558 
4 -0.291343 
4 -0.234476 
4 -0.557741 
4 -0.121419 
4 -0.0652271 
4 0.606189 
4 1 
4 -0.17761 
4 0.474919 
4 -0.766785 
4 0.274772 
4 0.366302 
4 -0.392662 
4 -0.922262 
4 -0.26291 
4 -0.325116 
4 -0.0933228 
4 0.86873 
4 -0.149514 
4 -0.00903565 
4 0.0842901 
4 0.222053 
4 0.431472 
4 0.322855 
4 -0.623394 
4 -0.492088 
4 0.540554 
4 0.671824 
4 0.158559 
4 -0.191827 
4 -0.22026 
ZONE T="boundary3"
-3.62574 -1 
-4 -1 
-1.06905 -1 
-0.954347 -1 
0.391829 -1 
0.520387 -1 
0.330528 -1 
0.702149 -1 
-0.124801 -1 
-0.186458 -1 
-0.604002 -1 
-0.721824 -1 
3.75429 -1 
4 -1 
2.67241 -1 
-0.839645 -1 
2.49633 -1 
3.0019 -1 
3.15533 -1 
3.33196 -1 
3.50859 -1 
2.03879 -1 
1.7908 -1 
2.26756 -1 
-3.19821 -1 
-2.97547 -1 
-2.45479 -1 
-2.15684 -1 
-2.60376 -1 
-2.75273 -1 
0.205683 -1 
0.142139 -1 
0.269226 -1 
-0.0596022 -1 
0.0055963 -1 
-0.39763 -1 
-0.322872 -1 
-0.248114 -1 
0.611268 -1 
0.924174 -1 
0.813162 -1 
-0.500816 -1 
0.0738678 -1 
-0.449223 -1 
-1.18171 -1 
1.01827 -1 
1.11237 -1 
-1.53879 -1 
-1.41659 -1 
3.63144 -1 
1.28795 -1 
1.41538 -1 
1.54281 -1 
-1.94482 -1 
-1.73281 -1 
-3.41198 -1 
1.66681 -1 
-1.29438 -1 
2.84848 -1 
-3.81287 -1 
-1.0117 -1 
0.456108 -1 
-0.155629 -1 
-0.662913 -1 
3.87715 -1 
3.07861 -1 
3.42027 -1 
1.9148 -1 
2.15318 -1 
-3.08684 -1 
-2.30581 -1 
-2.52927 -1 
-2.8641 -1 
0.173911 -1 
0.237455 -1 
0.299877 -1 
0.361179 -1 
-0.0270029 -1 
-0.360251 -1 
-0.217286 -1 
0.868668 -1 
-0.285493 -1 
-0.552409 -1 
-0.423427 -1 
0.656709 -1 
-0.896996 -1 
-0.780734 -1 
0.565827 -1 
1.06532 -1 
0.757656 -1 
-1.47769 -1 
1.20016 -1 
1.4791 -1 
3.24364 -1 
-1.83882 -1 
-1.6358 -1 
-3.51886 -1 
1.60481 -1 
-1.35548 -1 
-2.67825 -1 
2.58437 -1 
2.92519 -1 
2.38195 -1 
-3.30509 -1 
2.76045 -1 
-0.47502 -1 
0.108004 -1 
0.0397321 -1 
-0.0922014 -1 
3.57001 -1 
0.971223 -1 
-1.12538 -1 
1.35167 -1 
3.69287 -1 
1.72881 -1 
-1.23805 -1 
-2.05083 -1 
ZONE T="boundary4"
0.623223 0.154305 
0.630694 0.130102 
0.640663 0.0396343 
-0.638927 -0.00937858 
0.58775 0.230258 
0.397465 0.388342 
0.483562 0.343283 
0.470008 0.352217 
0.509188 0.32386 
0.427536 0.375454 
-0.3898 0.314012 
-0.532897 0.228312 
-0.551655 0.210091 
-0.636057 0.037795 
-0.638356 0.0142287 
-0.618213 0.107096 
0.553573 0.279451 
0.543362 0.291218 
-0.588992 0.163515 
-0.597073 0.150571 
-0.569115 0.190442 
-0.612342 0.121101 
-0.60579 0.134738 
-0.580284 0.176045 
0.64074 0.067443 
0.639705 0.0813927 
-0.560581 0.200425 
-0.221008 0.365909 
-0.195705 0.372166 
0.562785 0.267807 
0.571487 0.255781 
-0.497606 0.256761 
-0.515643 0.243052 
-0.412547 0.304485 
0.601724 0.204637 
0.608166 0.191339 
0.521144 0.313451 
-0.319321 0.338629 
-0.343121 0.330977 
-0.295056 0.345919 
-0.366762 0.322758 
-0.170369 0.378191 
-0.144663 0.384065 
-0.270708 0.352817 
-0.245881 0.359503 
0.0134909 0.413782 
-0.0135441 0.409663 
0.040627 0.41741 
0.614154 0.177831 
-0.456404 0.282784 
-0.434765 0.29412 
0.335809 0.407631 
0.366886 0.398988 
0.637703 0.0121698 
0.639548 0.0258942 
-0.477379 0.270361 
0.441958 0.36829 
0.579855 0.243171 
0.532601 0.302506 
0.496594 0.333855 
0.456091 0.36057 
0.124867 0.42485 
0.15357 0.425854 
0.212785 0.42501 
0.242882 0.422892 
0.183165 0.425951 
0.637975 0.0953183 
0.634825 0.11285 
-0.118908 0.389703 
-0.0666443 0.400295 
-0.0401407 0.405167 
-0.0928103 0.395144 
0.0683843 0.420539 
0.0962461 0.423031 
0.273726 0.419387 
0.304602 0.414385 
-0.631961 0.0612318 
-0.62602 0.0843836 
0.627178 0.142271 
0.476833 0.347823 
-0.542437 0.219367 
-0.637426 0.0260333 
0.548536 0.285394 
-0.593113 0.157093 
-0.609152 0.127961 
-0.615367 0.114136 
-0.574801 0.183322 
0.64031 0.0744244 
-0.584714 0.169833 
-0.60155 0.14272 
-0.564897 0.195475 
-0.556163 0.2053 
-0.208364 0.369066 
0.567199 0.26184 
-0.506721 0.250034 
-0.401218 0.309353 
0.594941 0.217559 
0.515225 0.318724 
-0.331241 0.334866 
-0.307204 0.342327 
-0.378315 0.318474 
-0.157523 0.381157 
-0.638853 0.00243023 
-0.233453 0.362737 
-3.55059e-05 0.411781 
0.0270502 0.415662 
0.618878 0.166141 
-0.445654 0.288586 
0.351413 0.403546 
0.558243 0.273679 
0.638716 0.0190198 
0.640195 0.0327569 
0.382264 0.39392 
0.412618 0.382173 
0.434781 0.371941 
0.538047 0.296924 
0.449063 0.3645 
0.502948 0.328929 
0.526936 0.308045 
0.139215 0.425459 
0.227844 0.424103 
-0.524376 0.235807 
0.49013 0.338641 
0.58386 0.236749 
0.463093 0.356466 
0.575733 0.249517 
0.638925 0.088366 
0.63653 0.104108 
-0.258305 0.356197 
0.641062 0.0535377 
-0.282894 0.349411 
-0.423711 0.299422 
-0.183044 0.375206 
-0.354968 0.326944 
-0.131792 0.386915 
-0.0534006 0.402775 
-0.105866 0.392458 
-0.0268509 0.407465 
0.168368 0.426026 
0.197979 0.425616 
-0.0797349 0.397758 
0.0823077 0.421869 
0.11055 0.424038 
0.258324 0.421314 
0.289195 0.417078 
0.0544971 0.41905 
0.320252 0.411223 
0.632879 0.121505 
-0.487593 0.263711 
-0.634234 0.0495529 
-0.629219 0.0728665 
-0.622345 0.0958184 
0.611218 0.184612 
0.605001 0.198013 
-0.466977 0.276717 
ZONE T="boundary5"
0.58286 -0.115888 
-0.448087 -0.369578 
-0.429232 -0.384865 
-0.549847 -0.258676 
-0.538032 -0.274996 
-0.631002 -0.0796938 
-0.635178 -0.0563943 
-0.637843 -0.0329407 
-0.609971 -0.14852 
-0.638927 -0.00937858 
-0.600277 -0.171094 
-0.590746 -0.190706 
0.61225 -0.0665707 
-0.570869 -0.226287 
-0.560619 -0.242649 
-0.49794 -0.322469 
-0.482423 -0.33831 
-0.618349 -0.125769 
-0.168285 -0.507962 
-0.197013 -0.500684 
0.377686 -0.356159 
-0.225689 -0.492086 
-0.253985 -0.482242 
-0.281944 -0.471117 
-0.0236823 -0.525246 
-0.0525416 -0.524359 
-0.110417 -0.518717 
-0.139315 -0.513989 
-0.525616 -0.290876 
-0.512074 -0.306926 
-0.0814092 -0.522184 
0.00498364 -0.524822 
-0.466323 -0.353569 
-0.361681 -0.430873 
-0.385556 -0.416029 
-0.408742 -0.400176 
-0.625373 -0.102829 
0.623361 -0.0410484 
0.0334984 -0.523064 
0.14441 -0.502183 
0.0897073 -0.515444 
0.0617524 -0.519947 
0.117279 -0.50953 
0.318937 -0.409416 
0.197278 -0.483058 
0.171106 -0.493362 
0.247935 -0.457933 
0.222899 -0.47125 
0.546406 -0.162952 
0.526493 -0.186325 
0.272315 -0.443142 
0.295903 -0.427004 
0.362993 -0.370589 
0.341175 -0.390668 
0.392055 -0.341382 
0.40896 -0.323226 
0.425503 -0.30475 
0.486015 -0.233469 
0.598781 -0.0913219 
-0.581123 -0.208669 
0.565176 -0.139784 
0.637703 0.0121698 
0.635146 -0.00140398 
0.627951 -0.0280396 
0.631895 -0.0147913 
0.445812 -0.281272 
-0.309385 -0.458761 
-0.335852 -0.445398 
0.4658 -0.257561 
0.506349 -0.20964 
-0.438734 -0.377313 
-0.544014 -0.26689 
-0.633273 -0.0680769 
-0.638587 -0.021169 
-0.595615 -0.18095 
-0.490256 -0.330463 
-0.182688 -0.504477 
-0.211397 -0.496541 
-0.268026 -0.476834 
-0.565808 -0.234508 
-0.0381169 -0.524965 
-0.124892 -0.516508 
-0.518921 -0.298965 
-0.0959321 -0.520608 
-0.474443 -0.346014 
-0.531897 -0.282993 
-0.505078 -0.314762 
-0.457284 -0.361664 
-0.397235 -0.408229 
-0.419064 -0.392624 
0.618101 -0.0539382 
-0.614314 -0.137201 
0.0192515 -0.524112 
0.0757583 -0.517873 
-0.636703 -0.0446894 
0.130894 -0.506039 
-0.622025 -0.114349 
0.184264 -0.488395 
0.235511 -0.46477 
0.536495 -0.174677 
0.260228 -0.450708 
0.307531 -0.418355 
0.352187 -0.38074 
-0.555299 -0.250707 
0.38491 -0.348809 
0.370384 -0.363419 
0.330163 -0.40017 
0.400556 -0.33235 
0.417272 -0.314024 
-0.576071 -0.217522 
-0.586016 -0.199731 
-0.605269 -0.159869 
0.55589 -0.151448 
0.636513 0.00536621 
0.60577 -0.0790851 
0.625736 -0.0345721 
0.591037 -0.103745 
0.633607 -0.00811853 
0.630007 -0.0214404 
0.574177 -0.127954 
0.435706 -0.293053 
-0.628361 -0.0913035 
-0.153832 -0.511132 
-0.0093469 -0.525199 
-0.295733 -0.465092 
-0.322692 -0.452226 
0.157819 -0.497957 
0.455831 -0.269438 
-0.0669873 -0.52343 
0.0476446 -0.521679 
-0.373698 -0.42358 
0.103532 -0.512667 
0.210172 -0.477337 
0.516418 -0.19798 
-0.348848 -0.438281 
0.284217 -0.435231 
0.496153 -0.221529 
-0.239891 -0.487319 
0.475894 -0.245504 
