ZONE T="boundary0"
-4 -0.214838 
-4 -0.249988 
-4 -0.285139 
-4 0.180874 
-4 0.22601 
-4 0.271145 
-4 0.330961 
-4 0.390776 
-4 0.552032 
-4 0.664024 
-4 0.0720331 
-4 -0.0169667 
-4 -0.105967 
-4 -0.160402 
-4 1 
-4 -0.336156 
-4 -0.387173 
-4 -0.564931 
-4 -0.476052 
-4 0.471404 
-4 0.776016 
-4 -0.782466 
-4 -0.673699 
-4 -1 
-4 -0.267564 
-4 0.203442 
-4 0.301053 
-4 0.608028 
-4 -0.0614666 
-4 -0.361665 
-4 -0.133184 
-4 -0.18762 
-4 -0.520492 
-4 0.126454 
-4 0.43109 
-4 0.0275332 
-4 0.511718 
-4 0.72002 
-4 0.888008 
-4 -0.232413 
-4 -0.310648 
-4 0.360869 
-4 0.248577 
-4 -0.431613 
-4 -0.619315 
-4 -0.728082 
-4 -0.891233 
ZONE T="boundary1"
0.945883 1 
0.373264 1 
-0.849994 1 
-3.57733 1 
-3.23995 1 
1.34416 1 
-0.96106 1 
-1.07213 1 
-1.30556 1 
1.26401 1 
3.77439 1 
3.54879 1 
-3.78866 1 
-4 1 
-2.52314 1 
1.58463 1 
1.42432 1 
2.73429 1 
2.36475 1 
1.75134 1 
-2.78116 1 
2.91593 1 
-2.05697 1 
-2.26512 1 
-1.70368 1 
-1.84881 1 
3.09757 1 
-0.252522 1 
-0.155514 1 
0.0955045 1 
0.0314763 1 
-0.0325518 1 
-0.301026 1 
-0.62141 1 
0.301838 1 
-0.48547 1 
0.162958 1 
-0.094033 1 
-0.34953 1 
0.230411 1 
0.633351 1 
0.536534 1 
0.891954 1 
1.1256 1 
4 1 
-1.43206 1 
-1.55856 1 
-1.18885 1 
0.838025 1 
0.730168 1 
1.91805 1 
2.1414 1 
-0.735702 1 
-3.01055 1 
-3.40864 1 
-1.01659 1 
3.66159 1 
-3.89433 1 
1.50448 1 
2.54952 1 
1.66799 1 
2.82511 1 
-2.16104 1 
-2.65215 1 
-1.77625 1 
3.32318 1 
-0.204018 1 
0.0634904 1 
0.129231 1 
0.196684 1 
0.584943 1 
-0.325278 1 
1.03574 1 
1.19481 1 
-1.49531 1 
-0.4175 1 
-0.55344 1 
-0.905527 1 
3.8872 1 
-1.24721 1 
-1.13049 1 
-3.68299 1 
0.454899 1 
0.784096 1 
3.00675 1 
1.30408 1 
2.02973 1 
-1.95289 1 
-1.63112 1 
2.25308 1 
-2.39413 1 
-0.792848 1 
1.8347 1 
-2.89586 1 
-3.12525 1 
-0.000537767 1 
-0.0632924 1 
0.918919 1 
0.681759 1 
0.86499 1 
-0.124774 1 
0.337551 1 
0.266124 1 
-0.276774 1 
-0.678556 1 
-1.36881 1 
1.38424 1 
ZONE T="boundary2"
4 -0.43919 
4 -0.15475 
4 -0.0304021 
4 -0.286917 
4 -0.510031 
4 0.192436 
4 0.247408 
4 0.0960671 
4 0.144252 
4 0.30238 
4 0.521745 
4 -0.703275 
4 -0.851638 
4 -0.233517 
4 -0.207261 
4 -0.259773 
4 -0.368349 
4 -0.314061 
4 0.364452 
4 0.426525 
4 0.0328325 
4 0.616965 
4 -1 
4 1 
4 0.808483 
4 0.120159 
4 -0.777457 
4 -0.092576 
4 -0.220389 
4 -0.341205 
4 -0.606653 
4 0.274894 
4 0.395489 
4 0.219922 
4 0.0644498 
4 -0.47461 
4 0.569355 
4 0.474135 
4 -0.925819 
4 0.904241 
4 0.712724 
4 -0.273345 
4 -0.300489 
4 -0.40377 
4 -0.181006 
4 -0.246645 
4 0.333416 
4 0.168344 
4 0.0012152 
ZONE T="boundary3"
-3.83228 -1 
-1.93358 -1 
3.3106 -1 
-0.463569 -1 
-0.354136 -1 
-0.187997 -1 
-0.125498 -1 
1.64161 -1 
1.7742 -1 
-0.607085 -1 
1.12837 -1 
-1.33542 -1 
-0.750601 -1 
0.0031734 -1 
0.0693449 -1 
-1.49662 -1 
-1.41602 -1 
-1.06858 -1 
-0.962947 -1 
-0.678843 -1 
1.90678 -1 
0.789061 -1 
-2.51922 -1 
-3.2412 -1 
-3.45288 -1 
-2.09472 -1 
-2.23622 -1 
-2.66072 -1 
-2.95096 -1 
-3.09608 -1 
2.55096 -1 
0.579083 -1 
0.684072 -1 
0.296522 -1 
0.140376 -1 
-0.0629987 -1 
0.211407 -1 
0.381636 -1 
0.48036 -1 
-0.312601 -1 
0.253965 -1 
-0.856774 -1 
4 -1 
-0.271066 -1 
3.10019 -1 
2.96962 -1 
-1.17422 -1 
-1.77243 -1 
0.901408 -1 
1.01375 -1 
1.24299 -1 
1.34678 -1 
1.45057 -1 
2.83904 -1 
2.08483 -1 
2.26288 -1 
2.695 -1 
3.7605 -1 
-3.55873 -1 
-2.37772 -1 
2.40692 -1 
3.521 -1 
-4 -1 
-3.66457 -1 
-0.156747 -1 
1.70791 -1 
-0.535327 -1 
0.0362591 -1 
-1.45632 -1 
-1.01576 -1 
-0.642964 -1 
1.84049 -1 
-3.34704 -1 
-2.16547 -1 
-2.80584 -1 
0.736566 -1 
0.104861 -1 
-0.0942479 -1 
0.175892 -1 
0.430998 -1 
-0.0299128 -1 
-0.408853 -1 
-0.803688 -1 
-0.229532 -1 
-1.25482 -1 
-1.37572 -1 
-0.909861 -1 
-1.63453 -1 
-1.1214 -1 
0.957581 -1 
1.18568 -1 
1.29488 -1 
1.07106 -1 
2.90433 -1 
1.54609 -1 
2.17385 -1 
2.76702 -1 
-2.01415 -1 
-1.85301 -1 
-3.02352 -1 
-3.16864 -1 
3.88025 -1 
-2.30697 -1 
2.47894 -1 
-2.44847 -1 
-2.58997 -1 
3.64075 -1 
0.275243 -1 
0.232686 -1 
-0.714722 -1 
0.339079 -1 
-0.291833 -1 
-0.333368 -1 
0.529721 -1 
3.20539 -1 
0.631577 -1 
3.4158 -1 
1.9958 -1 
-3.74843 -1 
-3.5058 -1 
-3.91614 -1 
-3.61165 -1 
0.845234 -1 
1.39867 -1 
2.62298 -1 
3.0349 -1 
2.3349 -1 
ZONE T="boundary4"
-0.505735 0.288098 
-0.487974 0.307577 
0.0217008 0.530369 
0.272902 0.467192 
0.246357 0.481037 
0.0503852 0.529534 
0.0790147 0.5273 
0.64285 -0.0284937 
0.219351 0.492992 
0.191841 0.503176 
0.10751 0.523613 
0.13591 0.518399 
0.532651 0.192702 
0.551064 0.168416 
-0.620631 0.0985 
-0.611075 0.123132 
-0.256458 0.470353 
-0.230133 0.481442 
-0.634836 0.0490112 
-0.62857 0.0737645 
-0.639387 0.0243332 
-0.642197 -0.000218903 
0.624334 0.0480744 
-0.60569 0.135433 
-0.596902 0.153787 
-0.587406 0.171799 
-0.569797 0.20167 
0.633038 0.0228849 
-0.558436 0.219169 
-0.467946 0.3278 
-0.447089 0.347195 
0.495446 0.242841 
0.514208 0.217236 
-0.42547 0.365744 
-0.522656 0.267935 
-0.356543 0.416146 
-0.380157 0.400238 
-0.332351 0.431127 
-0.307585 0.445173 
-0.282276 0.458258 
-0.403131 0.383442 
-0.203379 0.491477 
-0.148655 0.508297 
-0.176189 0.500445 
-0.120768 0.515018 
-0.0926377 0.520561 
-0.0357158 0.528014 
-0.00699638 0.52985 
-0.0642366 0.524909 
-0.541064 0.243942 
0.639245 -0.00270044 
0.324019 0.433812 
0.348503 0.41424 
0.37207 0.392941 
0.394789 0.369997 
0.476753 0.26866 
0.568437 0.144957 
0.164036 0.51161 
0.2988 0.451465 
0.58505 0.121093 
0.61763 0.0637228 
0.598186 0.100347 
0.610136 0.0790111 
0.64137 -0.0155389 
0.457353 0.294863 
0.437389 0.320593 
0.41653 0.345791 
-0.496954 0.297927 
0.259738 0.474331 
0.0647166 0.528595 
0.205673 0.498295 
0.121747 0.521198 
0.541871 0.180558 
-0.616032 0.110884 
-0.243351 0.476028 
-0.631902 0.0614369 
-0.641006 0.0120802 
-0.62479 0.0861916 
-0.601388 0.144653 
-0.578815 0.186859 
-0.592238 0.162837 
-0.608425 0.129301 
-0.564183 0.210463 
-0.457616 0.337602 
-0.478066 0.317793 
0.504794 0.230002 
-0.436372 0.356576 
-0.514301 0.278103 
-0.368427 0.408305 
-0.320036 0.438269 
-0.294995 0.451838 
-0.414387 0.374701 
-0.216807 0.486593 
-0.162461 0.504512 
-0.134745 0.511802 
-0.0213637 0.529094 
0.00735219 0.530276 
-0.0784585 0.522888 
-0.531996 0.256042 
-0.049991 0.526618 
-0.189829 0.496099 
-0.549878 0.231645 
0.636453 0.0101714 
0.336407 0.424223 
0.360435 0.403768 
0.383574 0.381624 
0.48611 0.255752 
0.150022 0.515203 
0.093289 0.525641 
0.178001 0.507597 
-0.34452 0.423752 
0.285974 0.459543 
0.232946 0.487228 
0.311546 0.442847 
0.628973 0.0355823 
0.621086 0.0559441 
0.604321 0.0897698 
0.591742 0.110797 
0.640387 -0.00910547 
0.642191 -0.0220059 
0.576861 0.133102 
0.467112 0.281804 
-0.106731 0.517938 
-0.391726 0.39195 
0.559812 0.156724 
-0.269427 0.464431 
0.0360513 0.530123 
0.447457 0.307797 
0.40579 0.35802 
0.613976 0.0714128 
-0.637319 0.0367089 
0.523406 0.204936 
0.42707 0.333289 
ZONE T="boundary5"
0.0364769 -0.39772 
0.0644672 -0.399763 
-0.162613 -0.376294 
-0.133738 -0.379905 
0.313677 -0.390619 
-0.570714 -0.223311 
-0.562414 -0.232585 
0.258805 -0.398506 
0.286322 -0.395106 
-0.642503 -0.0486776 
-0.643243 -0.0245724 
0.585618 -0.225878 
-0.553772 -0.241524 
-0.621306 -0.141129 
-0.629376 -0.118752 
-0.599605 -0.183876 
-0.611371 -0.16288 
0.64285 -0.0284937 
-0.639959 -0.0724457 
-0.635588 -0.0958375 
0.638166 -0.105514 
0.635235 -0.118107 
-0.515225 -0.274309 
-0.535259 -0.258575 
-0.191829 -0.372464 
-0.279947 -0.359147 
-0.250524 -0.363991 
-0.0196841 -0.392668 
-0.0478731 -0.389766 
0.00850824 -0.395343 
-0.0763729 -0.386645 
-0.221077 -0.3684 
-0.104897 -0.383365 
-0.493681 -0.288671 
0.642243 -0.0800524 
0.468429 -0.335896 
-0.470682 -0.301656 
-0.642197 -0.000218903 
0.491528 -0.321413 
0.569834 -0.247848 
0.203512 -0.402437 
0.175809 -0.403159 
-0.309164 -0.353747 
-0.338231 -0.347598 
0.092319 -0.401396 
0.120208 -0.402559 
0.231244 -0.400913 
0.393589 -0.369769 
0.367429 -0.378031 
0.419375 -0.359991 
0.438137 -0.351709 
0.45654 -0.342494 
0.599856 -0.20298 
0.340643 -0.38498 
0.643357 -0.0672091 
0.612415 -0.179379 
0.617989 -0.167397 
0.623099 -0.155226 
0.631738 -0.130585 
0.643835 -0.054345 
0.14798 -0.403172 
0.552547 -0.26853 
0.533645 -0.287776 
-0.366611 -0.340618 
-0.58603 -0.20405 
-0.446371 -0.313265 
0.513184 -0.30547 
-0.394199 -0.332651 
-0.420802 -0.323582 
0.0504675 -0.398787 
-0.148174 -0.378119 
-0.566609 -0.227988 
0.272577 -0.396936 
-0.643099 -0.0366329 
-0.62557 -0.130023 
-0.605704 -0.173498 
-0.64146 -0.060587 
0.636773 -0.111827 
-0.525398 -0.266638 
-0.177221 -0.374404 
-0.265243 -0.361631 
-0.0337805 -0.391242 
-0.0621241 -0.388227 
-0.206455 -0.370465 
-0.119318 -0.381653 
-0.616563 -0.152107 
0.640507 -0.0928281 
-0.544683 -0.250228 
-0.558136 -0.237095 
0.48011 -0.328865 
-0.0906358 -0.385023 
-0.638004 -0.0841856 
0.18966 -0.402892 
-0.00559103 -0.394037 
-0.323719 -0.350778 
0.0783881 -0.400633 
0.0224884 -0.396569 
0.106258 -0.402041 
0.245032 -0.399827 
0.21738 -0.401781 
0.300021 -0.393005 
0.380563 -0.374077 
0.406553 -0.365071 
0.447396 -0.347216 
0.462513 -0.339246 
0.428804 -0.35596 
0.327189 -0.387953 
0.642879 -0.0736366 
0.615257 -0.173414 
0.620603 -0.161336 
0.633555 -0.124364 
0.627674 -0.142993 
-0.235804 -0.366241 
0.161891 -0.403249 
0.543293 -0.278346 
0.643676 -0.0607791 
0.60634 -0.191288 
0.643668 -0.0414026 
-0.352453 -0.344236 
-0.578562 -0.213829 
0.354077 -0.381674 
-0.294569 -0.356529 
0.134089 -0.402938 
0.592925 -0.214547 
-0.504592 -0.281694 
-0.482301 -0.295368 
-0.632713 -0.107358 
-0.593022 -0.194099 
-0.642941 -0.0123875 
0.502508 -0.313648 
0.523593 -0.296828 
0.561392 -0.258357 
0.577914 -0.237 
-0.38045 -0.336785 
-0.407561 -0.328286 
-0.433665 -0.318609 
-0.458625 -0.307658 
