ZONE T="boundary0"
-4 -1 
-4 -0.317186 
-4 -0.213382 
-4 -0.263234 
-4 0.266025 
-4 0.15851 
-4 0.0857889 
-4 0.653736 
-4 1 
-4 0.884579 
-4 0.370404 
-4 -0.878043 
-4 -0.360252 
-4 -0.403317 
-4 -0.579813 
-4 -0.163529 
-4 -0.447441 
-4 0.538315 
-4 0.769158 
-4 -0.0460241 
-4 -0.491565 
-4 -0.104777 
-4 0.0198824 
-4 0.300818 
-4 0.194871 
-4 0.231232 
-4 -0.756086 
-4 -0.238308 
-4 0.12215 
-4 0.942289 
-4 -0.939021 
-4 -0.29021 
-4 -0.381785 
-4 -0.188455 
-4 0.454359 
-4 0.826868 
-4 0.596026 
-4 0.711447 
-4 -0.338719 
-4 -0.469503 
-4 0.0528357 
-4 -0.0130708 
-4 0.283421 
-4 0.176691 
-4 0.248628 
-4 0.335611 
-4 -0.66795 
-4 -0.817064 
-4 0.213052 
-4 -0.134153 
-4 -0.0754003 
-4 -0.425379 
-4 -0.535689 
ZONE T="boundary1"
-3.00858 1 
-4 1 
2.08525 1 
1.88641 1 
3.51255 1 
3.75628 1 
-0.244808 1 
-0.177499 1 
-0.110191 1 
0.407549 1 
0.289689 1 
-0.670885 1 
0.735604 1 
-0.722705 1 
-0.774526 1 
3.32464 1 
3.13673 1 
0.846695 1 
0.957786 1 
-3.2578 1 
-3.50703 1 
1.64368 1 
1.18754 1 
0.525408 1 
4 1 
2.76357 1 
2.64371 1 
-2.21026 1 
1.4337 1 
1.31062 1 
-1.82904 1 
-2.01965 1 
-2.60399 1 
-2.80628 1 
-3.75351 1 
-0.355408 1 
0.0236254 1 
-0.409408 1 
-0.463408 1 
-0.567147 1 
-0.0432827 1 
0.167921 1 
0.0957733 1 
-0.878167 1 
0.630506 1 
-0.995841 1 
-1.11351 1 
-1.50467 1 
-1.40918 1 
-1.3137 1 
-1.2136 1 
1.07266 1 
-1.66686 1 
1.53869 1 
2.2841 1 
2.18468 1 
2.52384 1 
1.98583 1 
3.63441 1 
-0.143845 1 
0.348619 1 
-0.748616 1 
3.23069 1 
0.902241 1 
-3.38242 1 
3.87814 1 
2.70364 1 
1.37216 1 
-1.92435 1 
-2.40712 1 
-0.300108 1 
0.466479 1 
-0.436408 1 
-0.0767367 1 
0.228805 1 
-0.826346 1 
0.577957 1 
-1.05468 1 
-1.45693 1 
-1.16356 1 
-1.26365 1 
0.79115 1 
0.683055 1 
1.01522 1 
1.1301 1 
-1.36144 1 
1.24908 1 
1.59119 1 
1.4862 1 
1.76505 1 
-2.90743 1 
-3.13319 1 
-1.74795 1 
-2.70513 1 
2.23439 1 
2.13496 1 
2.40397 1 
3.4186 1 
2.95015 1 
-3.87676 1 
-3.63027 1 
-0.211154 1 
0.131847 1 
0.0596994 1 
-0.00982863 1 
-0.937004 1 
-0.382408 1 
-0.515278 1 
-0.696795 1 
-0.619016 1 
2.58377 1 
-1.58577 1 
-2.11495 1 
ZONE T="boundary2"
4 -0.584886 
4 -0.224757 
4 -0.291155 
4 -0.190898 
4 -0.761608 
4 0.15779 
4 0.224146 
4 -0.0863985 
4 1 
4 -0.157038 
4 0.274589 
4 0.325032 
4 -0.0157587 
4 0.0710159 
4 0.538922 
4 -0.357553 
4 0.654191 
4 0.769461 
4 -0.47122 
4 -1 
4 0.431977 
4 -0.257956 
4 0.190968 
4 -0.121718 
4 0.29981 
4 -0.0510786 
4 0.114403 
4 0.0276286 
4 0.711826 
4 -0.528053 
4 -0.880804 
4 0.596556 
4 0.88473 
4 -0.173968 
4 -0.324354 
4 0.249368 
4 0.378504 
4 0.485449 
4 -0.414386 
4 -0.673247 
4 -0.207827 
ZONE T="boundary3"
-3.71796 -1 
-4 -1 
-1.41047 -1 
2.91409 -1 
3.13366 -1 
-0.343453 -1 
-0.198343 -1 
-0.139098 -1 
-1.18932 -1 
-1.2999 -1 
2.33068 -1 
2.50601 -1 
-0.619982 -1 
3.32428 -1 
-3.47394 -1 
1.11019 -1 
-0.852775 -1 
-1.60301 -1 
-1.95264 -1 
1.44985 -1 
1.54813 -1 
3.75746 -1 
-2.13702 -1 
-2.32141 -1 
-2.54995 -1 
-3.00421 -1 
-2.7785 -1 
-0.00633743 -1 
0.0671775 -1 
0.141081 -1 
0.318784 -1 
0.422583 -1 
0.594249 -1 
0.508416 -1 
0.266885 -1 
0.214985 -1 
0.794266 -1 
0.694257 -1 
0.89777 -1 
-0.0798523 -1 
-0.737391 -1 
-0.423013 -1 
-0.502573 -1 
1.00127 -1 
1.21911 -1 
-0.968159 -1 
-1.07874 -1 
4 -1 
1.33448 -1 
1.7447 -1 
1.84298 -1 
-1.77782 -1 
2.15534 -1 
-3.22992 -1 
2.71005 -1 
-1.50674 -1 
3.51491 -1 
1.64642 -1 
-3.85898 -1 
3.02388 -1 
-0.270898 -1 
-1.24461 -1 
2.41834 -1 
1.49899 -1 
-2.22922 -1 
-2.43568 -1 
-2.89135 -1 
0.03042 -1 
0.104129 -1 
0.370684 -1 
0.551332 -1 
0.292835 -1 
0.178033 -1 
0.744262 -1 
-0.109475 -1 
-0.795083 -1 
-0.383233 -1 
0.644253 -1 
-0.678686 -1 
0.949521 -1 
-0.561277 -1 
1.05573 -1 
-1.02345 -1 
-1.35518 -1 
3.87873 -1 
-1.86523 -1 
1.99916 -1 
-3.35193 -1 
2.24301 -1 
2.60803 -1 
-1.45861 -1 
-2.66423 -1 
-2.04483 -1 
3.4196 -1 
3.22897 -1 
3.63618 -1 
-1.69042 -1 
-3.11706 -1 
-0.16872 -1 
-0.0430949 -1 
0.240935 -1 
0.846018 -1 
1.39216 -1 
-1.13403 -1 
1.59727 -1 
1.79384 -1 
1.69556 -1 
-0.910467 -1 
1.16465 -1 
1.27679 -1 
-1.55487 -1 
-3.59595 -1 
0.4655 -1 
-0.462793 -1 
2.81207 -1 
ZONE T="boundary4"
-0.621587 0.0893589 
-0.509924 0.33898 
-0.46223 0.388073 
-0.614202 0.134146 
0.503771 0.197998 
0.479453 0.215258 
-0.559943 0.268838 
0.548386 0.162049 
0.568185 0.142889 
0.395421 0.271534 
0.417124 0.257139 
-0.408185 0.43085 
0.459174 0.229076 
0.646121 -0.0187137 
0.643901 -0.00242258 
0.640632 0.0138337 
-0.623523 0.0450233 
-0.623236 0.067088 
-0.610772 0.148213 
-0.61857 0.111745 
-0.569318 0.252132 
-0.578053 0.235074 
-0.60157 0.178594 
0.600515 0.103521 
-0.304076 0.486477 
-0.28139 0.494811 
-0.257798 0.502198 
-0.537307 0.303816 
-0.549008 0.286562 
-0.326393 0.477051 
-0.478888 0.372353 
-0.444914 0.403051 
-0.426846 0.417356 
-0.368686 0.455601 
-0.347768 0.46682 
-0.622464 0.0232294 
-0.233942 0.508389 
-0.209244 0.513481 
-0.184406 0.517278 
-0.524261 0.321368 
-0.159169 0.519793 
-0.13315 0.520978 
-0.494772 0.356003 
-0.388701 0.443671 
-0.107214 0.520735 
0.623752 0.0628792 
0.613457 0.0829168 
0.370196 0.288296 
0.27123 0.356213 
0.246515 0.373628 
0.344892 0.305269 
0.320426 0.321931 
0.438697 0.242791 
0.0544482 0.486069 
0.0274248 0.495973 
-0.0269191 0.510815 
-0.000133658 0.504339 
0.137297 0.445414 
0.109656 0.460641 
0.219951 0.392186 
0.585114 0.123896 
0.636358 0.0297388 
0.631033 0.0454459 
0.647345 -0.0352334 
-0.080536 0.518991 
-0.0540903 0.515746 
0.527418 0.179886 
0.295976 0.338857 
0.0815939 0.474427 
0.165472 0.428383 
0.193226 0.410373 
-0.591201 0.205962 
0.491672 0.206712 
0.558453 0.152647 
0.406277 0.264336 
0.469335 0.222196 
0.645137 -0.0105501 
-0.623549 0.0560586 
-0.612549 0.141195 
-0.564712 0.260531 
-0.573764 0.243644 
-0.606451 0.16349 
-0.269638 0.498651 
-0.54325 0.295252 
-0.554572 0.27776 
-0.31529 0.481897 
-0.470644 0.380304 
-0.435958 0.410302 
-0.453653 0.395656 
-0.35829 0.461331 
-0.337138 0.472059 
-0.417589 0.424205 
-0.245907 0.505442 
-0.196849 0.51554 
-0.292781 0.49078 
-0.51719 0.330254 
-0.171803 0.518702 
-0.53088 0.312664 
-0.502441 0.347575 
-0.623162 0.0341189 
-0.398513 0.437369 
-0.486918 0.364265 
0.642396 0.00573256 
-0.120181 0.521035 
0.618815 0.0730092 
0.382809 0.279904 
0.258875 0.364921 
0.332647 0.313573 
0.427917 0.249969 
0.448946 0.235945 
0.0409999 0.491209 
-0.0134833 0.507769 
0.123554 0.453181 
0.233251 0.382933 
-0.378759 0.449748 
0.576829 0.133556 
-0.62258 0.0782367 
0.638622 0.0218214 
0.607209 0.0933628 
0.646859 -0.0269635 
0.627551 0.0542303 
0.593029 0.113875 
0.633822 0.0376364 
-0.146168 0.520564 
-0.221625 0.511094 
-0.0938638 0.520052 
-0.0672917 0.517556 
0.515696 0.189076 
0.538028 0.171118 
0.283597 0.347518 
0.0680914 0.480429 
0.0957054 0.467713 
0.0137013 0.500357 
0.179406 0.419474 
0.308189 0.330369 
-0.0404712 0.513479 
0.206625 0.401337 
0.151458 0.437031 
-0.620245 0.100575 
-0.616548 0.122978 
0.357536 0.29676 
-0.596598 0.19236 
-0.584852 0.220621 
ZONE T="boundary5"
-0.212428 -0.391482 
-0.165576 -0.407726 
-0.189083 -0.399836 
-0.530414 -0.189172 
-0.551629 -0.16246 
-0.620082 0.00174288 
-0.589413 -0.0995413 
-0.46801 -0.250959 
-0.453738 -0.262718 
-0.56158 -0.14828 
-0.570939 -0.133655 
0.596017 -0.237038 
0.540532 -0.3204 
-0.605306 -0.0603506 
0.530894 -0.330812 
-0.597944 -0.0801755 
-0.234793 -0.38298 
-0.298851 -0.355687 
-0.611474 -0.0400655 
-0.25699 -0.374038 
-0.278009 -0.365078 
-0.318443 -0.346358 
-0.0916929 -0.429219 
-0.116828 -0.422467 
-0.0663918 -0.43543 
-0.141283 -0.415344 
-0.439111 -0.274013 
0.49983 -0.359437 
0.477594 -0.376301 
-0.507107 -0.214564 
-0.423623 -0.28521 
-0.391089 -0.306558 
-0.407815 -0.29592 
-0.374095 -0.316726 
0.642797 -0.10145 
0.639517 -0.118012 
-0.337841 -0.336595 
-0.57974 -0.118445 
-0.481471 -0.239157 
-0.494582 -0.226952 
0.614639 -0.195856 
0.625539 -0.166953 
-0.622464 0.0232294 
0.124091 -0.462261 
0.0952256 -0.460603 
0.067312 -0.458136 
0.0395132 -0.454868 
-0.0143064 -0.446338 
0.0125317 -0.450948 
-0.0404289 -0.441187 
0.182893 -0.462652 
0.153025 -0.462972 
0.332337 -0.442 
0.359086 -0.434172 
-0.356081 -0.326884 
0.38291 -0.425847 
0.406409 -0.416229 
0.305416 -0.448428 
0.454345 -0.391421 
0.430667 -0.404632 
0.520845 -0.340827 
0.558204 -0.298842 
0.647582 -0.0518073 
0.646872 -0.0683681 
0.645256 -0.0849615 
0.566462 -0.287437 
0.635528 -0.134365 
0.581949 -0.263122 
0.647345 -0.0352334 
0.602522 -0.223571 
0.589134 -0.250312 
0.274001 -0.454277 
0.242977 -0.458476 
0.212751 -0.461194 
-0.616408 -0.0193659 
-0.200776 -0.395717 
-0.541274 -0.176017 
-0.46092 -0.256895 
-0.566339 -0.141019 
-0.556678 -0.155422 
-0.223631 -0.387286 
-0.608544 -0.0502544 
-0.308672 -0.351074 
-0.104279 -0.42591 
-0.153449 -0.411597 
-0.177349 -0.403839 
-0.0790602 -0.432394 
0.488868 -0.368075 
-0.518973 -0.202063 
-0.399489 -0.301299 
-0.382625 -0.311698 
-0.43141 -0.279672 
0.641252 -0.109749 
-0.575426 -0.1261 
-0.488072 -0.233104 
-0.267522 -0.36961 
-0.328169 -0.341532 
-0.621439 0.0124686 
0.109651 -0.461547 
0.0534001 -0.4566 
0.0260087 -0.452997 
-0.0273839 -0.44384 
0.16796 -0.46295 
-0.0534279 -0.438383 
-0.365119 -0.321862 
0.371051 -0.43016 
0.394725 -0.421197 
0.318915 -0.445377 
0.466102 -0.384065 
0.510518 -0.350336 
0.535765 -0.325655 
0.525919 -0.33587 
0.345762 -0.438261 
0.549583 -0.309798 
0.646173 -0.076675 
0.56239 -0.293181 
0.63083 -0.150749 
0.644128 -0.0932205 
-0.288455 -0.360437 
-0.346989 -0.331793 
-0.415758 -0.290624 
-0.245914 -0.378565 
0.418626 -0.410615 
0.647342 -0.0600922 
0.647584 -0.043518 
-0.474785 -0.245109 
-0.500892 -0.220806 
0.637608 -0.126209 
-0.129074 -0.418968 
0.138555 -0.462739 
0.592626 -0.243701 
0.258513 -0.456559 
-0.000902919 -0.448728 
0.197829 -0.462069 
0.442614 -0.398219 
0.289746 -0.451556 
0.0812588 -0.459472 
-0.446468 -0.268423 
-0.618408 -0.0088392 
-0.6141 -0.0297529 
-0.601774 -0.0703177 
-0.593821 -0.0899207 
-0.584712 -0.109062 
0.585597 -0.256748 
0.599314 -0.230326 
0.608751 -0.209789 
0.620287 -0.181479 
0.227878 -0.459996 
0.574442 -0.275431 
