ZONE T="boundary0"
-4 -0.328162 
-4 -0.093153 
-4 -0.153209 
-4 0.658053 
-4 0.829026 
-4 -0.39146 
-4 -0.454758 
-4 0.00062972 
-4 0.154407 
-4 0.214402 
-4 -0.213266 
-4 -0.270714 
-4 0.552755 
-4 0.447457 
-4 0.0944125 
-4 1 
-4 -0.824955 
-4 -1 
-4 -0.64991 
-4 0.265759 
-4 0.291437 
-4 0.382286 
-4 0.317115 
-4 -0.123181 
-4 0.74354 
-4 -0.423109 
-4 -0.0462617 
-4 -0.183237 
-4 -0.24199 
-4 0.500106 
-4 0.0475211 
-4 -0.912477 
-4 -0.299438 
-4 -0.552334 
-4 0.12441 
-4 0.184405 
-4 -0.737432 
-4 0.914513 
-4 0.278598 
-4 0.24008 
-4 0.414872 
-4 0.349701 
-4 0.304276 
-4 -0.359811 
-4 0.605404 
ZONE T="boundary1"
3.45407 1 
3.75 1 
0.222413 1 
-0.0318793 1 
-0.572738 1 
-0.66627 1 
0.1434 1 
0.182907 1 
-0.759801 1 
-0.876946 1 
1.19108 1 
1.08006 1 
0.344709 1 
0.440733 1 
-3.67962 1 
0.642653 1 
0.536757 1 
-3.51944 1 
-4 1 
-1.99464 1 
1.39043 1 
1.47927 1 
3.875 1 
2.58311 1 
2.96751 1 
1.5681 1 
1.74577 1 
-2.57877 1 
-2.77398 1 
3.21079 1 
0.0860285 1 
0.0286568 1 
0.283561 1 
-0.194307 1 
-0.143361 1 
-0.0924155 1 
-0.286057 1 
-0.240182 1 
-0.331933 1 
0.858798 1 
0.969047 1 
0.748549 1 
-1.09214 1 
-0.984545 1 
-1.19555 1 
-1.29895 1 
-1.5336 1 
-2.96919 1 
-3.16422 1 
-3.35925 1 
1.29076 1 
-0.475273 1 
-1.67604 1 
-1.81849 1 
-1.41627 1 
-2.17079 1 
-2.37478 1 
2.14231 1 
2.01013 1 
1.87795 1 
2.4288 1 
2.2745 1 
4 1 
-0.42654 1 
-0.377808 1 
3.60203 1 
-0.619504 1 
0.163154 1 
-0.818374 1 
1.13557 1 
0.392721 1 
0.589705 1 
-3.83981 1 
1.43485 1 
2.77531 1 
1.65693 1 
3.08915 1 
0.20266 1 
0.114714 1 
0.252987 1 
-0.168834 1 
-0.0621474 1 
-0.00161126 1 
0.488745 1 
-0.26312 1 
0.913923 1 
1.02456 1 
0.803674 1 
0.695601 1 
-1.03834 1 
-0.713036 1 
-0.930746 1 
-1.24725 1 
-3.0667 1 
1.24092 1 
1.52368 1 
-0.524006 1 
-1.74727 1 
-2.27278 1 
-2.67638 1 
-2.47678 1 
-2.87158 1 
-1.60482 1 
-1.47493 1 
1.94404 1 
2.50596 1 
2.35165 1 
2.2084 1 
2.07622 1 
3.8125 1 
3.9375 1 
-3.59953 1 
-2.08271 1 
-3.43934 1 
-1.90657 1 
1.81186 1 
-0.117888 1 
0.0573427 1 
-0.217244 1 
0.314135 1 
-0.402174 1 
-0.35487 1 
-0.308995 1 
-1.35761 1 
1.34059 1 
-1.14385 1 
-3.26173 1 
3.33243 1 
-0.450907 1 
ZONE T="boundary2"
4 -0.338179 
4 -0.294291 
4 -0.247831 
4 -0.120519 
4 -0.169029 
4 0.509415 
4 -0.20843 
4 -0.0720078 
4 -0.383228 
4 0.0115034 
4 0.0950145 
4 0.167833 
4 -0.696449 
4 -0.562363 
4 -0.428276 
4 0.204242 
4 0.240651 
4 0.305057 
4 0.369463 
4 0.719666 
4 0.439439 
4 0.859833 
4 1 
4 -0.848224 
4 -1 
4 -0.316235 
4 -0.144774 
4 -0.18873 
4 -0.360704 
4 0.131424 
4 -0.271061 
4 -0.22813 
4 -0.0962632 
4 -0.0302522 
4 -0.629406 
4 -0.49532 
4 0.222447 
4 0.33726 
4 0.61454 
4 0.789749 
4 0.929916 
4 -0.405752 
4 0.186038 
4 0.404451 
4 0.474427 
4 0.272854 
4 0.053259 
4 -0.772337 
4 -0.924112 
ZONE T="boundary3"
-1.82411 -1 
-1.64431 -1 
-2.00392 -1 
-1.42023 -1 
3.75 -1 
3.875 -1 
2.94354 -1 
2.54428 -1 
-0.00990402 -1 
0.0561262 -1 
0.186779 -1 
-0.214022 -1 
-1.20181 -1 
-1.31102 -1 
0.255295 -1 
0.964136 -1 
1.07481 -1 
-4 -1 
-3.5738 -1 
-0.975463 -1 
1.18549 -1 
-3.16702 -1 
3.18822 -1 
-2.75319 -1 
-2.20604 -1 
3.34411 -1 
3.5 -1 
2.38969 -1 
-0.144978 -1 
-0.0759342 -1 
0.82588 -1 
-0.458055 -1 
0.121453 -1 
-0.368458 -1 
-0.29124 -1 
0.32381 -1 
0.485108 -1 
0.586366 -1 
0.687624 -1 
-0.547652 -1 
-0.756311 -1 
-0.651981 -1 
-0.865887 -1 
0.756752 -1 
1.31733 -1 
-1.08864 -1 
1.74986 -1 
1.59951 -1 
-2.40817 -1 
2.69887 -1 
2.14997 -1 
1.94992 -1 
4 -1 
1.44916 -1 
-1.73421 -1 
3.8125 -1 
0.0231111 -1 
-1.25642 -1 
1.01947 -1 
-3.7869 -1 
-3.37041 -1 
-2.96011 -1 
3.42205 -1 
-0.110456 -1 
0.895008 -1 
-0.0429191 -1 
-0.413256 -1 
-0.252631 -1 
0.154116 -1 
0.0887894 -1 
0.289552 -1 
0.221037 -1 
0.404459 -1 
-0.329849 -1 
0.636995 -1 
-0.704146 -1 
-0.811099 -1 
1.13015 -1 
-1.53227 -1 
-1.03205 -1 
1.67469 -1 
-2.58068 -1 
3.06588 -1 
-1.91401 -1 
2.8212 -1 
1.84989 -1 
3.625 -1 
-2.10498 -1 
2.04994 -1 
-0.1795 -1 
0.791316 -1 
0.535737 -1 
0.722188 -1 
-0.599817 -1 
-1.14522 -1 
-0.502853 -1 
-1.36563 -1 
3.9375 -1 
1.25141 -1 
-2.3071 -1 
1.38324 -1 
-0.920675 -1 
1.52434 -1 
2.26983 -1 
2.46699 -1 
2.62157 -1 
3.26616 -1 
ZONE T="boundary4"
0.632769 0.0490891 
0.633051 0.0689012 
-0.635983 0.0136104 
-0.635062 0.0337558 
-0.635718 -0.00652977 
-0.545365 0.227138 
-0.532566 0.239067 
-0.426724 0.303505 
-0.443372 0.296275 
-0.505082 0.260913 
-0.490461 0.27078 
0.548507 0.278398 
0.537827 0.290271 
-0.629485 0.0737185 
-0.632907 0.0538249 
-0.519233 0.250251 
0.59255 0.212839 
-0.317698 0.337328 
-0.298005 0.341914 
0.513483 0.313419 
0.558571 0.266005 
-0.355968 0.327429 
-0.337346 0.332435 
0.568178 0.252901 
-0.616657 0.118395 
-0.625743 0.0897322 
-0.621556 0.104198 
-0.611585 0.131053 
-0.594302 0.165068 
-0.600864 0.153414 
-0.578012 0.189617 
-0.568126 0.202302 
0.624602 0.130693 
-0.586463 0.177547 
-0.557044 0.215054 
0.606016 0.184952 
-0.475205 0.27999 
-0.459552 0.288445 
0.525942 0.302179 
-0.409808 0.310118 
0.440097 0.361692 
0.464364 0.348475 
-0.256479 0.350844 
-0.277244 0.346482 
-0.189722 0.364036 
-0.212821 0.359571 
-0.142177 0.37302 
-0.117723 0.377543 
0.585114 0.226235 
0.577179 0.23934 
-0.091838 0.382239 
-0.374487 0.322013 
-0.234639 0.355269 
-0.392236 0.316324 
0.627805 0.0100881 
0.631023 0.0295565 
0.387032 0.38379 
0.415162 0.373117 
0.0470464 0.404051 
0.0178971 0.40017 
0.500607 0.323902 
0.487267 0.333719 
0.108544 0.410369 
0.140246 0.412413 
0.0777332 0.407555 
0.235507 0.412158 
0.266884 0.409538 
0.358586 0.392534 
0.611758 0.171008 
0.616914 0.156838 
0.631873 0.0886061 
0.629256 0.108363 
-0.166651 0.368426 
-0.065953 0.386808 
0.297661 0.405506 
0.328137 0.399915 
-0.0385843 0.391453 
-0.011163 0.395855 
0.172071 0.413479 
0.203766 0.413436 
0.633096 0.0589918 
-0.635674 0.0236901 
-0.539045 0.233187 
-0.435083 0.299971 
-0.497835 0.26594 
0.543242 0.284402 
-0.631357 0.0637991 
-0.525973 0.244745 
-0.307859 0.339655 
-0.346669 0.329979 
-0.327532 0.334924 
0.563454 0.259511 
-0.62374 0.0969912 
-0.627722 0.0817504 
-0.619197 0.111327 
-0.59765 0.159279 
-0.614195 0.124753 
-0.573153 0.196024 
-0.582312 0.183634 
-0.590461 0.171356 
-0.606464 0.142348 
-0.562671 0.208752 
-0.512228 0.255675 
-0.48289 0.275479 
-0.467428 0.284308 
0.531963 0.296303 
-0.418295 0.306885 
0.452349 0.355301 
-0.266865 0.348684 
-0.201272 0.361813 
-0.129951 0.37529 
0.588894 0.219571 
-0.104783 0.379904 
-0.245562 0.353073 
-0.365244 0.324776 
-0.223731 0.357432 
0.553617 0.272265 
-0.451504 0.292446 
-0.634141 0.0438071 
0.401186 0.378691 
0.032463 0.402171 
0.519785 0.307879 
0.493996 0.328891 
0.50711 0.318741 
0.475955 0.341313 
0.124387 0.411505 
0.251209 0.411024 
0.372876 0.388381 
-0.28763 0.344227 
-0.551283 0.221171 
0.614412 0.163951 
0.608958 0.17801 
0.599552 0.199026 
-0.401046 0.31329 
0.629595 0.0197917 
0.632078 0.0393059 
0.632642 0.0787638 
0.572754 0.24617 
0.627143 0.119572 
-0.383381 0.319229 
-0.154415 0.370731 
-0.0788987 0.384541 
-0.178187 0.366238 
0.0623796 0.405883 
0.0931288 0.409056 
0.282296 0.40771 
0.312936 0.402914 
0.427724 0.367611 
-0.0248797 0.393689 
0.00335893 0.398061 
0.187918 0.413603 
0.343416 0.39645 
-0.0522734 0.389157 
0.219642 0.41296 
0.156153 0.413077 
0.63074 0.0985071 
0.58121 0.232826 
-0.635996 0.00353859 
0.621033 0.143845 
ZONE T="boundary5"
-0.576266 -0.203488 
-0.565626 -0.221983 
-0.416977 -0.390071 
0.609855 -0.0465263 
-0.591368 -0.174252 
-0.62383 -0.0859675 
-0.618402 -0.105385 
-0.635718 -0.00652977 
-0.605763 -0.141421 
-0.612075 -0.124603 
-0.498716 -0.313547 
-0.514785 -0.294735 
-0.598832 -0.158007 
-0.634316 -0.0266172 
-0.529984 -0.275322 
-0.243633 -0.488669 
-0.38416 -0.414196 
-0.366757 -0.425791 
-0.265897 -0.479491 
-0.328907 -0.448472 
-0.28784 -0.469569 
-0.30855 -0.459359 
-0.348018 -0.437435 
-0.146162 -0.519256 
-0.119815 -0.525038 
-0.171366 -0.512764 
-0.220126 -0.497433 
-0.196337 -0.50538 
-0.554379 -0.240125 
-0.5425 -0.257937 
-0.401187 -0.402067 
-0.460769 -0.352482 
-0.43239 -0.377608 
-0.446769 -0.365253 
-0.474098 -0.339578 
0.617164 -0.0279564 
0.0199886 -0.538875 
-0.00891659 -0.538372 
-0.0378512 -0.536613 
-0.631835 -0.0465588 
0.0500353 -0.538014 
0.567073 -0.12172 
0.552259 -0.142714 
0.079842 -0.535685 
0.140659 -0.525915 
0.110512 -0.531648 
0.227655 -0.497748 
0.199568 -0.508952 
0.254136 -0.485015 
0.324277 -0.438713 
0.301774 -0.455829 
0.27848 -0.4712 
0.346663 -0.419185 
0.368773 -0.397158 
0.390013 -0.373202 
0.44541 -0.297928 
0.428228 -0.323059 
0.462142 -0.272425 
0.479936 -0.24496 
0.409383 -0.348883 
0.526438 -0.177976 
0.627805 0.0100881 
0.623162 -0.0091097 
0.51213 -0.19774 
0.539394 -0.16034 
0.581176 -0.100296 
0.498068 -0.217821 
0.591709 -0.0827195 
0.601376 -0.0646913 
-0.628323 -0.0663562 
0.17073 -0.518279 
-0.0932955 -0.529841 
-0.0656226 -0.533774 
-0.571024 -0.21278 
-0.621229 -0.0957073 
-0.608998 -0.133041 
-0.50685 -0.304225 
-0.602372 -0.149745 
-0.635156 -0.016583 
-0.52249 -0.28511 
-0.595169 -0.166161 
-0.375504 -0.420061 
-0.254803 -0.484173 
-0.298237 -0.464549 
-0.318774 -0.454 
-0.338507 -0.44303 
-0.133015 -0.522268 
-0.158793 -0.516121 
-0.208265 -0.501509 
-0.548516 -0.249082 
-0.536323 -0.266687 
-0.409127 -0.396128 
-0.392721 -0.408198 
-0.439625 -0.371483 
-0.453817 -0.358919 
-0.467481 -0.346079 
-0.615345 -0.115029 
-0.486599 -0.326743 
0.00553413 -0.538783 
-0.0233923 -0.537647 
-0.633208 -0.0366042 
-0.560076 -0.2311 
0.559731 -0.132261 
0.0649543 -0.537038 
0.095206 -0.533879 
0.61366 -0.0373009 
0.213707 -0.50359 
-0.424731 -0.383898 
0.313167 -0.44746 
0.266422 -0.478312 
0.241004 -0.49161 
0.357895 -0.408353 
0.379566 -0.385337 
0.436895 -0.310547 
0.453818 -0.285204 
0.471028 -0.258684 
0.418924 -0.33606 
0.335632 -0.429139 
0.625657 0.000446614 
0.519255 -0.187834 
0.532913 -0.169154 
0.545846 -0.15154 
0.574233 -0.111079 
0.505053 -0.207746 
0.586538 -0.0915647 
0.620325 -0.0185852 
0.605748 -0.0556712 
-0.630204 -0.0564796 
-0.357435 -0.431689 
-0.626195 -0.0761888 
-0.231917 -0.493153 
-0.276911 -0.474623 
-0.183884 -0.509183 
0.0350183 -0.538625 
0.185225 -0.513851 
0.155755 -0.522334 
-0.106577 -0.527562 
0.125628 -0.529002 
0.39984 -0.361158 
-0.0794775 -0.531942 
-0.0517503 -0.535332 
0.290254 -0.463711 
0.488926 -0.231335 
0.59666 -0.0737683 
-0.584027 -0.188978 
