ZONE T="boundary0"
-4 -0.780887 
-4 -1 
-4 -0.243966 
-4 -0.29616 
-4 0.444381 
-4 -0.0458852 
-4 -0.191773 
-4 0.623327 
-4 0.811663 
-4 -0.35085 
-4 -0.483657 
-4 0.155653 
-4 1 
-4 0.533854 
-4 -0.118829 
-4 -0.40554 
-4 -0.67133 
-4 -0.561773 
-4 0.207143 
-4 0.104163 
-4 0.249033 
-4 0.329288 
-4 0.290924 
-4 0.367652 
-4 -0.890443 
-4 -0.270063 
-4 0.717495 
-4 0.57859 
-4 -0.21787 
-4 -0.0823571 
-4 -0.378195 
-4 -0.323505 
-4 -0.616552 
-4 0.129908 
-4 0.181398 
-4 0.0291391 
-4 -0.522715 
-4 -0.444599 
-4 0.489117 
-4 0.905832 
-4 -0.726108 
-4 0.269978 
-4 0.406017 
-4 0.34847 
-4 0.310106 
-4 0.228088 
-4 -0.155301 
ZONE T="boundary1"
-2.8403 1 
0.642573 1 
-0.438465 1 
1.40966 1 
1.3122 1 
-0.0606391 1 
-0.319943 1 
0.862078 1 
0.227655 1 
-0.986722 1 
-1.11686 1 
-1.20613 1 
-0.515701 1 
-0.592937 1 
-0.675116 1 
0.431784 1 
0.32854 1 
3.71438 1 
3.07321 1 
2.84299 1 
1.09438 1 
-3.6715 1 
-4 1 
2.61277 1 
-1.86564 1 
-2.04785 1 
1.58726 1 
0.278098 1 
-0.26257 1 
-0.132918 1 
0.0702361 1 
0.148945 1 
-0.205197 1 
0.00479848 1 
0.535028 1 
-0.757296 1 
-0.880565 1 
0.974038 1 
1.21473 1 
0.750119 1 
-1.29541 1 
-1.42208 1 
-1.54875 1 
-1.7072 1 
1.75066 1 
1.91405 1 
2.31746 1 
2.11575 1 
-2.96598 1 
-3.09165 1 
-3.343 1 
-2.23005 1 
4 1 
3.85719 1 
3.57157 1 
3.42876 1 
-2.62886 1 
-2.42945 1 
2.46511 1 
1.36093 1 
-0.379204 1 
-1.05179 1 
-0.554319 1 
-0.634026 1 
0.380162 1 
2.9581 1 
-3.83575 1 
2.72788 1 
0.303319 1 
-0.291257 1 
0.109591 1 
-0.233884 1 
-0.0279203 1 
0.252876 1 
0.483406 1 
0.5888 1 
-0.81893 1 
-0.933643 1 
-0.716206 1 
1.03421 1 
1.15456 1 
1.49846 1 
0.918058 1 
-0.477083 1 
-1.25077 1 
-1.1615 1 
-1.62798 1 
-1.78642 1 
1.66896 1 
1.83235 1 
2.21661 1 
-3.02882 1 
-3.50725 1 
-1.95675 1 
3.92859 1 
3.50016 1 
3.25098 1 
2.0149 1 
-2.73458 1 
-2.32975 1 
-2.13895 1 
-2.90314 1 
-2.52915 1 
3.78578 1 
3.64297 1 
2.39129 1 
2.53894 1 
-0.169058 1 
-0.0967786 1 
0.1883 1 
0.0375173 1 
-3.21733 1 
1.26346 1 
0.806098 1 
0.696346 1 
-1.48542 1 
-1.35875 1 
ZONE T="boundary2"
4 -0.563585 
4 -0.781793 
4 -0.47342 
4 -0.383255 
4 -0.154738 
4 0.0489622 
4 0.851869 
4 -0.201251 
4 -0.282513 
4 -0.241882 
4 -0.332884 
4 -0.108224 
4 -0.029631 
4 0.138948 
4 0.284377 
4 0.228934 
4 -1 
4 0.703738 
4 0.603059 
4 1 
4 0.339821 
4 0.4211 
4 0.502379 
4 -0.672689 
4 -0.428337 
4 -0.262198 
4 -0.358069 
4 -0.131481 
4 -0.518503 
4 -0.0689276 
4 -0.177994 
4 0.00966561 
4 0.0939551 
4 0.256655 
4 -0.890896 
4 0.653398 
4 0.777804 
4 0.925935 
4 -0.307699 
4 -0.221567 
4 0.312099 
4 0.38046 
4 0.461739 
4 0.552719 
4 0.183941 
ZONE T="boundary3"
-4 -1 
-0.549304 -1 
-0.641349 -1 
-0.452163 -1 
-0.355023 -1 
-0.906216 -1 
-1.04822 -1 
-0.819805 -1 
-0.287637 -1 
-0.162993 -1 
-3.51545 -1 
1.11654 -1 
1.22334 -1 
-0.733394 -1 
1.81647 -1 
-2.82183 -1 
3.73549 -1 
2.17207 -1 
1.9921 -1 
3.47097 -1 
2.35205 -1 
-2.3917 -1 
1.64085 -1 
-3.08788 -1 
-1.86901 -1 
-1.72088 -1 
0.446017 -1 
0.562634 -1 
0.0399963 -1 
0.176024 -1 
0.253541 -1 
0.10801 -1 
0.331058 -1 
0.679252 -1 
-0.105736 -1 
-0.220251 -1 
0.388538 -1 
0.901192 -1 
3.60323 -1 
4 -1 
3.18358 -1 
-1.32284 -1 
-1.44779 -1 
-3.83848 -1 
-3.67696 -1 
-3.35393 -1 
-1.18553 -1 
1.00887 -1 
1.48549 -1 
1.40781 -1 
2.56955 -1 
2.73287 -1 
2.89619 -1 
-1.57274 -1 
-2.13036 -1 
-0.0328698 -1 
0.845707 -1 
0.790222 -1 
1.33013 -1 
-0.595326 -1 
-0.403593 -1 
-0.97722 -1 
1.16994 -1 
-0.687372 -1 
2.08209 -1 
-2.60676 -1 
0.504325 -1 
0.214782 -1 
0.142017 -1 
0.2923 -1 
0.620943 -1 
-0.134365 -1 
-0.32133 -1 
-0.191622 -1 
-0.500734 -1 
3.5371 -1 
-0.7766 -1 
-0.863011 -1 
3.86774 -1 
3.66936 -1 
3.32727 -1 
-1.38531 -1 
-3.91924 -1 
-3.75772 -1 
-3.43469 -1 
-1.11688 -1 
1.56317 -1 
1.44665 -1 
-3.59621 -1 
1.72866 -1 
-1.25419 -1 
2.65121 -1 
2.4608 -1 
2.81453 -1 
2.26206 -1 
-3.2209 -1 
-1.64681 -1 
-1.99968 -1 
-1.79495 -1 
-2.26103 -1 
1.90429 -1 
0.00356324 -1 
0.359798 -1 
-0.0693028 -1 
-0.253944 -1 
0.417277 -1 
0.0740031 -1 
0.87345 -1 
0.95503 -1 
0.817965 -1 
1.0627 -1 
-2.95485 -1 
0.734737 -1 
1.27674 -1 
1.36897 -1 
-1.51027 -1 
3.03988 -1 
ZONE T="boundary4"
-0.157524 0.347073 
-0.181818 0.345527 
-0.131048 0.349165 
-0.250934 0.342726 
-0.637461 0.0420852 
0.546304 0.250684 
0.613245 0.0754872 
0.555416 0.238315 
-0.473119 0.312348 
0.593454 0.167844 
-0.271169 0.342144 
-0.381538 0.33528 
-0.364886 0.337189 
-0.63517 0.00417556 
-0.63677 0.0230905 
0.606924 0.123988 
-0.596376 0.205763 
-0.619191 0.156994 
-0.609479 0.1808 
-0.584983 0.223407 
-0.486987 0.306233 
-0.561422 0.252358 
0.536626 0.262565 
-0.572439 0.239871 
-0.538023 0.274149 
-0.550014 0.2637 
0.381348 0.361017 
0.405657 0.352523 
-0.525879 0.283424 
-0.513287 0.291853 
-0.50031 0.299445 
-0.459004 0.317695 
-0.444295 0.322436 
-0.429404 0.326471 
0.526565 0.273712 
0.598827 0.153078 
-0.413825 0.329972 
0.603243 0.138683 
-0.398101 0.332854 
-0.228557 0.343436 
0.564741 0.224293 
0.573398 0.209805 
-0.347216 0.338736 
-0.329464 0.339901 
-0.310462 0.340826 
-0.291433 0.341529 
0.0108569 0.366134 
0.0420313 0.370342 
0.587367 0.182274 
0.463373 0.324334 
0.481146 0.312732 
0.613109 0.0509742 
-0.206278 0.344306 
-0.637199 0.0610788 
-0.635946 0.0800014 
0.445554 0.334433 
0.425768 0.344113 
0.0732886 0.374332 
0.10101 0.377518 
0.498298 0.299807 
0.128853 0.380243 
0.151089 0.381988 
0.195782 0.384056 
0.218234 0.384239 
0.269939 0.382038 
0.173429 0.383284 
0.354643 0.36851 
0.611188 0.0997714 
0.515961 0.284315 
-0.104775 0.351657 
0.580693 0.196204 
0.606534 0.00250347 
-0.63426 0.0946479 
-0.631933 0.109194 
-0.626042 0.135156 
0.244053 0.383629 
-0.0766128 0.354748 
-0.0486249 0.358175 
0.297898 0.379089 
-0.018854 0.362091 
0.325967 0.374688 
0.610841 0.0267331 
-0.169663 0.346257 
-0.261048 0.342433 
-0.373221 0.336294 
-0.636081 0.0136256 
0.550933 0.244553 
-0.614602 0.169008 
0.54154 0.256685 
-0.544106 0.269022 
-0.567033 0.246204 
0.393568 0.356961 
-0.590851 0.214694 
-0.506857 0.295744 
-0.51965 0.287734 
-0.466099 0.315112 
-0.436875 0.324537 
0.531667 0.268202 
-0.451682 0.320155 
-0.493699 0.302932 
-0.421636 0.328303 
0.601127 0.145909 
-0.405979 0.331486 
-0.555812 0.258121 
0.569156 0.217101 
-0.356057 0.338017 
-0.319964 0.340398 
-0.300947 0.341199 
-0.480098 0.309385 
-0.239741 0.343066 
-0.144275 0.348066 
-0.338343 0.339361 
0.0264388 0.368253 
0.472355 0.318678 
0.613451 0.0632282 
-0.532026 0.278881 
-0.217412 0.343846 
-0.281299 0.341847 
-0.637451 0.0515857 
-0.636699 0.0705505 
0.45454 0.329517 
-0.637232 0.0325857 
0.415772 0.348461 
0.0871403 0.375975 
0.435735 0.339424 
0.489835 0.306418 
0.139963 0.381168 
0.207004 0.384226 
0.368052 0.364972 
0.521331 0.279081 
0.590499 0.175096 
0.584111 0.189278 
0.577121 0.203046 
0.596235 0.160495 
0.560164 0.231361 
0.605182 0.131359 
0.609326 0.111926 
-0.19404 0.344878 
-0.633178 0.101934 
0.162252 0.382697 
0.1846 0.383739 
-0.117901 0.350361 
-0.622825 0.146143 
0.231142 0.384049 
0.257 0.382962 
-0.0626117 0.356424 
0.283932 0.38073 
-0.0906843 0.353153 
-0.00399833 0.364106 
0.340348 0.371816 
0.311958 0.377075 
-0.0337344 0.360107 
0.0576505 0.372377 
-0.389832 0.334137 
-0.578873 0.23176 
0.61249 0.0876506 
0.612234 0.0388289 
0.608929 0.014576 
-0.629262 0.12224 
-0.635182 0.0873363 
0.507283 0.292234 
-0.603246 0.193448 
0.114919 0.378948 
ZONE T="boundary5"
-0.335769 -0.43252 
-0.582929 -0.165106 
-0.546197 -0.228422 
-0.556557 -0.212078 
-0.466281 -0.32832 
-0.629423 -0.0332568 
-0.632704 -0.0146356 
-0.620574 -0.0699058 
-0.625364 -0.051699 
0.475262 -0.343747 
-0.615064 -0.0879458 
-0.566464 -0.195468 
-0.608889 -0.105737 
0.419139 -0.430162 
-0.488998 -0.303918 
-0.259245 -0.4742 
-0.2991 -0.453915 
-0.279839 -0.464083 
-0.169067 -0.510322 
-0.318051 -0.443206 
-0.11817 -0.525489 
-0.144526 -0.518072 
-0.596426 -0.136596 
-0.0915975 -0.53205 
-0.0631686 -0.538079 
-0.238354 -0.483712 
-0.215994 -0.493101 
-0.193356 -0.501815 
-0.506305 -0.283456 
-0.522661 -0.262328 
-0.431587 -0.361267 
-0.534683 -0.245543 
0.368858 -0.475572 
0.395429 -0.454005 
-0.400276 -0.387365 
-0.63517 0.00417556 
-0.369437 -0.410261 
-0.385386 -0.398741 
-0.447843 -0.346412 
-0.414849 -0.375603 
0.459316 -0.3744 
-0.353171 -0.421349 
0.440639 -0.403356 
0.450295 -0.389175 
0.543423 -0.159621 
0.311029 -0.509554 
0.340554 -0.494067 
0.0577206 -0.552525 
0.0260734 -0.550509 
-0.0345746 -0.543131 
-0.00429709 -0.547383 
0.249429 -0.532482 
0.217886 -0.540384 
0.153803 -0.550225 
0.185928 -0.546243 
0.407583 -0.442416 
0.430206 -0.417094 
0.46758 -0.359324 
0.503845 -0.26928 
0.510618 -0.248346 
0.496564 -0.290822 
0.488746 -0.31205 
0.517487 -0.227419 
0.551698 -0.140754 
0.535464 -0.178705 
0.52612 -0.202883 
0.573405 -0.0926111 
0.562599 -0.11664 
0.583451 -0.0690739 
0.592613 -0.045264 
0.600372 -0.0215129 
0.606534 0.00250347 
0.280475 -0.522314 
0.121707 -0.5525 
0.0893245 -0.553225 
-0.551431 -0.220284 
-0.631164 -0.0239622 
-0.62306 -0.0608247 
-0.617906 -0.0789508 
-0.612059 -0.0968685 
-0.62749 -0.0424972 
-0.477799 -0.316264 
-0.289506 -0.459067 
-0.26958 -0.469217 
-0.326948 -0.437924 
-0.131378 -0.521887 
-0.10491 -0.528876 
-0.22721 -0.488491 
-0.181245 -0.506163 
-0.497763 -0.293779 
-0.514599 -0.272979 
-0.528738 -0.253981 
-0.540501 -0.237023 
0.382425 -0.465144 
-0.561569 -0.203807 
-0.377452 -0.404556 
-0.439776 -0.353905 
-0.423276 -0.368502 
-0.407602 -0.381532 
-0.457151 -0.337455 
-0.392869 -0.393102 
0.445555 -0.39633 
-0.361342 -0.41586 
0.32597 -0.502148 
-0.0488919 -0.540728 
0.0108758 -0.549089 
0.233728 -0.536698 
-0.574906 -0.180397 
0.169897 -0.548455 
0.401581 -0.448292 
-0.634043 -0.00524192 
0.424758 -0.423704 
0.435511 -0.410296 
0.463531 -0.366911 
0.4715 -0.351578 
0.454893 -0.381845 
0.413441 -0.436367 
0.500259 -0.280073 
0.492739 -0.301472 
0.514019 -0.237871 
0.507242 -0.258821 
0.5307 -0.190753 
0.539394 -0.169139 
0.547527 -0.150169 
0.568036 -0.104636 
0.557131 -0.128684 
0.588166 -0.0572169 
0.596667 -0.0334433 
-0.308615 -0.448629 
0.354935 -0.485174 
0.603665 -0.00955805 
-0.34451 -0.426995 
-0.156826 -0.514292 
-0.248834 -0.479032 
0.521717 -0.215117 
-0.589874 -0.150941 
-0.204708 -0.497542 
0.578511 -0.0808734 
0.482268 -0.328025 
-0.0194534 -0.545396 
-0.0774077 -0.535186 
0.0418898 -0.551677 
0.265051 -0.527687 
0.137774 -0.551563 
0.105524 -0.553051 
0.295887 -0.516252 
0.201956 -0.543556 
0.0735223 -0.553043 
-0.602898 -0.121259 
