ZONE T="boundary0"
-4 -0.83455 
-4 -1 
-4 -0.248292 
-4 -0.290808 
-4 -0.395165 
-4 0.289541 
-4 0.399586 
-4 0.699922 
-4 0.799948 
-4 -0.0467903 
-4 -0.12923 
-4 0.499741 
-4 -0.188761 
-4 -0.333324 
-4 -0.457006 
-4 0.0356495 
-4 0.344563 
-4 -0.6691 
-4 -0.563053 
-4 0.193016 
-4 0.257366 
-4 0.225191 
-4 0.0982456 
-4 0.160842 
-4 0.599896 
-4 1 
-4 -0.917275 
-4 -0.26955 
-4 0.749935 
-4 -0.0880102 
-4 0.449663 
-4 -0.426085 
-4 -0.364244 
-4 -0.00557043 
-4 0.317052 
-4 -0.616077 
-4 0.241279 
-4 0.129544 
-4 0.0669475 
-4 0.549818 
-4 0.649909 
-4 0.899974 
-4 -0.751825 
-4 -0.158996 
-4 -0.218527 
-4 -0.312066 
-4 0.372075 
-4 -0.510029 
-4 0.273453 
-4 0.176929 
-4 0.209104 
ZONE T="boundary1"
1.83107 1 
3.5944 1 
4 1 
1.07106 1 
-1.47855 1 
-1.56339 1 
-0.897398 1 
-1.01741 1 
-1.29783 1 
0.738959 1 
1.29056 1 
1.40492 1 
3.05504 1 
-2.14525 1 
-1.97158 1 
2.44005 1 
-2.54865 1 
-2.86038 1 
3.3916 1 
3.1888 1 
-3.19421 1 
-3.76402 1 
2.80097 1 
2.23823 1 
0.0164514 1 
0.0881407 1 
-0.293608 1 
-0.446782 1 
-0.541817 1 
-0.177327 1 
-0.235468 1 
-0.351748 1 
-0.119187 1 
-0.0513679 1 
-1.10968 1 
0.608115 1 
0.234968 1 
0.310106 1 
-0.721887 1 
-0.631852 1 
-1.20195 1 
0.477272 1 
0.393689 1 
-4 1 
-2.34695 1 
-1.39371 1 
0.965919 1 
0.852439 1 
1.62572 1 
-1.79791 1 
2.03642 1 
-3.52803 1 
1.1762 1 
2.68066 1 
2.92128 1 
0.15983 1 
3.7972 1 
-1.52097 1 
-0.957406 1 
1.34774 1 
-2.05842 1 
-2.70452 1 
3.2902 1 
-3.02729 1 
2.33914 1 
0.0522961 1 
-0.4943 1 
-0.206398 1 
-0.0852775 1 
0.272537 1 
-0.67687 1 
0.43548 1 
-0.586834 1 
-1.15582 1 
-1.06355 1 
-0.809643 1 
-3.88201 1 
3.493 1 
-1.34577 1 
-1.24989 1 
0.795699 1 
-1.68065 1 
0.909179 1 
1.93375 1 
1.72839 1 
-3.36112 1 
1.51532 1 
1.23338 1 
2.13733 1 
-2.2461 1 
2.74082 1 
2.86113 1 
2.56035 1 
2.98816 1 
3.12192 1 
-1.88474 1 
0.123985 1 
0.542693 1 
0.351897 1 
0.197399 1 
-0.322678 1 
-0.264538 1 
-0.148257 1 
-0.399265 1 
-0.0174582 1 
1.01849 1 
1.12363 1 
-1.43613 1 
0.673537 1 
-3.64602 1 
-2.4478 1 
ZONE T="boundary2"
4 -0.395446 
4 -0.331468 
4 -0.267491 
4 -0.693272 
4 0.0624922 
4 -0.208536 
4 1 
4 0.267644 
4 0.425186 
4 0.813514 
4 0.215664 
4 0.347668 
4 -0.142455 
4 -0.0763744 
4 -0.00694106 
4 -0.238013 
4 0.386427 
4 0.526108 
4 0.627029 
4 0.139748 
4 -0.459113 
4 -0.52278 
4 -1 
4 -0.846636 
4 -0.175495 
4 -0.363457 
4 -0.29948 
4 0.241654 
4 0.307656 
4 -0.109415 
4 0.0277756 
4 0.405807 
4 0.475647 
4 0.367047 
4 0.576568 
4 0.177706 
4 0.10112 
4 -0.0416577 
4 0.906757 
4 0.720272 
4 -0.769954 
4 -0.252752 
4 -0.158975 
4 -0.490947 
4 -0.427279 
4 -0.608026 
4 -0.923318 
4 -0.223275 
4 -0.192016 
ZONE T="boundary3"
-4 -1 
0.193219 -1 
0.344431 -1 
0.0429292 -1 
-1.29486 -1 
-0.879292 -1 
-0.337833 -1 
-0.277102 -1 
-0.152774 -1 
0.791638 -1 
0.691523 -1 
-1.19576 -1 
-1.07888 -1 
-3.74292 -1 
1.85809 -1 
-3.50373 -1 
-3.26455 -1 
-2.56753 -1 
-2.32389 -1 
-2.1235 -1 
-1.92311 -1 
2.49926 -1 
3.11048 -1 
2.88379 -1 
3.33717 -1 
3.75 -1 
-2.81117 -1 
-0.214938 -1 
-0.0206039 -1 
-0.0866889 -1 
-0.483837 -1 
-0.398564 -1 
-0.56911 -1 
0.279975 -1 
0.591409 -1 
0.500148 -1 
0.408887 -1 
-0.739726 -1 
-0.961986 -1 
1.21412 -1 
1.10328 -1 
-1.52621 -1 
-1.39396 -1 
0.992448 -1 
1.45124 -1 
0.892043 -1 
3.54359 -1 
-1.65846 -1 
-1.79079 -1 
1.55295 -1 
1.65466 -1 
2.18705 -1 
2.02257 -1 
4 -1 
2.69153 -1 
1.33268 -1 
0.106462 -1 
0.149841 -1 
-0.682854 -1 
-0.796598 -1 
-0.307467 -1 
0.74158 -1 
-1.13732 -1 
-3.38414 -1 
-2.44571 -1 
-2.02331 -1 
2.99714 -1 
3.22383 -1 
-3.03786 -1 
-0.24602 -1 
-0.183856 -1 
-0.0536464 -1 
-0.441201 -1 
-0.368199 -1 
-0.526474 -1 
0.0111626 -1 
0.545778 -1 
0.376659 -1 
0.312203 -1 
-1.02043 -1 
-0.920639 -1 
-3.87146 -1 
1.1587 -1 
-1.46008 -1 
1.04787 -1 
0.454517 -1 
0.641466 -1 
0.942245 -1 
3.44038 -1 
3.64679 -1 
-1.85695 -1 
-1.72463 -1 
1.60381 -1 
-2.68935 -1 
-3.62333 -1 
2.10481 -1 
3.875 -1 
1.75638 -1 
-2.22369 -1 
2.34316 -1 
2.59539 -1 
1.2734 -1 
1.39196 -1 
1.94033 -1 
0.0746958 -1 
0.17153 -1 
0.236597 -1 
0.128151 -1 
-0.625982 -1 
-0.119731 -1 
-0.837945 -1 
-0.71129 -1 
-0.768162 -1 
0.84184 -1 
-1.24531 -1 
-1.34441 -1 
-1.59234 -1 
2.78766 -1 
1.50209 -1 
ZONE T="boundary4"
-0.334076 0.377681 
-0.313691 0.389351 
-0.353812 0.365601 
0.419294 0.421246 
0.644839 0.0450129 
0.526649 0.321035 
0.516033 0.334803 
0.648556 -0.00384645 
0.646951 0.0286091 
0.574383 0.240507 
-0.597344 0.0888894 
-0.227169 0.430975 
0.648194 0.0123937 
-0.623232 -0.000476146 
-0.618678 0.0220865 
-0.626493 -0.0230799 
-0.605709 0.0668535 
-0.612831 0.0445556 
-0.577096 0.13186 
-0.59146 0.102595 
-0.54439 0.185132 
-0.533371 0.200449 
0.586308 0.215331 
-0.521071 0.216466 
0.608374 0.165112 
0.597749 0.189939 
-0.562222 0.157847 
-0.478666 0.265025 
-0.493758 0.248815 
-0.508297 0.2321 
-0.428284 0.311688 
-0.410383 0.326028 
-0.391995 0.339779 
-0.373178 0.352933 
-0.292979 0.400431 
-0.271511 0.411143 
-0.249748 0.421248 
-0.204324 0.440071 
-0.156704 0.456765 
-0.131852 0.464321 
-0.106792 0.471174 
-0.080679 0.477514 
-0.0543901 0.483091 
0.0297046 0.495589 
0.000717028 0.492197 
0.444922 0.403516 
0.487599 0.3665 
0.641932 0.0613175 
0.561326 0.266013 
0.546433 0.291786 
0.37315 0.446801 
0.397905 0.434005 
0.469338 0.383656 
0.536826 0.306629 
0.50488 0.348057 
0.633222 0.0962828 
0.626222 0.118298 
0.089379 0.499487 
0.119996 0.499819 
0.0587831 0.498014 
0.283809 0.479199 
0.316555 0.469507 
0.3451 0.45909 
0.638253 0.0776906 
0.618364 0.140038 
-0.46247 0.281188 
-0.445676 0.296731 
-0.180632 0.448749 
-0.0269058 0.488067 
0.217199 0.492612 
0.250577 0.486864 
0.151362 0.498921 
0.184343 0.496546 
-0.323926 0.38359 
0.521414 0.327975 
0.647679 0.0205097 
-0.621112 0.0108369 
-0.625021 -0.0117552 
-0.601673 0.0779269 
-0.609421 0.0557528 
-0.584529 0.11735 
-0.538941 0.192833 
-0.594458 0.0957662 
-0.527284 0.208505 
0.603127 0.177553 
-0.486283 0.256986 
-0.501096 0.240517 
-0.419395 0.318934 
-0.382638 0.34643 
-0.401245 0.332978 
-0.282283 0.405863 
-0.363543 0.359341 
-0.238493 0.42619 
-0.260665 0.416271 
-0.215778 0.435602 
-0.144305 0.460631 
-0.0937583 0.474439 
-0.119346 0.467836 
-0.0675549 0.480398 
0.0151969 0.494012 
0.432277 0.412625 
-0.514742 0.22433 
0.64348 0.0531821 
0.554072 0.279011 
0.385628 0.440597 
0.408693 0.427782 
0.478605 0.375223 
0.541703 0.299255 
0.510527 0.34149 
0.531812 0.313885 
0.629842 0.107328 
0.496386 0.357417 
0.104686 0.499799 
0.300259 0.474613 
0.592084 0.20266 
0.648488 0.00427614 
0.635838 0.0870139 
0.622387 0.129201 
0.64018 0.0695237 
0.645998 0.0368244 
0.613463 0.152612 
-0.454145 0.289037 
-0.437047 0.304287 
-0.168696 0.45284 
-0.303374 0.394965 
-0.615909 0.0333614 
-0.470644 0.273183 
0.567985 0.253326 
-0.343988 0.371714 
-0.192509 0.444493 
0.0442336 0.496924 
0.0740743 0.498891 
-0.0131104 0.490239 
0.233927 0.489963 
0.359225 0.453174 
0.457327 0.393827 
0.580415 0.227952 
0.135684 0.499531 
0.200795 0.49478 
-0.040667 0.485684 
0.267249 0.483275 
0.167866 0.497922 
-0.56985 0.144963 
0.330907 0.464516 
-0.553507 0.171621 
ZONE T="boundary5"
-0.62675 -0.113103 
0.368451 -0.310961 
0.344956 -0.317521 
-0.466264 -0.392387 
-0.560652 -0.295824 
-0.570348 -0.280493 
-0.525818 -0.340337 
-0.602007 -0.214767 
-0.628468 -0.0456922 
-0.613744 -0.179381 
-0.587547 -0.248481 
0.644133 -0.0516011 
-0.608229 -0.1973 
-0.595075 -0.231905 
0.648006 -0.0199492 
0.648556 -0.00384645 
-0.579334 -0.264656 
-0.392589 -0.430646 
-0.281004 -0.451645 
-0.628587 -0.0907214 
-0.304672 -0.450243 
-0.372222 -0.437409 
-0.328188 -0.447333 
-0.350351 -0.443103 
-0.256446 -0.451603 
-0.231833 -0.450153 
-0.206768 -0.447366 
0.636567 -0.0823409 
-0.181689 -0.443401 
-0.156246 -0.438344 
0.640821 -0.0670495 
-0.130902 -0.432451 
0.550493 -0.213052 
-0.538479 -0.325737 
-0.497891 -0.367717 
-0.51247 -0.354173 
0.618578 -0.126027 
0.625411 -0.111866 
-0.549914 -0.311091 
0.646535 -0.035854 
0.611693 -0.138508 
-0.431167 -0.413554 
-0.412542 -0.422545 
-0.105002 -0.425744 
0.540618 -0.221772 
-0.482638 -0.380356 
-0.0791926 -0.418578 
-0.626493 -0.0230799 
-0.62366 -0.135345 
-0.449277 -0.403367 
0.321295 -0.323437 
0.00119944 -0.395265 
-0.0526888 -0.410928 
-0.0262048 -0.403188 
0.0286104 -0.387579 
0.0570591 -0.379975 
0.0855197 -0.372816 
0.205588 -0.347185 
0.175077 -0.353168 
0.236886 -0.341149 
-0.619324 -0.157442 
0.11503 -0.365889 
0.144529 -0.359438 
0.294751 -0.329444 
0.392877 -0.303233 
0.441081 -0.284406 
0.464611 -0.272988 
0.509663 -0.245681 
0.530499 -0.230122 
0.417002 -0.294485 
0.569906 -0.193937 
0.58796 -0.173083 
-0.629163 -0.068249 
0.63145 -0.0972114 
0.604231 -0.150559 
0.268097 -0.335 
0.48747 -0.260123 
0.356728 -0.314329 
-0.565592 -0.288217 
-0.605211 -0.206067 
-0.598631 -0.223372 
0.648396 -0.0119019 
-0.292849 -0.451128 
-0.339304 -0.445399 
-0.361334 -0.44044 
-0.583532 -0.256615 
-0.38246 -0.434192 
-0.24413 -0.451045 
-0.219283 -0.448914 
-0.168944 -0.440987 
-0.532245 -0.33312 
-0.505276 -0.361047 
0.622097 -0.118996 
-0.574935 -0.272628 
-0.544288 -0.318485 
-0.555379 -0.303524 
0.647387 -0.0279125 
-0.421925 -0.418195 
-0.117934 -0.429166 
-0.490355 -0.374145 
-0.0920849 -0.422205 
-0.143553 -0.435487 
-0.457853 -0.398005 
-0.62764 -0.0343721 
-0.440302 -0.408602 
-0.268725 -0.451807 
0.333143 -0.320551 
-0.0659344 -0.414775 
-0.0125084 -0.399207 
0.0428211 -0.383728 
0.0712754 -0.37634 
0.190327 -0.350153 
0.129768 -0.362611 
-0.625361 -0.124246 
0.380701 -0.307213 
0.308038 -0.326508 
0.452929 -0.278869 
0.520205 -0.238068 
0.545593 -0.217454 
0.535593 -0.225989 
0.404989 -0.298994 
0.579151 -0.183699 
0.560379 -0.203677 
-0.628974 -0.0569657 
0.615215 -0.132311 
-0.591399 -0.240233 
0.608037 -0.144579 
0.63881 -0.0747274 
0.628539 -0.104584 
0.642593 -0.0593502 
0.645452 -0.0437455 
-0.402632 -0.426758 
-0.519237 -0.347344 
-0.47454 -0.386494 
-0.616685 -0.16845 
-0.621645 -0.146424 
-0.611086 -0.188371 
0.63412 -0.0898143 
-0.627826 -0.101925 
-0.194208 -0.445517 
-0.316454 -0.448981 
0.281433 -0.332267 
0.252497 -0.338106 
0.429107 -0.289602 
-0.629033 -0.0794892 
0.014895 -0.391387 
0.159795 -0.356259 
0.100261 -0.369294 
-0.0394468 -0.407058 
0.221237 -0.344168 
0.476141 -0.266736 
0.498684 -0.253083 
0.596355 -0.162008 
