ZONE T="boundary0"
-4 -1 
-4 0.538315 
-4 0.434021 
-4 0.188541 
-4 0.14585 
-4 0.370404 
-4 0.306786 
-4 0.231232 
-4 -0.239785 
-4 0.821305 
-4 1 
-4 -0.0460241 
-4 -0.6691 
-4 0.642609 
-4 0.0857889 
-4 0.0257276 
-4 -0.342986 
-4 -0.317186 
-4 -0.117776 
-4 -0.265585 
-4 -0.291385 
-4 -0.17878 
-4 -0.403317 
-4 -0.463649 
-4 -0.566374 
-4 -0.209282 
-4 0.486168 
-4 0.167196 
-4 0.338595 
-4 0.269009 
-4 0.910652 
-4 -0.83455 
-4 0.731957 
-4 0.0557583 
-4 0.402212 
-4 0.209887 
-4 -0.330086 
-4 -0.0818999 
-4 0.11582 
-4 -0.0101482 
-4 -0.278485 
-4 -0.148278 
-4 -0.433483 
-4 -0.515012 
-4 -0.617737 
-4 0.590462 
-4 -0.304286 
-4 -0.373152 
-4 -0.194031 
-4 -0.252685 
-4 -0.224534 
ZONE T="boundary1"
3.67503 1 
0.243367 1 
0.330279 1 
-0.0452246 1 
-0.110191 1 
0.519196 1 
1.55403 1 
1.69988 1 
-3.67135 1 
-4 1 
0.167921 1 
0.0924754 1 
-0.396358 1 
-0.770361 1 
2.49526 1 
1.84573 1 
2.30015 1 
2.07294 1 
-2.38545 1 
-3.50703 1 
2.69036 1 
3.83752 1 
-0.355408 1 
0.621202 1 
0.41719 1 
-0.478256 1 
0.0236254 1 
-0.314459 1 
-0.244808 1 
-0.571409 1 
-0.664561 1 
-0.175157 1 
-0.876162 1 
0.732963 1 
4 1 
0.844723 1 
0.957296 1 
3.35007 1 
3.13673 1 
1.29731 1 
1.18359 1 
1.06987 1 
1.42567 1 
-1.09578 1 
-1.04088 1 
-0.985972 1 
-1.38633 1 
-1.3137 1 
-1.24106 1 
-1.50467 1 
-1.62302 1 
2.9234 1 
-2.03507 1 
-1.89772 1 
-3.04657 1 
-2.82252 1 
-2.59847 1 
-2.17242 1 
-3.19464 1 
-3.3427 1 
-1.16842 1 
-0.931067 1 
0.286823 1 
-0.0777077 1 
1.62696 1 
0.130198 1 
2.18654 1 
-3.83568 1 
-3.58919 1 
2.59281 1 
3.75628 1 
-0.375883 1 
0.570199 1 
-0.437307 1 
-0.0107996 1 
-0.279633 1 
-0.617985 1 
-0.142674 1 
0.468193 1 
0.373735 1 
0.677082 1 
0.90101 1 
0.788843 1 
3.51255 1 
3.2434 1 
1.24045 1 
1.01358 1 
1.36149 1 
3.91876 1 
-1.06833 1 
-1.01342 1 
-1.35001 1 
-1.56385 1 
3.03007 1 
-1.96639 1 
1.48985 1 
-2.7105 1 
-1.76037 1 
2.80688 1 
1.7728 1 
-2.49196 1 
1.95933 1 
-2.27893 1 
-1.4455 1 
-3.26867 1 
2.3977 1 
-0.334934 1 
0.0580504 1 
-0.209982 1 
0.205644 1 
-0.524832 1 
1.12673 1 
-1.20474 1 
-1.1321 1 
-0.958519 1 
-0.903614 1 
-3.12061 1 
-3.42486 1 
-2.10375 1 
-2.93455 1 
-1.27738 1 
-0.823261 1 
-0.717461 1 
ZONE T="boundary2"
4 -1 
4 0.128443 
4 0.192883 
4 0.056342 
4 -0.0878593 
4 -0.0157587 
4 0.78929 
4 -0.682144 
4 -0.841072 
4 -0.42279 
4 0.225104 
4 0.257324 
4 0.312425 
4 0.284875 
4 0.473053 
4 -0.226217 
4 -0.15996 
4 1 
4 0.57858 
4 0.367527 
4 -0.259346 
4 -0.292475 
4 -0.357632 
4 -0.325054 
4 -0.487628 
4 -0.552467 
4 0.160663 
4 0.0923923 
4 -0.051809 
4 -0.761608 
4 0.241214 
4 0.208993 
4 0.271099 
4 0.0202917 
4 0.894645 
4 0.683935 
4 -0.920536 
4 0.339976 
4 0.29865 
4 -0.193089 
4 -0.242782 
4 -0.12391 
4 -0.275911 
4 -0.341343 
4 -0.308764 
4 -0.390211 
4 0.42029 
4 -0.455209 
4 -0.617306 
4 -0.520048 
4 0.525816 
ZONE T="boundary3"
-3.6278 -1 
-4 -1 
3.56977 -1 
4 -1 
-0.300169 -1 
-0.213599 -1 
-0.0863466 -1 
0.0668832 -1 
-0.00973169 -1 
1.10782 -1 
0.997664 -1 
-2.80382 -1 
-2.53308 -1 
0.307415 -1 
-0.968159 -1 
-0.856374 -1 
1.3304 -1 
1.44281 -1 
3.13666 -1 
1.5693 -1 
1.84298 -1 
1.69578 -1 
-2.10974 -1 
-2.32141 -1 
2.3205 -1 
2.15534 -1 
1.99018 -1 
-1.52224 -1 
2.50601 -1 
2.91409 -1 
-3.24402 -1 
-3.02392 -1 
0.393541 -1 
0.494688 -1 
0.693809 -1 
-0.149973 -1 
-0.343453 -1 
-0.386738 -1 
0.144087 -1 
0.350478 -1 
0.595835 -1 
0.894723 -1 
1.21798 -1 
-0.618408 -1 
-0.502573 -1 
0.791783 -1 
-1.07994 -1 
-0.737391 -1 
-1.18932 -1 
-1.79554 -1 
3.35322 -1 
-1.2987 -1 
-1.41047 -1 
-3.43591 -1 
2.69153 -1 
0.22129 -1 
-1.95264 -1 
-3.8139 -1 
3.78488 -1 
-0.256884 -1 
0.0285758 -1 
1.05274 -1 
-2.66845 -1 
-0.912266 -1 
1.38661 -1 
1.50606 -1 
1.76938 -1 
-2.21557 -1 
2.23792 -1 
2.07276 -1 
3.02538 -1 
-3.13397 -1 
-2.91387 -1 
0.444114 -1 
-0.11816 -1 
-0.321811 -1 
-0.365096 -1 
-0.181786 -1 
0.105485 -1 
0.372009 -1 
0.545262 -1 
0.946193 -1 
1.1629 -1 
-0.560491 -1 
0.742796 -1 
0.644822 -1 
-1.02405 -1 
-0.796882 -1 
-1.13463 -1 
-1.65889 -1 
1.63254 -1 
1.91658 -1 
3.24494 -1 
-1.46636 -1 
-3.53186 -1 
-3.33997 -1 
3.46149 -1 
2.41326 -1 
2.59877 -1 
0.182688 -1 
-0.444655 -1 
0.843253 -1 
-0.0480391 -1 
0.264353 -1 
0.328947 -1 
-0.6779 -1 
-1.24401 -1 
1.27419 -1 
-1.35459 -1 
2.80281 -1 
-2.42724 -1 
-2.03119 -1 
-1.87409 -1 
ZONE T="boundary4"
-0.374228 0.429347 
-0.353936 0.441682 
-0.332781 0.453478 
-0.431612 0.388292 
-0.632982 0.0337411 
-0.616463 0.122711 
-0.552753 0.255641 
-0.563135 0.239172 
0.497663 0.209636 
0.63986 -0.0345342 
-0.633685 0.0118124 
-0.630893 0.0558727 
-0.622604 0.100451 
-0.627426 0.0781395 
-0.611944 0.136659 
-0.60046 0.166708 
-0.572975 0.222376 
0.626164 0.0291072 
0.63108 0.0134867 
0.588283 0.102787 
-0.588124 0.193706 
0.477026 0.232576 
0.46062 0.251272 
-0.528238 0.290132 
-0.514326 0.307433 
-0.540836 0.273121 
-0.449455 0.373365 
-0.499166 0.324798 
-0.413092 0.40263 
-0.394042 0.416263 
-0.311199 0.464471 
0.612381 0.0618479 
0.601551 0.0818758 
-0.192788 0.50851 
-0.217849 0.501302 
-0.265804 0.48444 
-0.241983 0.493334 
-0.167482 0.514723 
-0.141636 0.519991 
-0.114819 0.524325 
-0.0599697 0.529625 
-0.0320696 0.530463 
-0.288688 0.474887 
-0.483264 0.3416 
-0.466708 0.357771 
0.63503 -0.0024423 
0.350184 0.372265 
0.308662 0.40993 
0.285103 0.42864 
0.261027 0.445764 
0.233072 0.46322 
0.444284 0.270093 
0.410323 0.308775 
0.427382 0.289488 
0.390487 0.330636 
0.0256249 0.528059 
-0.0031306 0.529972 
0.0848083 0.519351 
0.114377 0.512383 
0.518393 0.187027 
0.537644 0.16586 
0.620246 0.0445824 
0.637942 -0.0183842 
0.572879 0.12397 
0.370242 0.35209 
0.556387 0.144364 
0.329541 0.391721 
0.0554308 0.524508 
-0.0878929 0.527526 
0.144867 0.503182 
0.174622 0.492053 
0.204206 0.478685 
-0.343414 0.44768 
-0.558013 0.247449 
-0.632107 0.0448229 
-0.619687 0.111624 
-0.625175 0.0893301 
-0.606462 0.151782 
-0.568122 0.230813 
0.628741 0.0213349 
-0.614262 0.129704 
-0.594488 0.180296 
0.468803 0.241903 
-0.521369 0.298853 
-0.534621 0.281688 
-0.440604 0.380913 
-0.506834 0.316192 
-0.403631 0.409536 
-0.42242 0.395548 
-0.322042 0.459075 
-0.384196 0.422898 
0.607144 0.071959 
-0.205354 0.505029 
-0.253936 0.489002 
-0.154585 0.517486 
-0.180165 0.511741 
-0.12825 0.522297 
-0.0460239 0.530203 
-0.546879 0.264438 
-0.633506 0.0227825 
-0.277291 0.479772 
-0.299993 0.469786 
-0.475065 0.349766 
0.297 0.419436 
0.247189 0.454722 
0.452449 0.260678 
0.435846 0.2798 
0.418876 0.299151 
0.40045 0.319746 
0.0112597 0.529196 
0.0996442 0.516086 
0.528052 0.176471 
0.616453 0.0532793 
0.639028 -0.0264438 
0.633179 0.00555356 
0.636611 -0.0103901 
0.62332 0.0368893 
0.580736 0.113491 
0.380426 0.341421 
-0.629325 0.0670317 
-0.229954 0.497434 
-0.458156 0.365651 
0.487307 0.221068 
-0.491299 0.333278 
0.564744 0.134257 
-0.36414 0.435609 
0.319194 0.400934 
0.339949 0.382087 
0.0405523 0.526486 
0.0701557 0.522135 
-0.0739423 0.528731 
0.360285 0.362251 
-0.0175964 0.530394 
0.129695 0.508027 
0.189525 0.485619 
-0.101372 0.526068 
0.547096 0.155181 
0.159835 0.497861 
0.595093 0.0924447 
0.27318 0.437368 
0.508019 0.198319 
-0.580753 0.208148 
0.218767 0.471197 
ZONE T="boundary5"
-0.551864 -0.201437 
-0.540333 -0.213714 
-0.562755 -0.188691 
0.559604 -0.276055 
-0.573034 -0.175393 
-0.473033 -0.268735 
-0.487763 -0.258625 
0.567802 -0.265117 
-0.218311 -0.36811 
-0.194352 -0.374245 
-0.330366 -0.335008 
-0.287754 -0.348649 
-0.309104 -0.342018 
-0.369893 -0.320604 
-0.3502 -0.328032 
-0.0940726 -0.397271 
-0.119481 -0.391845 
-0.144821 -0.386151 
-0.0681855 -0.402485 
-0.169612 -0.38032 
0.610334 -0.190052 
0.621434 -0.162436 
-0.528306 -0.225427 
-0.515412 -0.236942 
-0.502097 -0.247859 
0.64077 -0.0507228 
-0.441192 -0.287787 
-0.457304 -0.278583 
-0.424208 -0.296655 
0.640692 -0.0668865 
-0.40693 -0.304925 
0.63986 -0.0345342 
-0.265017 -0.355337 
-0.242225 -0.361716 
-0.388518 -0.313032 
-0.632999 -0.00986988 
-0.633685 0.0118124 
0.512586 -0.324951 
0.491248 -0.341703 
-0.582766 -0.161366 
-0.600061 -0.131529 
-0.591767 -0.146787 
-0.627477 -0.0522004 
-0.616467 -0.0928736 
0.120796 -0.427552 
0.0928565 -0.425626 
0.325286 -0.413471 
0.0650174 -0.423004 
-0.608933 -0.112471 
-0.0157821 -0.411941 
-0.0422179 -0.407366 
0.178393 -0.429024 
0.14956 -0.428732 
0.20819 -0.428309 
0.351495 -0.406955 
0.374898 -0.399915 
0.398053 -0.391682 
0.298958 -0.41871 
0.422053 -0.381644 
0.445595 -0.370091 
0.46885 -0.356739 
0.55101 -0.286597 
0.532747 -0.306384 
0.637697 -0.0991122 
0.583449 -0.241445 
0.597645 -0.216307 
0.626645 -0.146882 
0.634834 -0.115197 
0.631155 -0.131038 
0.639654 -0.0830633 
-0.622651 -0.0727742 
0.268273 -0.423327 
0.237985 -0.426467 
0.0378335 -0.41982 
0.010752 -0.416089 
-0.630928 -0.0312237 
-0.546169 -0.207641 
-0.557386 -0.195129 
-0.567978 -0.182106 
-0.480451 -0.263758 
-0.206339 -0.371208 
-0.298441 -0.345376 
-0.340301 -0.331572 
-0.106784 -0.394593 
-0.0811374 -0.399918 
-0.157224 -0.383266 
-0.181989 -0.377313 
0.616134 -0.176345 
-0.534383 -0.219636 
-0.508812 -0.24247 
-0.360069 -0.324378 
-0.449293 -0.283263 
0.640852 -0.0588048 
0.64044 -0.042621 
-0.253631 -0.358561 
-0.633517 0.000965927 
0.502077 -0.333531 
-0.577993 -0.168443 
-0.494988 -0.253319 
-0.230277 -0.364946 
-0.132158 -0.389031 
-0.596021 -0.139216 
-0.319751 -0.338563 
-0.397755 -0.309049 
0.106819 -0.426681 
0.0789283 -0.424398 
-0.0290093 -0.409704 
0.163974 -0.428994 
-0.379231 -0.31688 
0.363238 -0.403575 
0.386528 -0.395947 
0.312152 -0.41624 
0.433914 -0.376051 
0.457336 -0.363612 
0.54208 -0.296676 
-0.587366 -0.154137 
-0.604661 -0.122076 
0.555361 -0.281371 
0.563758 -0.270628 
0.57585 -0.25343 
0.590751 -0.228992 
0.624126 -0.154688 
0.633095 -0.12314 
0.628995 -0.138987 
-0.43274 -0.292299 
-0.521921 -0.231254 
0.638788 -0.0911011 
-0.415603 -0.300861 
-0.625239 -0.0625278 
0.33843 -0.410374 
0.604201 -0.203282 
0.636374 -0.107173 
-0.612868 -0.102736 
-0.619731 -0.0828764 
0.640291 -0.0749821 
0.410126 -0.386836 
-0.276397 -0.352034 
0.135173 -0.428248 
0.253145 -0.425063 
-0.0552104 -0.40497 
0.0514163 -0.421484 
0.193294 -0.428802 
0.480185 -0.349423 
0.283643 -0.421205 
-0.00252452 -0.414072 
0.0242829 -0.41802 
-0.46522 -0.273741 
-0.632139 -0.0205634 
-0.629378 -0.0417405 
0.522854 -0.31587 
0.223096 -0.427535 
