ZONE T="boundary0"
-4 -0.83455 
-4 -1 
-4 0.169327 
-4 0.239571 
-4 0.309816 
-4 0.372925 
-4 0.453997 
-4 0.535068 
-4 0.0793918 
-4 0.0311303 
-4 -0.0171311 
-4 1 
-4 0.767534 
-4 -0.551217 
-4 -0.6691 
-4 -0.229933 
-4 -0.263538 
-4 -0.15153 
-4 -0.196329 
-4 -0.10673 
-4 0.651301 
-4 -0.330746 
-4 -0.38204 
-4 -0.433334 
-4 -0.917275 
-4 0.204449 
-4 0.274694 
-4 0.494532 
-4 0.413461 
-4 0.0069996 
-4 0.883767 
-4 0.341371 
-4 0.124359 
-4 -0.610159 
-4 0.0552611 
-4 -0.246736 
-4 -0.17393 
-4 -0.0619307 
-4 -0.751825 
-4 0.593185 
-4 -0.12913 
-4 -0.297142 
-4 -0.213131 
-4 -0.407687 
-4 -0.492276 
-4 0.709418 
-4 -0.356393 
ZONE T="boundary1"
-2.79515 1 
-2.55793 1 
1.6719 1 
1.52072 1 
0.456736 1 
1.36953 1 
0.749856 1 
-0.202286 1 
0.603296 1 
-0.0594684 1 
-0.130877 1 
0.237505 1 
-3.48507 1 
-1.41236 1 
-1.33774 1 
-0.97167 1 
-0.850083 1 
-2.08018 1 
-2.32139 1 
1.2683 1 
2.73889 1 
0.856077 1 
0.962299 1 
4 1 
-3.65671 1 
-3.82836 1 
-3.17289 1 
-4 1 
-1.59423 1 
2.27745 1 
2.12363 1 
1.97275 1 
1.82186 1 
3.41372 1 
3.07631 1 
2.43126 1 
-0.396149 1 
0.0868322 1 
0.162169 1 
-0.351053 1 
-0.27667 1 
-0.531437 1 
0.347121 1 
-0.728496 1 
0.676576 1 
-1.11739 1 
-1.19025 1 
-1.26311 1 
-0.629967 1 
3.56029 1 
3.70686 1 
-2.43966 1 
1.16706 1 
1.06468 1 
-1.77609 1 
-1.92814 1 
-3.31342 1 
-3.03236 1 
0.0136819 1 
-0.441245 1 
-2.91375 1 
-2.67654 1 
1.59631 1 
1.44512 1 
-0.0951729 1 
-1.37505 1 
-0.910877 1 
-2.20078 1 
0.909188 1 
-3.74253 1 
2.20054 1 
1.8973 1 
3.24501 1 
0.1245 1 
-0.166582 1 
-0.313861 1 
-0.239478 1 
0.292313 1 
0.401928 1 
0.639936 1 
0.530016 1 
0.713216 1 
-1.04453 1 
-1.22668 1 
-1.30043 1 
-0.789289 1 
0.802966 1 
3.63358 1 
-2.49879 1 
1.21768 1 
1.31891 1 
1.11587 1 
1.01349 1 
-1.5033 1 
-1.15382 1 
-1.68516 1 
-2.00416 1 
2.04819 1 
2.35436 1 
-3.39925 1 
-3.57089 1 
3.48701 1 
2.58508 1 
3.85343 1 
-1.85212 1 
1.74688 1 
-3.24316 1 
-3.10263 1 
-3.91418 1 
-2.38052 1 
-0.580702 1 
-0.0228933 1 
0.050257 1 
-0.418697 1 
-0.373601 1 
0.199837 1 
-0.486341 1 
-0.679231 1 
-2.97306 1 
-2.85445 1 
2.9076 1 
ZONE T="boundary2"
4 -0.402955 
4 -0.334346 
4 -0.273146 
4 -0.471565 
4 -0.247098 
4 -0.221051 
4 -0.728949 
4 -0.168955 
4 -0.108601 
4 0.767414 
4 1 
4 0.0202278 
4 0.0887025 
4 0.239753 
4 0.282703 
4 0.341619 
4 0.400534 
4 0.142752 
4 0.196802 
4 0.534827 
4 0.651121 
4 -1 
4 -0.0482468 
4 0.467681 
4 -0.36865 
4 -0.303746 
4 -0.234075 
4 -0.600257 
4 0.883707 
4 -0.195003 
4 -0.43726 
4 -0.260122 
4 -0.138778 
4 0.0544652 
4 0.261228 
4 0.371076 
4 0.169777 
4 0.115727 
4 0.592974 
4 -0.864475 
4 0.312161 
4 0.218278 
4 -0.0784239 
4 -0.0140095 
4 0.434107 
4 0.501254 
4 0.709267 
ZONE T="boundary3"
-4 -1 
-2.01092 -1 
-1.76534 -1 
-1.32179 -1 
-2.20937 -1 
0.397826 -1 
-1.56916 -1 
3.45046 -1 
3.60023 -1 
-0.630377 -1 
-0.534936 -1 
0.281975 -1 
-0.363179 -1 
-0.439495 -1 
0.100841 -1 
0.337562 -1 
2.06584 -1 
1.81208 -1 
1.6852 -1 
3.75 -1 
-1.0713 -1 
2.2909 -1 
-3.60038 -1 
2.51595 -1 
3.13191 -1 
-2.94614 -1 
2.66994 -1 
2.82393 -1 
-3.13336 -1 
-3.36687 -1 
0.45809 -1 
0.226388 -1 
0.043715 -1 
-0.0806859 -1 
-0.147961 -1 
-0.0134106 -1 
-0.217413 -1 
-0.286864 -1 
0.655309 -1 
0.5567 -1 
0.764467 -1 
-0.736826 -1 
-0.843274 -1 
-0.957287 -1 
0.873625 -1 
1.097 -1 
0.985315 -1 
-1.19655 -1 
1.45216 -1 
1.55832 -1 
1.2215 -1 
1.346 -1 
4 -1 
-2.75891 -1 
-2.58336 -1 
-2.40782 -1 
3.29119 -1 
-1.88813 -1 
-2.11014 -1 
3.52535 -1 
-0.582657 -1 
1.93896 -1 
2.17837 -1 
-3.80019 -1 
2.74694 -1 
2.59295 -1 
-3.25012 -1 
0.309768 -1 
0.427958 -1 
0.254181 -1 
0.0722779 -1 
0.163614 -1 
-0.114324 -1 
-0.0470482 -1 
-0.401337 -1 
-0.325022 -1 
0.606004 -1 
0.709888 -1 
-0.252139 -1 
-0.182687 -1 
-0.79005 -1 
-0.683601 -1 
-0.487215 -1 
0.819046 -1 
-1.01429 -1 
-0.900281 -1 
1.04116 -1 
-1.25917 -1 
-1.44548 -1 
-1.13392 -1 
-1.66725 -1 
-3.48362 -1 
1.50524 -1 
0.92947 -1 
1.28375 -1 
1.15925 -1 
3.875 -1 
3.67512 -1 
-2.85252 -1 
1.74864 -1 
1.62176 -1 
-3.03975 -1 
-2.49559 -1 
2.40343 -1 
-2.3086 -1 
-2.67114 -1 
3.21155 -1 
2.97792 -1 
3.37083 -1 
0.367694 -1 
0.0151522 -1 
0.507395 -1 
1.39908 -1 
ZONE T="boundary4"
0.605094 0.182163 
0.615525 0.160602 
-0.63959 0.00425106 
-0.640714 0.0272264 
-0.640397 0.0502981 
0.534568 0.277229 
-0.518289 0.287996 
-0.535042 0.27446 
-0.638571 0.0733853 
-0.635176 0.0963689 
0.640121 0.0650801 
0.59303 0.203397 
-0.621082 0.148384 
-0.626173 0.133226 
-0.630167 0.119105 
-0.609234 0.176523 
-0.615242 0.163222 
0.640635 0.0342773 
0.640825 0.0497339 
-0.594762 0.203202 
-0.602621 0.189495 
0.63852 0.0804543 
0.635629 0.0978247 
0.563457 0.245509 
0.55483 0.255833 
-0.576543 0.229946 
-0.50008 0.300607 
-0.481075 0.311846 
-0.441074 0.330428 
-0.461358 0.321772 
-0.420202 0.337939 
-0.398903 0.344362 
-0.354688 0.354493 
-0.332148 0.358354 
-0.308869 0.361643 
-0.285507 0.364385 
-0.237124 0.368857 
-0.212087 0.370787 
-0.261326 0.36678 
-0.564115 0.245265 
2.92702e-05 0.386463 
0.0281207 0.388511 
-0.135623 0.376225 
-0.161327 0.374406 
-0.550799 0.259662 
0.637604 0.00368319 
0.384939 0.364259 
0.406671 0.356574 
0.360168 0.371648 
0.624471 0.138126 
-0.377041 0.349851 
-0.586233 0.216466 
0.478919 0.320755 
0.459102 0.332427 
0.433215 0.345443 
0.545815 0.265819 
0.510652 0.298229 
0.498071 0.307796 
0.579804 0.22366 
0.522787 0.288079 
0.0862628 0.392088 
0.146631 0.39412 
0.116418 0.393377 
0.241295 0.391423 
0.273123 0.388269 
0.304705 0.38372 
0.332511 0.378378 
-0.187102 0.372592 
0.631672 0.114869 
0.639561 0.0189909 
-0.0826214 0.380123 
-0.109083 0.378148 
-0.0553244 0.382212 
-0.0280924 0.384317 
0.0571731 0.390442 
0.178012 0.394169 
0.20945 0.393334 
0.610494 0.171471 
-0.64074 0.0387657 
-0.526791 0.281382 
-0.637072 0.0849075 
-0.640328 0.015731 
-0.623724 0.140838 
-0.628251 0.126188 
-0.612316 0.169908 
0.640843 0.0420036 
-0.598779 0.196399 
-0.606004 0.183048 
0.637215 0.089162 
0.559191 0.250711 
-0.490677 0.306392 
-0.451283 0.326252 
-0.409594 0.341282 
-0.343434 0.356514 
-0.224605 0.369843 
-0.570452 0.237704 
-0.297194 0.363074 
0.0140737 0.387503 
-0.148473 0.375312 
-0.320519 0.360076 
-0.639676 0.0618577 
-0.543059 0.267207 
0.395851 0.36055 
0.372599 0.368112 
-0.618257 0.155841 
-0.388004 0.347227 
-0.581478 0.22327 
0.420034 0.351227 
-0.557576 0.252573 
0.550372 0.26087 
0.504416 0.303085 
0.586569 0.213628 
0.528743 0.282725 
0.516779 0.293225 
0.54026 0.271591 
0.131521 0.393825 
0.257223 0.390011 
0.318637 0.381211 
-0.4713 0.316969 
0.288938 0.38618 
0.346381 0.375191 
-0.174212 0.373501 
0.639431 0.0727782 
0.633783 0.106377 
0.599232 0.192876 
0.62831 0.12657 
-0.590582 0.209888 
0.571819 0.234727 
0.640207 0.0266259 
0.63869 0.0113228 
-0.249226 0.367851 
0.640584 0.0574114 
0.4886 0.31443 
0.469099 0.326742 
-0.27342 0.36563 
-0.365888 0.352279 
0.446275 0.339167 
-0.199593 0.3717 
-0.0958497 0.379128 
-0.12235 0.377179 
-0.0689711 0.381162 
-0.0417076 0.383264 
0.0426445 0.389506 
0.0717148 0.391307 
0.101336 0.392793 
0.162319 0.394245 
0.193732 0.393872 
-0.0140314 0.385397 
0.225378 0.392523 
0.62021 0.149447 
-0.430692 0.334327 
-0.509302 0.294468 
-0.632874 0.107782 
ZONE T="boundary5"
-0.614564 -0.107615 
-0.621978 -0.0857243 
-0.568418 -0.201942 
-0.558237 -0.218027 
-0.633289 -0.0411934 
-0.628236 -0.0635731 
-0.485133 -0.309882 
-0.470463 -0.32448 
-0.606024 -0.129257 
-0.63959 0.00425106 
-0.637094 -0.0185722 
-0.578283 -0.185238 
-0.587581 -0.168224 
-0.385144 -0.393594 
-0.403667 -0.380509 
-0.0964608 -0.510156 
-0.499287 -0.294797 
-0.255813 -0.463345 
-0.280242 -0.452679 
-0.366192 -0.406065 
-0.345962 -0.418433 
-0.30298 -0.441788 
-0.325325 -0.430119 
-0.0684974 -0.5147 
-0.124263 -0.504601 
-0.151581 -0.498113 
-0.596382 -0.150666 
-0.231022 -0.473139 
-0.204995 -0.482363 
-0.178661 -0.490647 
-0.524829 -0.264593 
-0.512321 -0.279908 
-0.547594 -0.233815 
-0.536446 -0.249374 
-0.421289 -0.367163 
-0.454703 -0.339129 
-0.43845 -0.353242 
0.621633 -0.0560889 
0.626764 -0.0414067 
0.631176 -0.0265092 
0.564488 -0.164065 
0.549082 -0.188269 
0.579971 -0.139044 
0.594666 -0.11365 
0.371284 -0.415704 
0.354142 -0.428802 
0.387922 -0.4017 
0.406908 -0.384012 
0.0170882 -0.522132 
0.0458689 -0.522391 
-0.0401397 -0.518246 
-0.0116988 -0.520729 
0.0747474 -0.52146 
0.189944 -0.504436 
0.161353 -0.51084 
0.103661 -0.519274 
0.132565 -0.515759 
0.328396 -0.446193 
0.218471 -0.496394 
0.246706 -0.486638 
0.274543 -0.475064 
0.301839 -0.461592 
0.456951 -0.32737 
0.446611 -0.34036 
0.489989 -0.281179 
0.476797 -0.300469 
0.42523 -0.365052 
0.502751 -0.261572 
0.533616 -0.212558 
0.634796 -0.0114971 
0.637604 0.00368319 
0.518205 -0.237052 
0.609311 -0.0851103 
0.615769 -0.0707249 
-0.618409 -0.0967153 
-0.563387 -0.210022 
-0.630915 -0.0524167 
-0.63851 -0.00717804 
-0.610425 -0.118486 
-0.635351 -0.0299087 
-0.39446 -0.387128 
-0.268075 -0.458121 
-0.35613 -0.412334 
-0.314203 -0.436051 
-0.13795 -0.501479 
-0.601327 -0.140016 
-0.21805 -0.477868 
-0.191865 -0.486622 
-0.492276 -0.302401 
-0.518641 -0.272303 
-0.542077 -0.241635 
-0.552971 -0.225959 
-0.583005 -0.17677 
-0.412533 -0.373908 
-0.375719 -0.399907 
-0.462646 -0.331872 
-0.446636 -0.346253 
-0.505868 -0.287408 
0.624283 -0.0487779 
0.629063 -0.0339858 
0.556803 -0.176175 
0.587441 -0.126416 
0.36279 -0.422356 
0.397532 -0.392986 
0.0314787 -0.522406 
-0.0543339 -0.516604 
-0.0259298 -0.519622 
0.175691 -0.507826 
0.0892176 -0.520527 
0.118134 -0.517686 
0.232661 -0.491726 
-0.592062 -0.159485 
0.260715 -0.48107 
0.341417 -0.437722 
0.315247 -0.454119 
0.379684 -0.408801 
0.451823 -0.3339 
0.483456 -0.290868 
0.436095 -0.352862 
-0.530698 -0.257029 
-0.429928 -0.360275 
0.416189 -0.374651 
0.496417 -0.271407 
0.541339 -0.200401 
0.636304 -0.00392666 
0.61261 -0.0779479 
0.633085 -0.0190272 
-0.47786 -0.317243 
0.602214 -0.0994945 
0.510504 -0.249327 
-0.291658 -0.44733 
-0.573418 -0.19363 
0.467027 -0.314036 
-0.335692 -0.424362 
-0.625252 -0.0746886 
-0.0824988 -0.512555 
-0.110386 -0.507504 
0.0603144 -0.522078 
0.204264 -0.500615 
0.288301 -0.468553 
-0.24346 -0.468351 
0.572296 -0.151592 
-0.165154 -0.494502 
0.00268918 -0.521571 
0.146991 -0.513478 
0.525897 -0.224792 
0.618779 -0.0634408 
