ZONE T="boundary0"
-4 -1 
-4 -0.824955 
-4 0.188824 
-4 -0.39358 
-4 -0.456072 
-4 0.0469518 
-4 0.317115 
-4 0.376025 
-4 0.548624 
-4 0.252122 
-4 0.117888 
-4 -0.116001 
-4 -0.0345246 
-4 0.661468 
-4 -0.20038 
-4 0.774312 
-4 1 
-4 0.462324 
-4 -0.15819 
-4 -0.265733 
-4 -0.331087 
-4 -0.552991 
-4 -0.64991 
-4 -0.912477 
-4 -0.424826 
-4 0.34657 
-4 0.284619 
-4 0.220473 
-4 -0.0752627 
-4 0.505474 
-4 0.0824198 
-4 0.153356 
-4 -0.179285 
-4 -0.362333 
-4 -0.137096 
-4 -0.29841 
-4 -0.233056 
-4 0.00621361 
-4 0.71789 
-4 0.605046 
-4 -0.60145 
-4 -0.504532 
-4 -0.737432 
-4 0.887156 
-4 0.419175 
ZONE T="boundary1"
-3.35408 1 
-3.1468 1 
0.971166 1 
1.31202 1 
1.42497 1 
2.09415 1 
-0.982657 1 
-0.180045 1 
1.19906 1 
1.08511 1 
0.760058 1 
-0.671199 1 
-0.578033 1 
0.865612 1 
0.622142 1 
0.520578 1 
0.419014 1 
-1.44304 1 
-0.404902 1 
-0.491468 1 
-0.764365 1 
-0.873511 1 
-1.1038 1 
-3.56136 1 
-3.78068 1 
-4 1 
-2.82959 1 
1.90676 1 
1.71936 1 
4 1 
3.72711 1 
-2.23087 1 
-2.43122 1 
0.125225 1 
-0.0615393 1 
-0.122853 1 
-0.237237 1 
-0.32107 1 
-0.000225285 1 
0.0624997 1 
0.360283 1 
0.301553 1 
0.257471 1 
0.213389 1 
-1.22495 1 
-1.33399 1 
-1.68044 1 
1.57217 1 
3.45421 1 
2.79142 1 
2.54774 1 
2.32095 1 
-1.85548 1 
-2.63041 1 
-2.03052 1 
3.24466 1 
3.0351 1 
-2.53081 1 
-3.25044 1 
1.36849 1 
1.14209 1 
-0.624616 1 
0.812835 1 
0.57136 1 
-0.448185 1 
-0.818938 1 
-3.45772 1 
-3.89034 1 
-2.9882 1 
2.00045 1 
-2.33105 1 
3.86355 1 
-0.0921963 1 
-0.208641 1 
-0.279154 1 
-0.151449 1 
-0.362986 1 
-0.0308823 1 
0.0938622 1 
0.0311372 1 
0.330918 1 
0.23543 1 
0.469796 1 
0.6911 1 
0.389648 1 
0.918389 1 
-0.717782 1 
-0.928084 1 
-1.04323 1 
-1.16437 1 
-3.67102 1 
-0.53475 1 
1.02814 1 
-1.38852 1 
1.25554 1 
-1.56174 1 
-1.27947 1 
1.49857 1 
1.64576 1 
1.81306 1 
3.59066 1 
2.66958 1 
2.43434 1 
-1.943 1 
-2.1307 1 
-1.76796 1 
0.169307 1 
0.279512 1 
3.34944 1 
3.13988 1 
-2.48102 1 
-2.58061 1 
-2.73 1 
2.20755 1 
2.91326 1 
ZONE T="boundary2"
4 -0.473422 
4 -0.384797 
4 -0.279133 
4 -0.331965 
4 -0.222435 
4 0.245775 
4 0.17768 
4 0.31387 
4 0.390432 
4 0.104712 
4 -0.562047 
4 0.780757 
4 1 
4 -1 
4 -0.781023 
4 0.0317451 
4 0.561515 
4 0.475974 
4 -0.165737 
4 -0.0669961 
4 -0.42911 
4 -0.358381 
4 0.211727 
4 0.279823 
4 0.352151 
4 0.141196 
4 0.890379 
4 -0.890512 
4 0.0682287 
4 0.518744 
4 -0.194086 
4 -0.116367 
4 -0.250784 
4 -0.0176255 
4 -0.517735 
4 0.671136 
4 -0.671535 
4 -0.305549 
4 0.433203 
ZONE T="boundary3"
-4 -1 
-2.54122 -1 
-1.30868 -1 
-0.473422 -1 
-1.2148 -1 
0.111673 -1 
1.29197 -1 
1.19607 -1 
-0.263678 -1 
-0.775449 -1 
0.295961 -1 
0.387122 -1 
3.67106 -1 
-0.321157 -1 
-0.397289 -1 
-1.12093 -1 
-1.43238 -1 
-1.55609 -1 
1.7515 -1 
1.93022 -1 
-2.16024 -1 
-2.03714 -1 
-2.67601 -1 
-1.91404 -1 
-3.55973 -1 
-3.77986 -1 
4 -1 
3.34213 -1 
3.07771 -1 
2.81329 -1 
2.6005 -1 
0.950346 -1 
-3.15753 -1 
2.3877 -1 
0.17343 -1 
0.0499153 -1 
-0.0156754 -1 
-0.0812661 -1 
-0.143733 -1 
-0.2062 -1 
0.478283 -1 
0.592203 -1 
0.828235 -1 
0.706123 -1 
-0.705712 -1 
-0.635975 -1 
-0.92587 -1 
-0.974634 -1 
-1.0234 -1 
-1.07216 -1 
-1.73506 -1 
1.07321 -1 
1.38787 -1 
1.57277 -1 
1.48032 -1 
-2.91677 -1 
2.15896 -1 
-2.40643 -1 
-1.26174 -1 
1.24402 -1 
-0.359223 -1 
-1.16786 -1 
-1.49423 -1 
1.84086 -1 
-2.09869 -1 
-1.97559 -1 
-3.6698 -1 
3.50659 -1 
2.7069 -1 
-3.35863 -1 
-0.435355 -1 
0.080794 -1 
0.142551 -1 
-0.0484707 -1 
0.01712 -1 
-0.174966 -1 
-0.292418 -1 
-0.112499 -1 
-0.234939 -1 
0.341542 -1 
0.535243 -1 
0.889291 -1 
0.649163 -1 
-0.670843 -1 
-0.554698 -1 
0.767179 -1 
-0.74058 -1 
-0.850659 -1 
-0.999016 -1 
-0.950252 -1 
-1.04778 -1 
-1.37053 -1 
1.13464 -1 
1.33992 -1 
1.01178 -1 
1.52654 -1 
1.66213 -1 
1.4341 -1 
-3.03715 -1 
3.83553 -1 
-3.88993 -1 
-1.82455 -1 
2.04459 -1 
2.27333 -1 
-2.28333 -1 
2.9455 -1 
-2.47383 -1 
-2.79639 -1 
-2.60862 -1 
3.20992 -1 
-1.64557 -1 
2.4941 -1 
0.234695 -1 
0.432703 -1 
-1.09654 -1 
ZONE T="boundary4"
-0.522568 0.243627 
-0.255995 0.453634 
-0.622263 0.0458095 
-0.457643 0.31715 
0.510648 0.304098 
0.491977 0.336579 
0.471092 0.36691 
0.461832 0.378693 
0.481814 0.352044 
0.501675 0.320413 
-0.633692 -0.0144291 
-0.605872 0.0967157 
-0.59431 0.124419 
-0.63084 0.0056361 
-0.627026 0.0257358 
-0.616568 0.0657983 
-0.314618 0.423534 
-0.551358 0.202525 
-0.536084 0.225089 
-0.508445 0.261709 
-0.496445 0.276078 
-0.484002 0.290082 
-0.582975 0.147986 
-0.56873 0.174183 
-0.471029 0.30381 
-0.414635 0.355294 
-0.429471 0.342868 
-0.399455 0.367304 
-0.383585 0.379158 
-0.367391 0.390572 
-0.332988 0.412748 
-0.276116 0.444003 
-0.29595 0.433806 
-0.212784 0.472061 
-0.1406 0.496634 
-0.115047 0.503625 
-0.165925 0.488846 
-0.0875444 0.510209 
-0.0598506 0.515879 
-0.189482 0.480805 
-0.234525 0.463161 
-0.350345 0.401896 
0.533822 0.255488 
-0.443744 0.33021 
0.54781 0.223099 
0.409219 0.431434 
0.3833 0.450837 
0.295557 0.496018 
0.431383 0.411751 
0.452174 0.390054 
0.519094 0.287454 
-0.0300958 0.520916 
-0.000204537 0.524887 
0.0315825 0.527905 
0.230998 0.515208 
0.263862 0.506635 
0.197322 0.521753 
0.607721 0.084597 
0.597354 0.110754 
0.560623 0.193746 
0.626567 0.0203282 
0.630148 -0.00106084 
0.621511 0.0418631 
0.615194 0.0631987 
0.632206 -0.0225748 
0.573668 0.164592 
0.585715 0.137712 
0.0634231 0.529662 
0.129261 0.529063 
0.0960561 0.530102 
0.326282 0.483157 
0.35619 0.467757 
0.163387 0.526319 
0.466517 0.372846 
0.476535 0.359537 
0.496905 0.328546 
-0.600293 0.11065 
-0.632384 -0.00438098 
-0.629049 0.0157068 
-0.611478 0.0813442 
-0.54383 0.213881 
-0.515585 0.252729 
-0.529399 0.234411 
-0.490278 0.283128 
-0.576021 0.161175 
-0.477568 0.296995 
-0.5025 0.268939 
-0.422097 0.349133 
-0.391561 0.373286 
-0.375527 0.38492 
-0.407087 0.361351 
-0.28607 0.438975 
-0.30532 0.428735 
-0.266089 0.448889 
-0.624758 0.0357985 
-0.323841 0.418206 
-0.12785 0.500229 
-0.153293 0.49284 
-0.0737204 0.513158 
-0.201166 0.476521 
-0.223687 0.467689 
-0.358907 0.396293 
-0.450741 0.32373 
0.540842 0.239304 
-0.436653 0.336589 
-0.588784 0.13627 
-0.464386 0.310529 
0.396468 0.441417 
-0.619526 0.0558344 
0.486976 0.344366 
0.457058 0.384421 
0.52662 0.27155 
-0.0151669 0.523036 
0.0156757 0.526551 
0.247503 0.511191 
0.279804 0.501605 
0.506233 0.312296 
0.602664 0.0977229 
0.554181 0.208404 
0.628538 0.00966403 
0.624204 0.0311341 
0.611574 0.0739372 
-0.341703 0.407381 
0.420496 0.421817 
0.631374 -0.0117987 
0.514935 0.29581 
-0.177733 0.484913 
0.618494 0.0525719 
-0.245295 0.458476 
-0.0449947 0.518529 
-0.101323 0.507031 
0.579712 0.151158 
0.59161 0.124262 
-0.560229 0.188467 
0.0474956 0.528944 
0.112667 0.529776 
0.311042 0.489879 
0.341394 0.475765 
0.146344 0.52791 
0.180389 0.524272 
0.567123 0.179156 
0.369918 0.459577 
0.214212 0.518736 
0.441994 0.401114 
0.0797393 0.530058 
ZONE T="boundary5"
-0.579617 -0.259653 
-0.589692 -0.24351 
-0.627011 -0.148571 
-0.62282 -0.164915 
-0.635579 -0.0344365 
-0.635418 -0.0935453 
-0.636441 -0.0740164 
-0.607094 -0.209067 
-0.59885 -0.226628 
0.514011 -0.274023 
-0.630451 -0.131939 
-0.633422 -0.11286 
-0.412138 -0.373317 
-0.428835 -0.369057 
-0.636495 -0.0542954 
-0.61281 -0.19509 
-0.186109 -0.372273 
-0.161138 -0.369858 
-0.357823 -0.381117 
-0.376395 -0.37938 
-0.516388 -0.326345 
-0.50327 -0.335457 
-0.394363 -0.376816 
0.502553 -0.282966 
-0.445269 -0.363841 
-0.338275 -0.382065 
-0.318567 -0.382236 
-0.297814 -0.381707 
-0.23292 -0.37694 
-0.254966 -0.378932 
-0.276989 -0.380591 
-0.539833 -0.306753 
0.610251 -0.146966 
-0.528386 -0.316899 
-0.618158 -0.180121 
0.542873 -0.247331 
0.559667 -0.228521 
-0.5548 -0.291502 
-0.568598 -0.274991 
0.490386 -0.291603 
0.477844 -0.299684 
-0.460616 -0.357956 
-0.475338 -0.351287 
-0.20951 -0.374629 
-0.489509 -0.343817 
-0.1362 -0.367677 
-0.633692 -0.0144291 
-0.109383 -0.365695 
-0.0826788 -0.364164 
-0.0541623 -0.363051 
0.00399215 -0.362367 
-0.0257896 -0.362469 
0.0336443 -0.362688 
0.573646 -0.210598 
0.124745 -0.364848 
0.155026 -0.365366 
0.0640953 -0.363324 
0.0944569 -0.364105 
0.184835 -0.365462 
0.274372 -0.361351 
0.244518 -0.363651 
0.334596 -0.352831 
0.304488 -0.357814 
0.451316 -0.314423 
0.423307 -0.327091 
0.394725 -0.337502 
0.364768 -0.346133 
0.525077 -0.264547 
0.585884 -0.192728 
0.604823 -0.158891 
0.595814 -0.176182 
0.624021 -0.106861 
0.61786 -0.127267 
0.63264 -0.0439939 
0.63142 -0.0652076 
0.628532 -0.0862386 
0.632206 -0.0225748 
0.214709 -0.364955 
0.437436 -0.321036 
-0.584781 -0.251662 
-0.625012 -0.156769 
-0.636052 -0.0837886 
-0.603098 -0.217907 
-0.63206 -0.12242 
-0.628828 -0.140276 
-0.420519 -0.371303 
-0.636157 -0.0443617 
-0.610029 -0.20211 
-0.173622 -0.371044 
-0.509899 -0.331001 
-0.385398 -0.378211 
0.508333 -0.278559 
-0.437093 -0.36657 
-0.308191 -0.382054 
-0.634543 -0.103217 
-0.24394 -0.377968 
-0.265974 -0.379813 
-0.403277 -0.375188 
-0.522456 -0.32171 
0.551436 -0.238076 
-0.54747 -0.299278 
-0.534184 -0.311909 
-0.574235 -0.267415 
0.484159 -0.295713 
-0.468028 -0.35473 
-0.221213 -0.3758 
-0.496454 -0.339742 
-0.197809 -0.373448 
-0.148669 -0.368733 
-0.482481 -0.347658 
-0.634755 -0.0244228 
-0.122791 -0.366634 
-0.63659 -0.0641576 
-0.348057 -0.381695 
-0.0960297 -0.364871 
-0.0684179 -0.36354 
-0.0108953 -0.362357 
0.0188217 -0.362482 
0.566796 -0.21967 
0.139883 -0.365148 
-0.561862 -0.283384 
0.0792769 -0.363707 
0.259452 -0.362638 
0.289445 -0.359747 
0.496519 -0.287354 
0.409107 -0.332552 
0.349728 -0.349702 
0.519598 -0.269348 
-0.328425 -0.382241 
0.579903 -0.201758 
0.600453 -0.167606 
-0.452987 -0.361011 
0.621138 -0.117123 
0.607602 -0.152958 
-0.367122 -0.380356 
0.632239 -0.0546119 
0.626479 -0.096593 
-0.594396 -0.235137 
0.630185 -0.0757509 
0.0488715 -0.362977 
0.229615 -0.364415 
0.199771 -0.365296 
0.379815 -0.342065 
0.109599 -0.364493 
0.169928 -0.365478 
0.31957 -0.355513 
-0.0399754 -0.362697 
-0.2874 -0.381213 
0.632629 -0.0332797 
0.614237 -0.137185 
0.534137 -0.256106 
-0.620574 -0.172547 
0.59097 -0.184527 
0.430402 -0.324132 
-0.615571 -0.187635 
0.464737 -0.307337 
0.444409 -0.317801 
