ZONE T="boundary0"
-4 -1 
-4 -0.0843304 
-4 -0.252848 
-4 0.109796 
-4 0.047565 
-4 0.457927 
-4 -0.0146657 
-4 -0.28928 
-4 -0.563285 
-4 -0.153995 
-4 0.352366 
-4 0.728963 
-4 -0.841131 
-4 0.593445 
-4 -0.216415 
-4 -0.185205 
-4 -0.366794 
-4 -0.444307 
-4 -0.682262 
-4 0.162209 
-4 0.283494 
-4 0.214622 
-4 0.405146 
-4 0.864482 
-4 1 
-4 0.0786803 
-4 0.0164496 
-4 -0.119163 
-4 -0.920565 
-4 -0.271064 
-4 -0.328037 
-4 -0.234632 
-4 -0.405551 
-4 -0.503796 
-4 -0.622773 
-4 -0.049498 
-4 0.136002 
-4 0.188416 
-4 0.31793 
-4 0.249058 
-4 0.378756 
-4 0.431537 
-4 0.661204 
-4 0.525686 
-4 0.796723 
-4 0.932241 
-4 -0.761696 
-4 -0.20081 
-4 -0.1696 
ZONE T="boundary1"
-0.136375 1 
-1.28166 1 
-1.35767 1 
-0.217865 1 
0.167665 1 
0.109668 1 
0.624984 1 
0.697497 1 
0.0401371 1 
-0.0293934 1 
4 1 
-0.879834 1 
-1.80097 1 
-1.99344 1 
1.24453 1 
2.68237 1 
2.50657 1 
-2.70577 1 
-2.27566 1 
-2.55788 1 
-3.14944 1 
1.45275 1 
1.8167 1 
1.97655 1 
3.5418 1 
3.38906 1 
-3.36211 1 
-3.57477 1 
0.290416 1 
-0.370888 1 
-0.294376 1 
0.225661 1 
0.35517 1 
0.453821 1 
0.552471 1 
-0.546493 1 
0.842523 1 
-0.652847 1 
-0.45869 1 
-0.759202 1 
0.967866 1 
-1.00047 1 
1.16887 1 
1.09321 1 
-1.20566 1 
-1.10306 1 
-4 1 
-1.60849 1 
-1.48308 1 
3.12361 1 
3.25634 1 
2.85816 1 
1.34864 1 
2.1364 1 
-2.85366 1 
-3.78739 1 
3.69453 1 
1.63473 1 
-1.31966 1 
0.138666 1 
0.00537183 1 
-1.8972 1 
2.59447 1 
-2.41677 1 
1.89663 1 
-2.13455 1 
3.46543 1 
-3.46844 1 
-0.332632 1 
-0.17712 1 
-0.0828844 1 
0.0749024 1 
0.196663 1 
0.322793 1 
0.404495 1 
0.503146 1 
-0.256121 1 
0.588727 1 
0.77001 1 
0.258039 1 
-0.502591 1 
-0.706025 1 
0.66124 1 
-0.59967 1 
-0.819518 1 
-0.94015 1 
0.905194 1 
1.13104 1 
-1.15436 1 
-1.24366 1 
-1.05176 1 
-1.42037 1 
3.18997 1 
2.99089 1 
1.29659 1 
2.32148 1 
2.05647 1 
-2.77972 1 
-2.63183 1 
-3.00155 1 
-3.89369 1 
3.84727 1 
1.72572 1 
-3.68108 1 
-1.70473 1 
-3.25578 1 
-0.414789 1 
2.77026 1 
1.2067 1 
1.54374 1 
1.4007 1 
3.61816 1 
1.03054 1 
-1.54578 1 
3.3227 1 
ZONE T="boundary2"
4 -0.086406 
4 0.160552 
4 -0.00905189 
4 0.0683022 
4 0.744876 
4 -0.559814 
4 1 
4 0.19702 
4 0.233488 
4 -0.195775 
4 -0.232231 
4 -0.122862 
4 0.489752 
4 0.285369 
4 0.413501 
4 0.617314 
4 -0.348033 
4 -0.386634 
4 -0.309432 
4 -0.473224 
4 -1 
4 -0.779907 
4 0.259428 
4 0.33725 
4 -0.159318 
4 -0.270832 
4 0.0296252 
4 0.872438 
4 0.215254 
4 0.114427 
4 0.178786 
4 -0.0477289 
4 -0.214003 
4 0.681095 
4 -0.367333 
4 0.553533 
4 -0.328733 
4 -0.429929 
4 -0.669861 
4 -0.889954 
4 0.272398 
4 0.311309 
4 0.246458 
4 0.375375 
4 -0.104634 
4 -0.14109 
4 -0.177547 
4 -0.251531 
4 0.451627 
4 -0.516519 
4 -0.290132 
ZONE T="boundary3"
-4 -1 
-3.59981 -1 
-0.0838013 -1 
1.02071 -1 
-0.374022 -1 
-0.442489 -1 
-0.820425 -1 
-0.878503 -1 
1.2396 -1 
-0.762346 -1 
-0.64619 -1 
-2.68682 -1 
1.75603 -1 
2.35081 -1 
2.08151 -1 
1.91877 -1 
-3.40844 -1 
-3.21706 -1 
2.64403 -1 
3.7522 -1 
3.50439 -1 
-2.35336 -1 
-1.97344 -1 
3.06119 -1 
3.28279 -1 
-1.79853 -1 
-0.160778 -1 
-0.305555 -1 
-0.544339 -1 
-0.233167 -1 
-0.00682458 -1 
0.18861 -1 
0.688551 -1 
0.112384 -1 
0.0527798 -1 
0.580246 -1 
-0.595265 -1 
-0.991901 -1 
-0.935202 -1 
0.47194 -1 
0.264836 -1 
0.368388 -1 
1.43785 -1 
1.52785 -1 
0.79931 -1 
-1.62363 -1 
-1.48526 -1 
-1.34689 -1 
-1.1053 -1 
-1.0486 -1 
1.13135 -1 
1.34786 -1 
0.91007 -1 
-1.22609 -1 
4 -1 
-2.95194 -1 
-3.79991 -1 
-0.408256 -1 
-0.849464 -1 
-0.704268 -1 
2.21616 -1 
-3.31275 -1 
3.62829 -1 
-2.52009 -1 
-2.1634 -1 
2.85261 -1 
3.39359 -1 
-1.88599 -1 
-0.12229 -1 
-0.339789 -1 
-0.493414 -1 
-0.196972 -1 
-0.045313 -1 
-0.269361 -1 
0.0229776 -1 
0.082582 -1 
0.634399 -1 
-0.963551 -1 
0.316612 -1 
1.48285 -1 
0.526093 -1 
0.743931 -1 
-1.55444 -1 
-1.41608 -1 
-1.02025 -1 
1.29373 -1 
1.39286 -1 
1.18547 -1 
1.64194 -1 
1.8374 -1 
2.00014 -1 
0.85469 -1 
-1.1657 -1 
3.8761 -1 
3.17199 -1 
2.49742 -1 
-3.0845 -1 
-2.81938 -1 
-3.50412 -1 
-1.71108 -1 
-0.620727 -1 
-0.569802 -1 
0.226723 -1 
0.150497 -1 
0.420164 -1 
-0.791386 -1 
-0.906852 -1 
-1.07695 -1 
0.965389 -1 
-1.28649 -1 
1.07603 -1 
ZONE T="boundary4"
-0.250517 0.406404 
-0.227197 0.416705 
-0.611727 0.0214349 
-0.605429 0.0446806 
-0.203595 0.426367 
-0.338871 0.359724 
0.644535 0.0635517 
0.646341 0.0488069 
0.647487 0.0340203 
0.553945 0.299511 
0.562675 0.285443 
0.487828 0.376588 
0.500398 0.364893 
0.54452 0.313372 
0.534508 0.326808 
0.512429 0.352626 
-0.528426 0.191586 
0.592298 0.22696 
0.578398 0.256549 
0.402213 0.434515 
0.432439 0.417617 
-0.616577 -0.00193687 
-0.619983 -0.0253771 
-0.597696 0.0677174 
-0.588559 0.0904556 
-0.580761 0.107375 
-0.57223 0.124022 
-0.562747 0.140801 
-0.540804 0.174684 
-0.515458 0.208031 
-0.419757 0.30334 
-0.400302 0.318423 
-0.438684 0.287509 
-0.501961 0.224037 
-0.487989 0.239608 
-0.472751 0.255547 
-0.380343 0.33281 
-0.456984 0.270943 
-0.359815 0.346597 
-0.295603 0.384201 
-0.273218 0.395617 
-0.317416 0.37228 
-0.179381 0.435519 
-0.129792 0.451975 
-0.104444 0.459249 
-0.154911 0.444014 
-0.552195 0.157825 
0.474868 0.387599 
0.647662 0.00481814 
0.639051 0.0932024 
0.635457 0.108055 
0.621726 0.152941 
0.631362 0.122891 
0.461445 0.398019 
0.370473 0.449097 
0.523758 0.339969 
0.0583255 0.488591 
0.0875761 0.490695 
0.116886 0.491795 
0.00207629 0.481809 
0.177906 0.490674 
0.0301423 0.485638 
0.613584 0.175301 
0.604856 0.197443 
0.647932 0.0194152 
-0.0783931 0.46595 
-0.0521451 0.47192 
-0.0251152 0.47726 
0.14741 0.491829 
0.209585 0.488138 
0.305657 0.470879 
0.273254 0.478468 
0.24119 0.484147 
0.338154 0.461163 
-0.238893 0.411635 
-0.608752 0.0331038 
-0.21543 0.421616 
0.645517 0.0561885 
0.646999 0.0414197 
0.558381 0.292522 
0.494179 0.370813 
0.549306 0.306493 
0.539587 0.320146 
0.585518 0.241837 
0.417498 0.426374 
-0.618457 -0.0136325 
-0.614328 0.00978458 
-0.601732 0.0562552 
-0.584749 0.0989565 
-0.593291 0.0791519 
-0.567573 0.13246 
-0.534693 0.183193 
-0.57658 0.115743 
-0.410097 0.310969 
-0.508772 0.216088 
-0.480435 0.247641 
-0.495033 0.231876 
-0.390383 0.325701 
-0.464935 0.263315 
-0.447916 0.279317 
-0.349393 0.353241 
-0.370134 0.339787 
-0.284451 0.389989 
-0.261905 0.401089 
-0.32819 0.366082 
-0.19152 0.431025 
-0.117144 0.455698 
-0.546581 0.16631 
-0.557556 0.149367 
0.637316 0.100643 
0.642079 0.0784282 
0.626733 0.137975 
0.529206 0.33345 
0.468213 0.392883 
0.506483 0.358829 
0.570791 0.27114 
0.518165 0.346363 
0.481409 0.382167 
-0.522012 0.199865 
0.072942 0.489766 
0.102227 0.491373 
-0.429295 0.295515 
0.0160941 0.483831 
0.633465 0.115488 
0.617736 0.16415 
0.59869 0.21225 
0.647797 0.0267201 
0.609286 0.186398 
0.647888 0.0121145 
-0.142379 0.44808 
-0.167176 0.439849 
-0.306552 0.37832 
-0.0914428 0.46269 
-0.0652909 0.469027 
-0.0115367 0.479634 
0.0442221 0.487226 
0.132148 0.491957 
0.162664 0.491404 
-0.0386502 0.474688 
0.193761 0.489581 
0.289511 0.474906 
0.225412 0.48633 
0.321984 0.466279 
0.35442 0.455413 
0.386483 0.44211 
0.447155 0.408135 
0.25726 0.481516 
ZONE T="boundary5"
-0.569873 -0.271581 
-0.578215 -0.255265 
-0.512695 -0.353147 
-0.526009 -0.337477 
-0.621956 -0.0488525 
-0.622508 -0.0723085 
-0.61079 -0.16548 
-0.604439 -0.188534 
-0.598773 -0.205816 
-0.592634 -0.222333 
-0.585894 -0.238585 
-0.441072 -0.416847 
-0.461302 -0.401777 
-0.102393 -0.466588 
-0.262019 -0.482923 
-0.289178 -0.479368 
-0.369251 -0.456297 
-0.316267 -0.473749 
-0.343015 -0.466053 
-0.394495 -0.444689 
-0.234785 -0.484494 
-0.207823 -0.484169 
-0.180985 -0.482068 
-0.128307 -0.473129 
-0.154552 -0.47835 
-0.076655 -0.458856 
-0.538229 -0.321627 
-0.560177 -0.288628 
-0.549727 -0.305173 
-0.615785 -0.142318 
-0.619409 -0.11907 
-0.418892 -0.431216 
0.587588 -0.152834 
0.601432 -0.134269 
-0.497061 -0.369749 
-0.480586 -0.385441 
-0.619983 -0.0253771 
0.642429 -0.0379821 
0.623622 -0.0952738 
0.613813 -0.114404 
0.571985 -0.170621 
-0.0510737 -0.450103 
0.0782302 -0.396723 
1.26367e-05 -0.430183 
-0.0254883 -0.440466 
-0.621655 -0.0957229 
0.0516893 -0.408173 
0.0258349 -0.419305 
0.104808 -0.385434 
0.132258 -0.374127 
0.188197 -0.352586 
0.159726 -0.363282 
0.216631 -0.342443 
0.245723 -0.332537 
0.274684 -0.323003 
0.30419 -0.313419 
0.472144 -0.245762 
0.333461 -0.303779 
0.362509 -0.293783 
0.537689 -0.202125 
0.517602 -0.217286 
0.391214 -0.283148 
0.639209 -0.0518208 
0.635231 -0.0655003 
0.629858 -0.0806312 
0.647662 0.00481814 
0.644918 -0.0238793 
0.646658 -0.00962695 
0.446818 -0.258978 
0.555293 -0.187017 
0.49681 -0.231174 
0.419285 -0.271659 
-0.574129 -0.263469 
-0.519445 -0.345394 
-0.622409 -0.0605781 
-0.607774 -0.177054 
-0.601693 -0.197205 
-0.451303 -0.409473 
-0.275634 -0.481395 
-0.302777 -0.476813 
-0.356224 -0.461424 
-0.589339 -0.230491 
-0.381978 -0.450728 
-0.221308 -0.48456 
-0.194395 -0.483334 
-0.595781 -0.214105 
-0.115323 -0.470016 
-0.141406 -0.475918 
-0.53221 -0.329625 
-0.555046 -0.296962 
-0.565123 -0.280163 
-0.617766 -0.130723 
0.594696 -0.143695 
-0.488929 -0.37771 
-0.430101 -0.424221 
-0.504988 -0.361556 
-0.544073 -0.313469 
-0.471067 -0.393761 
-0.0127198 -0.435388 
-0.621147 -0.0371015 
0.0649559 -0.402439 
-0.0638364 -0.454592 
0.118522 -0.379732 
0.173947 -0.357869 
0.202406 -0.347454 
0.260205 -0.32774 
0.348012 -0.298846 
0.318841 -0.308628 
0.618911 -0.10494 
0.527756 -0.209864 
0.376902 -0.288567 
-0.582137 -0.246965 
0.632661 -0.0731081 
0.626851 -0.0880009 
0.640912 -0.0449237 
0.637314 -0.0586883 
0.643768 -0.0309479 
0.647253 -0.00241133 
0.645882 -0.016765 
-0.620705 -0.107415 
-0.613453 -0.153937 
-0.622257 -0.0840242 
0.607834 -0.124472 
0.459561 -0.252532 
0.546607 -0.194714 
0.484572 -0.238643 
-0.24842 -0.483951 
-0.0894942 -0.462858 
0.09151 -0.391049 
0.289446 -0.318207 
-0.406813 -0.438177 
-0.329714 -0.470154 
-0.167751 -0.480406 
-0.0382587 -0.445374 
0.0129356 -0.424783 
0.14598 -0.368646 
0.231169 -0.337441 
0.433125 -0.265483 
0.0387658 -0.413754 
0.579957 -0.161882 
0.563781 -0.17897 
0.507295 -0.224374 
0.405305 -0.277539 
