ZONE T="boundary0"
-4 -0.309821 
-4 -0.134768 
-4 -0.216359 
-4 0.398271 
-4 0.170189 
-4 0.205169 
-4 0.244377 
-4 0.340928 
-4 0.651066 
-4 0.534755 
-4 1 
-4 0.767378 
-4 0.0693682 
-4 0.00352809 
-4 -0.0656199 
-4 0.283586 
-4 0.466513 
-4 -0.348625 
-4 -0.38743 
-4 -0.493105 
-4 -0.598779 
-4 -0.79939 
-4 -1 
-4 0.135208 
-4 -0.175563 
-4 0.187679 
-4 0.369599 
-4 0.592911 
-4 0.883689 
-4 0.0364481 
-4 -0.100194 
-4 0.224773 
-4 0.312257 
-4 0.432392 
-4 0.709222 
-4 0.500634 
-4 -0.368028 
-4 -0.329223 
-4 -0.26309 
-4 -0.545942 
-4 -0.0310459 
-4 -0.440267 
-4 -0.699085 
-4 -0.899695 
-4 0.263982 
-4 0.102288 
-4 0.152698 
ZONE T="boundary1"
1.57448 1 
1.44619 1 
-0.397656 1 
-0.298622 1 
0.788138 1 
-0.240747 1 
-0.182872 1 
-2.04744 1 
3.78651 1 
1.33356 1 
0.37817 1 
2.13406 1 
1.95934 1 
-4 1 
-3.76079 1 
-1.71804 1 
-1.8897 1 
0.967866 1 
0.878002 1 
-3.35281 1 
3.57301 1 
-3.52158 1 
-2.4275 1 
-2.64983 1 
2.65618 1 
-1.54638 1 
3.14602 1 
2.9011 1 
1.70277 1 
0.206825 1 
0.249661 1 
-0.0612389 1 
0.546169 1 
-0.122055 1 
-0.496691 1 
0.667153 1 
0.0792994 1 
0.143062 1 
0.00903021 1 
-0.666789 1 
-0.58174 1 
-0.76875 1 
-0.870711 1 
0.335334 1 
0.292497 1 
1.0944 1 
0.462169 1 
-0.993083 1 
-1.11546 1 
4 1 
1.22092 1 
-1.23528 1 
-1.3551 1 
-2.91693 1 
2.30877 1 
2.48248 1 
-2.20518 1 
-2.78338 1 
-3.18404 1 
3.35952 1 
1.51033 1 
-0.348139 1 
-0.211809 1 
2.0467 1 
-3.8804 1 
-1.80387 1 
0.922934 1 
-3.4372 1 
-2.53866 1 
2.77864 1 
1.83105 1 
0.228243 1 
-0.152463 1 
-0.269684 1 
-0.447174 1 
0.111181 1 
-0.0916471 1 
-0.624264 1 
-0.539215 1 
-0.819731 1 
0.313916 1 
0.83307 1 
1.03113 1 
-0.717769 1 
0.504169 1 
-3.64119 1 
-0.931897 1 
3.67976 1 
1.15766 1 
1.38987 1 
-1.29519 1 
-1.45074 1 
3.89325 1 
2.39562 1 
-1.05427 1 
-2.12631 1 
-1.96857 1 
1.63862 1 
3.02356 1 
-2.85016 1 
-2.31634 1 
-3.05048 1 
2.56933 1 
3.46627 1 
-3.26842 1 
-2.7166 1 
0.606661 1 
-0.0261044 1 
0.0441648 1 
0.174944 1 
0.727646 1 
0.271079 1 
0.42017 1 
0.356752 1 
2.22141 1 
-1.63221 1 
1.27724 1 
-1.17537 1 
3.25277 1 
ZONE T="boundary2"
4 -0.400978 
4 -0.328733 
4 -0.473224 
4 -0.669861 
4 -0.571542 
4 -0.271904 
4 -0.215075 
4 0.257163 
4 0.315428 
4 0.180442 
4 0.121123 
4 0.0618045 
4 -0.83493 
4 -1 
4 -0.14963 
4 -0.0841852 
4 0.364464 
4 0.413501 
4 -0.0111903 
4 0.515408 
4 0.464454 
4 0.636556 
4 0.757704 
4 1 
4 -0.364855 
4 -0.437101 
4 -0.620701 
4 -0.300318 
4 -0.243489 
4 -0.522383 
4 0.286296 
4 0.091464 
4 -0.752395 
4 -0.917465 
4 -0.116908 
4 0.388983 
4 -0.0476877 
4 0.218803 
4 0.0253071 
4 0.150783 
4 0.489931 
4 0.339946 
4 0.438978 
4 0.575982 
4 0.69713 
4 0.878852 
4 -0.182353 
ZONE T="boundary3"
-1.78957 -1 
2.98835 -1 
-1.13735 -1 
-0.812444 -1 
0.585099 -1 
0.692789 -1 
-1.35568 -1 
0.481981 -1 
-1.01777 -1 
-0.256217 -1 
-0.197043 -1 
3.65602 -1 
-3.0483 -1 
1.35065 -1 
1.59653 -1 
1.47359 -1 
4 -1 
2.75666 -1 
3.48402 -1 
-1.64418 -1 
-1.49879 -1 
2.45395 -1 
3.31203 -1 
-3.25952 -1 
-2.60636 -1 
-2.33891 -1 
0.334722 -1 
0.378864 -1 
0.209476 -1 
0.909552 -1 
0.801171 -1 
0.29058 -1 
1.01799 -1 
1.12643 -1 
-0.53867 -1 
-0.632686 -1 
-0.458012 -1 
0.0569365 -1 
-0.377354 -1 
-0.316785 -1 
-0.13787 -1 
-0.0144984 -1 
-0.0761841 -1 
0.128371 -1 
-0.726702 -1 
-0.898186 -1 
1.23854 -1 
-1.24651 -1 
-1.42723 -1 
1.78829 -1 
1.98006 -1 
-4 -1 
-3.47073 -1 
-3.73537 -1 
-2.07147 -1 
2.217 -1 
-1.93052 -1 
0.638944 -1 
-0.22663 -1 
1.53506 -1 
3.57002 -1 
-1.57148 -1 
-1.71687 -1 
-2.82733 -1 
-2.47264 -1 
0.356793 -1 
0.430422 -1 
0.855362 -1 
0.312651 -1 
0.250028 -1 
0.53354 -1 
1.07221 -1 
-0.585678 -1 
-0.498341 -1 
-0.286501 -1 
-0.34707 -1 
-0.167457 -1 
-0.0453412 -1 
-0.107027 -1 
0.092654 -1 
-0.769573 -1 
3.82801 -1 
-0.855315 -1 
-0.957976 -1 
1.2946 -1 
-1.07756 -1 
-1.19193 -1 
-1.39145 -1 
-1.30109 -1 
-1.46301 -1 
1.69241 -1 
1.41212 -1 
1.88418 -1 
-3.86768 -1 
-3.60305 -1 
-3.15391 -1 
-3.36513 -1 
0.74698 -1 
2.8725 -1 
2.60531 -1 
-2.20519 -1 
3.15019 -1 
3.39803 -1 
2.09853 -1 
-0.417683 -1 
0.168924 -1 
-0.679694 -1 
0.0212191 -1 
0.963771 -1 
1.18248 -1 
-2.00099 -1 
2.33548 -1 
-1.86004 -1 
ZONE T="boundary4"
-0.333441 0.435554 
-0.310801 0.447842 
-0.6367 0.000234472 
-0.625813 0.0703282 
-0.355605 0.422443 
-0.418172 0.378793 
0.631421 0.00149705 
0.634066 -0.0130584 
0.63591 -0.0277482 
0.627951 0.0160889 
-0.604713 0.134878 
0.623721 0.0304965 
-0.634502 0.0234741 
0.439352 0.332345 
-0.630869 0.0468586 
-0.619364 0.0937855 
-0.611553 0.117163 
-0.588664 0.170261 
-0.597194 0.152332 
-0.579485 0.187883 
-0.546624 0.24172 
-0.534377 0.259136 
-0.287392 0.459455 
-0.521167 0.276556 
-0.507294 0.293475 
-0.437769 0.36276 
-0.491451 0.311317 
-0.397962 0.394066 
-0.377055 0.408651 
0.517786 0.215026 
0.498899 0.244304 
-0.263572 0.47021 
-0.238978 0.480257 
-0.162382 0.505262 
-0.188349 0.497802 
-0.214041 0.489409 
-0.56919 0.206072 
-0.558291 0.223916 
-0.474897 0.328525 
-0.0248302 0.528756 
-0.0533271 0.526048 
-0.0811061 0.522328 
-0.108755 0.517566 
-0.45668 0.346009 
0.40612 0.372852 
0.381754 0.398268 
0.356238 0.421352 
0.329065 0.442432 
0.300854 0.461001 
0.535717 0.188118 
0.417452 0.359815 
0.553732 0.161495 
0.00371369 0.530329 
0.0330112 0.530728 
0.0622198 0.529854 
0.0916983 0.527618 
0.122026 0.523806 
-0.13567 0.511903 
0.242334 0.490651 
0.182507 0.511105 
0.212489 0.501948 
0.618697 0.0449083 
0.58565 0.111929 
0.570059 0.13689 
0.596565 0.0928068 
0.606573 0.0732394 
0.151924 0.518428 
0.480065 0.273727 
0.460224 0.303418 
0.271869 0.477043 
0.612943 0.0592062 
-0.322178 0.441802 
0.632842 -0.00576221 
-0.344584 0.429102 
0.625927 0.0233201 
0.63509 -0.02039 
-0.628509 0.0586287 
-0.622751 0.0821004 
-0.608219 0.126053 
-0.593012 0.161336 
-0.584152 0.179112 
-0.601035 0.14364 
-0.632858 0.0351924 
-0.540575 0.25048 
-0.514311 0.285081 
-0.527854 0.267907 
-0.428049 0.370872 
-0.499463 0.302476 
-0.387578 0.401457 
-0.366395 0.415647 
-0.29915 0.453756 
0.508295 0.229627 
-0.25132 0.475345 
-0.27553 0.464941 
-0.175398 0.501649 
-0.22655 0.484945 
-0.563813 0.215038 
-0.483259 0.320002 
-0.0390905 0.527542 
-0.0949516 0.520076 
-0.635778 0.0118702 
-0.465877 0.337359 
-0.40814 0.386526 
0.315136 0.451992 
0.369204 0.410049 
0.52671 0.201538 
0.411834 0.366377 
-0.552529 0.232864 
0.544728 0.174803 
-0.447307 0.354478 
0.0183619 0.530685 
0.047622 0.530453 
0.106888 0.525908 
-0.574416 0.197021 
0.197571 0.506763 
0.621296 0.0377334 
0.577972 0.12448 
0.601694 0.083087 
0.591205 0.102423 
0.428583 0.34623 
0.629783 0.0088166 
-0.615614 0.105525 
-0.149056 0.508704 
-0.122237 0.514857 
-0.0105647 0.529686 
0.137012 0.52132 
0.167271 0.514995 
0.561952 0.149226 
-0.201232 0.493722 
-0.067233 0.524319 
0.470252 0.288646 
0.257222 0.484114 
0.28651 0.469297 
0.227507 0.496552 
0.342852 0.432158 
0.489515 0.259034 
0.0769739 0.52891 
0.6159 0.0520928 
0.609831 0.0662542 
0.39415 0.385772 
0.449939 0.317995 
ZONE T="boundary5"
0.585493 -0.219262 
-0.6367 0.000234472 
-0.637451 -0.022816 
-0.577613 -0.211354 
-0.567333 -0.224584 
-0.625698 -0.112044 
0.63591 -0.0277482 
-0.58721 -0.197511 
0.632907 -0.100645 
0.629516 -0.116857 
-0.0821398 -0.381213 
-0.258359 -0.359936 
-0.278372 -0.357114 
-0.324564 -0.34953 
-0.136581 -0.374811 
-0.163806 -0.371612 
-0.109432 -0.378004 
0.557633 -0.258421 
0.572074 -0.239434 
-0.217967 -0.365135 
-0.238151 -0.362602 
-0.190852 -0.368413 
-0.610731 -0.154138 
-0.298369 -0.354048 
-0.529825 -0.262954 
-0.51582 -0.274256 
-0.500778 -0.284972 
-0.555612 -0.238054 
-0.543224 -0.250749 
0.618085 -0.153909 
0.625235 -0.132762 
-0.400592 -0.331286 
-0.350624 -0.34429 
-0.375863 -0.338287 
-0.483398 -0.295802 
-0.423484 -0.323581 
-0.444746 -0.315146 
-0.59571 -0.183706 
0.636926 -0.0424277 
-0.465412 -0.305529 
0.450389 -0.344956 
-0.630879 -0.090294 
-0.618987 -0.133351 
-0.634555 -0.0681299 
0.138267 -0.401213 
0.110267 -0.399945 
0.054794 -0.395921 
0.0824912 -0.398151 
-0.000191427 -0.390526 
0.0272794 -0.393354 
-0.0275487 -0.387519 
0.166348 -0.401844 
0.280587 -0.39567 
0.19473 -0.401729 
0.251886 -0.398769 
0.223157 -0.40075 
-0.0548964 -0.384393 
0.367095 -0.37804 
0.338264 -0.385475 
0.30933 -0.391306 
-0.603487 -0.169407 
0.395431 -0.368921 
0.423359 -0.357896 
0.476535 -0.329881 
0.500111 -0.313634 
0.522441 -0.295317 
0.636508 -0.0716729 
0.635101 -0.0861657 
0.608667 -0.17639 
0.597865 -0.197973 
-0.63674 -0.0456226 
0.637123 -0.0570546 
0.540645 -0.277683 
0.549328 -0.268218 
-0.637256 -0.0112855 
-0.572563 -0.218038 
0.631329 -0.108775 
-0.268368 -0.358552 
-0.150192 -0.373212 
-0.0957844 -0.37961 
0.56501 -0.249047 
-0.228059 -0.363881 
-0.204408 -0.366787 
-0.177328 -0.370018 
-0.522907 -0.268709 
-0.54951 -0.24449 
-0.561569 -0.231402 
0.621847 -0.143397 
-0.363273 -0.34141 
-0.434174 -0.319509 
-0.591553 -0.190665 
-0.388269 -0.334929 
-0.492175 -0.290524 
0.63652 -0.0350803 
-0.622535 -0.122758 
-0.311479 -0.351868 
-0.632907 -0.0792437 
0.124262 -0.400652 
0.0686372 -0.397085 
0.0410322 -0.394675 
-0.0138723 -0.389041 
0.180537 -0.401887 
0.208946 -0.401354 
0.26625 -0.397367 
-0.0412236 -0.385967 
-0.288375 -0.355616 
0.352731 -0.381961 
0.323832 -0.388575 
0.409487 -0.363645 
0.463612 -0.337679 
0.511474 -0.304716 
-0.607216 -0.161823 
-0.62848 -0.101215 
0.635903 -0.0789283 
0.603439 -0.187268 
-0.582507 -0.204498 
0.6341 -0.0934196 
-0.635835 -0.056895 
-0.248256 -0.361288 
0.591842 -0.208712 
-0.599695 -0.176609 
-0.61505 -0.14382 
-0.536617 -0.256951 
0.613575 -0.165232 
0.636916 -0.0643674 
0.637126 -0.0497392 
0.627486 -0.124838 
-0.412088 -0.327579 
-0.068518 -0.382808 
0.152304 -0.401614 
0.294982 -0.393652 
0.436992 -0.351674 
-0.337614 -0.347013 
0.488488 -0.321996 
0.0135403 -0.391968 
0.237529 -0.399892 
0.381332 -0.373699 
-0.123005 -0.376407 
0.0963733 -0.399109 
-0.50838 -0.279726 
-0.474479 -0.300798 
0.578936 -0.22945 
0.545035 -0.272993 
0.553527 -0.26336 
0.531716 -0.286677 
-0.455154 -0.310494 
-0.63728 -0.0342259 
