ZONE T="boundary0"
-4 -0.619829 
-4 -0.714871 
-4 -0.541114 
-4 -0.0696137 
-4 0.24673 
-4 0.403721 
-4 0.353019 
-4 0.55879 
-4 0.302316 
-4 0.191143 
-4 -0.140143 
-4 0.779395 
-4 0.13365 
-4 0.0761578 
-4 -0.175407 
-4 -0.210671 
-4 -0.402311 
-4 -0.276447 
-4 -0.4624 
-4 -0.809914 
-4 -1 
-4 1 
-4 -0.309334 
-4 -0.342222 
-4 -0.243559 
-4 -0.66735 
-4 0.37837 
-4 -0.104878 
-4 0.481255 
-4 0.218936 
-4 0.104904 
-4 0.274523 
-4 0.00327208 
-4 -0.193039 
-4 -0.501757 
-4 -0.580471 
-4 0.669092 
-4 -0.762393 
-4 -0.904957 
-4 0.889697 
-4 0.162396 
-4 0.327668 
-4 -0.372266 
-4 -0.227115 
-4 -0.432356 
-4 -0.325778 
-4 -0.29289 
-4 -0.157775 
-4 -0.260003 
ZONE T="boundary1"
-3.11818 1 
1.33144 1 
0.974747 1 
1.09436 1 
-0.678344 1 
0.138017 1 
0.07834 1 
0.197694 1 
0.273866 1 
-0.0545949 1 
-0.893517 1 
-1.00299 1 
0.45596 1 
0.350038 1 
-1.11246 1 
-1.2218 1 
3.7554 1 
3.5108 1 
3.19016 1 
3.35048 1 
-1.33115 1 
-3.31988 1 
-3.52158 1 
-1.45081 1 
-1.88306 1 
-2.10792 1 
-2.60544 1 
-2.46911 1 
1.66598 1 
1.55744 1 
-2.86181 1 
3.02984 1 
2.48851 1 
1.88306 1 
-0.333748 1 
-0.785931 1 
-0.184629 1 
-0.119612 1 
0.561882 1 
0.0118725 1 
-0.259189 1 
-0.511908 1 
-0.422828 1 
0.859272 1 
0.65284 1 
4 1 
-1.57048 1 
-1.72677 1 
-3.75 1 
0.743798 1 
1.21398 1 
2.86953 1 
2.61551 1 
1.4489 1 
-2.33277 1 
2.3615 1 
2.12228 1 
-4 1 
-0.839724 1 
1.03455 1 
0.108179 1 
0.23578 1 
-0.948252 1 
0.402999 1 
0.311952 1 
-1.16713 1 
3.6331 1 
3.27032 1 
-3.42073 1 
-1.99549 1 
-2.53727 1 
1.61171 1 
3.43064 1 
1.77452 1 
-0.15212 1 
0.167856 1 
0.0451062 1 
-0.0213612 1 
-0.296468 1 
-0.378288 1 
-0.595126 1 
0.91701 1 
0.508921 1 
-1.05772 1 
-1.39098 1 
3.8777 1 
-1.27648 1 
-1.51064 1 
-1.64862 1 
-1.80492 1 
2.94968 1 
2.74252 1 
3.11 1 
1.39017 1 
2.24189 1 
-3.63579 1 
-3.21903 1 
-2.98999 1 
2.00267 1 
-3.875 1 
-2.73362 1 
-2.40094 1 
-0.467368 1 
-0.221909 1 
-0.0871034 1 
0.698319 1 
0.801535 1 
-0.86662 1 
-0.812827 1 
-0.732138 1 
-2.22035 1 
0.607361 1 
1.27271 1 
1.15417 1 
2.425 1 
2.55201 1 
1.50317 1 
ZONE T="boundary2"
4 -0.300318 
4 -0.215075 
4 0.0115435 
4 -0.257697 
4 0.310419 
4 -0.400978 
4 0.344017 
4 -0.83493 
4 -0.669861 
4 -0.350648 
4 -0.15316 
4 -0.091244 
4 -0.535419 
4 0.179848 
4 0.245133 
4 0.540214 
4 0.635615 
4 0.492514 
4 0.817807 
4 0.726711 
4 -1 
4 0.0956956 
4 1 
4 -0.184117 
4 0.277776 
4 0.377616 
4 0.444813 
4 -0.236386 
4 -0.752395 
4 -0.375813 
4 -0.279007 
4 -0.325483 
4 -0.0398503 
4 -0.60264 
4 0.212491 
4 0.587914 
4 0.516364 
4 0.772259 
4 -0.917465 
4 0.0536196 
4 -0.468199 
4 0.681163 
4 0.908904 
4 -0.168638 
4 -0.122202 
4 -0.199596 
4 0.327218 
4 0.360817 
4 0.411215 
4 0.468663 
4 0.137772 
4 0.294097 
4 0.261455 
ZONE T="boundary3"
-1.7044 -1 
-1.13133 -1 
-1.02362 -1 
3.1719 -1 
3.37893 -1 
-0.818835 -1 
-0.386511 -1 
0.519223 -1 
-0.586986 -1 
-0.017733 -1 
-0.0582389 -1 
-0.145286 -1 
-0.289169 -1 
-0.240497 -1 
0.719281 -1 
1.03939 -1 
-3.75092 -1 
-2.66805 -1 
3.79298 -1 
-0.70291 -1 
-1.37149 -1 
2.05624 -1 
1.89005 -1 
2.23275 -1 
3.58595 -1 
-1.90486 -1 
-2.10175 -1 
-2.29864 -1 
-3.50183 -1 
-3.23494 -1 
2.82228 -1 
2.61577 -1 
0.622986 -1 
0.131094 -1 
-0.0987449 -1 
-0.191826 -1 
0.274329 -1 
0.202712 -1 
0.344895 -1 
-0.486748 -1 
0.815575 -1 
0.927483 -1 
0.415461 -1 
4 -1 
1.24217 -1 
1.34817 -1 
1.45417 -1 
1.58902 -1 
1.72387 -1 
-4 -1 
-0.921229 -1 
-1.23903 -1 
-1.50394 -1 
-2.96804 -1 
2.40926 -1 
-2.48334 -1 
0.0566806 -1 
-1.07748 -1 
3.27542 -1 
-0.037986 -1 
-0.33784 -1 
-0.644948 -1 
1.97315 -1 
3.48244 -1 
-2.0033 -1 
-3.36838 -1 
-2.20019 -1 
2.99709 -1 
2.71903 -1 
0.571105 -1 
-0.0784919 -1 
-0.168556 -1 
0.309612 -1 
-0.216162 -1 
-0.536867 -1 
-0.43663 -1 
0.767428 -1 
0.671133 -1 
0.467342 -1 
1.14078 -1 
1.40117 -1 
1.29517 -1 
1.52159 -1 
-3.62637 -1 
-3.87546 -1 
-0.870032 -1 
-0.972425 -1 
-1.18518 -1 
-1.43772 -1 
-1.80463 -1 
-1.60417 -1 
3.68946 -1 
3.89649 -1 
1.80696 -1 
-2.81805 -1 
-3.10149 -1 
2.32101 -1 
2.14449 -1 
-1.30526 -1 
-2.5757 -1 
-0.122015 -1 
-0.264833 -1 
0.871529 -1 
0.983437 -1 
0.0194738 -1 
0.0938874 -1 
0.23852 -1 
0.166903 -1 
0.380178 -1 
2.51252 -1 
-0.760873 -1 
1.65644 -1 
-2.39099 -1 
ZONE T="boundary4"
-0.422802 0.430441 
-0.380463 0.449634 
-0.358293 0.456958 
0.490036 0.24658 
-0.625095 0.072072 
0.50926 0.234436 
-0.624533 0.0956983 
0.428208 0.277153 
0.449634 0.267843 
-0.312707 0.466766 
-0.289488 0.469251 
-0.592844 0.234788 
-0.218188 0.467383 
-0.194311 0.463858 
-0.606069 0.197838 
-0.542894 0.324585 
-0.529618 0.341616 
-0.599838 0.216485 
-0.622572 0.119477 
-0.619194 0.143303 
-0.615667 0.161443 
-0.611254 0.179777 
-0.58482 0.253337 
-0.575982 0.271414 
-0.566055 0.289401 
-0.555261 0.306805 
-0.462227 0.405494 
-0.442873 0.418678 
0.28512 0.319045 
0.309412 0.313387 
0.64753 0.0104653 
-0.498245 0.375349 
-0.514843 0.35852 
0.640657 0.0570197 
0.643854 0.041606 
-0.335794 0.462647 
-0.401903 0.440814 
0.636547 0.0722194 
-0.242179 0.469524 
0.588717 0.162557 
0.579252 0.173866 
-0.265819 0.470162 
-0.170091 0.458971 
0.647754 -0.0209757 
-0.121378 0.445707 
-0.0965804 0.437541 
0.597669 0.150705 
-0.145945 0.452917 
-0.0457159 0.418918 
-0.0195523 0.408867 
-0.480678 0.391043 
-0.624289 0.0486744 
-0.622158 0.0255728 
0.613119 0.126607 
0.333558 0.307425 
0.648059 -0.00518518 
-0.0717987 0.428703 
0.534777 0.215847 
0.646129 0.0261469 
0.47005 0.257763 
0.405454 0.285833 
0.382426 0.293574 
0.358081 0.300839 
0.55895 0.19492 
0.54708 0.205667 
0.0951986 0.367463 
0.0653546 0.377392 
0.0355791 0.387996 
0.00795016 0.398322 
0.256054 0.3256 
0.2268 0.33221 
0.193049 0.340158 
0.159106 0.348785 
0.569314 0.18465 
0.631585 0.0870063 
0.605678 0.138896 
0.623118 0.107295 
0.127174 0.357682 
-0.369444 0.453495 
-0.624987 0.0838915 
0.438972 0.272626 
-0.301123 0.468208 
-0.206235 0.465786 
-0.53637 0.333194 
-0.603054 0.207197 
-0.61753 0.152394 
-0.621057 0.131417 
-0.613561 0.170636 
-0.608758 0.188837 
-0.580508 0.262431 
-0.571131 0.280473 
-0.560767 0.298175 
-0.623727 0.107605 
-0.452659 0.41225 
0.297275 0.316246 
-0.549196 0.315782 
-0.506672 0.367067 
-0.432936 0.424733 
0.642369 0.0493366 
-0.347096 0.460002 
-0.412441 0.435812 
0.638716 0.0646504 
-0.32429 0.464911 
-0.230177 0.468635 
0.584053 0.16827 
-0.277668 0.469905 
-0.108961 0.441717 
-0.133639 0.449427 
-0.0326319 0.413905 
-0.182182 0.461568 
-0.471568 0.398422 
-0.623389 0.0371101 
-0.52235 0.350178 
-0.596436 0.225675 
0.321498 0.310456 
-0.058747 0.423852 
-0.0841748 0.433188 
-0.489584 0.383339 
0.416875 0.281618 
0.393973 0.289811 
0.345839 0.304206 
0.522194 0.2254 
0.499725 0.240641 
0.540981 0.210825 
0.480113 0.252306 
-0.624862 0.0603693 
0.0802573 0.372339 
0.0504498 0.382621 
0.021752 0.393116 
0.24143 0.328887 
-0.588935 0.24411 
0.270596 0.322334 
0.209924 0.336122 
0.564188 0.189843 
0.634176 0.07965 
0.618314 0.117053 
0.609479 0.1328 
0.627563 0.0972397 
0.593268 0.156689 
0.553075 0.200363 
0.648009 -0.0130822 
0.645103 0.033893 
0.601748 0.144851 
0.64694 0.0183162 
0.6479 0.00264373 
0.574345 0.179317 
-0.254001 0.470031 
-0.157998 0.456077 
0.37028 0.297302 
0.459901 0.262933 
-0.391259 0.445414 
0.111171 0.362465 
-0.00580759 0.403578 
0.143124 0.353134 
0.176069 0.344378 
ZONE T="boundary5"
-0.311716 -0.382912 
-0.290366 -0.394503 
-0.5931 -0.0845873 
-0.431015 -0.300429 
-0.41365 -0.314744 
-0.503284 -0.227827 
-0.515157 -0.21349 
-0.614092 -0.0196163 
-0.618744 0.00279805 
-0.565084 -0.141279 
-0.573548 -0.12604 
0.639029 -0.0838362 
-0.608241 -0.0416607 
-0.526633 -0.19882 
-0.601233 -0.0633173 
-0.447877 -0.285516 
-0.248802 -0.414921 
-0.205991 -0.433258 
-0.227517 -0.424362 
-0.332723 -0.370705 
0.623752 -0.137772 
-0.0554243 -0.478999 
-0.1341 -0.458539 
-0.182775 -0.442148 
-0.15932 -0.450417 
-0.583863 -0.105494 
-0.477415 -0.256555 
-0.462888 -0.271285 
-0.490549 -0.242379 
-0.353935 -0.357502 
-0.374721 -0.343625 
-0.394426 -0.329516 
0.548071 -0.306296 
0.586068 -0.234018 
0.574777 -0.258467 
-0.269719 -0.404986 
0.64223 -0.0682064 
0.644794 -0.0524763 
0.647754 -0.0209757 
0.646649 -0.036753 
0.630273 -0.117175 
-0.622158 0.0255728 
0.113557 -0.49902 
0.084634 -0.497934 
0.0557597 -0.495861 
0.0275405 -0.492906 
-0.0280767 -0.484442 
-0.000568515 -0.489064 
0.143108 -0.499071 
0.292705 -0.480355 
0.262416 -0.487051 
0.172626 -0.498 
0.232227 -0.492126 
0.202361 -0.495719 
0.322869 -0.471902 
0.465484 -0.397927 
0.352982 -0.461449 
0.439168 -0.41717 
0.490302 -0.376302 
0.501415 -0.365279 
0.512075 -0.353783 
0.522349 -0.341726 
0.411371 -0.4342 
0.532133 -0.329222 
0.562622 -0.281933 
0.596805 -0.208901 
-0.547291 -0.169851 
0.615679 -0.160769 
0.607024 -0.183569 
-0.082138 -0.47286 
-0.10865 -0.465952 
0.382647 -0.448883 
-0.301082 -0.388784 
-0.422393 -0.30766 
-0.509269 -0.220699 
-0.616573 -0.00844006 
-0.569383 -0.133697 
-0.611316 -0.0306771 
-0.604881 -0.0525346 
-0.216783 -0.428878 
-0.238191 -0.41971 
-0.322264 -0.376886 
-0.171076 -0.44636 
-0.470213 -0.26398 
-0.484034 -0.249515 
-0.520947 -0.206197 
-0.496966 -0.235148 
-0.364385 -0.350648 
-0.439512 -0.293047 
-0.384632 -0.336652 
-0.455443 -0.278464 
0.580533 -0.246296 
-0.280077 -0.399813 
-0.34338 -0.364186 
0.643596 -0.0603545 
-0.57883 -0.115829 
0.647299 -0.0288708 
0.645812 -0.0446249 
0.0990914 -0.498603 
0.0416386 -0.494496 
0.0134712 -0.491095 
-0.0417711 -0.481822 
0.277607 -0.483904 
0.157873 -0.498679 
0.187507 -0.497014 
0.30785 -0.476347 
0.452525 -0.407825 
0.478126 -0.387387 
0.506804 -0.359588 
0.495915 -0.370849 
0.425439 -0.425963 
0.634938 -0.100578 
-0.620612 0.014163 
0.527305 -0.335526 
0.568854 -0.270283 
0.540303 -0.317903 
0.555549 -0.29424 
0.640705 -0.0760363 
0.591507 -0.22149 
0.627098 -0.127499 
0.619799 -0.149298 
-0.537181 -0.184493 
0.611414 -0.172192 
0.601978 -0.19626 
-0.194413 -0.43778 
0.517275 -0.347809 
-0.588613 -0.0950979 
-0.14674 -0.454566 
-0.556416 -0.155707 
-0.597304 -0.0740042 
-0.259293 -0.410022 
-0.404102 -0.322214 
-0.0688039 -0.476027 
-0.0954194 -0.469502 
0.128333 -0.499182 
0.247355 -0.489772 
-0.0143402 -0.486856 
-0.121402 -0.462334 
0.217316 -0.494089 
0.33801 -0.466915 
0.0701887 -0.497018 
0.367925 -0.455423 
0.397146 -0.441808 
