ZONE T="boundary0"
-4 -0.482177 
-4 -0.218265 
-4 -0.159842 
-4 -0.273794 
-4 0.601889 
-4 0.496844 
-4 1 
-4 0.800944 
-4 0.391799 
-4 0.353101 
-4 -0.842521 
-4 -0.320666 
-4 -0.367537 
-4 -0.424857 
-4 -0.58361 
-4 -0.101419 
-4 -0.00196529 
-4 -0.685042 
-4 0.167246 
-4 0.097488 
-4 0.0477613 
-4 0.202126 
-4 0.237005 
-4 0.314402 
-4 0.444322 
-4 -1 
-4 0.275703 
-4 -0.189053 
-4 -0.24603 
-4 0.900472 
-4 0.37245 
-4 -0.344102 
-4 -0.13063 
-4 0.132367 
-4 -0.634326 
-4 -0.532894 
-4 0.184686 
-4 0.41806 
-4 0.549367 
-4 0.701417 
-4 -0.763782 
-4 -0.921261 
-4 0.022898 
-4 0.0726247 
-4 -0.0516919 
-4 0.333751 
-4 0.295053 
-4 0.256354 
-4 -0.453517 
-4 -0.396197 
-4 -0.29723 
-4 0.470583 
-4 0.219565 
ZONE T="boundary1"
-2.75511 1 
-2.92719 1 
4 1 
3.67505 1 
0.0933976 1 
0.0278723 1 
1.13937 1 
0.292939 1 
0.364376 1 
-3.77482 1 
-3.54964 1 
1.01936 1 
0.544893 1 
0.653973 1 
3.51258 1 
3.13347 1 
-0.166479 1 
-1.27514 1 
-4 1 
2.38793 1 
1.35265 1 
1.24601 1 
-1.65543 1 
1.75937 1 
1.93123 1 
2.63661 1 
-1.99441 1 
0.158923 1 
-0.0416622 1 
-0.111197 1 
-0.650833 1 
-0.755433 1 
0.776659 1 
-0.439279 1 
-0.277044 1 
-0.221761 1 
-0.332326 1 
-0.546232 1 
0.490353 1 
0.899344 1 
0.225931 1 
0.435812 1 
3.3501 1 
1.47008 1 
1.58751 1 
-0.967058 1 
-1.06762 1 
-0.861246 1 
2.88528 1 
3.00938 1 
2.15958 1 
-3.09927 1 
-3.32446 1 
-1.16818 1 
-1.3821 1 
-1.51876 1 
-1.5871 1 
-1.82492 1 
-2.23118 1 
-2.34956 1 
-2.46794 1 
-2.61152 1 
-2.84115 1 
3.83753 1 
0.0606349 1 
0.328657 1 
-3.66223 1 
0.599433 1 
3.59381 1 
1.29933 1 
2.51227 1 
0.12616 1 
-0.0764294 1 
-0.703133 1 
-0.249403 1 
-0.385803 1 
-0.492756 1 
0.517623 1 
0.959351 1 
0.715316 1 
0.838001 1 
0.259435 1 
0.400094 1 
1.07937 1 
1.19269 1 
3.24178 1 
1.52879 1 
-1.01734 1 
-0.598532 1 
-0.914152 1 
2.94733 1 
-3.88741 1 
1.67344 1 
-3.21186 1 
-1.1179 1 
-1.32862 1 
-1.22166 1 
-1.45043 1 
-1.62127 1 
-1.90967 1 
-1.74018 1 
-3.43705 1 
-2.1128 1 
-2.40875 1 
-2.68332 1 
-3.01323 1 
3.43134 1 
3.07142 1 
2.27376 1 
-2.29037 1 
-2.53973 1 
2.76095 1 
-0.19412 1 
-0.138838 1 
-0.00689495 1 
0.192427 1 
-0.304685 1 
0.463083 1 
1.41136 1 
-0.808339 1 
-1.55293 1 
1.8453 1 
2.04541 1 
ZONE T="boundary2"
4 -0.268108 
4 -0.32898 
4 -0.389851 
4 -0.480215 
4 -0.205351 
4 -0.128793 
4 0.181055 
4 0.214791 
4 1 
4 0.150832 
4 0.00674358 
4 0.455776 
4 0.813275 
4 0.62655 
4 -0.837121 
4 -0.674243 
4 -0.577229 
4 -1 
4 0.248527 
4 0.272646 
4 0.296764 
4 0.345002 
4 0.320883 
4 0.400389 
4 0.0636765 
4 0.120609 
4 0.541163 
4 -0.0610247 
4 -0.298544 
4 -0.435033 
4 -0.167072 
4 0.906637 
4 -0.755682 
4 -0.528722 
4 0.231659 
4 0.197923 
4 0.284705 
4 0.332943 
4 0.372695 
4 0.428083 
4 0.03521 
4 0.0921429 
4 0.49847 
4 0.583856 
4 -0.23673 
4 -0.0949089 
4 0.719912 
4 -0.625736 
4 -0.918561 
4 0.165944 
4 0.135721 
4 0.260586 
4 0.308824 
4 -0.359416 
4 -0.0271406 
ZONE T="boundary3"
0.18584 -1 
0.259432 -1 
-0.51253 -1 
-0.625122 -1 
-0.953227 -1 
0.57838 -1 
-1.39248 -1 
1.30843 -1 
-0.416347 -1 
-0.320165 -1 
-1.05871 -1 
1.76656 -1 
1.94389 -1 
-2.06293 -1 
-2.43226 -1 
3.55599 -1 
4 -1 
2.90587 -1 
3.11199 -1 
-2.73426 -1 
-3.63898 -1 
-3.33761 -1 
2.12122 -1 
2.41048 -1 
-0.737715 -1 
0.418906 -1 
-0.0244972 -1 
0.339169 -1 
0.112247 -1 
0.043875 -1 
0.817577 -1 
-0.164622 -1 
-0.845471 -1 
-1.1642 -1 
0.697979 -1 
1.01792 -1 
1.20801 -1 
1.40885 -1 
1.5877 -1 
-1.27834 -1 
-3.81949 -1 
-4 -1 
-3.03625 -1 
-2.88525 -1 
-1.65018 -1 
-1.52133 -1 
-1.85656 -1 
2.69975 -1 
-0.0945594 -1 
0.222636 -1 
-0.568826 -1 
-0.368256 -1 
-1.00597 -1 
1.85523 -1 
-2.2476 -1 
3.778 -1 
3.33399 -1 
3.00893 -1 
-3.48829 -1 
2.26585 -1 
0.379038 -1 
0.498643 -1 
0.0780611 -1 
-0.464439 -1 
-0.242393 -1 
-0.681419 -1 
-0.899349 -1 
-1.11145 -1 
0.91775 -1 
0.757778 -1 
1.11297 -1 
1.35864 -1 
1.49828 -1 
1.25822 -1 
1.67713 -1 
0.638179 -1 
-1.33541 -1 
-3.90974 -1 
-2.80976 -1 
-2.58326 -1 
-1.22127 -1 
-1.58576 -1 
-1.95974 -1 
-3.72923 -1 
-2.96075 -1 
2.55511 -1 
-1.75337 -1 
-0.0595283 -1 
-0.129591 -1 
0.149043 -1 
-0.791593 -1 
0.00968892 -1 
-1.4569 -1 
0.299301 -1 
2.03256 -1 
2.80281 -1 
-3.18693 -1 
ZONE T="boundary4"
0.623509 0.0460095 
-0.595543 0.0289612 
-0.605988 -0.0299307 
-0.299468 0.334193 
-0.380762 0.288277 
-0.395971 0.278308 
-0.410883 0.267977 
-0.226865 0.367968 
-0.207184 0.376233 
-0.264129 0.351318 
-0.281865 0.342898 
-0.166446 0.392241 
-0.145374 0.399948 
-0.603679 -0.0101626 
-0.600198 0.00949945 
-0.582763 0.0669809 
-0.589721 0.0481534 
-0.576716 0.0810556 
-0.365331 0.297869 
-0.349393 0.30729 
0.564767 0.309951 
0.574331 0.295367 
0.531952 0.349162 
0.54327 0.33713 
-0.562674 0.108576 
-0.570007 0.0949449 
-0.536032 0.14928 
-0.526059 0.162103 
-0.554371 0.122521 
0.619069 0.0266763 
-0.45377 0.234723 
-0.439792 0.246175 
-0.467181 0.223123 
-0.425526 0.257241 
-0.504474 0.186884 
-0.333276 0.316374 
-0.245559 0.359784 
-0.316446 0.325438 
-0.187377 0.384199 
-0.0519879 0.429345 
-0.0255827 0.436196 
-0.100358 0.415102 
0.00102481 0.442418 
-0.0762611 0.422467 
-0.480272 0.211147 
0.554402 0.323876 
0.519993 0.36058 
0.628083 0.0855695 
0.626489 0.0655742 
-0.545463 0.136114 
0.507649 0.3712 
0.494795 0.381187 
0.615319 0.194801 
0.607437 0.221808 
0.429483 0.419486 
0.402033 0.430949 
0.482262 0.390017 
0.469452 0.39823 
0.443025 0.41295 
0.456307 0.405899 
0.58305 0.280162 
0.388129 0.435939 
0.359849 0.444602 
0.0593729 0.453568 
0.184355 0.464896 
0.214395 0.46478 
0.624698 0.148637 
0.331509 0.451495 
0.302712 0.45688 
0.152936 0.463777 
0.244572 0.463415 
0.602951 0.234909 
0.59096 0.264273 
0.598033 0.247849 
0.627263 0.126096 
0.62832 0.105619 
-0.122944 0.407724 
0.620628 0.171917 
0.274051 0.460782 
0.030091 0.448409 
0.0904067 0.458041 
0.121631 0.461469 
-0.388398 0.28334 
-0.21704 0.372138 
-0.273013 0.347142 
-0.155926 0.396137 
-0.602085 -0.000306076 
-0.579818 0.0740517 
-0.357387 0.302622 
0.569658 0.30273 
0.537693 0.343223 
-0.566414 0.1018 
-0.573438 0.088037 
-0.531107 0.15574 
-0.558599 0.115594 
0.621473 0.0363001 
-0.446819 0.240496 
-0.460514 0.228968 
-0.373074 0.293117 
-0.432696 0.251756 
-0.341357 0.311872 
-0.324882 0.320945 
-0.598016 0.0192647 
-0.236227 0.363911 
-0.197296 0.380254 
-0.176928 0.388262 
-0.254861 0.355587 
-0.0388063 0.432848 
-0.012299 0.439389 
-0.0883284 0.418845 
-0.47377 0.217182 
-0.290684 0.338582 
0.526048 0.354951 
-0.41824 0.262659 
0.627461 0.0755574 
-0.549989 0.129365 
0.501283 0.376272 
0.611581 0.208364 
0.625177 0.0557641 
0.415858 0.425458 
-0.307976 0.329852 
0.475901 0.394192 
0.4497 0.40949 
0.578803 0.287829 
0.395101 0.433501 
0.374055 0.440488 
0.548932 0.330584 
0.488578 0.385672 
-0.492566 0.199209 
0.199375 0.464988 
-0.515487 0.174686 
0.345727 0.448247 
0.168639 0.46449 
0.22949 0.464259 
0.605245 0.228376 
0.58712 0.272274 
0.513889 0.365968 
0.600549 0.2414 
-0.540814 0.142745 
0.627949 0.115866 
0.628365 0.0955923 
0.626154 0.137386 
-0.403461 0.273192 
0.559688 0.316991 
-0.111668 0.411464 
-0.0641431 0.425969 
0.622831 0.160306 
-0.134176 0.403885 
0.259325 0.462265 
0.288404 0.459001 
0.0155358 0.445515 
0.0447119 0.451097 
0.317145 0.454374 
0.0748703 0.455932 
0.106003 0.459891 
0.137272 0.462767 
0.436286 0.416281 
0.594604 0.256107 
-0.592775 0.0386004 
-0.604979 -0.0200301 
-0.586381 0.0576184 
0.462919 0.402132 
0.618124 0.183394 
ZONE T="boundary5"
-0.536013 -0.292403 
-0.498535 -0.34587 
-0.607145 -0.0497611 
-0.605988 -0.0299307 
-0.586889 -0.182725 
-0.592246 -0.16515 
-0.576601 -0.211123 
-0.596859 -0.147367 
-0.564126 -0.240045 
-0.211963 -0.545306 
-0.0550754 -0.573603 
-0.235967 -0.536779 
-0.280762 -0.517738 
-0.301556 -0.507435 
0.519116 -0.119925 
-0.258542 -0.527706 
-0.607172 -0.0696117 
-0.321961 -0.496357 
-0.0827325 -0.57213 
-0.162103 -0.559449 
-0.187671 -0.552791 
-0.109554 -0.569216 
-0.136362 -0.564895 
-0.458507 -0.391309 
-0.472567 -0.376405 
-0.486099 -0.361025 
-0.523644 -0.3116 
-0.603957 -0.109203 
-0.359892 -0.473007 
-0.341133 -0.485023 
-0.443519 -0.406129 
-0.395117 -0.447719 
-0.428021 -0.42042 
-0.411807 -0.434356 
-0.377725 -0.460672 
0.420359 -0.196329 
0.405918 -0.208817 
0.464258 -0.162273 
0.619069 0.0266763 
-0.510442 -0.3303 
0.379946 -0.234216 
-0.600777 -0.128895 
0.000433487 -0.571501 
-0.0276332 -0.573446 
0.0827009 -0.553659 
0.0279559 -0.567688 
0.0552492 -0.561849 
0.108985 -0.543332 
0.134423 -0.530654 
0.15942 -0.515172 
0.183506 -0.496871 
0.206509 -0.47567 
0.587008 -0.0452446 
0.284062 -0.370938 
0.340501 -0.282654 
0.325949 -0.303726 
0.355855 -0.262271 
0.435096 -0.184416 
0.449638 -0.173219 
0.492016 -0.141508 
-0.6061 -0.0894295 
0.574658 -0.0628423 
0.561053 -0.0794366 
0.597084 -0.0282517 
0.551159 -0.0901773 
0.605867 -0.010459 
0.613182 0.00782579 
-0.549288 -0.269474 
0.300702 -0.343617 
0.26722 -0.397834 
0.248119 -0.425946 
0.313126 -0.323562 
0.228334 -0.451568 
0.540824 -0.100488 
-0.606709 -0.0398379 
-0.589657 -0.173965 
-0.581964 -0.197004 
-0.224009 -0.541169 
-0.291207 -0.512683 
-0.269701 -0.522831 
-0.607298 -0.0596865 
-0.0689125 -0.573065 
-0.174924 -0.556266 
-0.122984 -0.567225 
-0.465601 -0.383917 
-0.529932 -0.302068 
-0.492382 -0.353501 
-0.331597 -0.490776 
-0.350566 -0.479099 
-0.419975 -0.427459 
-0.368863 -0.466917 
-0.451078 -0.398785 
0.413082 -0.202504 
-0.517141 -0.321019 
0.392665 -0.221231 
-0.40352 -0.44111 
-0.386478 -0.454272 
-0.013582 -0.572706 
0.0142293 -0.569836 
0.06906 -0.558038 
0.0959527 -0.548778 
0.121844 -0.53728 
0.171677 -0.506313 
-0.4794 -0.368774 
0.19525 -0.486544 
0.333129 -0.293122 
0.348063 -0.272372 
0.427686 -0.190318 
0.456937 -0.16773 
0.478169 -0.151932 
0.505694 -0.13088 
0.568003 -0.0712627 
0.592206 -0.0368439 
-0.60516 -0.0993309 
0.616308 0.0171932 
-0.598925 -0.138154 
0.442342 -0.178783 
0.601648 -0.0194418 
-0.435832 -0.413342 
-0.602493 -0.11907 
-0.504556 -0.338137 
-0.542799 -0.281025 
-0.556938 -0.254876 
-0.199856 -0.549179 
-0.31181 -0.501991 
0.292382 -0.357283 
0.257845 -0.412017 
-0.570573 -0.225675 
-0.247299 -0.532355 
0.319477 -0.313605 
0.30688 -0.333567 
0.275721 -0.384439 
0.217676 -0.463861 
-0.0413515 -0.573732 
0.530127 -0.110385 
-0.149263 -0.562323 
-0.0961605 -0.57085 
0.0416583 -0.565027 
0.1471 -0.52321 
0.367614 -0.247983 
0.238446 -0.438935 
-0.606772 -0.0795282 
0.609702 -0.00138883 
0.546044 -0.0953833 
0.581004 -0.0541648 
0.556164 -0.0848629 
-0.594648 -0.156284 
