ZONE T="boundary0"
-4 -1 
-4 -0.272208 
-4 -0.33026 
-4 -0.214155 
-4 0.516828 
-4 0.637621 
-4 -0.055796 
-4 -0.134976 
-4 0.243833 
-4 0.306366 
-4 0.368899 
-4 -0.409282 
-4 -0.512755 
-4 0.0167919 
-4 0.13443 
-4 0.0893798 
-4 0.211657 
-4 -0.616228 
-4 0.17948 
-4 -0.712171 
-4 -0.808114 
-4 0.442864 
-4 0.758414 
-4 1 
-4 0.2751 
-4 -0.301234 
-4 -0.243181 
-4 0.577225 
-4 -0.0953858 
-4 0.337633 
-4 -0.369771 
-4 -0.019502 
-4 0.111905 
-4 0.227745 
-4 -0.564491 
-4 -0.461018 
-4 -0.174565 
-4 -0.664199 
-4 -0.904057 
-4 -0.760142 
-4 0.698018 
-4 0.879207 
-4 0.156955 
-4 0.195568 
-4 0.259466 
-4 0.290733 
-4 0.405881 
-4 0.479846 
-4 0.0530859 
ZONE T="boundary1"
1.54959 1 
-0.237798 1 
-0.176714 1 
0.115647 1 
0.316565 1 
0.0386668 1 
1.21809 1 
4 1 
-1.75872 1 
-1.9363 1 
2.0705 1 
1.82549 1 
-3.88583 1 
-1.58115 1 
-2.31615 1 
-2.12623 1 
2.91182 1 
2.69059 1 
-3.093 1 
-3.31816 1 
3.77153 1 
3.54306 1 
-0.541236 1 
-0.617743 1 
-0.474762 1 
-0.69425 1 
-0.107514 1 
-0.298883 1 
-0.353585 1 
-0.408288 1 
-0.760315 1 
-0.82638 1 
-0.882561 1 
-0.938742 1 
-0.0383134 1 
0.216106 1 
0.444421 1 
-1.01951 1 
-1.10027 1 
-1.30448 1 
-1.20238 1 
-1.51198 1 
3.33806 1 
-1.44281 1 
3.13306 1 
0.572278 1 
0.970911 1 
1.09785 1 
1.33833 1 
0.843973 1 
1.44396 1 
0.708126 1 
2.193 1 
2.50305 1 
2.31551 1 
-2.48919 1 
-2.66223 1 
-2.87761 1 
-3.77167 1 
-4 1 
-3.54333 1 
-0.207256 1 
-1.84751 1 
1.94799 1 
-1.66994 1 
-2.22119 1 
2.8012 1 
3.6573 1 
-0.579489 1 
-0.142114 1 
-0.507999 1 
-0.326234 1 
-0.793348 1 
-0.910652 1 
-0.655997 1 
0.000176696 1 
0.165877 1 
-0.727283 1 
-0.268341 1 
0.266336 1 
-1.05989 1 
-0.979124 1 
-1.25343 1 
-1.54656 1 
-1.15132 1 
0.380493 1 
3.44056 1 
-1.37365 1 
3.23556 1 
3.88577 1 
0.50835 1 
1.03438 1 
1.27821 1 
1.39114 1 
1.49678 1 
1.68754 1 
0.776049 1 
2.13175 1 
2.40928 1 
-3.20558 1 
0.640202 1 
2.25426 1 
2.59682 1 
-2.76992 1 
-2.57571 1 
-2.40267 1 
-2.98531 1 
-2.03126 1 
-3.94292 1 
-3.6575 1 
-3.82875 1 
3.02244 1 
-0.380937 1 
-0.441525 1 
-0.854471 1 
0.077157 1 
-0.0729136 1 
-3.43075 1 
0.907442 1 
-1.4774 1 
1.15797 1 
ZONE T="boundary2"
4 -0.5424 
4 -0.473943 
4 0.0564415 
4 -0.015122 
4 -0.714611 
4 0.649238 
4 1 
4 -0.857305 
4 -1 
4 0.394112 
4 0.456782 
4 0.261693 
4 0.284943 
4 0.128005 
4 0.183224 
4 0.238443 
4 -0.0849029 
4 -0.216032 
4 -0.277379 
4 -0.405487 
4 -0.341433 
4 0.55301 
4 0.210834 
4 0.331442 
4 -0.185358 
4 -0.154684 
4 -0.246705 
4 -0.508171 
4 0.0206598 
4 -0.628505 
4 0.824619 
4 -0.785958 
4 -0.928653 
4 0.425447 
4 0.273318 
4 0.155615 
4 0.0922233 
4 -0.0500125 
4 -0.439715 
4 0.601124 
4 0.224639 
4 0.197029 
4 0.308192 
4 0.250068 
4 0.362777 
4 -0.170021 
4 -0.231368 
4 -0.262042 
4 -0.37346 
4 -0.309406 
4 -0.119793 
4 -0.200695 
4 0.504896 
ZONE T="boundary3"
-4 -1 
-3.78395 -1 
-3.28048 -1 
-1.99225 -1 
-1.81754 -1 
0.993331 -1 
0.381908 -1 
0.0435047 -1 
-0.018544 -1 
-0.393693 -1 
-0.216573 -1 
-2.33469 -1 
-2.16697 -1 
-0.0805928 -1 
1.03849 -1 
0.602946 -1 
0.523116 -1 
0.681839 -1 
-0.148583 -1 
1.30167 -1 
1.20615 -1 
-1.44957 -1 
-1.37961 -1 
-1.05979 -1 
2.19332 -1 
3.88018 -1 
4 -1 
-3.09215 -1 
-2.90381 -1 
3.18364 -1 
2.98876 -1 
-1.63355 -1 
-2.50241 -1 
2.58968 -1 
2.79388 -1 
3.52072 -1 
0.443287 -1 
0.760733 -1 
0.116278 -1 
0.320529 -1 
-0.501386 -1 
0.189051 -1 
0.8255 -1 
0.9418 -1 
0.890268 -1 
1.08366 -1 
1.1449 -1 
1.39719 -1 
0.25479 -1 
-0.72295 -1 
-0.60908 -1 
1.52984 -1 
1.66248 -1 
-0.836821 -1 
-1.18471 -1 
1.83183 -1 
2.00117 -1 
-0.948303 -1 
-1.30964 -1 
3.64054 -1 
3.76036 -1 
2.38547 -1 
-2.70311 -1 
-3.56789 -1 
-3.89197 -1 
-1.90489 -1 
0.0124804 -1 
-0.305133 -1 
-2.25083 -1 
-0.0495684 -1 
0.563031 -1 
-0.182578 -1 
-1.41459 -1 
3.94009 -1 
-2.99798 -1 
-2.07961 -1 
3.0862 -1 
-1.72554 -1 
2.69178 -1 
3.35218 -1 
0.412597 -1 
0.642392 -1 
0.721286 -1 
0.0798913 -1 
0.351218 -1 
-0.44754 -1 
0.152664 -1 
0.967566 -1 
1.06107 -1 
1.11428 -1 
1.01591 -1 
1.17553 -1 
0.916034 -1 
0.857884 -1 
0.483201 -1 
-0.666015 -1 
1.25391 -1 
1.46351 -1 
1.34943 -1 
-0.779886 -1 
1.59616 -1 
-1.12225 -1 
1.9165 -1 
-1.00404 -1 
-1.34462 -1 
-0.555233 -1 
1.74716 -1 
3.58063 -1 
3.70045 -1 
-1.54156 -1 
-2.80346 -1 
-3.18632 -1 
-3.42419 -1 
2.09725 -1 
3.82027 -1 
-3.67592 -1 
2.89132 -1 
-2.41855 -1 
0.793116 -1 
0.287659 -1 
0.22192 -1 
-0.114588 -1 
-0.892562 -1 
-2.60276 -1 
-1.24718 -1 
2.48758 -1 
2.2894 -1 
ZONE T="boundary4"
-0.645305 0.440198 
0.33672 0.120948 
0.300618 0.155316 
-0.692655 0.0875189 
-0.6905 0.0664222 
-0.576081 0.36762 
-0.56169 0.385442 
-0.694984 0.179272 
-0.695421 0.146308 
-0.690876 0.23975 
-0.693424 0.209603 
-0.687922 0.265406 
-0.69419 0.108647 
-0.501527 0.488376 
-0.672994 0.347161 
-0.681929 0.303921 
-0.666978 0.371458 
-0.539627 0.410992 
-0.529595 0.423198 
-0.501829 0.481635 
-0.466984 0.123765 
-0.431491 0.12669 
-0.501755 0.4932 
-0.61808 0.267977 
-0.563645 0.151582 
-0.589918 0.175802 
-0.522583 0.530689 
-0.521312 0.529762 
-0.607398 0.203873 
-0.396911 0.134156 
-0.565186 0.537763 
-0.570838 0.536046 
-0.505519 0.464669 
-0.50217 0.496716 
-0.656942 0.406457 
-0.623481 0.486729 
-0.058976 0.260564 
-0.559761 0.538874 
-0.562436 0.538392 
-0.536424 0.537412 
-0.539631 0.538261 
-0.528407 0.534195 
-0.530767 0.535317 
-0.211098 0.211695 
-0.166214 0.229941 
-0.533421 0.536399 
-0.526115 0.532949 
-0.503509 0.503107 
-0.504271 0.505651 
-0.520518 0.435537 
-0.513571 0.446727 
-0.520008 0.528742 
-0.517799 0.526838 
-0.51887 0.527791 
-0.507708 0.513756 
-0.50605 0.510323 
-0.502621 0.499321 
-0.507124 0.512621 
-0.504921 0.50752 
-0.503068 0.501379 
-0.505508 0.509036 
-0.508361 0.514947 
-0.51684 0.525934 
-0.515847 0.524944 
-0.515036 0.52409 
-0.514216 0.523182 
-0.510242 0.518006 
-0.511212 0.519409 
-0.511729 0.520115 
-0.512889 0.52161 
0.03394 0.267743 
-0.589518 0.348409 
-0.0876324 0.254524 
-0.121741 0.245195 
-0.0297726 0.26492 
-0.364429 0.144488 
-0.524297 0.53184 
-0.503536 0.471558 
-0.550557 0.398354 
0.280651 0.172266 
0.259792 0.188296 
0.398996 0.0547961 
0.210335 0.219651 
0.235651 0.204733 
0.00194055 0.267503 
0.154994 0.244682 
0.18336 0.233099 
0.0646168 0.265631 
0.0949463 0.261155 
-0.144147 0.237911 
-0.332085 0.157162 
-0.602497 0.32492 
-0.612227 0.299372 
0.125427 0.254111 
-0.616911 0.235774 
-0.532665 0.135154 
-0.684432 0.0251044 
-0.293231 0.174335 
-0.252699 0.193053 
-0.500138 0.126339 
-0.631455 0.472058 
0.368181 0.0880509 
-0.614584 0.500333 
-0.50945 0.516779 
-0.543089 0.538927 
-0.548653 0.539491 
-0.510695 0.452192 
-0.508175 0.457677 
-0.557243 0.53921 
-0.582507 0.530634 
-0.593763 0.522837 
-0.576704 0.533647 
-0.604676 0.512504 
-0.550637 0.539548 
-0.554917 0.53942 
-0.546758 0.539367 
-0.552816 0.539525 
0.318951 0.138419 
-0.691656 0.0769664 
-0.568977 0.376655 
-0.695373 0.162801 
-0.689494 0.252598 
-0.695042 0.12748 
-0.685155 0.284726 
-0.670067 0.359352 
-0.53452 0.417084 
-0.449188 0.124569 
-0.501594 0.490813 
-0.577598 0.162791 
-0.521945 0.530231 
-0.599583 0.189246 
-0.414104 0.129933 
-0.568009 0.536977 
-0.662148 0.389065 
-0.561092 0.53865 
-0.538013 0.537861 
-0.529579 0.534772 
-0.692268 0.224695 
-0.188818 0.221057 
-0.501937 0.494975 
-0.53491 0.536928 
-0.527252 0.533587 
-0.503876 0.50439 
-0.516893 0.441103 
-0.520656 0.529258 
-0.518331 0.527318 
-0.502381 0.498029 
-0.506575 0.511483 
-0.503282 0.502247 
-0.504588 0.506592 
-0.505209 0.508283 
-0.502836 0.500356 
-0.508031 0.514355 
-0.51634 0.525443 
-0.514623 0.523638 
-0.510721 0.518711 
-0.517316 0.52639 
-0.511469 0.519763 
-0.515439 0.52452 
-0.519435 0.528271 
-0.513545 0.522404 
-0.507413 0.513191 
-0.582982 0.358186 
-0.10478 0.250113 
-0.0444159 0.262968 
-0.523436 0.531275 
-0.502494 0.476634 
0.290729 0.163906 
0.270332 0.180411 
0.223125 0.212402 
-0.0139433 0.266495 
0.169297 0.23916 
0.0798338 0.263691 
0.0493036 0.26698 
-0.132989 0.241646 
-0.501589 0.485038 
-0.596368 0.336891 
0.247856 0.196702 
-0.60785 0.312347 
0.110269 0.257943 
0.140316 0.249692 
-0.073359 0.257745 
-0.694335 0.194453 
0.0179386 0.267927 
-0.615959 0.283836 
-0.61845 0.251842 
0.196977 0.226616 
-0.548643 0.142424 
-0.34819 0.150606 
-0.15522 0.234005 
-0.693499 0.0980791 
-0.312621 0.165581 
-0.516624 0.129916 
-0.483615 0.124344 
-0.380581 0.138999 
0.383603 0.0714248 
-0.232001 0.202476 
-0.619159 0.493679 
-0.509842 0.517395 
-0.508896 0.51587 
-0.505775 0.509683 
-0.5252 0.532405 
-0.512302 0.520868 
-0.532083 0.535877 
-0.541344 0.538623 
-0.51209 0.449456 
-0.506767 0.461174 
-0.504444 0.468123 
-0.50939 0.45493 
-0.588223 0.527011 
-0.545046 0.40469 
-0.556125 0.391942 
-0.52492 0.429331 
-0.573778 0.534923 
-0.599349 0.517918 
-0.609765 0.506615 
-0.638716 0.456423 
-0.651348 0.423521 
-0.68777 0.045728 
-0.613219 0.219494 
-0.677724 0.32564 
0.352578 0.104612 
-0.272999 0.183668 
-0.558496 0.539057 
-0.556073 0.539328 
-0.5477 0.539438 
-0.54964 0.539529 
-0.544907 0.539179 
-0.579619 0.532215 
-0.627578 0.479504 
-0.551722 0.539547 
-0.55386 0.539483 
-0.563806 0.538095 
ZONE T="boundary5"
-0.25978 -0.527035 
-0.281821 -0.516335 
0.101797 -0.617133 
0.07532 -0.614564 
0.127478 -0.61915 
0.728618 -0.352207 
-0.603554 -0.202209 
-0.640886 -0.124086 
-0.450207 -0.400629 
-0.564158 -0.267941 
-0.54776 -0.291566 
-0.510965 -0.338068 
-0.530345 -0.314573 
-0.577228 -0.247557 
-0.616631 -0.177186 
-0.431522 -0.417128 
-0.412268 -0.432998 
-0.37642 -0.4598 
-0.349545 -0.477796 
-0.490525 -0.360819 
-0.470763 -0.381104 
-0.653717 -0.090688 
-0.62926 -0.150845 
0.705999 -0.252257 
0.713539 -0.268024 
0.685591 -0.465389 
0.703625 -0.437342 
0.675015 -0.478629 
0.717674 -0.405971 
0.153165 -0.620706 
0.180889 -0.621868 
0.0488684 -0.611488 
0.208602 -0.622486 
0.236853 -0.622542 
0.626547 -0.523543 
0.325389 -0.618634 
0.265071 -0.621995 
0.295265 -0.620704 
0.360877 -0.615094 
-0.187786 -0.556659 
-0.212753 -0.547246 
-0.160161 -0.56611 
-0.321837 -0.494668 
0.663655 -0.491114 
-0.237423 -0.537068 
0.711238 -0.422024 
0.639586 -0.513322 
-0.132271 -0.5747 
0.726598 -0.370968 
0.502834 -0.585251 
0.474636 -0.593657 
0.531165 -0.575154 
0.558558 -0.563513 
0.57215 -0.556931 
0.697324 -0.237121 
0.722916 -0.388755 
0.544953 -0.569547 
0.613024 -0.533095 
0.651912 -0.502567 
0.59944 -0.541778 
0.695072 -0.451729 
0.71959 -0.283979 
0.452793 -0.0010162 
0.480493 -0.0274389 
0.53095 -0.0718038 
0.505598 -0.0500174 
0.425637 0.0265193 
0.398996 0.0547961 
0.687533 -0.222315 
0.554207 -0.0912701 
0.676959 -0.208101 
0.620354 -0.148048 
0.640433 -0.16726 
0.65952 -0.187359 
0.727211 -0.316748 
0.728724 -0.333246 
0.724198 -0.300409 
0.59909 -0.129091 
-0.589689 -0.226822 
0.0196436 -0.607477 
-0.0406323 -0.597027 
-0.00951671 -0.602802 
-0.0716127 -0.590413 
-0.102047 -0.583011 
0.577333 -0.110561 
0.434691 -0.603216 
-0.665717 -0.0539885 
0.396181 -0.610245 
-0.676124 -0.0150472 
-0.684432 0.0251044 
0.585943 -0.549622 
-0.270841 -0.521769 
0.0885542 -0.615911 
0.114634 -0.618199 
-0.556083 -0.279835 
-0.520781 -0.326422 
-0.570774 -0.257799 
-0.421963 -0.425144 
-0.39455 -0.446668 
-0.440936 -0.408957 
-0.363081 -0.468942 
-0.480744 -0.371056 
-0.647504 -0.107461 
-0.635201 -0.137519 
0.709926 -0.260064 
0.680412 -0.472097 
0.140319 -0.619985 
0.167026 -0.621354 
0.0620884 -0.61309 
0.194746 -0.622245 
0.222729 -0.622588 
0.280173 -0.621444 
0.34315 -0.617019 
-0.200305 -0.552047 
-0.17401 -0.561494 
-0.301989 -0.505793 
-0.248638 -0.532134 
0.70758 -0.429758 
0.633132 -0.518516 
0.727843 -0.361615 
0.488787 -0.589627 
0.517071 -0.580402 
0.565383 -0.56028 
0.720486 -0.397423 
-0.460581 -0.390965 
0.538081 -0.572403 
0.645821 -0.508028 
0.619843 -0.528401 
0.60628 -0.537512 
0.669432 -0.48496 
0.657865 -0.496925 
0.690448 -0.458641 
0.71462 -0.414065 
0.699478 -0.444614 
0.466553 -0.0143535 
0.518233 -0.0609785 
0.439131 0.0126438 
0.716737 -0.275936 
0.412265 0.0405935 
0.701791 -0.244613 
0.692538 -0.229644 
0.542568 -0.0815646 
0.682336 -0.215139 
0.630494 -0.157551 
0.650112 -0.177178 
0.728915 -0.342729 
0.728155 -0.324981 
0.725891 -0.308545 
0.722081 -0.292141 
-0.583529 -0.23723 
-0.596716 -0.214567 
-0.623066 -0.164071 
0.0342468 -0.609563 
-0.0250912 -0.600016 
-0.225128 -0.542253 
0.250965 -0.622346 
-0.0561435 -0.593827 
-0.086855 -0.586822 
0.565786 -0.100908 
0.454736 -0.598736 
-0.539172 -0.303157 
-0.659963 -0.0724133 
-0.500867 -0.34955 
0.00505179 -0.605224 
-0.146247 -0.57051 
0.609793 -0.138494 
0.378554 -0.612842 
0.588252 -0.119785 
-0.610196 -0.18975 
-0.117189 -0.578972 
-0.671197 -0.0345851 
0.41548 -0.606967 
0.724965 -0.379907 
0.66841 -0.197583 
0.310336 -0.61977 
0.579082 -0.553342 
0.592731 -0.545768 
0.492982 -0.0388188 
-0.335782 -0.486379 
-0.68057 0.00497629 
0.551779 -0.566585 
