ZONE T="boundary0"
-4 -0.470491 
-4 -0.359708 
-4 0.243216 
-4 0.361725 
-4 0.322222 
-4 0.415161 
-4 1 
-4 0.282719 
-4 -0.555576 
-4 -0.82033 
-4 -1 
-4 0.840801 
-4 0.681602 
-4 0.575099 
-4 0.150889 
-4 0.0980656 
-4 0.203713 
-4 -0.31438 
-4 0.000835148 
-4 -0.0963953 
-4 -0.182724 
-4 -0.269053 
-4 -0.225889 
-4 0.468597 
-4 -0.64066 
-4 -0.291717 
-4 0.341974 
-4 0.388443 
-4 -0.910165 
-4 0.761201 
-4 0.124477 
-4 0.302471 
-4 0.223465 
-4 0.262968 
-4 -0.415099 
-4 -0.13956 
-4 -0.247471 
-4 -0.598118 
-4 -0.513033 
-4 -0.730495 
-4 0.62835 
-4 0.9204 
-4 0.177301 
-4 -0.303048 
-4 -0.337044 
-4 -0.280385 
-4 -0.204306 
-4 0.441879 
-4 0.521848 
-4 0.0494504 
-4 -0.0477801 
ZONE T="boundary1"
-3.79586 1 
-4 1 
0.388096 1 
0.319807 1 
0.706295 1 
0.925854 1 
0.816266 1 
0.0886506 1 
-0.0567576 1 
-0.127595 1 
1.09621 1 
-0.845876 1 
-0.743192 1 
-3.59172 1 
0.595942 1 
0.456384 1 
1.48161 1 
1.62773 1 
1.01103 1 
-2.85652 1 
-3.04309 1 
3.77254 1 
3.54507 1 
-3.31741 1 
-1.0482 1 
-1.43877 1 
-1.54108 1 
-2.33775 1 
1.93474 1 
2.90516 1 
2.72018 1 
2.35022 1 
-2.10895 1 
0.0140798 1 
0.215417 1 
0.152034 1 
0.267612 1 
0.526163 1 
-0.164305 1 
-0.201014 1 
-0.948561 1 
-0.667004 1 
-0.514629 1 
-0.590816 1 
-0.356437 1 
1.21585 1 
3.31761 1 
-1.14785 1 
-1.33646 1 
-1.24215 1 
1.33549 1 
-1.71061 1 
3.09014 1 
1.78124 1 
-1.88015 1 
4 1 
-3.45456 1 
-2.66995 1 
2.14248 1 
-0.274433 1 
-0.438441 1 
-3.89793 1 
0.353952 1 
0.87106 1 
-0.0921762 1 
-0.794534 1 
1.55467 1 
0.968442 1 
-2.94981 1 
3.6588 1 
-3.18025 1 
2.81267 1 
2.5352 1 
0.0513652 1 
0.183725 1 
0.120342 1 
0.42224 1 
0.29371 1 
0.561053 1 
0.491274 1 
0.241514 1 
0.76128 1 
-0.182659 1 
0.651119 1 
-0.705098 1 
-0.552723 1 
1.15603 1 
1.05362 1 
3.43134 1 
-1.09803 1 
-0.897218 1 
-1.28931 1 
-0.998383 1 
1.27567 1 
-1.48992 1 
-1.62584 1 
-1.38761 1 
1.40855 1 
1.70449 1 
-1.79538 1 
2.99765 1 
3.20388 1 
3.88627 1 
-3.52314 1 
-1.99455 1 
-2.22335 1 
-2.50385 1 
-3.38598 1 
-3.69379 1 
2.24635 1 
2.03861 1 
-0.0213389 1 
-0.237724 1 
-0.14595 1 
-0.315435 1 
-0.476535 1 
-0.397439 1 
-1.195 1 
1.85799 1 
-0.62891 1 
-2.76323 1 
ZONE T="boundary2"
4 -0.369768 
4 -0.730579 
4 -0.282416 
4 -0.240636 
4 -0.190682 
4 -0.506484 
4 0.787424 
4 -1 
4 -0.140728 
4 -0.0693818 
4 0.00196409 
4 0.135714 
4 0.0688391 
4 0.221547 
4 0.250158 
4 0.192936 
4 0.483527 
4 -0.41534 
4 1 
4 0.574848 
4 0.164325 
4 0.321182 
4 0.28567 
4 0.392206 
4 0.437867 
4 -0.324196 
4 -0.261526 
4 -0.618532 
4 -0.165705 
4 -0.215659 
4 -0.0337088 
4 -0.105055 
4 0.235853 
4 0.0354016 
4 -0.460912 
4 -0.865289 
4 0.893712 
4 0.681136 
4 0.178631 
4 0.15002 
4 0.102277 
4 0.303426 
4 0.207242 
4 0.267914 
4 0.356694 
4 0.460697 
4 0.415037 
4 0.529188 
4 -0.392554 
4 -0.303306 
4 -0.346982 
ZONE T="boundary3"
-1.49275 -1 
-1.62128 -1 
-0.133271 -1 
-0.0649335 -1 
-0.437661 -1 
-1.03611 -1 
-0.269922 -1 
-0.201609 -1 
-0.692982 -1 
-0.537087 -1 
0.305268 -1 
0.424431 -1 
-4 -1 
-3.02766 -1 
-2.87096 -1 
0.516498 -1 
-3.74888 -1 
-3.49776 -1 
1.34186 -1 
3.47411 -1 
3.73705 -1 
2.08317 -1 
2.77061 -1 
1.58904 -1 
3.02502 -1 
2.5162 -1 
2.29969 -1 
1.72555 -1 
-3.34106 -1 
-1.99794 -1 
-2.43445 -1 
-3.18436 -1 
4 -1 
0.0687409 -1 
-0.338235 -1 
-0.792188 -1 
0.127423 -1 
0.0019037 -1 
0.245687 -1 
0.186105 -1 
0.608564 -1 
0.821273 -1 
0.714919 -1 
-0.93391 -1 
-1.08722 -1 
1.45254 -1 
0.961049 -1 
1.09611 -1 
1.90436 -1 
3.24956 -1 
-1.36423 -1 
-1.25127 -1 
1.16365 -1 
1.23118 -1 
-1.80961 -1 
-2.2162 -1 
-2.65271 -1 
-1.13832 -1 
-1.1948 -1 
-1.55701 -1 
-0.0991025 -1 
-0.235766 -1 
-0.615034 -1 
0.36485 -1 
-2.94931 -1 
-3.62332 -1 
3.60558 -1 
2.89781 -1 
2.40795 -1 
3.86853 -1 
-0.487374 -1 
-0.387948 -1 
-0.304079 -1 
-0.16744 -1 
-0.742585 -1 
0.0980819 -1 
0.275477 -1 
0.215896 -1 
0.562531 -1 
0.470464 -1 
0.768096 -1 
-1.06166 -1 
-0.863049 -1 
0.891161 -1 
1.02858 -1 
3.13729 -1 
1.65729 -1 
1.81495 -1 
-1.42849 -1 
-3.87444 -1 
1.19741 -1 
-1.71544 -1 
-3.26271 -1 
-1.90378 -1 
2.64341 -1 
-3.41941 -1 
-2.32533 -1 
2.19143 -1 
1.99376 -1 
-3.10601 -1 
-2.76184 -1 
-2.54358 -1 
3.36183 -1 
0.0353223 -1 
-0.0315149 -1 
0.156764 -1 
-0.985012 -1 
-1.11277 -1 
-1.22303 -1 
0.661742 -1 
1.28652 -1 
1.3972 -1 
1.52079 -1 
-1.30775 -1 
1.12988 -1 
-2.10707 -1 
-1.16656 -1 
ZONE T="boundary4"
-0.607162 0.0154727 
-0.601427 0.0372 
0.590842 0.252757 
0.583716 0.267562 
0.644599 0.0769554 
0.642058 0.0940607 
0.603932 0.222101 
-0.0896668 0.453757 
-0.064673 0.460251 
0.647188 0.0263842 
0.646242 0.00972417 
-0.553278 0.142905 
-0.54323 0.158286 
0.615582 0.191186 
-0.508786 0.203543 
-0.496218 0.21801 
-0.520906 0.188687 
-0.59442 0.0587007 
0.493786 0.382138 
0.473611 0.397962 
-0.579077 0.0958013 
-0.586173 0.0798912 
-0.562729 0.127146 
-0.571196 0.111679 
-0.532335 0.173686 
0.512414 0.365309 
-0.614773 -0.0283731 
-0.611611 -0.00640965 
-0.468484 0.247224 
-0.453053 0.262061 
-0.420382 0.290417 
-0.403173 0.303897 
-0.437138 0.276365 
-0.482559 0.232825 
-0.367525 0.329241 
-0.330181 0.352732 
-0.310764 0.363906 
-0.349008 0.34124 
-0.385534 0.316837 
-0.22876 0.40458 
-0.250123 0.394914 
-0.207169 0.41374 
-0.184758 0.422628 
-0.291077 0.374588 
0.633948 0.13174 
-0.114471 0.44663 
-0.0383825 0.466346 
-0.011918 0.471723 
-0.162132 0.430983 
0.628337 0.152072 
0.646324 0.0600409 
-0.270722 0.384997 
0.647205 0.0430952 
0.404513 0.438385 
0.428906 0.426157 
0.379924 0.448884 
0.354979 0.457905 
0.546092 0.32763 
0.529969 0.347032 
0.451624 0.412876 
0.32765 0.46613 
0.103952 0.486232 
0.135825 0.48755 
0.235381 0.483382 
0.201506 0.4863 
0.0160667 0.476582 
0.267754 0.478987 
0.300162 0.472849 
0.55648 0.313463 
0.0442 0.480607 
0.638768 0.111207 
0.57528 0.283422 
0.622225 0.171719 
0.566173 0.29878 
-0.138404 0.439098 
0.0740224 0.483918 
0.167732 0.487635 
-0.60445 0.0263772 
0.587344 0.260191 
0.643423 0.0855221 
0.597583 0.237514 
-0.077191 0.457084 
0.646834 0.0180472 
-0.548326 0.150643 
-0.502556 0.210824 
-0.598076 0.0479998 
0.483835 0.390225 
-0.582707 0.087883 
-0.567039 0.119455 
-0.558081 0.135072 
-0.575218 0.103781 
-0.526684 0.181235 
0.503247 0.373886 
-0.460829 0.254707 
-0.613351 -0.0173689 
-0.411832 0.297227 
-0.445157 0.269281 
-0.475574 0.240076 
-0.320508 0.358381 
-0.339632 0.347048 
-0.358307 0.335304 
-0.514906 0.196164 
-0.394403 0.310434 
-0.239471 0.39981 
-0.217992 0.409223 
-0.19599 0.418251 
-0.300953 0.369308 
-0.102092 0.450272 
-0.0515487 0.463388 
-0.0251691 0.469125 
-0.17347 0.426873 
0.631233 0.14193 
-0.42882 0.283462 
-0.260452 0.390016 
0.64731 0.0347394 
-0.537852 0.166036 
0.416807 0.432465 
0.392295 0.443815 
0.521355 0.356328 
0.440373 0.419701 
-0.376574 0.323104 
0.119882 0.487041 
0.218461 0.485045 
-0.609544 0.00456329 
0.284 0.476139 
0.551374 0.320611 
0.0301179 0.478701 
0.636466 0.121498 
0.579586 0.275539 
0.618965 0.181473 
0.625353 0.161918 
0.609905 0.206699 
0.561416 0.306181 
0.646874 0.0515736 
0.645562 0.0685083 
0.640499 0.10265 
-0.489443 0.225468 
0.570818 0.291156 
0.462746 0.405608 
-0.126461 0.442938 
-0.280931 0.379854 
-0.590444 0.0693531 
-0.150294 0.435114 
0.313949 0.469663 
0.34137 0.462205 
0.0590974 0.482384 
0.088977 0.485202 
0.00205618 0.474256 
0.367513 0.453564 
0.184627 0.487156 
0.251595 0.481387 
0.151778 0.487751 
0.538204 0.337476 
ZONE T="boundary5"
-0.554917 -0.293614 
-0.563828 -0.27764 
-0.509048 -0.35855 
-0.495019 -0.37446 
-0.597272 -0.197846 
-0.617284 -0.0723877 
-0.616664 -0.0943662 
-0.61666 -0.0503786 
0.644342 -0.00671114 
-0.607523 -0.159897 
-0.602817 -0.178991 
-0.572094 -0.2613 
-0.611767 -0.138125 
-0.614819 -0.116285 
-0.586281 -0.228755 
-0.579481 -0.245164 
-0.344587 -0.481147 
-0.256265 -0.506191 
-0.279443 -0.501835 
0.646242 0.00972417 
-0.232983 -0.50905 
-0.184217 -0.510221 
-0.209084 -0.510431 
-0.534097 -0.326027 
-0.109684 -0.499663 
-0.159504 -0.508362 
-0.134455 -0.504811 
-0.544837 -0.310051 
-0.521915 -0.34258 
-0.365614 -0.471634 
-0.479239 -0.390742 
-0.444958 -0.421192 
-0.462722 -0.406188 
-0.406307 -0.448855 
-0.425975 -0.435576 
-0.386157 -0.460886 
-0.592037 -0.213394 
0.448951 -0.237674 
0.425351 -0.248753 
-0.0850903 -0.492964 
-0.614773 -0.0283731 
-0.0605272 -0.484732 
-0.036283 -0.475159 
0.0120856 -0.45221 
-0.0119751 -0.464218 
0.0857583 -0.410488 
0.0606779 -0.425245 
0.0364635 -0.43905 
0.110877 -0.395579 
0.137704 -0.379875 
0.164689 -0.364621 
0.193992 -0.348926 
0.348033 -0.281043 
0.223542 -0.334143 
0.31725 -0.29333 
0.286372 -0.305981 
0.374851 -0.270276 
0.401447 -0.259232 
0.637649 -0.0387789 
0.49596 -0.212336 
0.472673 -0.225546 
0.609022 -0.105098 
0.579295 -0.145099 
0.626663 -0.0705927 
0.619453 -0.086267 
0.632867 -0.0543035 
0.59551 -0.12518 
0.641484 -0.022867 
0.560905 -0.163958 
-0.301513 -0.496253 
-0.323219 -0.489354 
0.51869 -0.197748 
0.540561 -0.181571 
0.254899 -0.319587 
-0.559453 -0.285672 
-0.502123 -0.366585 
-0.617129 -0.0833817 
-0.617128 -0.0613791 
-0.605278 -0.169471 
-0.613441 -0.127226 
-0.615893 -0.105339 
-0.267888 -0.504197 
-0.19665 -0.510535 
-0.171847 -0.509495 
-0.515568 -0.350635 
-0.53955 -0.318095 
-0.549963 -0.301886 
-0.355169 -0.476543 
0.645414 0.00149225 
-0.453936 -0.413806 
-0.416232 -0.442352 
-0.487228 -0.382698 
-0.594721 -0.205643 
0.437191 -0.2433 
-0.0973399 -0.496496 
-0.244647 -0.507806 
-0.528097 -0.334371 
-0.609789 -0.149039 
-0.0727552 -0.489019 
-0.0483486 -0.480098 
0.000106646 -0.458324 
-0.0240728 -0.469824 
0.073233 -0.417895 
0.0243184 -0.445717 
0.0983155 -0.40303 
-0.471075 -0.398568 
0.12427 -0.38769 
0.151162 -0.372183 
0.179292 -0.356675 
0.208717 -0.341426 
0.301791 -0.299599 
0.413428 -0.254059 
0.484395 -0.219084 
-0.600146 -0.188449 
0.460869 -0.231724 
0.388172 -0.264808 
-0.396315 -0.455012 
-0.582954 -0.23699 
-0.568043 -0.269512 
0.614431 -0.0957905 
-0.575863 -0.253267 
0.629902 -0.0625008 
0.602492 -0.115292 
0.63969 -0.030853 
-0.122032 -0.502431 
0.635379 -0.0465788 
0.643036 -0.014811 
-0.375961 -0.466406 
-0.615874 -0.0393627 
-0.221045 -0.509935 
-0.312417 -0.492965 
-0.146953 -0.506791 
-0.333962 -0.485407 
-0.435563 -0.428513 
0.361453 -0.275683 
0.33264 -0.287172 
-0.29052 -0.499211 
0.507433 -0.205215 
0.0486008 -0.432204 
0.239171 -0.326749 
0.623188 -0.0784905 
0.587629 -0.135326 
0.570306 -0.15473 
0.52977 -0.189858 
0.550911 -0.172972 
-0.589222 -0.221099 
0.270599 -0.31269 
