ZONE T="boundary0"
-4 -1 
-4 -0.266058 
-4 -0.326744 
-4 -0.222294 
-4 0.2176 
-4 0.268515 
-4 1 
-4 0.340928 
-4 -0.178531 
-4 -0.0713534 
-4 0.651066 
-4 0.825533 
-4 0.466513 
-4 -0.79939 
-4 0.137269 
-4 0.0865464 
-4 0.403721 
-4 0.0358243 
-4 -0.493105 
-4 -0.598779 
-4 0.55879 
-4 -0.38743 
-4 -0.296401 
-4 -0.244176 
-4 0.243058 
-4 -0.124942 
-4 0.7383 
-4 -0.899695 
-4 0.177434 
-4 0.111907 
-4 0.372324 
-4 0.0611854 
-4 -0.0177645 
-4 -0.545942 
-4 -0.200413 
-4 0.912767 
-4 0.604928 
-4 -0.699085 
-4 -0.357087 
-4 -0.440267 
-4 0.304722 
-4 0.435117 
-4 0.512651 
ZONE T="boundary1"
-3.76079 1 
-4 1 
1.22092 1 
1.33356 1 
1.44619 1 
-1.70602 1 
-1.88274 1 
-0.118957 1 
-1.34056 1 
2.11334 1 
1.91841 1 
0.632497 1 
-2.06011 1 
0.967866 1 
2.91105 1 
2.69179 1 
-2.79457 1 
3.75 1 
3.56516 1 
4 1 
2.50003 1 
2.30827 1 
-3.25264 1 
-3.52158 1 
0.0760462 1 
0.00976686 1 
0.522662 1 
0.350038 1 
0.283909 1 
0.21778 1 
-0.250301 1 
-0.319201 1 
-0.181401 1 
-0.515188 1 
-0.694769 1 
-0.0565125 1 
-0.417195 1 
0.742332 1 
0.855099 1 
0.146913 1 
1.0944 1 
-0.997549 1 
-1.22737 1 
-1.11418 1 
-1.5293 1 
-1.43493 1 
-0.880917 1 
1.56425 1 
-1.61766 1 
1.6823 1 
-2.60544 1 
-2.23747 1 
-2.98371 1 
3.34773 1 
3.13031 1 
-3.8804 1 
1.27724 1 
1.38987 1 
-1.79438 1 
2.01587 1 
2.80142 1 
3.65758 1 
3.875 1 
2.59591 1 
-1.97142 1 
-3.38711 1 
0.0429065 1 
0.43635 1 
0.250845 1 
-0.284751 1 
-0.604979 1 
-0.0877346 1 
-0.215851 1 
-0.150179 1 
-0.368198 1 
-0.466192 1 
-0.0233728 1 
0.798715 1 
0.316974 1 
0.577579 1 
0.687414 1 
1.03113 1 
-1.28396 1 
-1.17078 1 
-1.48212 1 
-1.05586 1 
-0.787843 1 
1.50522 1 
-1.66184 1 
-3.64119 1 
2.40415 1 
2.2108 1 
1.80036 1 
-2.42146 1 
-2.14879 1 
-3.11818 1 
-2.88914 1 
-2.70001 1 
0.11148 1 
0.182346 1 
3.02068 1 
-1.38774 1 
0.911482 1 
-0.939233 1 
3.23902 1 
1.15766 1 
-1.57348 1 
1.62327 1 
3.45644 1 
ZONE T="boundary2"
4 -0.669861 
4 -0.571542 
4 -0.400978 
4 -0.328733 
4 -0.271904 
4 -0.215075 
4 0.364464 
4 0.335332 
4 -0.14963 
4 0.216232 
4 -0.83493 
4 -1 
4 1 
4 -0.032858 
4 -0.091244 
4 0.0441327 
4 0.121123 
4 -0.473224 
4 0.444746 
4 0.525028 
4 0.277067 
4 0.3062 
4 0.247935 
4 0.184529 
4 0.762514 
4 -0.364855 
4 -0.300318 
4 -0.243489 
4 0.349898 
4 -0.752395 
4 -0.182353 
4 -0.062051 
4 -0.120437 
4 0.00563737 
4 0.0826281 
4 -0.437101 
4 -0.522383 
4 0.484887 
4 -0.917465 
4 0.291634 
4 0.643771 
4 0.881257 
4 0.404605 
4 0.320766 
4 0.232084 
4 0.200381 
4 0.152826 
4 0.262501 
4 -0.620701 
ZONE T="boundary3"
-3.62976 -1 
-4 -1 
-0.191826 -1 
0.202653 -1 
-0.722565 -1 
-0.586986 -1 
0.328541 -1 
-3.11804 -1 
-2.97656 -1 
0.132222 -1 
0.855376 -1 
1.01799 -1 
0.413205 -1 
-0.451406 -1 
1.12826 -1 
1.23854 -1 
3.23619 -1 
3.04305 -1 
1.35607 -1 
3.76131 -1 
4 -1 
1.63094 -1 
1.55227 -1 
2.217 -1 
-2.51626 -1 
2.84991 -1 
-3.25952 -1 
3.52262 -1 
2.69168 -1 
2.53346 -1 
2.00265 -1 
-2.74641 -1 
-1.80395 -1 
-2.06313 -1 
0.265597 -1 
0.370873 -1 
0.497869 -1 
0.640832 -1 
-0.302251 -1 
0.748104 -1 
-0.0731188 -1 
0.0617912 -1 
-1.13214 -1 
-1.02362 -1 
-0.818835 -1 
-0.915105 -1 
-1.23903 -1 
-1.34593 -1 
-1.54476 -1 
1.47359 -1 
1.78829 -1 
-2.2897 -1 
-1.67435 -1 
-0.00566378 -1 
1.89547 -1 
-3.81488 -1 
-0.654775 -1 
-3.0473 -1 
0.167437 -1 
-0.519196 -1 
1.1834 -1 
3.13962 -1 
1.2973 -1 
3.88065 -1 
1.59161 -1 
2.94648 -1 
-3.44464 -1 
3.3794 -1 
0.297069 -1 
0.234125 -1 
0.392039 -1 
0.455537 -1 
0.56935 -1 
-0.247038 -1 
0.694468 -1 
-0.132472 -1 
-0.376829 -1 
-1.07788 -1 
0.936683 -1 
-0.7707 -1 
-0.969364 -1 
-0.86697 -1 
0.80174 -1 
-1.29248 -1 
3.64196 -1 
1.41483 -1 
2.10983 -1 
2.37523 -1 
2.7708 -1 
2.61257 -1 
-1.93354 -1 
-2.17641 -1 
-1.60956 -1 
-1.44534 -1 
-2.63134 -1 
0.0280637 -1 
0.0970065 -1 
0.349707 -1 
-0.0393913 -1 
1.70962 -1 
1.94906 -1 
-3.18878 -1 
1.84188 -1 
-1.18559 -1 
1.07313 -1 
-1.73915 -1 
-2.86149 -1 
1.51293 -1 
-2.40298 -1 
ZONE T="boundary4"
0.405464 0.270164 
0.386916 0.286707 
0.461117 0.222407 
0.4797 0.207094 
-0.567623 0.244345 
-0.624741 0.0433429 
-0.623708 0.0663504 
-0.455227 0.38582 
-0.473418 0.36866 
0.630664 0.0215467 
0.634844 0.00720762 
0.505348 0.185881 
-0.585745 0.208041 
-0.557386 0.262278 
0.640668 -0.0220602 
0.642312 -0.0369109 
-0.624283 0.0206231 
0.221761 0.431205 
-0.621175 0.0895697 
-0.611646 0.136277 
-0.606486 0.154058 
-0.600423 0.172025 
-0.577178 0.226036 
-0.593624 0.189732 
-0.546163 0.280216 
-0.490789 0.350761 
-0.506447 0.333156 
-0.520706 0.315699 
-0.534192 0.297689 
-0.436285 0.402185 
-0.416539 0.417793 
-0.396127 0.432531 
-0.307328 0.482861 
-0.374905 0.446488 
-0.259023 0.502304 
-0.233911 0.510471 
-0.283378 0.493134 
-0.182435 0.523316 
-0.156198 0.527908 
-0.208512 0.517452 
-0.102535 0.533247 
-0.0752178 0.533857 
-0.129373 0.531258 
0.00685623 0.526725 
0.530413 0.164181 
0.442551 0.237969 
-0.353096 0.459502 
-0.330463 0.471692 
0.327577 0.340819 
0.347981 0.322092 
0.368426 0.303417 
0.19553 0.449761 
0.301083 0.364963 
0.424068 0.25384 
0.0340824 0.52119 
0.0887499 0.504805 
0.115585 0.493983 
-0.617146 0.112911 
0.169217 0.466367 
0.0612096 0.513973 
0.142754 0.481021 
0.581613 0.110895 
0.638193 -0.00740702 
0.625595 0.0357806 
0.613007 0.0633241 
0.619679 0.0497635 
0.602287 0.0818953 
0.590266 0.0995886 
0.247976 0.410791 
-0.0480309 0.533017 
-0.0207859 0.530682 
0.274335 0.38865 
0.562514 0.132911 
0.552141 0.143628 
0.572502 0.121829 
0.396178 0.278416 
0.470402 0.214736 
-0.62441 0.0548557 
-0.464417 0.37734 
0.632858 0.0144086 
0.492556 0.196519 
-0.562592 0.253361 
0.641595 -0.0294731 
-0.622624 0.0779806 
-0.603549 0.163074 
-0.609162 0.145196 
-0.572485 0.235235 
-0.597112 0.180913 
-0.551868 0.271305 
-0.482202 0.359807 
-0.513668 0.324502 
-0.527545 0.306766 
-0.445845 0.394106 
-0.406413 0.425273 
-0.385592 0.439625 
-0.246513 0.506533 
-0.271251 0.497856 
-0.169343 0.52577 
-0.221251 0.514109 
-0.29541 0.488133 
-0.0888794 0.533732 
-0.540268 0.289014 
0.451815 0.230159 
-0.581544 0.217078 
-0.341846 0.465722 
-0.318957 0.477405 
-0.589774 0.198925 
0.337779 0.331454 
0.314356 0.352918 
0.358196 0.312741 
0.433289 0.245874 
0.41475 0.261978 
0.377661 0.295046 
0.0205091 0.524158 
0.102247 0.499602 
-0.619339 0.101272 
0.182483 0.458249 
0.156088 0.473892 
0.636625 -7.43616e-05 
0.628233 0.0287016 
0.622738 0.0428158 
0.616437 0.0565915 
0.639535 -0.014715 
0.596431 0.0908494 
0.607822 0.0727135 
-0.426497 0.410096 
-0.498712 0.342042 
-0.364071 0.453114 
-0.142805 0.52975 
-0.115965 0.532423 
0.0476982 0.517786 
0.075048 0.509605 
0.208756 0.44065 
0.23497 0.421139 
-0.195507 0.52054 
-0.0343922 0.532038 
-0.00693679 0.528904 
0.129265 0.487715 
-0.0616177 0.533619 
0.287768 0.376876 
0.261239 0.399829 
0.585999 0.10529 
0.557372 0.138313 
0.567559 0.127418 
0.577112 0.116407 
-0.614569 0.124635 
0.541411 0.154048 
0.517975 0.175139 
-0.624698 0.03198 
ZONE T="boundary5"
-0.607903 -0.0664259 
-0.54332 -0.180611 
-0.532298 -0.19328 
-0.618959 -0.0237623 
-0.614136 -0.0453261 
-0.591308 -0.107093 
0.561611 -0.290554 
-0.580989 -0.126629 
-0.600289 -0.0870143 
-0.563376 -0.15443 
0.569411 -0.279733 
-0.553834 -0.167465 
-0.46424 -0.255332 
-0.479741 -0.243066 
-0.195517 -0.384596 
-0.216087 -0.377718 
-0.236565 -0.370547 
0.624372 -0.166903 
-0.300019 -0.346052 
-0.322797 -0.336274 
-0.256867 -0.363103 
-0.0174821 -0.430991 
-0.122015 -0.406637 
-0.147712 -0.399378 
-0.171674 -0.392177 
-0.0961778 -0.413444 
-0.493679 -0.231212 
0.635218 -0.128182 
0.642312 -0.0369109 
-0.519974 -0.206344 
-0.507197 -0.218881 
0.51415 -0.341625 
0.490885 -0.360338 
-0.346172 -0.325573 
-0.369274 -0.314216 
-0.622349 -0.00176402 
-0.624283 0.0206231 
0.615717 -0.190718 
-0.448312 -0.267012 
-0.411562 -0.290879 
-0.43015 -0.279299 
-0.572349 -0.140975 
-0.390601 -0.302911 
0.638571 -0.11141 
0.631095 -0.144729 
0.605961 -0.213839 
-0.277067 -0.355342 
0.146906 -0.449734 
0.118621 -0.448463 
0.0908923 -0.446375 
0.00913718 -0.435768 
0.0361374 -0.43997 
0.0632769 -0.443511 
0.204198 -0.449433 
0.175257 -0.450087 
0.262302 -0.444715 
0.233126 -0.447682 
-0.0439562 -0.425643 
0.380356 -0.417786 
0.350856 -0.427101 
0.321196 -0.434595 
-0.0701404 -0.419794 
0.409247 -0.406597 
0.437574 -0.393307 
0.5359 -0.320823 
0.553377 -0.301064 
0.642342 -0.0816388 
0.640819 -0.0965005 
0.582746 -0.258892 
0.594871 -0.236884 
0.643122 -0.0667029 
0.643121 -0.0518076 
0.291717 -0.440396 
0.464796 -0.377955 
-0.537872 -0.187001 
-0.616729 -0.0345838 
-0.586307 -0.116944 
-0.604268 -0.0767827 
-0.472046 -0.24927 
-0.226338 -0.374169 
-0.311434 -0.341226 
-0.246729 -0.366863 
-0.134879 -0.403063 
-0.183611 -0.388434 
-0.159707 -0.395825 
-0.109112 -0.410099 
-0.486761 -0.237199 
-0.513644 -0.212672 
-0.526202 -0.199874 
0.502713 -0.351225 
-0.500493 -0.225107 
-0.357764 -0.319981 
-0.623502 0.00941428 
0.620203 -0.178868 
-0.439291 -0.273244 
-0.567938 -0.147752 
-0.401134 -0.296989 
-0.456329 -0.261245 
-0.420908 -0.285173 
0.636997 -0.119816 
-0.334518 -0.331 
-0.548647 -0.174094 
-0.205814 -0.381193 
-0.288565 -0.350754 
0.132757 -0.44921 
0.104748 -0.44752 
0.0496946 -0.441826 
0.0226234 -0.437949 
0.189729 -0.449892 
0.21867 -0.448699 
-0.620838 -0.0127907 
-0.0307344 -0.428387 
0.365677 -0.422669 
0.336078 -0.431055 
-0.0831751 -0.41668 
0.610979 -0.202338 
0.42353 -0.400207 
0.544833 -0.311116 
0.641671 -0.0890784 
0.588974 -0.247979 
0.557547 -0.29585 
0.565565 -0.285182 
0.576261 -0.269429 
-0.576755 -0.133853 
0.600562 -0.225432 
0.627886 -0.155862 
0.639781 -0.103968 
-0.558675 -0.160999 
-0.595964 -0.0971268 
-0.266982 -0.359263 
0.642819 -0.044353 
0.642828 -0.0741753 
0.643221 -0.0592546 
0.633249 -0.136479 
-0.379981 -0.308648 
0.161079 -0.45003 
0.306493 -0.437683 
0.277034 -0.442727 
-0.00418705 -0.433453 
0.451334 -0.385895 
0.247729 -0.446354 
0.394894 -0.41243 
0.478024 -0.369418 
-0.0570639 -0.422783 
0.0770734 -0.445037 
-0.611197 -0.0559274 
0.525253 -0.331463 
