ZONE T="boundary0"
-4 -1 
-4 -0.81337 
-4 -0.44175 
-4 -0.50232 
-4 -0.38118 
-4 -0.306101 
-4 -0.236703 
-4 -0.0381148 
-4 0.131885 
-4 0.322589 
-4 0.559803 
-4 0.496918 
-4 -0.099573 
-4 -0.161031 
-4 0.222061 
-4 -0.62674 
-4 0.176973 
-4 0.046885 
-4 0.0893849 
-4 0.622688 
-4 0.272325 
-4 0.409754 
-4 -0.720055 
-4 0.811344 
-4 1 
-4 -0.906685 
-4 -0.472035 
-4 -0.271402 
-4 0.52836 
-4 -0.130302 
-4 -0.198867 
-4 -0.56453 
-4 0.199517 
-4 0.068135 
-4 -0.343641 
-4 -0.411465 
-4 -0.0688439 
-4 0.00438511 
-4 0.247193 
-4 -0.766713 
-4 -0.673398 
-4 0.717016 
-4 0.154429 
-4 0.297457 
-4 0.366171 
-4 0.453336 
-4 0.591246 
-4 0.110635 
-4 0.905672 
ZONE T="boundary1"
3.55902 1 
4 1 
0.108858 1 
-0.871777 1 
-0.779825 1 
0.175399 1 
-3.53564 1 
0.762248 1 
-0.443298 1 
0.992062 1 
-2.30671 1 
-2.6509 1 
0.541633 1 
0.438843 1 
1.37723 1 
-3.76782 1 
-3.88391 1 
-3.35441 1 
2.36026 1 
-2.91204 1 
1.52948 1 
1.74565 1 
2.05296 1 
2.20661 1 
2.56993 1 
-0.237322 1 
-0.16855 1 
-0.522785 1 
-0.602273 1 
-0.687874 1 
-0.288816 1 
-0.34031 1 
0.0423158 1 
-0.0287314 1 
0.255726 1 
0.651941 1 
0.336052 1 
-0.943242 1 
-1.01471 1 
-1.22711 1 
-3.65173 1 
1.10852 1 
-1.37246 1 
-1.93568 1 
-1.51781 1 
1.22499 1 
-3.17318 1 
1.45335 1 
-2.1212 1 
3.38055 1 
2.77961 1 
1.8993 1 
3.20208 1 
2.99084 1 
-1.72675 1 
-0.0997787 1 
0.877155 1 
-1.12091 1 
-4 1 
3.77951 1 
-0.825801 1 
-2.4788 1 
0.490238 1 
-3.82587 1 
-3.44503 1 
1.63756 1 
2.12978 1 
-0.202936 1 
-0.562529 1 
-0.73385 1 
-0.483041 1 
-0.314563 1 
0.0755867 1 
-0.263069 1 
0.215563 1 
0.596787 1 
0.387447 1 
-0.978974 1 
0.707095 1 
1.05029 1 
1.30111 1 
-3.04261 1 
1.41529 1 
-2.02844 1 
-2.21395 1 
2.4651 1 
3.46979 1 
1.97613 1 
-2.78147 1 
3.09646 1 
-1.83121 1 
-1.62228 1 
-3.2638 1 
2.28343 1 
-1.44514 1 
-0.645073 1 
-0.391804 1 
-0.064255 1 
-0.134164 1 
0.00679219 1 
0.934608 1 
0.819702 1 
0.142129 1 
0.295889 1 
-0.907509 1 
-1.06781 1 
-1.17401 1 
-1.29978 1 
1.82248 1 
1.16675 1 
1.49142 1 
-3.59369 1 
-3.70978 1 
-3.94196 1 
3.29132 1 
2.88523 1 
2.67477 1 
ZONE T="boundary2"
4 -0.320681 
4 -0.664686 
4 -0.486213 
4 -0.403447 
4 -0.108388 
4 0.136383 
4 0.188112 
4 0.239841 
4 0.302989 
4 0.371752 
4 1 
4 0.440514 
4 0.0154502 
4 -0.264821 
4 -0.832343 
4 -1 
4 0.720257 
4 0.271415 
4 0.0759165 
4 -0.158674 
4 -0.208961 
4 -0.57545 
4 0.580386 
4 -0.44483 
4 0.213977 
4 0.33737 
4 0.406133 
4 -0.748515 
4 0.860129 
4 0.287202 
4 0.10615 
4 0.162247 
4 -0.0464687 
4 -0.183818 
4 -0.292751 
4 -0.236891 
4 -0.362064 
4 -0.620068 
4 -0.530831 
4 -0.916172 
4 0.255628 
4 0.0456833 
4 -0.133531 
4 0.51045 
4 0.650321 
ZONE T="boundary3"
-4 -1 
3.08253 -1 
-0.626536 -1 
-0.730498 -1 
-0.97722 -1 
-1.09789 -1 
-3.37065 -1 
-3.16087 -1 
-3.58044 -1 
-3.79022 -1 
1.31972 -1 
0.943527 -1 
3.30573 -1 
3.47929 -1 
-0.374681 -1 
-0.325383 -1 
1.02882 -1 
0.558856 -1 
0.423546 -1 
1.21692 -1 
-0.522574 -1 
2.07199 -1 
4 -1 
3.65286 -1 
2.38867 -1 
-1.62411 -1 
-1.47197 -1 
-1.77626 -1 
-1.94511 -1 
-2.11397 -1 
-2.26586 -1 
-2.56964 -1 
-2.9412 -1 
2.85933 -1 
2.624 -1 
0.143833 -1 
0.206793 -1 
0.346649 -1 
0.269752 -1 
-0.236714 -1 
0.0697048 -1 
-0.0762343 -1 
-0.00442336 -1 
0.808317 -1 
0.694167 -1 
1.11412 -1 
-0.423978 -1 
-0.148045 -1 
-0.853859 -1 
1.49348 -1 
-1.21856 -1 
1.66724 -1 
-1.34526 -1 
-2.72153 -1 
-2.41775 -1 
1.86962 -1 
1.4066 -1 
-0.678517 -1 
-1.03755 -1 
-3.26576 -1 
-3.68533 -1 
3.39251 -1 
-0.350032 -1 
0.491201 -1 
1.26832 -1 
-0.574555 -1 
3.82643 -1 
-1.54804 -1 
-1.86068 -1 
-2.18991 -1 
-3.05104 -1 
3.19413 -1 
2.97093 -1 
3.56608 -1 
2.50634 -1 
0.175313 -1 
0.308201 -1 
0.385098 -1 
0.751242 -1 
0.875922 -1 
1.07147 -1 
0.986175 -1 
-0.39933 -1 
-0.0403288 -1 
-0.473276 -1 
0.626512 -1 
1.16552 -1 
-0.91554 -1 
-1.15822 -1 
-0.792178 -1 
1.58036 -1 
-3.89511 -1 
-1.40862 -1 
2.74167 -1 
2.23033 -1 
-2.83136 -1 
-2.49369 -1 
-2.3418 -1 
-2.02954 -1 
-1.70018 -1 
1.76843 -1 
1.97081 -1 
-3.47555 -1 
-2.64558 -1 
0.238272 -1 
0.106769 -1 
0.0326407 -1 
-0.11214 -1 
-0.19238 -1 
-0.281049 -1 
1.36316 -1 
1.45004 -1 
-1.28191 -1 
ZONE T="boundary4"
-0.024242 0.434719 
0.00121904 0.423674 
-0.279855 0.484658 
-0.0497048 0.445231 
-0.0748818 0.454862 
0.617249 0.120822 
-0.626866 0.0518371 
-0.624965 0.0273601 
-0.627209 0.076663 
-0.625951 0.101787 
-0.404265 0.4459 
-0.380468 0.457375 
-0.576272 0.269743 
-0.150846 0.477309 
-0.125392 0.471062 
-0.553001 0.30919 
-0.540058 0.327653 
-0.525278 0.346512 
-0.623061 0.127112 
-0.618523 0.152535 
-0.614012 0.171726 
-0.602119 0.210312 
-0.608593 0.190833 
-0.564992 0.290053 
-0.594486 0.230293 
-0.585824 0.250263 
-0.490583 0.383628 
-0.509516 0.364482 
-0.427257 0.432699 
-0.449387 0.417838 
-0.470518 0.401447 
0.65528 -0.024416 
-0.35601 0.467033 
-0.305561 0.480699 
-0.253961 0.48672 
-0.228024 0.486929 
-0.202149 0.485359 
0.601678 0.143919 
0.609732 0.132597 
-0.331025 0.474812 
-0.176418 0.482114 
0.593134 0.154772 
0.635997 0.083368 
0.476901 0.246094 
0.44859 0.260133 
-0.100136 0.463543 
0.16745 0.35392 
0.198423 0.343148 
0.624196 0.108591 
0.503787 0.230654 
0.261502 0.323311 
0.229375 0.333123 
0.357695 0.294508 
0.388854 0.284096 
0.419592 0.272577 
0.563399 0.186 
0.573922 0.175905 
0.644967 0.0573398 
0.54094 0.204948 
0.552494 0.195595 
0.654569 0.00318236 
0.529042 0.213837 
0.0811223 0.388287 
0.108837 0.376595 
0.0273474 0.41205 
0.138102 0.364898 
0.293479 0.313876 
0.325725 0.304353 
0.630408 0.096181 
0.58375 0.16559 
0.640825 0.0704734 
0.651157 0.0305306 
0.655252 -0.0105548 
0.0535784 0.400349 
-0.0114959 0.429241 
-0.0622652 0.450145 
-0.62611 0.0395851 
-0.392469 0.451855 
-0.62678 0.0892374 
-0.138088 0.474353 
-0.546648 0.318507 
-0.532796 0.337186 
-0.624706 0.114474 
-0.616378 0.162158 
-0.605463 0.20061 
-0.611409 0.181311 
-0.570767 0.279975 
-0.627235 0.0642492 
-0.598412 0.220346 
-0.581165 0.260062 
-0.55912 0.299701 
-0.5002 0.374208 
-0.51752 0.355608 
-0.415876 0.439505 
-0.438448 0.425462 
-0.480694 0.392704 
-0.368327 0.46243 
-0.292747 0.482916 
-0.266931 0.485924 
-0.21508 0.486361 
0.605775 0.138308 
-0.318348 0.477994 
0.59747 0.149397 
-0.163606 0.479897 
-0.189266 0.483939 
-0.0369503 0.440048 
-0.240999 0.487052 
0.462843 0.253324 
-0.590267 0.240328 
-0.0874769 0.459326 
-0.62099 0.139861 
0.182918 0.34844 
0.620802 0.114752 
0.49046 0.23859 
0.245434 0.328158 
0.404282 0.278499 
0.568715 0.181012 
0.546761 0.200332 
0.557995 0.190856 
0.0949622 0.382381 
0.0142885 0.417879 
0.277492 0.318572 
0.341735 0.2995 
-0.112731 0.467448 
0.633288 0.0898121 
0.588506 0.160237 
0.627383 0.102427 
0.642982 0.0639365 
0.578893 0.170804 
0.653208 0.0169004 
0.654994 -0.00368187 
0.613565 0.126758 
0.655348 -0.0174851 
0.152754 0.359322 
0.0673367 0.394281 
-0.460088 0.409823 
-0.343589 0.471155 
0.0404578 0.40619 
0.123446 0.370666 
0.373314 0.289418 
0.213881 0.338058 
0.434167 0.266541 
0.309615 0.309136 
0.535032 0.209449 
0.648411 0.0440169 
0.638497 0.0769506 
0.516554 0.222469 
ZONE T="boundary5"
-0.0727402 -0.458571 
-0.100627 -0.451584 
-0.517 -0.208437 
-0.624965 0.0273601 
-0.621555 0.0032816 
-0.593673 -0.0886621 
-0.583318 -0.110528 
-0.602701 -0.0663593 
-0.610383 -0.0435915 
-0.616679 -0.0203816 
-0.238165 -0.404426 
-0.210988 -0.41551 
-0.265169 -0.392464 
-0.343506 -0.351688 
-0.317878 -0.366116 
-0.0448602 -0.464729 
-0.156024 -0.4352 
-0.12829 -0.443824 
-0.18349 -0.425803 
-0.477922 -0.250314 
-0.491917 -0.236142 
-0.558756 -0.152919 
-0.504652 -0.222474 
-0.390703 -0.321776 
-0.367363 -0.337157 
-0.571666 -0.131952 
-0.463504 -0.264036 
-0.430064 -0.29269 
-0.447036 -0.278666 
-0.410637 -0.30759 
0.625751 -0.161547 
0.154118 -0.484256 
0.125359 -0.48421 
0.26956 -0.473263 
0.240775 -0.477839 
0.615067 -0.188836 
-0.529294 -0.19356 
0.65528 -0.024416 
0.0966216 -0.483178 
0.0680861 -0.481214 
0.0396361 -0.478355 
0.0113498 -0.474641 
-0.0167992 -0.470096 
0.298234 -0.467313 
0.183052 -0.483253 
0.211921 -0.48114 
0.435018 -0.413877 
0.326683 -0.45989 
0.382158 -0.440337 
0.35461 -0.450958 
-0.544617 -0.173452 
0.409025 -0.427993 
0.45975 -0.3981 
0.50554 -0.361103 
0.483383 -0.38045 
0.544798 -0.31779 
0.525924 -0.340308 
0.577176 -0.268783 
0.561877 -0.293895 
0.584234 -0.255783 
0.6035 -0.215765 
0.594169 -0.235925 
0.639341 -0.120751 
0.632907 -0.141267 
0.643115 -0.107092 
0.64931 -0.0796511 
0.653452 -0.0520856 
-0.291795 -0.379679 
-0.0867084 -0.455175 
-0.588651 -0.0996683 
-0.62345 0.0152953 
-0.606713 -0.0550322 
-0.619301 -0.00858676 
-0.224617 -0.410067 
-0.251713 -0.398547 
-0.330754 -0.359012 
-0.142188 -0.439609 
-0.169791 -0.430598 
-0.484973 -0.243281 
-0.355497 -0.344526 
-0.565349 -0.14252 
-0.438612 -0.285753 
-0.400731 -0.314769 
-0.470767 -0.257233 
-0.420419 -0.30023 
-0.455336 -0.271426 
0.139739 -0.484359 
0.255194 -0.475714 
-0.523207 -0.201049 
-0.498332 -0.229353 
0.110986 -0.483815 
0.0538498 -0.479895 
0.0254787 -0.476604 
-0.577639 -0.12132 
0.283934 -0.470463 
0.16859 -0.483889 
0.197497 -0.482339 
-0.0308495 -0.467513 
-0.613709 -0.0320338 
0.312508 -0.463788 
0.368465 -0.445856 
-0.59835 -0.077576 
-0.551814 -0.163274 
0.422143 -0.421159 
0.494647 -0.370992 
0.535579 -0.329235 
0.471732 -0.389498 
0.62053 -0.175238 
0.569746 -0.281475 
0.580754 -0.26231 
0.598899 -0.225876 
-0.510877 -0.215501 
0.609387 -0.202344 
-0.379103 -0.329575 
0.636223 -0.13104 
0.629411 -0.151435 
0.641278 -0.113935 
0.553563 -0.306006 
-0.537072 -0.183595 
0.65467 -0.03827 
0.58929 -0.245898 
-0.0588225 -0.461748 
-0.197276 -0.420755 
0.447525 -0.406211 
-0.304891 -0.373003 
-0.00274174 -0.472471 
-0.114486 -0.4478 
0.226366 -0.479641 
0.34071 -0.45562 
0.395692 -0.434383 
0.515932 -0.350905 
-0.278532 -0.386176 
0.0823459 -0.48231 
0.651651 -0.0659079 
0.646444 -0.0934229 
