ZONE T="boundary0"
-4 -0.82033 
-4 0.0980656 
-4 -0.033521 
-4 0.575469 
-4 -0.15927 
-4 -0.0963953 
-4 0.787734 
-4 -0.232459 
-4 -0.195864 
-4 0.150889 
-4 -0.527214 
-4 -1 
-4 -0.64066 
-4 0.322222 
-4 0.282719 
-4 0.361725 
-4 0.681602 
-4 1 
-4 -0.305647 
-4 -0.269053 
-4 -0.359708 
-4 -0.413768 
-4 -0.470491 
-4 0.468597 
-4 0.415161 
-4 0.243216 
-4 0.203713 
-4 -0.0649581 
-4 -0.127832 
-4 0.0322723 
-4 -0.214161 
-4 0.124477 
-4 -0.910165 
-4 -0.730495 
-4 0.302471 
-4 0.341974 
-4 0.628535 
-4 0.893867 
-4 -0.28735 
-4 -0.250756 
-4 -0.177567 
-4 -0.332677 
-4 -0.386738 
-4 0.441879 
-4 0.522033 
-4 0.734668 
-4 0.262968 
-4 0.223465 
-4 0.177301 
-4 0.388443 
-4 -0.498852 
-4 -0.442129 
-4 -0.583937 
ZONE T="boundary1"
3.68039 1 
4 1 
1.60878 1 
1.45922 1 
-1.14785 1 
-0.743192 1 
-2.12993 1 
3.38527 1 
2.65542 1 
3.09014 1 
-0.438441 1 
3.23771 1 
-1.88015 1 
-0.846287 1 
1.21176 1 
1.09621 1 
-3.04309 1 
2.35022 1 
-3.31741 1 
-3.59172 1 
1.98372 1 
0.319807 1 
0.267612 1 
0.0140798 1 
0.215417 1 
0.0886506 1 
-0.127595 1 
-0.0567576 1 
-0.274433 1 
-0.201014 1 
-0.640097 1 
0.540766 1 
0.651119 1 
0.761472 1 
-0.948561 1 
-1.05083 1 
0.980648 1 
0.372003 1 
0.87106 1 
-1.24486 1 
-1.42806 1 
-1.33646 1 
-1.6541 1 
1.79625 1 
-2.79433 1 
-2.66995 1 
1.33549 1 
-2.33775 1 
-2.54557 1 
-1.54108 1 
-3.79586 1 
-4 1 
0.163222 1 
-0.356437 1 
0.456384 1 
3.84019 1 
1.534 1 
3.53283 1 
2.87278 1 
3.16392 1 
1.15399 1 
-3.45456 1 
2.16697 1 
-3.18025 1 
2.50282 1 
0.29371 1 
-0.0921762 1 
-0.237724 1 
-0.539269 1 
0.595942 1 
0.706295 1 
-0.999697 1 
-0.691645 1 
-0.794739 1 
-1.19636 1 
-1.38226 1 
-1.09934 1 
0.925854 1 
-1.29066 1 
1.70251 1 
3.31149 1 
1.88998 1 
-1.76712 1 
-2.91871 1 
-2.23384 1 
-2.44166 1 
-2.00504 1 
1.39736 1 
-3.69379 1 
-3.89793 1 
0.125936 1 
0.0513652 1 
-0.0213389 1 
-0.315435 1 
-0.397439 1 
-0.164305 1 
0.345905 1 
0.498575 1 
0.414193 1 
0.241514 1 
0.189319 1 
1.27363 1 
-0.897424 1 
1.03843 1 
-1.59759 1 
-1.48457 1 
-2.73214 1 
-2.60776 1 
0.816266 1 
ZONE T="boundary2"
4 -0.820386 
4 0.133178 
4 0.072601 
4 0.0120235 
4 0.198827 
4 0.249355 
4 0.301489 
4 0.574848 
4 0.666773 
4 1 
4 -0.730579 
4 -0.640772 
4 0.369255 
4 -0.372197 
4 0.833386 
4 0.482924 
4 -0.276196 
4 -0.324196 
4 -0.149369 
4 -0.212782 
4 -0.506484 
4 -1 
4 -0.0686728 
4 0.10289 
4 0.224091 
4 0.166003 
4 0.275422 
4 0.62081 
4 -0.685675 
4 0.916693 
4 0.335372 
4 0.0423123 
4 0.42609 
4 0.528886 
4 -0.244489 
4 -0.439341 
4 -0.348197 
4 -0.573628 
4 -0.775482 
4 -0.910193 
4 0.750079 
4 -0.181076 
4 -0.300196 
4 -0.109021 
4 -0.0283246 
ZONE T="boundary3"
3.29881 -1 
0.186105 -1 
0.236129 -1 
0.608564 -1 
0.714919 -1 
-0.641017 -1 
-0.271952 -1 
-3.18436 -1 
1.72555 -1 
1.88516 -1 
3.47411 -1 
3.6494 -1 
-1.80961 -1 
-1.62128 -1 
3.02502 -1 
-1.99794 -1 
-2.87096 -1 
2.75123 -1 
2.08317 -1 
2.28118 -1 
2.5162 -1 
-3.49776 -1 
-3.74888 -1 
-2.42697 -1 
-2.21246 -1 
-0.131267 -1 
-0.201609 -1 
-0.404519 -1 
-0.338235 -1 
0.33028 -1 
0.0687409 -1 
0.136081 -1 
-0.0649335 -1 
-0.744947 -1 
0.283205 -1 
0.424431 -1 
0.516498 -1 
0.00140045 -1 
-0.537087 -1 
-0.93391 -1 
-0.839428 -1 
0.961049 -1 
0.821273 -1 
3.8247 -1 
4 -1 
1.36153 -1 
-1.03611 -1 
1.23118 -1 
1.10083 -1 
-4 -1 
1.56593 -1 
-1.36423 -1 
-1.25127 -1 
-1.13832 -1 
-1.49275 -1 
-2.64897 -1 
0.211117 -1 
0.661742 -1 
1.80535 -1 
3.56175 -1 
-1.71544 -1 
2.88812 -1 
2.39869 -1 
-3.62332 -1 
-2.31972 -1 
-0.166438 -1 
-0.371377 -1 
-0.23678 -1 
0.102411 -1 
0.161093 -1 
-0.0981004 -1 
-0.305093 -1 
-0.692982 -1 
0.306742 -1 
0.377356 -1 
0.470464 -1 
0.562531 -1 
-0.0317665 -1 
-0.470803 -1 
-0.886669 -1 
0.768096 -1 
-0.985012 -1 
3.91235 -1 
3.73705 -1 
1.03094 -1 
0.891161 -1 
-3.87444 -1 
-1.30775 -1 
-1.1948 -1 
-1.55701 -1 
-1.42849 -1 
1.98417 -1 
1.46373 -1 
2.63371 -1 
2.18218 -1 
-2.75997 -1 
3.38646 -1 
3.16191 -1 
-1.90378 -1 
-3.02766 -1 
-3.34106 -1 
1.64574 -1 
-2.53797 -1 
-0.589052 -1 
0.259667 -1 
0.0350707 -1 
-0.792188 -1 
-1.08722 -1 
1.166 -1 
1.29636 -1 
-2.1052 -1 
ZONE T="boundary4"
-0.612931 -0.0053405 
0.472501 0.39147 
0.450334 0.405426 
0.567044 0.297341 
0.576454 0.282592 
-0.533598 0.17179 
-0.544757 0.156823 
0.644101 0.0813975 
0.492926 0.3766 
0.51187 0.360718 
-0.364657 0.319771 
-0.345795 0.331022 
-0.30697 0.352266 
-0.287048 0.362292 
0.599441 0.238282 
0.605906 0.223331 
-0.326671 0.341786 
-0.615729 -0.0271385 
-0.46802 0.242308 
-0.521914 0.186256 
-0.603264 0.0378829 
-0.608777 0.0163603 
-0.581109 0.0957178 
-0.588214 0.0800545 
-0.564603 0.126462 
-0.573172 0.111312 
0.644801 0.0318739 
-0.554979 0.141884 
-0.482499 0.228596 
-0.266488 0.372084 
-0.24573 0.381439 
-0.435819 0.269972 
-0.452145 0.256417 
-0.509473 0.200562 
-0.401045 0.295966 
-0.383015 0.308138 
-0.418641 0.283266 
-0.224252 0.390588 
-0.202585 0.399295 
-0.180156 0.407777 
-0.110068 0.430935 
-0.0606434 0.44429 
-0.034632 0.450333 
-0.0854484 0.437893 
-0.00844114 0.455727 
0.0469607 0.46481 
0.0191772 0.460654 
-0.496559 0.214432 
0.645469 0.0482187 
0.557042 0.311403 
0.645224 0.0648142 
0.642124 0.0981756 
0.639347 0.114995 
0.643188 0.0156051 
0.585173 0.267317 
0.427522 0.417795 
0.403113 0.42913 
0.378586 0.438808 
0.353768 0.447072 
0.546347 0.324933 
0.529803 0.343397 
0.105863 0.47088 
0.137247 0.472525 
0.0763446 0.468313 
0.326643 0.454549 
0.299416 0.460593 
0.26737 0.466022 
0.592524 0.253026 
0.63587 0.131638 
0.62279 0.17806 
0.611936 0.208311 
0.629857 0.155047 
-0.5964 0.0591445 
-0.157541 0.415797 
-0.133898 0.423621 
0.168704 0.473001 
0.235405 0.469798 
0.201993 0.472151 
0.617553 0.193255 
0.461534 0.398634 
0.571841 0.290026 
-0.539252 0.164362 
0.502534 0.368822 
-0.355263 0.325459 
-0.297036 0.357334 
0.602726 0.23083 
-0.336265 0.336463 
-0.614497 -0.0162192 
-0.606187 0.0271633 
-0.58475 0.087926 
-0.568969 0.118933 
-0.577228 0.103559 
-0.527823 0.179078 
-0.559874 0.134225 
-0.256134 0.376816 
-0.46014 0.249429 
-0.392075 0.30212 
-0.409893 0.289688 
-0.427287 0.276693 
-0.31685 0.347084 
-0.373876 0.314019 
-0.191393 0.403594 
-0.0476579 0.447392 
-0.0215552 0.453114 
0.0330526 0.462831 
-0.097779 0.434484 
-0.475311 0.235508 
-0.489585 0.22157 
-0.444039 0.263265 
-0.0730657 0.441164 
0.562132 0.304435 
-0.549945 0.149406 
0.64546 0.0565174 
0.640829 0.1066 
0.644115 0.0237265 
0.645251 0.0400406 
0.580905 0.275007 
0.439025 0.41179 
0.390918 0.434142 
0.366231 0.443103 
-0.611021 0.00554094 
0.55178 0.318236 
-0.503072 0.20755 
0.520991 0.352218 
0.538242 0.334316 
0.121546 0.471845 
0.283428 0.463518 
0.340255 0.450989 
0.588919 0.260208 
-0.515756 0.193464 
0.644769 0.0731124 
0.643213 0.089798 
-0.213441 0.394997 
0.637692 0.123334 
-0.235015 0.386069 
-0.599995 0.0485655 
-0.276794 0.367243 
-0.145742 0.419773 
-0.122004 0.427343 
0.482839 0.384208 
-0.16887 0.411845 
0.415404 0.42365 
0.0616376 0.466676 
0.0910918 0.469716 
0.0053496 0.458286 
0.313066 0.457736 
0.152972 0.472914 
0.25141 0.468103 
0.218712 0.471169 
0.185352 0.472755 
-0.592465 0.0696607 
0.608968 0.21584 
0.596044 0.245683 
0.626447 0.166592 
0.614791 0.2008 
0.63301 0.14338 
0.62022 0.185675 
ZONE T="boundary5"
0.53056 -0.170202 
0.551375 -0.152816 
-0.549019 -0.290357 
-0.610167 -0.136087 
-0.487293 -0.371194 
-0.501644 -0.355189 
-0.558334 -0.274477 
-0.593997 -0.195305 
-0.617339 -0.0708415 
-0.617191 -0.0489864 
-0.567029 -0.258243 
-0.58212 -0.225948 
-0.574854 -0.242232 
-0.605324 -0.15768 
-0.600079 -0.176612 
-0.196945 -0.525 
-0.221584 -0.520982 
-0.24545 -0.515719 
-0.335111 -0.483329 
-0.313513 -0.493036 
-0.269105 -0.509148 
-0.291528 -0.501642 
-0.145393 -0.528788 
-0.171154 -0.527676 
-0.0930699 -0.526187 
-0.119125 -0.528305 
-0.0158384 -0.509955 
-0.471206 -0.387659 
-0.538534 -0.306719 
-0.514857 -0.339185 
-0.527415 -0.322646 
-0.615729 -0.0271385 
-0.454418 -0.403389 
-0.41722 -0.433749 
-0.436417 -0.418799 
-0.377041 -0.46069 
-0.397362 -0.447757 
-0.356324 -0.472527 
0.620372 -0.0624034 
-0.588313 -0.210727 
0.627219 -0.0466386 
0.632625 -0.031589 
-0.0671372 -0.522424 
0.00944159 -0.501268 
0.0341693 -0.491105 
0.0826976 -0.466381 
0.0585907 -0.479445 
0.130452 -0.436339 
0.106652 -0.451953 
0.179064 -0.401536 
0.154866 -0.419241 
0.204752 -0.382339 
0.367056 -0.271802 
0.341835 -0.287182 
0.257988 -0.34309 
0.230535 -0.363103 
0.415435 -0.243301 
0.392253 -0.256842 
0.438514 -0.229884 
0.587207 -0.115137 
0.570334 -0.134429 
0.462099 -0.215984 
0.485381 -0.201681 
0.612559 -0.0775529 
0.601429 -0.0957378 
0.637106 -0.0161359 
0.640622 -0.000417248 
0.643188 0.0156051 
0.508334 -0.186508 
-0.0412697 -0.516986 
0.285781 -0.323632 
0.313718 -0.305016 
-0.6138 -0.114417 
-0.6162 -0.092662 
0.541112 -0.161693 
-0.494551 -0.363266 
-0.553753 -0.282463 
-0.617428 -0.059914 
-0.602809 -0.167176 
-0.23355 -0.518513 
-0.324369 -0.488316 
-0.257319 -0.512593 
-0.302572 -0.497476 
-0.158281 -0.528427 
-0.184068 -0.526531 
-0.106082 -0.52745 
-0.132256 -0.528752 
-0.479339 -0.379516 
-0.543858 -0.298591 
-0.533052 -0.314737 
-0.508331 -0.347254 
-0.426905 -0.426388 
-0.387277 -0.454346 
-0.462898 -0.395617 
-0.562759 -0.266402 
-0.571013 -0.250273 
-0.59122 -0.203041 
0.630039 -0.0391575 
-0.445504 -0.411198 
-0.366751 -0.466734 
-0.616625 -0.0380525 
-0.60789 -0.146917 
-0.209291 -0.523166 
-0.0800772 -0.52451 
0.0218698 -0.496367 
-0.52122 -0.33098 
0.0464497 -0.485443 
0.118612 -0.444253 
0.0947415 -0.459299 
0.166995 -0.410438 
0.142708 -0.427874 
0.354427 -0.279442 
0.244226 -0.353039 
0.191919 -0.391953 
0.403843 -0.250054 
0.42698 -0.236593 
0.473785 -0.208907 
0.607174 -0.0867598 
0.623927 -0.0545802 
0.616589 -0.0700443 
0.594524 -0.105595 
0.634986 -0.0238988 
-0.578557 -0.234122 
0.638985 -0.0083049 
-0.597139 -0.185992 
0.642026 0.00757333 
-0.345781 -0.478058 
-0.407373 -0.440872 
0.496933 -0.194214 
-0.280362 -0.505537 
-0.0031397 -0.505805 
-0.0285054 -0.513668 
0.0707132 -0.473064 
0.32774 -0.296019 
0.27184 -0.333279 
0.450328 -0.222966 
-0.0541648 -0.51991 
0.21763 -0.3727 
0.299706 -0.314235 
-0.612134 -0.125278 
-0.615155 -0.103558 
-0.616929 -0.0817613 
0.578973 -0.124967 
0.519558 -0.178515 
-0.585278 -0.218363 
0.379645 -0.264287 
0.561031 -0.143813 
