ZONE T="boundary0"
-4 -0.660682 
-4 -0.470097 
-4 0.263586 
-4 0.202922 
-4 0.374245 
-4 0.327681 
-4 0.420809 
-4 0.514669 
-4 0.608529 
-4 1 
-4 0.804265 
-4 -0.565389 
-4 -0.830341 
-4 0.159007 
-4 0.115091 
-4 0.0318623 
-4 -0.0513667 
-4 -0.220388 
-4 0.706397 
-4 -0.135877 
-4 -0.335467 
-4 -0.277928 
-4 -1 
-4 0.233254 
-4 0.350963 
-4 0.467739 
-4 0.295634 
-4 0.902132 
-4 0.561599 
-4 0.137049 
-4 0.0734768 
-4 0.397527 
-4 0.755331 
-4 0.657463 
-4 -0.402782 
-4 -0.249158 
-4 -0.613036 
-4 -0.517743 
-4 -0.91517 
-4 -0.745511 
-4 -0.306697 
-4 -0.178133 
-4 -0.0936221 
-4 -0.00975223 
-4 0.180964 
ZONE T="boundary1"
-2.65844 1 
-2.82817 1 
3.44008 1 
0.432612 1 
0.144855 1 
0.0868958 1 
0.271819 1 
0.202813 1 
0.918507 1 
0.817673 1 
-0.405423 1 
-0.4844 1 
-4 1 
0.340824 1 
1.24366 1 
1.13645 1 
0.62062 1 
0.524401 1 
-0.164941 1 
-0.288266 1 
-0.346844 1 
-0.704627 1 
-0.563377 1 
-1.45931 1 
-1.94512 1 
2.7402 1 
-2.30795 1 
-2.48872 1 
-3.02406 1 
-3.40806 1 
3.09655 1 
2.38139 1 
4 1 
3.72004 1 
1.5905 1 
-0.104413 1 
-0.226603 1 
-0.0438861 1 
0.716838 1 
0.386718 1 
0.0215048 1 
-3.79809 1 
-0.939765 1 
-0.822196 1 
1.02748 1 
-1.08311 1 
-1.22646 1 
-1.15478 1 
-1.61118 1 
-1.76306 1 
-1.34288 1 
1.35088 1 
1.47069 1 
-2.12719 1 
2.19967 1 
2.01795 1 
1.80422 1 
2.5608 1 
-3.21995 1 
-3.59617 1 
-2.7433 1 
0.115875 1 
0.237316 1 
0.86809 1 
-0.444912 1 
1.19005 1 
0.57251 1 
-0.317555 1 
-0.634002 1 
-2.39834 1 
-2.92611 1 
2.91838 1 
3.86002 1 
0.478507 1 
-0.195772 1 
-0.257435 1 
-0.376134 1 
-0.134677 1 
-0.0741497 1 
0.409665 1 
-3.89904 1 
-0.880981 1 
0.972992 1 
0.668729 1 
-1.01144 1 
-1.19062 1 
-1.68712 1 
-1.53524 1 
1.29727 1 
3.58006 1 
3.26832 1 
-2.03616 1 
2.29053 1 
1.91109 1 
2.6505 1 
1.69736 1 
-2.57358 1 
-3.122 1 
-1.85409 1 
2.10881 1 
-2.21757 1 
-3.31401 1 
2.47109 1 
-0.0111906 1 
0.173834 1 
0.0542003 1 
-0.523889 1 
0.363771 1 
0.767255 1 
0.306321 1 
-3.69713 1 
1.08196 1 
-0.763411 1 
-1.28467 1 
-1.40109 1 
1.53059 1 
-3.50212 1 
-1.11895 1 
1.41078 1 
ZONE T="boundary2"
4 -0.266431 
4 -0.241802 
4 -0.53435 
4 -0.438837 
4 -0.31569 
4 -0.165089 
4 -0.203445 
4 0.153201 
4 0.19951 
4 0.25695 
4 0.312304 
4 0.392206 
4 0.352255 
4 -1 
4 1 
4 0.565606 
4 0.106891 
4 -0.0386326 
4 -0.101861 
4 -0.34032 
4 -0.389579 
4 -0.291061 
4 -0.814932 
4 -0.629863 
4 -0.254117 
4 -0.486594 
4 -0.184267 
4 0.176355 
4 0.284627 
4 0.372231 
4 0.782803 
4 0.22823 
4 0.33228 
4 0.0341294 
4 -0.0702466 
4 0.130046 
4 0.478906 
4 -0.364949 
4 -0.133475 
4 -0.222624 
4 -0.303375 
4 -0.907466 
4 -0.414208 
4 -0.582107 
4 -0.722398 
4 -0.278746 
4 -0.328005 
ZONE T="boundary3"
-1.53839 -1 
-1.69185 -1 
-2.03992 -1 
-1.84531 -1 
-0.514002 -1 
-1.1819 -1 
-1.06752 -1 
1.45579 -1 
1.65747 -1 
1.90436 -1 
-0.84461 -1 
-0.741808 -1 
-0.337706 -1 
-0.0806696 -1 
-0.0270943 -1 
0.676242 -1 
-1.29628 -1 
1.05656 -1 
1.19865 -1 
0.76301 -1 
0.838742 -1 
-3.7529 -1 
-3.50579 -1 
2.10676 -1 
2.30916 -1 
-3.06515 -1 
3.43717 -1 
4 -1 
3.62478 -1 
3.01109 -1 
2.77262 -1 
3.24956 -1 
2.54089 -1 
-2.86286 -1 
-2.66057 -1 
-2.23454 -1 
-0.388998 -1 
-0.134245 -1 
0.49445 -1 
0.589475 -1 
0.0407016 -1 
0.108497 -1 
-0.286414 -1 
-0.21033 -1 
0.399426 -1 
0.259474 -1 
0.32945 -1 
0.914474 -1 
1.32722 -1 
-4 -1 
-1.41733 -1 
2.00556 -1 
-3.28547 -1 
-0.639005 -1 
-0.956065 -1 
0.183986 -1 
-1.61512 -1 
-1.94261 -1 
-1.12471 -1 
1.78092 -1 
-0.793209 -1 
-0.0538819 -1 
-1.23909 -1 
1.12761 -1 
0.800876 -1 
-3.62935 -1 
2.20796 -1 
3.81239 -1 
3.53098 -1 
2.89185 -1 
3.13032 -1 
2.42502 -1 
-2.76171 -1 
-2.13723 -1 
-2.44756 -1 
0.541962 -1 
0.0745995 -1 
-0.248372 -1 
0.00680365 -1 
0.294462 -1 
0.719626 -1 
0.632858 -1 
0.985518 -1 
-0.4515 -1 
1.3915 -1 
1.55663 -1 
-1.35681 -1 
-1.47786 -1 
-3.39563 -1 
-1.76858 -1 
2.65675 -1 
-3.17531 -1 
-2.964 -1 
-0.690406 -1 
-3.87645 -1 
-1.01179 -1 
3.34337 -1 
-0.172287 -1 
0.146242 -1 
0.22173 -1 
0.364438 -1 
0.446938 -1 
-0.107457 -1 
-0.363352 -1 
-0.31206 -1 
0.876608 -1 
-0.576503 -1 
-0.900337 -1 
1.26294 -1 
2.05616 -1 
1.95496 -1 
ZONE T="boundary4"
-0.168811 0.533888 
-0.19396 0.527334 
-0.218858 0.519749 
0.304835 0.399276 
0.286822 0.418561 
-0.623466 0.0199625 
-0.552809 0.261104 
-0.542443 0.277513 
0.628502 -0.0254364 
-0.587605 0.194112 
0.631184 -0.04252 
-0.622389 0.0625442 
0.322656 0.378695 
-0.619873 0.0841387 
-0.616055 0.10583 
-0.594673 0.177075 
-0.579934 0.210888 
-0.571528 0.227756 
-0.606256 0.144021 
0.613629 0.0243799 
-0.562581 0.244344 
-0.610965 0.127524 
-0.518786 0.310684 
-0.530929 0.294316 
-0.491236 0.343753 
-0.505324 0.327474 
-0.476085 0.359997 
-0.390649 0.433284 
-0.371507 0.446367 
0.597041 0.0579834 
0.586128 0.0754557 
-0.351895 0.458739 
-0.408959 0.419761 
-0.426759 0.40558 
-0.26607 0.502241 
-0.242628 0.511459 
-0.310389 0.481803 
-0.288421 0.492444 
-0.623587 0.0411219 
-0.443824 0.390931 
0.624697 -0.00863137 
0.247847 0.454622 
0.268395 0.436577 
0.200741 0.488438 
0.226607 0.471105 
0.447058 0.22526 
0.47077 0.200471 
0.391322 0.291825 
0.374163 0.31382 
0.0252932 0.547337 
-0.032289 0.550461 
-0.0610827 0.549674 
-0.00369783 0.549721 
-0.142581 0.539562 
0.114465 0.528277 
0.0849219 0.536732 
-0.460336 0.37567 
0.173903 0.503564 
0.144688 0.517103 
0.40872 0.269996 
0.42758 0.247273 
0.606324 0.0406024 
0.54166 0.130146 
0.55841 0.111601 
0.619712 0.00807203 
0.574132 0.0922141 
0.518626 0.153589 
-0.331356 0.470658 
-0.116189 0.544086 
-0.0886502 0.547536 
0.0554432 0.542987 
0.33996 0.35753 
0.357116 0.33577 
0.495025 0.176576 
-0.181419 0.53074 
-0.206447 0.523668 
0.295929 0.409013 
-0.547701 0.269356 
0.313831 0.38906 
-0.618119 0.0950119 
-0.621291 0.0733601 
-0.591217 0.185626 
-0.5758 0.219356 
-0.60078 0.160659 
-0.583842 0.202533 
-0.567121 0.236085 
-0.613659 0.116712 
-0.524933 0.302556 
-0.498355 0.335679 
-0.483737 0.351946 
-0.512134 0.319143 
-0.381138 0.439914 
0.591729 0.0668102 
-0.361757 0.452643 
-0.399866 0.426606 
-0.417924 0.412752 
-0.254394 0.506965 
-0.230784 0.51572 
-0.299456 0.487228 
-0.536766 0.285969 
-0.435358 0.398333 
-0.623692 0.0305413 
-0.277292 0.497448 
0.626741 -0.017002 
0.258253 0.44575 
0.21384 0.480019 
0.277718 0.427681 
0.458793 0.212751 
0.382725 0.302809 
-0.557768 0.252766 
-0.046691 0.550255 
0.0108151 0.54874 
0.0997697 0.532771 
-0.623151 0.0518422 
-0.468283 0.367906 
0.159432 0.510628 
0.237356 0.46303 
0.418077 0.258573 
0.601832 0.0493728 
0.629985 -0.0339558 
0.622346 -0.000237525 
0.616806 0.0162762 
0.610109 0.0325511 
0.566417 0.102026 
0.530248 0.141971 
-0.320925 0.476328 
-0.45215 0.383377 
-0.341681 0.464794 
-0.155727 0.536866 
-0.12941 0.541968 
-0.0748793 0.54877 
0.0404032 0.545404 
0.0702351 0.540107 
0.187469 0.496261 
0.331369 0.368162 
0.365646 0.3248 
0.399982 0.280879 
-0.0179884 0.550285 
0.348572 0.346677 
-0.10244 0.545971 
0.129687 0.522987 
0.482841 0.188466 
0.580254 0.0839237 
-0.608694 0.135796 
0.550141 0.12097 
0.43722 0.236177 
0.506848 0.165105 
ZONE T="boundary5"
0.572415 -0.271773 
0.555755 -0.295378 
-0.496394 -0.225948 
-0.563238 -0.154898 
-0.603496 -0.0802997 
0.599276 -0.221192 
-0.553713 -0.167482 
0.485161 -0.362136 
0.474017 -0.369649 
-0.622033 -0.000898343 
-0.623466 0.0199625 
0.49601 -0.354209 
-0.587965 -0.114962 
-0.595762 -0.098965 
-0.482475 -0.237267 
-0.571568 -0.142813 
-0.57934 -0.130399 
-0.615286 -0.0414914 
-0.6193 -0.0213997 
-0.307634 -0.332747 
-0.227382 -0.362261 
-0.248346 -0.354989 
-0.268354 -0.34778 
-0.32688 -0.324873 
-0.0664797 -0.409417 
-0.0908941 -0.403286 
-0.115196 -0.396794 
-0.1386 -0.390194 
-0.206344 -0.36929 
-0.184167 -0.376422 
-0.383361 -0.299111 
-0.468166 -0.24809 
0.537282 -0.317022 
-0.543653 -0.179616 
-0.53278 -0.191647 
-0.36477 -0.308105 
-0.288285 -0.340311 
-0.452535 -0.259063 
-0.436533 -0.269462 
-0.419285 -0.27983 
-0.401718 -0.289609 
0.630922 -0.111362 
0.631184 -0.04252 
0.63273 -0.059697 
-0.52147 -0.203177 
-0.610009 -0.0611404 
-0.345902 -0.316688 
0.148258 -0.442157 
0.119663 -0.440379 
0.063824 -0.434399 
0.0911773 -0.437725 
0.628099 -0.129794 
0.0102851 -0.425848 
-0.0158933 -0.420762 
0.036602 -0.430375 
0.178271 -0.443006 
0.270902 -0.438183 
0.239195 -0.441202 
0.208334 -0.442736 
0.303267 -0.433443 
-0.0412499 -0.415314 
0.451208 -0.38329 
0.632554 -0.0941716 
0.517294 -0.33661 
0.618195 -0.170441 
0.609791 -0.195354 
0.624278 -0.14796 
0.633173 -0.0769026 
-0.161909 -0.383299 
0.586884 -0.246835 
0.367424 -0.41828 
0.398572 -0.407619 
0.336067 -0.42673 
0.425187 -0.396427 
0.438316 -0.390093 
0.564358 -0.283768 
-0.558547 -0.161244 
0.479624 -0.365944 
-0.622915 0.00952067 
-0.591977 -0.107019 
-0.489485 -0.23167 
-0.575524 -0.13665 
-0.617456 -0.0314782 
-0.583759 -0.12274 
-0.567469 -0.148901 
-0.258361 -0.351415 
-0.317273 -0.32885 
-0.0786988 -0.406399 
-0.126909 -0.393532 
-0.216873 -0.365805 
-0.195266 -0.372888 
-0.103057 -0.400084 
-0.475367 -0.24274 
0.546765 -0.30641 
-0.53828 -0.185689 
-0.548748 -0.173604 
-0.374094 -0.303667 
-0.44458 -0.264333 
-0.41054 -0.284789 
-0.392574 -0.294426 
-0.4604 -0.253647 
0.632097 -0.0510959 
-0.527182 -0.197468 
-0.297974 -0.336564 
-0.612808 -0.051359 
-0.35536 -0.312449 
-0.427954 -0.274721 
0.133953 -0.441382 
0.0774896 -0.436153 
-0.00281723 -0.423373 
0.0502005 -0.432471 
-0.606909 -0.0707732 
0.255067 -0.439882 
0.193304 -0.443016 
0.223773 -0.442134 
0.287116 -0.436029 
-0.0285843 -0.418097 
-0.0538775 -0.41242 
0.462733 -0.37667 
0.490623 -0.358224 
0.506833 -0.345627 
-0.509144 -0.214797 
-0.278332 -0.344079 
0.527501 -0.327033 
0.614185 -0.182962 
0.621407 -0.159247 
0.629643 -0.120599 
0.626309 -0.138903 
0.631861 -0.102778 
0.633087 -0.0682964 
0.632994 -0.0855418 
-0.237875 -0.358656 
-0.599781 -0.0896951 
-0.336411 -0.320826 
-0.173048 -0.379893 
-0.150265 -0.386783 
0.163261 -0.442716 
0.383091 -0.413222 
0.0234309 -0.428185 
0.579911 -0.259456 
0.319717 -0.430331 
0.10541 -0.439158 
0.351812 -0.422753 
-0.620832 -0.011171 
0.431781 -0.393318 
0.604732 -0.208354 
0.593297 -0.234118 
0.411973 -0.402244 
0.444793 -0.386752 
