ZONE T="boundary0"
-4 -1 
-4 -0.465039 
-4 -0.252848 
-4 -0.219027 
-4 0.047565 
-4 0.104887 
-4 0.222852 
-4 0.593445 
-4 0.499296 
-4 -0.185205 
-4 -0.0183827 
-4 -0.0843304 
-4 -0.781642 
-4 -0.563285 
-4 1 
-4 -0.309821 
-4 -0.366794 
-4 -0.134768 
-4 0.405146 
-4 0.34432 
-4 0.162209 
-4 0.796723 
-4 0.313907 
-4 0.283494 
-4 0.452221 
-4 -0.235937 
-4 0.076226 
-4 0.54637 
-4 -0.0513566 
-4 -0.338307 
-4 -0.159987 
-4 -0.109549 
-4 -0.514162 
-4 0.0145911 
-4 0.133548 
-4 0.898361 
-4 -0.672463 
-4 -0.415917 
-4 0.695084 
-4 -0.890821 
-4 -0.202116 
-4 -0.281334 
-4 0.329114 
-4 0.298701 
-4 0.253173 
-4 0.19253 
-4 0.374733 
-4 0.428684 
-4 0.475758 
ZONE T="boundary1"
-3.57477 1 
0.733753 1 
0.788138 1 
-1.48308 1 
0.539402 1 
-0.376533 1 
-1.38237 1 
-1.84017 1 
-2.03831 1 
-1.13656 1 
-1.28166 1 
1.09321 1 
3.38906 1 
-3.36211 1 
-1.64202 1 
-4 1 
2.40938 1 
2.65618 1 
2.19297 1 
1.97655 1 
2.90299 1 
1.72572 1 
-2.37204 1 
-2.70577 1 
-2.92761 1 
-3.14944 1 
-2.20518 1 
-0.0481191 1 
0.300579 1 
0.0278909 1 
0.103901 1 
0.45576 1 
0.372118 1 
0.22904 1 
0.0658958 1 
-0.295954 1 
-0.215376 1 
-0.466151 1 
-0.555769 1 
0.166471 1 
-0.661055 1 
-0.766341 1 
-0.991448 1 
0.636578 1 
-0.878894 1 
-1.064 1 
1.54374 1 
1.44619 1 
1.34864 1 
1.22092 1 
0.967866 1 
0.842523 1 
3.69453 1 
3.14602 1 
-0.131747 1 
4 1 
0.760946 1 
-1.93924 1 
-1.20911 1 
-3.46844 1 
-3.78739 1 
2.53278 1 
2.08476 1 
-2.53891 1 
-3.03852 1 
0.497581 1 
0.26481 1 
0.0468933 1 
-0.336244 1 
-0.51096 1 
-0.713698 1 
0.413939 1 
0.58799 1 
-0.822618 1 
-0.935171 1 
-1.10028 1 
-0.421342 1 
-1.43272 1 
-1.56255 1 
-1.33202 1 
-1.74109 1 
1.49497 1 
1.28478 1 
0.905194 1 
1.03054 1 
1.15707 1 
3.5418 1 
-1.02772 1 
3.26754 1 
1.85113 1 
-2.81669 1 
2.30117 1 
-2.12175 1 
-3.25578 1 
0.0848983 1 
0.197755 1 
-0.0899333 1 
-0.0101141 1 
-0.255665 1 
-0.173562 1 
0.135186 1 
0.685165 1 
0.81533 1 
3.02451 1 
1.63473 1 
-0.608412 1 
1.39742 1 
3.84727 1 
2.77959 1 
-2.28861 1 
0.336349 1 
ZONE T="boundary2"
4 -0.779907 
4 -1 
4 -0.00905189 
4 -0.0841852 
4 -0.386634 
4 -0.473224 
4 0.282737 
4 0.744876 
4 0.0618045 
4 0.33725 
4 0.489752 
4 -0.559814 
4 -0.328733 
4 0.228224 
4 0.413501 
4 0.180442 
4 -0.270832 
4 -0.215075 
4 -0.159318 
4 0.617314 
4 0.132661 
4 1 
4 -0.889954 
4 -0.0466185 
4 -0.429929 
4 -0.357683 
4 0.309993 
4 0.375375 
4 0.25548 
4 0.451627 
4 -0.187197 
4 -0.242953 
4 -0.299782 
4 0.553533 
4 0.0972327 
4 0.156552 
4 -0.669861 
4 0.204333 
4 0.0263763 
4 -0.121752 
4 -0.516519 
4 0.681095 
4 0.872438 
ZONE T="boundary3"
-4 -1 
-3.70422 -1 
4 -1 
3.1231 -1 
1.2396 -1 
-1.03627 -1 
0.689778 -1 
0.474317 -1 
1.67648 -1 
3.46209 -1 
-2.1453 -1 
2.64403 -1 
2.43308 -1 
3.73105 -1 
-3.18019 -1 
-3.40844 -1 
-2.65265 -1 
-2.95194 -1 
-0.374022 -1 
-0.233167 -1 
-0.638823 -1 
-0.158484 -1 
-0.544339 -1 
-0.459181 -1 
-0.0155108 -1 
0.580246 -1 
0.368388 -1 
-0.0838013 -1 
0.79931 -1 
-0.935202 -1 
-0.834255 -1 
-1.24651 -1 
-1.13735 -1 
-1.49879 -1 
-1.35568 -1 
-0.783781 -1 
-0.733307 -1 
-1.78957 -1 
-1.6419 -1 
-2.35336 -1 
-1.93724 -1 
1.13016 -1 
0.910009 -1 
1.33873 -1 
1.43785 -1 
1.02071 -1 
2.07046 -1 
1.55717 -1 
1.91877 -1 
2.22214 -1 
0.278499 -1 
0.18861 -1 
0.0527798 -1 
0.120695 -1 
-0.884728 -1 
-3.85211 -1 
3.2926 -1 
2.88356 -1 
2.53856 -1 
3.86552 -1 
-3.29431 -1 
-3.06606 -1 
-2.8023 -1 
-0.303594 -1 
-0.50176 -1 
0.527281 -1 
-0.049656 -1 
0.421353 -1 
0.744544 -1 
-0.195825 -1 
-3.55633 -1 
-0.591581 -1 
-0.985738 -1 
-1.19193 -1 
-1.30109 -1 
-0.758544 -1 
-1.42723 -1 
-1.57034 -1 
1.18488 -1 
0.85466 -1 
1.38829 -1 
1.07543 -1 
-1.71573 -1 
-2.50301 -1 
-2.24933 -1 
1.61683 -1 
1.79763 -1 
3.59657 -1 
-2.04127 -1 
-1.86341 -1 
2.32761 -1 
2.1463 -1 
1.99461 -1 
0.233555 -1 
-0.416602 -1 
-0.121143 -1 
0.0186345 -1 
0.323444 -1 
0.154653 -1 
-0.686065 -1 
-0.809018 -1 
-0.859491 -1 
0.965359 -1 
1.28917 -1 
0.635012 -1 
-1.08681 -1 
1.49751 -1 
0.0867374 -1 
-0.909965 -1 
ZONE T="boundary4"
-0.625647 -0.0219546 
0.465897 0.386911 
0.643499 0.0246214 
0.532302 0.308277 
0.522747 0.322354 
0.645278 -0.0049237 
0.638899 0.054371 
0.644751 0.00986253 
0.490273 0.362609 
0.549752 0.279187 
-0.622173 0.00168038 
-0.46616 0.281641 
-0.617313 0.025292 
-0.611064 0.048827 
0.478284 0.375095 
-0.594479 0.0953419 
-0.603444 0.0722018 
-0.58685 0.112601 
-0.578387 0.129879 
-0.569269 0.146823 
-0.535853 0.199159 
-0.448156 0.298909 
-0.164212 0.461552 
-0.188971 0.452949 
-0.213451 0.443611 
-0.523238 0.216205 
0.590986 0.192874 
0.602228 0.166609 
-0.49651 0.24903 
-0.510119 0.232825 
-0.429483 0.315451 
-0.410255 0.331228 
-0.48163 0.265609 
-0.390473 0.346299 
-0.37009 0.360735 
-0.327825 0.387598 
-0.306003 0.40003 
-0.283557 0.411899 
-0.349235 0.374476 
-0.260746 0.423072 
-0.237259 0.433698 
-0.138745 0.469554 
-0.558903 0.164457 
-0.0599329 0.489182 
-0.0865835 0.48339 
-0.0324634 0.494272 
-0.00484961 0.498497 
0.50173 0.349581 
0.425097 0.419477 
-0.547896 0.181692 
0.364796 0.454361 
0.56518 0.249319 
0.512512 0.336201 
0.453031 0.398152 
0.0236565 0.501924 
0.142415 0.505666 
0.111572 0.506391 
0.0522498 0.504402 
0.173162 0.503663 
0.631767 0.0841499 
0.622483 0.113928 
0.579353 0.21899 
0.612787 0.140414 
0.641529 0.0395316 
0.395788 0.438087 
-0.113041 0.476793 
0.0819033 0.505937 
0.205014 0.500146 
0.236689 0.495067 
0.268698 0.488171 
0.300903 0.479229 
0.33303 0.468029 
0.527593 0.315363 
0.645107 0.0024727 
0.644213 0.0172493 
0.541283 0.293894 
-0.62408 -0.0101138 
-0.619911 0.0135192 
0.484346 0.368919 
-0.599118 0.0838315 
-0.607415 0.0605659 
-0.582702 0.121281 
-0.573907 0.138394 
-0.59075 0.104009 
-0.457246 0.290366 
-0.176624 0.457342 
-0.201247 0.448372 
-0.529614 0.207733 
0.596663 0.179763 
-0.503377 0.24098 
-0.516741 0.224565 
-0.4389 0.30727 
-0.419941 0.323428 
-0.489143 0.257385 
-0.380343 0.353604 
-0.40043 0.338851 
-0.316963 0.3939 
-0.294827 0.406052 
-0.359719 0.367692 
-0.249043 0.428475 
-0.272195 0.417573 
-0.225393 0.438744 
-0.151509 0.465649 
-0.0732802 0.486387 
-0.0462178 0.491834 
-0.0186727 0.496493 
-0.614354 0.037102 
-0.473969 0.273696 
-0.553477 0.173124 
0.5177 0.329331 
0.472154 0.381072 
0.496072 0.356159 
0.507191 0.342949 
0.126999 0.506185 
0.0379436 0.503283 
0.572364 0.234201 
-0.541951 0.190478 
0.607594 0.153544 
0.617764 0.127215 
0.557664 0.264361 
0.642599 0.0320874 
0.635612 0.0693251 
0.640292 0.0469649 
0.459524 0.392602 
0.410636 0.429091 
0.627347 0.0991048 
-0.338583 0.381124 
-0.56417 0.155689 
-0.0998377 0.480192 
0.067071 0.505302 
0.0967369 0.506302 
0.585214 0.205951 
-0.12592 0.473269 
0.00939008 0.500328 
0.157801 0.504829 
0.189111 0.502093 
0.220886 0.497807 
0.284872 0.483947 
0.317063 0.473901 
0.349041 0.461489 
0.380455 0.446535 
0.439297 0.409125 
0.252744 0.491842 
ZONE T="boundary5"
-0.503896 -0.36018 
-0.567739 -0.283739 
-0.577431 -0.267174 
-0.545655 -0.31541 
-0.533296 -0.330376 
-0.585735 -0.251223 
-0.627803 -0.0926443 
-0.625647 -0.0219546 
-0.627739 -0.0455805 
-0.611527 -0.185327 
-0.617649 -0.162387 
-0.593348 -0.23484 
-0.600001 -0.218801 
-0.606013 -0.202475 
0.626366 -0.107493 
0.617478 -0.12738 
-0.295717 -0.442944 
-0.374732 -0.430959 
-0.399994 -0.422868 
-0.3223 -0.440963 
-0.348685 -0.437004 
-0.424536 -0.412686 
-0.242533 -0.441588 
-0.269156 -0.443093 
-0.163376 -0.429264 
-0.216123 -0.438647 
-0.189671 -0.434455 
-0.136974 -0.423248 
-0.519785 -0.34498 
-0.487132 -0.374239 
0.642316 -0.0485111 
0.644069 -0.0341081 
0.645278 -0.0049237 
-0.557249 -0.299689 
-0.110524 -0.416645 
0.639805 -0.0626866 
-0.44698 -0.401139 
-0.0837737 -0.409613 
-0.467515 -0.388473 
-0.00224992 -0.388109 
-0.622401 -0.139278 
0.606052 -0.148153 
0.506839 -0.251569 
-0.628456 -0.069154 
-0.625784 -0.116033 
-0.0296345 -0.395163 
-0.056982 -0.402433 
0.0258088 -0.381244 
0.0538441 -0.374834 
0.0826265 -0.368752 
0.228623 -0.343617 
0.199217 -0.348314 
0.14055 -0.357941 
0.11131 -0.36318 
0.169639 -0.353067 
0.375141 -0.312866 
0.403608 -0.30365 
0.258169 -0.338723 
0.287531 -0.333461 
0.346326 -0.320726 
0.562619 -0.20407 
0.545899 -0.220309 
0.31703 -0.327528 
0.526755 -0.236661 
0.593117 -0.167696 
0.483018 -0.26696 
0.578422 -0.186555 
0.636515 -0.0767414 
0.63189 -0.0923407 
0.645054 -0.0195939 
0.458332 -0.280491 
0.431305 -0.292956 
-0.539576 -0.32298 
-0.581674 -0.259249 
-0.626864 -0.0337543 
-0.614752 -0.173905 
-0.596754 -0.226855 
-0.603089 -0.21067 
-0.589629 -0.243075 
0.622122 -0.117525 
-0.38745 -0.427173 
-0.335538 -0.439236 
-0.412374 -0.418034 
-0.255846 -0.442536 
-0.22932 -0.440285 
-0.495628 -0.367349 
0.64329 -0.0413211 
-0.572691 -0.275522 
-0.551558 -0.307631 
-0.526644 -0.337777 
-0.123741 -0.420002 
-0.435873 -0.407136 
-0.0971438 -0.413158 
0.611984 -0.137887 
-0.626964 -0.104356 
-0.477454 -0.38154 
-0.0159467 -0.3916 
0.0398226 -0.377981 
0.0682308 -0.37173 
0.213927 -0.345973 
0.125929 -0.360511 
0.155097 -0.355469 
-0.457365 -0.395001 
0.389429 -0.308442 
0.27286 -0.336154 
0.360772 -0.31695 
0.554385 -0.212324 
0.302297 -0.330588 
-0.511962 -0.352711 
0.536456 -0.228644 
0.634323 -0.0845765 
0.629243 -0.0999584 
-0.608861 -0.193933 
0.641157 -0.0556157 
0.638257 -0.0697363 
0.644658 -0.0268574 
-0.620193 -0.15087 
-0.562597 -0.291786 
-0.628269 -0.0573644 
-0.624262 -0.127683 
-0.628301 -0.0809063 
0.645261 -0.0122602 
0.495066 -0.259487 
0.47079 -0.273945 
-0.282447 -0.443236 
-0.309036 -0.442192 
-0.150163 -0.426339 
-0.176512 -0.431971 
0.0117734 -0.384626 
0.243404 -0.341204 
0.417531 -0.298511 
-0.361776 -0.434243 
-0.202886 -0.436693 
-0.0703759 -0.406027 
0.0969663 -0.365908 
0.18443 -0.350675 
0.44492 -0.286954 
-0.0433103 -0.39878 
0.331705 -0.324252 
0.599777 -0.158053 
0.516913 -0.244277 
0.585946 -0.177265 
0.570669 -0.19545 
