ZONE T="boundary0"
-4 0.0929303 
-4 0.169927 
-4 0.231756 
-4 0.304083 
-4 0.391822 
-4 0.469185 
-4 0.659911 
-4 0.546549 
-4 0.347952 
-4 -0.0455776 
-4 0.0236763 
-4 -0.164399 
-4 -0.104988 
-4 0.773274 
-4 1 
-4 -0.790028 
-4 -1 
-4 -0.274349 
-4 -0.246861 
-4 -0.329324 
-4 -0.384299 
-4 -0.580056 
-4 -0.219374 
-4 -0.482177 
-4 0.131429 
-4 0.200841 
-4 0.267919 
-4 0.430504 
-4 0.60323 
-4 0.326018 
-4 0.507867 
-4 -0.0109506 
-4 -0.134694 
-4 -0.075283 
-4 0.886637 
-4 -0.895014 
-4 0.369887 
-4 0.0583033 
-4 0.716593 
-4 -0.356811 
-4 -0.685042 
-4 -0.191886 
-4 -0.260605 
-4 -0.301836 
-4 -0.233118 
-4 -0.433238 
-4 -0.531117 
ZONE T="boundary1"
-2.75511 1 
1.24637 1 
1.66976 1 
1.42918 1 
0.524214 1 
0.418012 1 
1.02907 1 
-3.32446 1 
-0.111197 1 
-0.172173 1 
-0.851144 1 
-0.969014 1 
-0.297337 1 
0.774994 1 
-1.12794 1 
0.311811 1 
-3.77482 1 
-4 1 
-0.460843 1 
-1.42233 1 
-2.46794 1 
-3.09927 1 
3.79525 1 
3.15465 1 
3.37257 1 
3.5905 1 
2.63408 1 
2.89436 1 
2.37984 1 
0.257209 1 
0.154285 1 
0.105964 1 
0.202606 1 
0.649604 1 
0.586909 1 
-0.37909 1 
0.902033 1 
-3.54964 1 
-1.18091 1 
1.13772 1 
-0.554139 1 
4 1 
-1.26139 1 
-1.34186 1 
-1.50281 1 
-1.65543 1 
-1.80806 1 
-2.92719 1 
-2.18077 1 
-1.99441 1 
2.1256 1 
1.89768 1 
-0.0502199 1 
0.0278723 1 
-0.647435 1 
-0.74929 1 
-1.07496 1 
-1.02199 1 
1.54947 1 
0.471113 1 
-0.141685 1 
-0.910079 1 
-3.88741 1 
-3.21186 1 
3.26361 1 
0.28451 1 
0.130125 1 
0.178446 1 
0.229908 1 
0.555562 1 
0.712299 1 
-0.338214 1 
-0.234755 1 
0.838513 1 
-3.66223 1 
1.0834 1 
3.89762 1 
-1.46257 1 
-1.57912 1 
-1.3821 1 
-1.73175 1 
3.48153 1 
1.33778 1 
-3.43705 1 
-3.01323 1 
-2.32435 1 
-2.08759 1 
-1.90124 1 
-2.84115 1 
2.01164 1 
-2.61152 1 
2.25272 1 
1.78372 1 
2.76422 1 
3.0245 1 
2.50696 1 
-0.0807083 1 
-0.419966 1 
0.364912 1 
0.0669184 1 
-0.0111738 1 
-0.698363 1 
-0.600787 1 
0.618257 1 
-0.800217 1 
-1.15443 1 
-1.10145 1 
-0.995501 1 
-1.04848 1 
-1.30162 1 
-1.22115 1 
0.965552 1 
1.19205 1 
3.69287 1 
-0.507491 1 
ZONE T="boundary2"
4 -0.414493 
4 -0.348771 
4 -0.674243 
4 -0.837121 
4 -0.170737 
4 -0.250203 
4 -0.299487 
4 -0.0900343 
4 -0.21047 
4 0.205902 
4 0.255252 
4 0.323996 
4 -0.0247434 
4 -1 
4 0.473708 
4 0.398852 
4 0.0405474 
4 -0.577229 
4 0.156551 
4 0.736854 
4 -0.480215 
4 1 
4 0.868427 
4 0.605281 
4 -0.381632 
4 -0.755682 
4 -0.274845 
4 -0.130386 
4 -0.230337 
4 0.230577 
4 0.289624 
4 0.43628 
4 0.00790198 
4 -0.0573889 
4 -0.625736 
4 0.0985493 
4 0.181226 
4 -0.528722 
4 -0.918561 
4 0.934213 
4 0.80264 
4 -0.190604 
4 -0.324129 
4 -0.447354 
4 0.361424 
4 0.539494 
4 0.671067 
ZONE T="boundary3"
-0.953227 -1 
-0.850415 -1 
-1.5126 -1 
0.334334 -1 
-0.400044 -1 
3.32143 -1 
3.66072 -1 
0.658112 -1 
-0.625015 -1 
-0.51253 -1 
4 -1 
-4 -1 
-2.43226 -1 
1.20801 -1 
-2.56776 -1 
2.86387 -1 
3.09265 -1 
-2.06293 -1 
-1.82909 -1 
-1.67085 -1 
1.89333 -1 
2.27369 -1 
2.56878 -1 
-2.79455 -1 
-1.39248 -1 
0.259432 -1 
0.416491 -1 
0.0399637 -1 
0.112247 -1 
0.184531 -1 
-0.0244972 -1 
-0.320165 -1 
-0.164622 -1 
-0.088958 -1 
-0.240285 -1 
0.91775 -1 
1.01792 -1 
-0.737715 -1 
-1.05604 -1 
-1.27235 -1 
0.498648 -1 
0.57838 -1 
0.737845 -1 
0.817577 -1 
-1.1642 -1 
1.11297 -1 
-3.27795 -1 
-3.40626 -1 
1.30843 -1 
1.40885 -1 
-3.53456 -1 
1.60874 -1 
1.50879 -1 
-3.76728 -1 
-3.14965 -1 
-3.02134 -1 
-2.29676 -1 
2.71632 -1 
-0.901821 -1 
3.49107 -1 
-0.568773 -1 
3.83036 -1 
2.97826 -1 
-1.94601 -1 
2.08351 -1 
2.42123 -1 
-2.68116 -1 
-1.59172 -1 
0.296883 -1 
0.375412 -1 
-0.456287 -1 
0.148389 -1 
-0.12679 -1 
-0.202453 -1 
-0.0567276 -1 
0.00773325 -1 
-0.280225 -1 
0.967837 -1 
-0.794065 -1 
-1.00463 -1 
0.457569 -1 
0.618246 -1 
0.777711 -1 
-1.21828 -1 
-0.681365 -1 
1.16049 -1 
-1.33242 -1 
1.06545 -1 
-3.3421 -1 
1.35864 -1 
-1.11012 -1 
1.55877 -1 
1.75104 -1 
-3.65092 -1 
-3.88364 -1 
-3.47041 -1 
-3.08549 -1 
-2.90795 -1 
-1.74997 -1 
-2.36451 -1 
-2.17985 -1 
3.20704 -1 
-2.50001 -1 
2.7901 -1 
0.0761054 -1 
0.221981 -1 
0.538514 -1 
-0.360105 -1 
0.697979 -1 
0.867663 -1 
-3.2138 -1 
1.25822 -1 
1.45882 -1 
-1.45254 -1 
2.64255 -1 
ZONE T="boundary4"
-0.116667 0.358544 
-0.0907548 0.362281 
-0.636805 0.0203522 
-0.636865 0.0412496 
0.611568 0.00947047 
-0.635685 0.0621065 
-0.63321 0.0828334 
-0.376031 0.326363 
-0.357023 0.329678 
-0.629401 0.103294 
-0.635565 -0.000483626 
0.615547 0.105208 
-0.551705 0.244003 
-0.538858 0.25568 
-0.277252 0.339779 
-0.298175 0.337497 
-0.525416 0.266398 
0.527957 0.283391 
-0.47981 0.293966 
-0.446722 0.307773 
-0.608856 0.163945 
-0.601381 0.178684 
-0.625583 0.11865 
0.492802 0.314563 
0.480515 0.323435 
-0.620933 0.133836 
-0.615458 0.148737 
-0.593094 0.192844 
0.538932 0.271363 
-0.574062 0.219522 
-0.58399 0.206453 
-0.563303 0.232047 
0.611813 0.126359 
0.606268 0.147975 
-0.510814 0.276552 
-0.495698 0.285675 
0.588885 0.193427 
0.583113 0.205177 
0.599205 0.168973 
-0.463528 0.301286 
0.516403 0.294737 
0.430521 0.351931 
0.443086 0.345756 
-0.412187 0.318336 
-0.394194 0.322653 
-0.337929 0.332544 
0.5683 0.23128 
0.559074 0.245311 
0.54931 0.258655 
-0.234274 0.344274 
-0.212268 0.346633 
-0.141173 0.355196 
-0.064926 0.36616 
-0.318061 0.335153 
0.618048 0.066678 
0.617499 0.0858174 
0.615055 0.0284412 
-0.256354 0.341969 
0.455612 0.338987 
0.467853 0.331717 
0.0498147 0.38331 
0.0806229 0.387236 
0.365638 0.375783 
0.391818 0.367612 
0.417736 0.357637 
-0.00955878 0.374669 
0.0200927 0.379113 
0.504846 0.30495 
0.230037 0.39522 
0.20121 0.395552 
0.141947 0.393154 
0.172478 0.394864 
-0.0372377 0.370413 
0.338944 0.382402 
0.285073 0.391284 
0.31223 0.387498 
0.257988 0.393803 
0.576919 0.216709 
-0.429622 0.313421 
0.617221 0.0474376 
-0.188978 0.349258 
-0.165782 0.352041 
0.111574 0.390589 
-0.103707 0.360391 
-0.636986 0.0308009 
-0.636434 0.0516874 
-0.366538 0.328084 
-0.631476 0.0930956 
-0.636328 0.00992635 
-0.545376 0.249945 
-0.287714 0.338655 
-0.532224 0.261147 
-0.627593 0.110997 
0.486711 0.319071 
-0.623361 0.126275 
-0.618299 0.141325 
0.533528 0.277453 
-0.579124 0.213062 
-0.588644 0.199717 
-0.597344 0.185826 
-0.568777 0.225865 
0.609246 0.137219 
-0.503329 0.281232 
0.586053 0.199329 
0.594285 0.181302 
-0.518199 0.271595 
-0.487817 0.28994 
-0.471721 0.29774 
0.522258 0.289142 
0.436832 0.348903 
-0.403211 0.320577 
-0.385127 0.324579 
-0.347483 0.33116 
0.563772 0.238351 
0.544208 0.26508 
-0.223269 0.345442 
-0.605229 0.17137 
-0.128916 0.356846 
-0.61227 0.15639 
-0.0778377 0.364205 
0.617945 0.0762522 
0.61347 0.0189264 
-0.245312 0.343118 
-0.455168 0.304638 
0.461769 0.335416 
0.0652094 0.385335 
0.378791 0.3719 
0.404861 0.362845 
0.0052626 0.376914 
0.510689 0.299916 
-0.557596 0.238113 
0.498883 0.30983 
0.613883 0.115819 
0.215624 0.395522 
0.157204 0.394127 
0.352338 0.379283 
0.298673 0.389554 
0.572694 0.224045 
0.580068 0.210971 
-0.420931 0.315969 
0.617806 0.0570501 
0.554279 0.252046 
0.602922 0.158537 
-0.177376 0.350627 
-0.0510818 0.368279 
-0.0233995 0.372547 
-0.153474 0.353592 
-0.20062 0.347927 
0.0960878 0.388995 
0.126751 0.391969 
0.244018 0.394654 
0.271543 0.392691 
0.18684 0.395328 
0.325619 0.385123 
0.0349469 0.381251 
-0.438206 0.310697 
0.616697 0.0955299 
-0.308121 0.336352 
-0.266803 0.34088 
-0.634613 0.0724901 
0.616303 0.0379202 
0.424155 0.354842 
-0.328 0.333888 
0.474231 0.327648 
0.449384 0.342433 
ZONE T="boundary5"
-0.317124 -0.449217 
-0.297415 -0.460041 
-0.591909 -0.156383 
-0.390802 -0.401131 
-0.599767 -0.138812 
0.611568 0.00947047 
-0.613711 -0.102353 
-0.619999 -0.0823703 
0.410499 -0.412248 
-0.606982 -0.120989 
-0.635565 -0.000483626 
-0.209998 -0.499502 
-0.232844 -0.490436 
-0.255388 -0.480655 
-0.513122 -0.283309 
-0.498098 -0.301504 
-0.336485 -0.437801 
-0.276564 -0.470671 
-0.355032 -0.426087 
-0.109215 -0.530299 
-0.135319 -0.523683 
-0.1612 -0.516208 
-0.629792 -0.0417845 
-0.185733 -0.508248 
0.600987 -0.0278006 
0.594048 -0.0462296 
-0.484752 -0.316546 
-0.57776 -0.184577 
-0.561536 -0.213108 
-0.373204 -0.413818 
-0.470925 -0.331166 
-0.440741 -0.360184 
-0.456068 -0.34591 
-0.424588 -0.374302 
-0.633208 -0.0212037 
0.442845 -0.365315 
0.435263 -0.377701 
0.58625 -0.0643644 
-0.527409 -0.264563 
-0.625374 -0.0621749 
0.0631026 -0.55163 
0.0331478 -0.55074 
0.606846 -0.00928344 
0.00317038 -0.548627 
-0.0543379 -0.541285 
-0.0818607 -0.536264 
0.219226 -0.532939 
0.18737 -0.540467 
0.125038 -0.549306 
0.0935402 -0.551222 
0.156149 -0.545792 
0.251157 -0.522946 
0.282788 -0.510198 
0.313658 -0.494458 
0.341924 -0.476513 
0.390349 -0.435059 
0.36865 -0.455617 
0.427317 -0.389704 
0.457391 -0.338676 
0.470888 -0.310243 
0.48372 -0.28003 
-0.40799 -0.387913 
0.539411 -0.155007 
0.553293 -0.129008 
0.567114 -0.103117 
0.57697 -0.0838538 
0.52405 -0.185284 
-0.543157 -0.24205 
0.496532 -0.248075 
-0.0256342 -0.545483 
0.509757 -0.216286 
-0.307311 -0.454704 
-0.595915 -0.147631 
-0.616964 -0.0923954 
-0.610439 -0.111704 
-0.221457 -0.495058 
-0.505698 -0.292479 
-0.287031 -0.465437 
-0.326849 -0.443583 
-0.345803 -0.432015 
-0.122294 -0.527099 
-0.173498 -0.512326 
-0.197901 -0.503973 
-0.14829 -0.520053 
0.597633 -0.0370585 
-0.491486 -0.309078 
-0.569827 -0.198943 
-0.382052 -0.407542 
-0.364166 -0.420023 
-0.448461 -0.353107 
-0.432721 -0.367307 
-0.477896 -0.32391 
0.590244 -0.0553373 
-0.631629 -0.0315149 
0.0481216 -0.551341 
0.604048 -0.0185838 
0.0181495 -0.549832 
-0.0681204 -0.538893 
0.203363 -0.53697 
-0.463556 -0.338597 
0.109302 -0.55046 
0.140619 -0.547758 
0.267107 -0.516905 
0.328004 -0.485823 
0.379726 -0.445581 
-0.627705 -0.0520055 
0.419123 -0.401139 
0.439107 -0.371541 
0.431344 -0.383739 
0.477427 -0.295191 
-0.603457 -0.129933 
0.450325 -0.352113 
-0.399448 -0.394589 
0.464315 -0.324547 
-0.244155 -0.485635 
0.546321 -0.141987 
0.560239 -0.116079 
0.572096 -0.0935124 
0.531613 -0.170082 
0.609354 5.63104e-05 
0.581694 -0.0741487 
-0.520357 -0.274005 
-0.622802 -0.0723028 
-0.416342 -0.381172 
-0.634522 -0.0108587 
-0.535402 -0.253389 
-0.0955628 -0.533398 
-0.266015 -0.475745 
-0.55252 -0.227689 
0.0783249 -0.551597 
0.355547 -0.466401 
-0.0400044 -0.543514 
-0.0112457 -0.547188 
0.235287 -0.528243 
0.516745 -0.200707 
0.503025 -0.232129 
0.171801 -0.54336 
0.400673 -0.423878 
-0.585024 -0.170574 
0.490149 -0.264063 
0.298405 -0.502686 
