ZONE T="boundary0"
-4 -0.506423 
-4 -0.38178 
-4 -0.325621 
-4 -0.0411729 
-4 0.282884 
-4 -0.0859759 
-4 -0.130779 
-4 0.401951 
-4 0.347747 
-4 0.564563 
-4 -0.20012 
-4 0.315316 
-4 0.147304 
-4 0.782281 
-4 -0.269461 
-4 0.236703 
-4 0.456155 
-4 0.190523 
-4 0.673422 
-4 -0.444102 
-4 -0.605786 
-4 -1 
-4 -0.852574 
-4 0.0314559 
-4 -0.705149 
-4 1 
-4 0.104085 
-4 -0.353701 
-4 -0.108377 
-4 0.374849 
-4 -0.165449 
-4 -0.23479 
-4 0.331531 
-4 0.259794 
-4 0.429053 
-4 -0.0635744 
-4 0.510359 
-4 0.618993 
-4 -0.475262 
-4 -0.926287 
-4 0.727852 
-4 -0.00485849 
-4 -0.655467 
-4 -0.556104 
-4 -0.778861 
-4 0.891141 
-4 0.2991 
-4 0.213613 
-4 0.168913 
-4 0.125694 
-4 0.0677702 
-4 -0.297541 
-4 -0.412941 
ZONE T="boundary1"
0.768444 1 
0.266035 1 
-0.387026 1 
-0.462299 1 
-0.243278 1 
-0.541313 1 
0.568161 1 
0.461078 1 
0.317979 1 
-0.770255 1 
-0.695291 1 
-0.876855 1 
1.70859 1 
1.55506 1 
-2.06952 1 
1.31925 1 
1.86211 1 
3.15149 1 
-2.25641 1 
2.17619 1 
2.33323 1 
2.01915 1 
-1.88264 1 
-3.235 1 
-3.36334 1 
-2.67996 1 
-2.89331 1 
0.21409 1 
-0.0409083 1 
0.0943419 1 
0.0267168 1 
-0.107856 1 
-0.174804 1 
0.675243 1 
-0.620327 1 
-0.311753 1 
-0.983455 1 
-3.62001 1 
-3.81 1 
0.861644 1 
-1.12207 1 
-4 1 
1.09079 1 
1.01441 1 
-3.49167 1 
-1.36299 1 
-1.24253 1 
0.938026 1 
-1.70922 1 
1.16717 1 
4 1 
-1.4494 1 
-1.5358 1 
2.70357 1 
2.49026 1 
2.91688 1 
-3.10667 1 
3.53957 1 
3.38609 1 
3.69304 1 
-0.424662 1 
0.51462 1 
0.389529 1 
-0.732773 1 
1.63183 1 
1.78535 1 
2.25471 1 
1.94063 1 
-3.29917 1 
-2.78664 1 
-2.46819 1 
0.154216 1 
0.0605293 1 
0.240063 1 
0.292007 1 
-0.0743821 1 
-0.00709572 1 
0.621702 1 
-0.14133 1 
-0.209041 1 
-0.58082 1 
-0.349389 1 
-0.501806 1 
-0.930155 1 
-0.823555 1 
-3.715 1 
0.815044 1 
-0.657809 1 
-3.905 1 
-1.05276 1 
1.0526 1 
-3.55584 1 
-1.30276 1 
0.721843 1 
-1.1823 1 
-1.79593 1 
1.24321 1 
1.43716 1 
-3.4275 1 
-1.4926 1 
1.12898 1 
2.09767 1 
2.41175 1 
2.81023 1 
-2.99999 1 
-2.16297 1 
3.03419 1 
-1.97608 1 
3.46283 1 
3.84652 1 
-3.17084 1 
2.59692 1 
-0.277516 1 
3.61631 1 
-1.40619 1 
-1.62251 1 
3.26879 1 
0.899835 1 
0.976217 1 
ZONE T="boundary2"
4 -0.161726 
4 -0.0991491 
4 -0.036572 
4 0.293576 
4 0.786135 
4 0.572269 
4 0.0893591 
4 -1 
4 -0.633128 
4 0.269939 
4 0.352812 
4 0.412048 
4 0.246302 
4 0.492159 
4 0.199028 
4 -0.193249 
4 -0.456255 
4 -0.372037 
4 1 
4 0.323194 
4 -0.287818 
4 -0.224772 
4 -0.329927 
4 0.144194 
4 -0.0678605 
4 -0.816564 
4 0.281757 
4 0.38243 
4 0.452103 
4 0.532214 
4 0.222665 
4 0.0263935 
4 -0.177488 
4 -0.414146 
4 -0.544691 
4 0.893067 
4 0.679202 
4 0.338003 
4 0.308385 
4 0.258121 
4 -0.130438 
4 -0.256295 
4 -0.308873 
4 -0.209011 
4 -0.350982 
4 0.116776 
4 0.171611 
ZONE T="boundary3"
-3.81846 -1 
0.515555 -1 
0.42802 -1 
0.978893 -1 
0.686023 -1 
-0.609235 -1 
1.61651 -1 
1.78335 -1 
3.5705 -1 
-2.22699 -1 
-0.497716 -1 
-3.63693 -1 
-3.12939 -1 
-2.87234 -1 
2.5934 -1 
4 -1 
2.75572 -1 
2.94836 -1 
-1.85572 -1 
-1.58243 -1 
-2.04135 -1 
-2.61528 -1 
2.19063 -1 
0.60309 -1 
0.371019 -1 
0.768956 -1 
0.0470653 -1 
0.120741 -1 
0.314017 -1 
0.265698 -1 
1.18263 -1 
0.82753 -1 
0.886104 -1 
-0.37951 -1 
-0.151733 -1 
-0.0266102 -1 
-0.0891717 -1 
1.08076 -1 
-4 -1 
-1.38932 -1 
-1.48588 -1 
-1.27807 -1 
-1.16681 -1 
-1.06137 -1 
1.37155 -1 
1.27709 -1 
1.49403 -1 
-0.955928 -1 
-0.83834 -1 
-0.720753 -1 
1.95019 -1 
3.35575 -1 
3.141 -1 
2.43107 -1 
-2.42114 -1 
-0.261304 -1 
-0.206518 -1 
0.217379 -1 
0.16906 -1 
0.471788 -1 
1.69993 -1 
-0.553475 -1 
-3.38316 -1 
-3.00086 -1 
3.78525 -1 
2.85204 -1 
-1.71907 -1 
-1.94854 -1 
0.559322 -1 
0.399519 -1 
0.727489 -1 
0.644556 -1 
0.0839031 -1 
0.289858 -1 
0.932498 -1 
-0.438613 -1 
-0.057891 -1 
0.798243 -1 
0.856817 -1 
0.342518 -1 
-3.90923 -1 
1.1317 -1 
-1.4376 -1 
-1.22244 -1 
-1.3337 -1 
1.32432 -1 
1.55527 -1 
1.22986 -1 
-1.53415 -1 
-0.897134 -1 
-1.00865 -1 
1.43279 -1 
-1.11409 -1 
1.86677 -1 
-0.664994 -1 
-3.72769 -1 
3.24837 -1 
3.46312 -1 
2.67456 -1 
2.51223 -1 
3.04468 -1 
2.31085 -1 
-2.74381 -1 
2.07041 -1 
0.0102276 -1 
-0.233911 -1 
-0.120452 -1 
1.02983 -1 
0.1449 -1 
0.193219 -1 
0.241539 -1 
-0.179126 -1 
-0.320407 -1 
-0.779547 -1 
-2.13417 -1 
-2.32406 -1 
-2.51821 -1 
ZONE T="boundary4"
0.380422 0.0630606 
-0.559247 0.0997839 
-0.559034 0.11884 
-0.471651 0.384237 
0.444033 0.0450216 
0.463575 0.0369475 
-0.450524 0.414379 
-0.371475 0.501552 
-0.355491 0.515724 
-0.519973 0.293717 
-0.558637 0.08093 
-0.55504 0.0439761 
0.224056 0.428114 
-0.527467 0.274721 
-0.537742 0.244095 
-0.532845 0.25949 
-0.282747 0.570022 
-0.511457 0.31299 
-0.502185 0.331916 
-0.490578 0.353336 
0.120413 0.664355 
-0.55663 0.152704 
-0.339052 0.529373 
0.200853 0.389971 
0.185305 0.367378 
-0.321165 0.543252 
-0.26221 0.58281 
-0.557224 0.0622982 
-0.239637 0.59576 
-0.216596 0.607865 
0.560009 -0.0341311 
-0.13793 0.641495 
-0.109009 0.651041 
-0.0785046 0.659492 
-0.0464607 0.666528 
0.147913 0.654685 
0.0217704 0.674588 
0.0561087 0.674486 
0.0890667 0.671149 
-0.0122198 0.671827 
0.213786 0.410067 
0.232304 0.445274 
0.238295 0.460685 
0.546785 -0.0200219 
0.532548 -0.00682151 
0.500705 0.0168887 
0.17263 0.642041 
0.160507 0.648791 
0.169666 0.344418 
0.4242 0.0518251 
0.183442 0.634953 
0.218276 0.601646 
0.247261 0.50273 
0.245623 0.489392 
0.141656 0.167629 
0.1677 0.133482 
0.128023 0.20922 
0.138644 0.286793 
0.185744 0.11865 
0.205605 0.106526 
0.402366 0.0579817 
0.242675 0.475347 
0.202579 0.619173 
0.193605 0.62717 
0.23986 0.561768 
0.210839 0.610624 
0.224956 0.592168 
0.23071 0.58247 
0.247742 0.515457 
0.243187 0.550813 
0.235684 0.57234 
0.245634 0.539488 
0.247172 0.527738 
0.335936 0.0712468 
0.517076 0.00559051 
0.482469 0.0276036 
-0.302817 0.556526 
-0.55244 0.182334 
0.269352 0.0837466 
0.292256 0.0788598 
-0.426928 0.44399 
0.153339 0.31771 
-0.191176 0.619995 
-0.165298 0.631088 
0.2468 0.0898421 
-0.546032 0.213376 
0.128354 0.249224 
-0.400845 0.472874 
-0.559244 0.109313 
0.453867 0.0411439 
-0.461319 0.399471 
-0.363541 0.508703 
-0.559044 0.0903539 
-0.535353 0.251813 
-0.523816 0.284257 
-0.506913 0.322498 
-0.496497 0.342689 
-0.515812 0.303396 
-0.530217 0.267126 
-0.558153 0.135796 
-0.347327 0.522614 
0.193129 0.378656 
-0.330167 0.536388 
-0.55623 0.0531257 
-0.228172 0.601919 
-0.123522 0.646436 
-0.0625281 0.663242 
0.0389541 0.67493 
0.104859 0.668221 
0.134331 0.659957 
0.20744 0.399957 
0.228347 0.436627 
0.235454 0.452931 
0.539785 -0.0132979 
0.553522 -0.0269642 
0.166629 0.645527 
0.17742 0.355956 
0.434162 0.0485673 
0.219068 0.419021 
0.246584 0.496051 
0.153324 0.149516 
0.176461 0.125714 
0.195457 0.112279 
0.391415 0.0606361 
0.198166 0.623253 
0.20679 0.614977 
0.227927 0.587376 
0.188598 0.631156 
0.240638 0.46798 
0.221709 0.596973 
0.214644 0.606206 
0.247636 0.509095 
0.178102 0.638593 
0.241635 0.556327 
0.233297 0.577456 
0.246524 0.533634 
0.244526 0.54518 
0.237878 0.567099 
0.244299 0.482347 
0.358198 0.06739 
-0.558031 0.0716065 
0.524926 -0.000477155 
0.491686 0.0224143 
0.247586 0.521609 
-0.292842 0.563363 
-0.554771 0.167553 
0.28077 0.0811825 
-0.272534 0.576506 
-0.250983 0.58939 
-0.438953 0.429366 
-0.312047 0.549965 
0.161256 0.331225 
-0.203946 0.614057 
-0.151669 0.636439 
0.225813 0.0972209 
0.314053 0.0749244 
0.258029 0.0866107 
-0.0938072 0.655462 
-0.549478 0.197907 
0.14547 0.302508 
-0.178292 0.625672 
0.132467 0.268297 
0.126706 0.229234 
0.133027 0.187822 
0.00475968 0.673537 
-0.0293776 0.66947 
0.0726468 0.673248 
0.473102 0.0324411 
0.508993 0.0113851 
0.154267 0.651842 
-0.54211 0.228797 
0.413319 0.0550498 
-0.481355 0.368935 
-0.41411 0.458634 
-0.386388 0.487447 
ZONE T="boundary5"
0.108007 -0.513352 
0.190731 -0.523574 
-0.43778 -0.207674 
-0.4524 -0.189117 
-0.544173 -0.0090487 
-0.548479 0.00828208 
0.61533 -0.126688 
-0.491109 -0.132229 
-0.474688 -0.158053 
-0.539219 -0.0260538 
-0.46377 -0.173752 
0.614868 -0.363213 
0.625528 -0.340509 
-0.527873 -0.0581047 
0.0872939 -0.509578 
-0.200891 -0.403994 
-0.0366566 -0.476804 
-0.0614342 -0.468087 
-0.084155 -0.459425 
-0.12704 -0.441263 
-0.147226 -0.431857 
-0.165729 -0.422732 
0.0634649 -0.50464 
0.039812 -0.499105 
0.237889 -0.525802 
0.633639 -0.316298 
0.638276 -0.294909 
0.013979 -0.492332 
0.621148 -0.142591 
-0.329821 -0.316539 
-0.347417 -0.301659 
-0.264144 -0.365204 
-0.295712 -0.343034 
-0.422615 -0.225763 
-0.184013 -0.413223 
-0.311794 -0.330899 
-0.503931 -0.109616 
-0.217567 -0.394433 
-0.279344 -0.354788 
-0.248727 -0.375312 
-0.233246 -0.385023 
0.640781 -0.27287 
0.592276 -0.0790365 
-0.552116 0.0259743 
-0.55504 0.0439761 
0.641187 -0.250276 
0.639709 -0.22736 
0.600927 -0.0947595 
-0.515343 -0.0869711 
0.148706 -0.519359 
0.582692 -0.0637589 
0.212877 -0.524959 
0.57187 -0.0486363 
0.560009 -0.0341311 
0.29977 -0.524379 
0.281363 -0.52535 
0.634628 -0.19324 
0.637576 -0.210328 
0.128832 -0.51666 
0.168664 -0.521617 
0.626215 -0.15864 
0.394353 -0.510847 
0.364039 -0.516893 
0.26296 -0.525849 
0.334246 -0.521199 
0.425565 -0.502617 
0.447461 -0.495447 
0.490319 -0.477367 
0.469314 -0.486965 
0.55193 -0.438111 
0.531774 -0.453184 
0.510868 -0.466362 
0.570303 -0.421726 
0.630839 -0.175951 
-0.0116077 -0.484864 
-0.366904 -0.284046 
-0.385731 -0.265732 
-0.106618 -0.450214 
0.587379 -0.403396 
-0.404507 -0.24607 
0.602097 -0.384103 
-0.445164 -0.198454 
-0.546413 -0.000405008 
-0.483068 -0.14525 
-0.541779 -0.0175758 
-0.469288 -0.165945 
-0.458139 -0.181475 
0.620518 -0.352015 
-0.533841 -0.0421836 
0.0976387 -0.511523 
-0.0490762 -0.472529 
-0.0728228 -0.463827 
-0.137161 -0.436618 
-0.156503 -0.427344 
0.0516195 -0.501948 
0.636228 -0.305664 
-0.338675 -0.309165 
-0.430263 -0.216774 
-0.174897 -0.418026 
-0.497656 -0.121 
-0.192476 -0.408651 
-0.209254 -0.399256 
-0.271772 -0.360035 
-0.241011 -0.380205 
0.0753622 -0.507185 
-0.22543 -0.389766 
-0.287562 -0.348958 
0.641239 -0.261579 
0.608538 -0.110552 
-0.509778 -0.0983649 
0.596713 -0.0868406 
0.640661 -0.238806 
-0.30379 -0.337014 
0.566061 -0.0412891 
0.290568 -0.524925 
0.636199 -0.201769 
-0.550389 0.0171095 
0.639801 -0.283923 
0.17969 -0.522666 
0.201798 -0.52434 
0.118409 -0.515065 
0.138761 -0.518065 
0.62377 -0.15059 
-0.320859 -0.323783 
0.225378 -0.525478 
0.379237 -0.514085 
0.250423 -0.525928 
0.349167 -0.519234 
0.410024 -0.506988 
-0.553672 0.0349599 
0.479888 -0.482325 
0.458446 -0.491361 
0.542008 -0.44586 
0.272163 -0.525657 
0.561296 -0.430123 
0.587598 -0.0713304 
0.158677 -0.520544 
0.632831 -0.184576 
0.628627 -0.167271 
0.638744 -0.218833 
0.618331 -0.134609 
-0.256462 -0.370297 
0.577402 -0.0561154 
-0.0241609 -0.480918 
0.436558 -0.499173 
-0.35724 -0.29294 
-0.376403 -0.274976 
-0.116856 -0.445796 
0.500683 -0.472035 
0.579061 -0.412769 
-0.521843 -0.0726401 
0.0268704 -0.495808 
-0.413643 -0.235991 
-0.0954162 -0.454889 
0.00115836 -0.488686 
-0.395208 -0.255986 
0.62994 -0.328526 
0.594977 -0.393935 
0.608758 -0.37383 
0.521444 -0.459972 
0.317026 -0.523017 
