ZONE T="boundary0"
-4 -0.306101 
-4 -0.780293 
-4 -0.670439 
-4 -0.237857 
-4 -0.190453 
-4 0.236703 
-4 0.27601 
-4 0.357329 
-4 0.315316 
-4 0.0893798 
-4 -0.143048 
-4 -0.055796 
-4 0.0314559 
-4 -1 
-4 1 
-4 0.741685 
-4 0.612527 
-4 -0.361061 
-4 -0.416022 
-4 0.399343 
-4 0.147304 
-4 -0.560585 
-4 -0.488303 
-4 0.48337 
-4 -0.725366 
-4 -0.214155 
-4 0.256356 
-4 0.336322 
-4 -0.0994219 
-4 0.870842 
-4 0.677106 
-4 -0.271979 
-4 -0.388541 
-4 -0.0121701 
-4 0.192004 
-4 0.295663 
-4 0.0604179 
-4 0.118342 
-4 0.378336 
-4 -0.524444 
-4 -0.333581 
-4 -0.890146 
-4 -0.452162 
-4 0.547949 
-4 -0.615512 
-4 -0.16675 
-4 0.441356 
ZONE T="boundary1"
1.22595 1 
-0.0405696 1 
-0.107856 1 
0.180188 1 
0.103453 1 
-0.387026 1 
-1.36858 1 
-1.29903 1 
-1.22948 1 
0.296253 1 
-1.50767 1 
0.412317 1 
1.57829 1 
-3.77167 1 
-3.54333 1 
0.570303 1 
-1.7042 1 
-1.9097 1 
1.82549 1 
0.728288 1 
-2.31762 1 
-2.11521 1 
1.10109 1 
0.852253 1 
0.976217 1 
2.70357 1 
3.79692 1 
4 1 
3.59383 1 
3.39075 1 
3.18766 1 
-4 1 
2.43988 1 
1.94239 1 
2.17619 1 
-3.26666 1 
-3.093 1 
-0.175567 1 
-0.464169 1 
-0.243278 1 
-0.315152 1 
-0.541313 1 
-0.618302 1 
0.0267168 1 
-0.994924 1 
-0.770199 1 
-0.845107 1 
1.33697 1 
1.70859 1 
-2.52002 1 
-2.71967 1 
2.30803 1 
-0.695291 1 
-0.920015 1 
-1.1122 1 
-1.05356 1 
1.44799 1 
-2.91933 1 
-0.0742128 1 
0.14182 1 
-1.3338 1 
0.238221 1 
0.354285 1 
-3.6575 1 
-1.43812 1 
-1.60594 1 
-2.21641 1 
1.16352 1 
0.914235 1 
3.89846 1 
3.49229 1 
-3.88583 1 
2.57173 1 
2.94562 1 
-0.141712 1 
-0.279215 1 
-0.502741 1 
-0.351089 1 
-0.425598 1 
-0.209423 1 
0.0650847 1 
-0.00692639 1 
-0.807653 1 
0.79027 1 
0.649295 1 
0.49131 1 
-1.26425 1 
1.03865 1 
1.28146 1 
-3.405 1 
-1.80695 1 
1.64344 1 
-2.41882 1 
1.76704 1 
-3.17983 1 
3.28921 1 
3.69537 1 
2.24211 1 
2.05929 1 
2.37396 1 
-0.579807 1 
-0.656796 1 
-0.732745 1 
-0.882561 1 
-1.02424 1 
-0.957469 1 
-1.08288 1 
-1.17084 1 
1.51314 1 
1.88394 1 
-2.8195 1 
-3.00616 1 
-2.01246 1 
1.39248 1 
-2.61985 1 
ZONE T="boundary2"
4 -0.248459 
4 -0.219538 
4 -0.189441 
4 -0.0226691 
4 0.0538109 
4 0.281639 
4 0.316975 
4 -0.33522 
4 -1 
4 -0.746321 
4 0.809559 
4 1 
4 0.144194 
4 0.246302 
4 0.195248 
4 0.387649 
4 0.619119 
4 -0.277379 
4 -0.0991491 
4 -0.413931 
4 -0.619481 
4 0.445516 
4 -0.492641 
4 -0.159344 
4 0.503384 
4 -0.233998 
4 0.0155709 
4 0.299307 
4 -0.87316 
4 0.90478 
4 0.0990023 
4 0.714339 
4 -0.3063 
4 -0.0609091 
4 -0.374576 
4 -0.174392 
4 -0.262919 
4 -0.204489 
4 -0.129246 
4 0.26397 
4 0.352312 
4 0.169721 
4 -0.453286 
4 0.47445 
4 0.416582 
4 0.561251 
4 -0.682901 
4 -0.556061 
4 0.220775 
ZONE T="boundary3"
-1.06137 -1 
0.16906 -1 
1.03726 -1 
0.371019 -1 
0.318358 -1 
0.756776 -1 
1.17893 -1 
1.28225 -1 
2.00117 -1 
1.81284 -1 
0.265698 -1 
-1.27807 -1 
1.51213 -1 
1.39719 -1 
0.515555 -1 
0.57948 -1 
0.905482 -1 
3.33443 -1 
0.993331 -1 
0.949407 -1 
-4 -1 
-3.59549 -1 
2.58145 -1 
2.96147 -1 
-1.82132 -1 
-1.62107 -1 
4 -1 
3.14795 -1 
3.66722 -1 
2.38547 -1 
-2.02157 -1 
-3.05367 -1 
-2.85511 -1 
-2.43899 -1 
0.443287 -1 
-0.609235 -1 
-0.494372 -1 
-0.0891717 -1 
-0.147845 -1 
-0.206518 -1 
1.08118 -1 
0.831129 -1 
0.217379 -1 
0.108063 -1 
0.0470653 -1 
-0.0210532 -1 
-0.37951 -1 
-0.293014 -1 
1.13005 -1 
1.66248 -1 
-0.949854 -1 
-0.83834 -1 
-0.723787 -1 
-1.16972 -1 
-1.53532 -1 
2.1895 -1 
-3.25223 -1 
-3.42386 -1 
-1.44957 -1 
-1.36382 -1 
-2.64705 -1 
0.643406 -1 
0.344689 -1 
1.23059 -1 
1.90701 -1 
1.45466 -1 
0.547518 -1 
0.971369 -1 
-3.79774 -1 
2.77146 -1 
-1.72119 -1 
3.24119 -1 
3.83361 -1 
2.48346 -1 
-1.92144 -1 
3.50082 -1 
-2.95439 -1 
3.05471 -1 
-2.23028 -1 
0.479421 -1 
-0.551803 -1 
0.407153 -1 
-0.177182 -1 
-0.118508 -1 
1.05922 -1 
0.868305 -1 
0.241539 -1 
0.292028 -1 
0.077564 -1 
0.138561 -1 
-0.336262 -1 
-0.249766 -1 
0.0130061 -1 
-0.0551124 -1 
1.15449 -1 
1.10562 -1 
1.33972 -1 
1.58731 -1 
1.73766 -1 
-0.894097 -1 
-0.436941 -1 
-0.666511 -1 
-0.781064 -1 
-1.11554 -1 
-3.33804 -1 
-1.49244 -1 
-1.32094 -1 
-3.15295 -1 
-3.50967 -1 
-2.75108 -1 
-2.54302 -1 
0.611443 -1 
0.700091 -1 
0.793953 -1 
0.927444 -1 
0.193219 -1 
1.01529 -1 
-1.22389 -1 
2.09534 -1 
2.28749 -1 
-1.00561 -1 
-1.40669 -1 
-1.57819 -1 
ZONE T="boundary4"
-0.587039 0.220566 
-0.11999 0.453797 
-0.594386 0.119756 
-0.593651 0.155764 
-0.591246 0.187355 
0.342463 0.157249 
-0.0988333 0.664983 
-0.105947 0.670804 
0.283263 0.169035 
0.322964 0.162294 
-0.153838 0.693217 
-0.131895 0.685867 
-0.12248 0.681339 
-0.0919691 0.487707 
-0.0831391 0.501287 
-0.104248 0.471625 
-0.160177 0.119489 
-0.128858 0.112581 
-0.233814 0.170733 
-0.212664 0.147965 
-0.187747 0.13104 
-0.243743 0.308256 
-0.252818 0.282094 
0.244035 0.171458 
-0.0365615 0.116847 
-0.582816 0.245469 
-0.577667 0.270187 
-0.567918 0.30734 
-0.0651318 0.542478 
-0.0678235 0.533834 
-0.0618015 0.557596 
-0.444405 0.542994 
-0.41569 0.576101 
-0.469909 0.509209 
-0.0631726 0.550378 
-0.382333 0.608981 
-0.399597 0.592665 
-0.324091 0.65372 
-0.345318 0.6392 
-0.0720975 0.630171 
-0.364433 0.624384 
-0.248923 0.198203 
-0.256324 0.225967 
-0.302253 0.666561 
-0.278103 0.67828 
-0.257346 0.254674 
-0.0784526 0.641333 
-0.192158 0.382431 
-0.219692 0.349612 
-0.069578 0.624738 
-0.0604811 0.587716 
-0.0750941 0.635803 
-0.0655616 0.613974 
-0.228425 0.693941 
-0.0603484 0.570606 
-0.0608887 0.564295 
-0.177635 0.697068 
-0.202759 0.697287 
-0.253695 0.687429 
-0.0601263 0.576583 
-0.0872991 0.653225 
-0.0927782 0.659227 
-0.113779 0.676255 
-0.0601806 0.58226 
-0.0714969 0.524209 
-0.0764856 0.513383 
-0.142791 0.430836 
-0.00475062 0.123711 
0.361589 0.1511 
0.398392 0.135618 
-0.0627929 0.603556 
-0.0640214 0.608669 
-0.0610244 0.59312 
-0.0673654 0.619223 
-0.061793 0.59837 
0.430547 0.11769 
0.485963 0.0752827 
0.50944 0.0521607 
0.202767 0.169942 
-0.16763 0.407054 
0.459899 0.0972124 
-0.544721 0.372973 
-0.529371 0.407535 
-0.0971409 0.110599 
-0.0668048 0.112356 
0.163688 0.165127 
-0.553989 0.349248 
-0.588123 0.0402334 
-0.592594 0.0794975 
0.0322046 0.133343 
0.0733897 0.144708 
-0.511945 0.441656 
-0.492156 0.475624 
0.115509 0.155481 
0.139465 0.160724 
-0.59429 0.137766 
-0.589347 0.203987 
-0.102331 0.66796 
0.303208 0.166218 
0.332752 0.159912 
-0.142671 0.689989 
-0.0874166 0.494433 
-0.0979397 0.479571 
-0.144664 0.115364 
-0.223917 0.158716 
-0.200653 0.138839 
-0.174231 0.124619 
-0.248799 0.295357 
0.263671 0.170744 
-0.585039 0.233037 
-0.580363 0.257854 
-0.57308 0.28884 
-0.0664093 0.538145 
-0.0640938 0.546422 
-0.391053 0.600924 
-0.334811 0.646638 
-0.407725 0.584468 
-0.373471 0.616795 
-0.242235 0.18399 
-0.253428 0.211871 
-0.290286 0.672696 
-0.255707 0.268489 
-0.0624374 0.553985 
-0.206432 0.366464 
-0.0708027 0.627473 
-0.0767344 0.638593 
-0.165617 0.695605 
-0.190142 0.697634 
-0.265983 0.683167 
-0.0602018 0.573598 
-0.0957524 0.662158 
-0.118073 0.678881 
-0.127134 0.683694 
-0.0826837 0.647425 
-0.0735568 0.63301 
-0.313274 0.660346 
-0.073891 0.518767 
-0.131229 0.442201 
-0.089985 0.656274 
-0.109806 0.673603 
-0.0796938 0.507291 
-0.0695778 0.529004 
-0.0206196 0.120064 
0.38023 0.143886 
-0.0605794 0.567453 
-0.0633787 0.606122 
-0.0607224 0.590425 
-0.0613797 0.595752 
-0.0647604 0.611334 
-0.0622642 0.600972 
-0.0664323 0.616612 
-0.0601209 0.579426 
-0.0603004 0.584993 
-0.0684365 0.621997 
-0.0613016 0.560946 
0.414717 0.127066 
-0.111955 0.462602 
0.49792 0.0639247 
0.352074 0.154313 
0.223362 0.171189 
-0.155191 0.418955 
-0.180034 0.394902 
0.445483 0.107795 
-0.354969 0.631927 
-0.537279 0.39036 
-0.0819535 0.111086 
-0.215605 0.69604 
-0.241114 0.691056 
0.183155 0.167905 
-0.561302 0.328412 
-0.232843 0.329598 
-0.113035 0.111042 
-0.0516459 0.114312 
-0.257612 0.240293 
-0.593839 0.0996124 
-0.592648 0.171575 
0.0137455 0.128383 
0.0527641 0.139028 
0.473174 0.0865118 
-0.590694 0.0598277 
-0.502288 0.458783 
0.0943655 0.150268 
0.15154 0.163042 
0.127457 0.158195 
-0.457424 0.526314 
-0.430336 0.559813 
-0.549465 0.361154 
-0.520889 0.424717 
-0.481277 0.492585 
ZONE T="boundary5"
-0.113894 -0.516573 
-0.138252 -0.506583 
0.488254 -0.554741 
0.667876 -0.190944 
0.657355 -0.169577 
0.677614 -0.212607 
0.0723554 -0.568797 
0.0460683 -0.563718 
-0.500539 -0.19565 
-0.488606 -0.214772 
-0.513776 -0.17292 
-0.281108 -0.428404 
-0.22115 -0.465718 
-0.256526 -0.44459 
-0.201719 -0.476327 
0.636408 -0.468522 
-0.305044 -0.411337 
-0.33715 -0.386194 
-0.3545 -0.371412 
-0.0892354 -0.525854 
0.665543 -0.433119 
-0.0624863 -0.535028 
0.673601 -0.420314 
-0.181999 -0.486421 
-0.160274 -0.496804 
0.539629 -0.534743 
0.564448 -0.522182 
-0.426843 -0.298377 
-0.47618 -0.233564 
-0.444688 -0.276685 
-0.460818 -0.255401 
0.701486 -0.300173 
-0.526201 -0.149726 
0.120168 -0.576323 
0.0962127 -0.572824 
0.656701 -0.44534 
0.192086 -0.583625 
0.166819 -0.581603 
0.143459 -0.579211 
0.217407 -0.585055 
0.243266 -0.585891 
0.269153 -0.586075 
0.32461 -0.584139 
0.296888 -0.585519 
0.355162 -0.581594 
-0.0354538 -0.543408 
-0.00787364 -0.551085 
0.389851 -0.577275 
0.0199352 -0.557979 
0.614234 -0.488701 
0.625584 -0.47891 
0.462236 -0.562429 
0.425379 -0.571072 
0.680897 -0.406754 
0.646898 -0.457244 
0.692709 -0.37753 
0.687249 -0.392618 
0.589788 -0.506779 
0.530085 0.028975 
0.548824 0.00554005 
0.565434 -0.0171009 
0.50944 0.0521607 
0.621753 -0.105159 
0.633884 -0.126159 
0.645879 -0.147789 
0.595473 -0.0621039 
0.58121 -0.0401288 
0.609236 -0.0842514 
-0.371393 -0.35612 
-0.390079 -0.33806 
-0.538266 -0.124942 
-0.408107 -0.319355 
0.683452 -0.227 
0.688753 -0.241592 
-0.549047 -0.10027 
0.51438 -0.545462 
0.696983 -0.362 
-0.560976 -0.0690094 
-0.571945 -0.0345247 
-0.581172 0.00221081 
-0.588123 0.0402334 
0.697025 -0.270862 
0.701794 -0.3291 
-0.126111 -0.511668 
0.662699 -0.180223 
0.672854 -0.201729 
0.0591954 -0.56634 
-0.494637 -0.205251 
-0.507255 -0.184342 
-0.238974 -0.455377 
-0.293156 -0.419982 
-0.34588 -0.378867 
-0.0758963 -0.530542 
0.669677 -0.426784 
-0.191893 -0.481439 
-0.149298 -0.50177 
0.55215 -0.528683 
-0.482453 -0.224208 
-0.452854 -0.266119 
-0.520095 -0.16138 
0.10818 -0.574639 
0.179446 -0.582687 
0.131805 -0.577829 
0.256209 -0.586066 
0.310754 -0.584935 
-0.21147 -0.471087 
-0.0216922 -0.547346 
0.372531 -0.579632 
0.0329828 -0.560932 
0.619972 -0.483879 
0.443874 -0.56704 
0.631066 -0.47379 
0.641735 -0.462961 
0.661218 -0.4393 
0.677367 -0.413599 
0.690125 -0.385128 
0.684201 -0.399745 
-0.101599 -0.521302 
0.651891 -0.451369 
0.602229 -0.498037 
0.539599 0.0173607 
0.627863 -0.115639 
0.639936 -0.13695 
0.588404 -0.0510833 
0.602408 -0.0731524 
0.573408 -0.0285641 
-0.363004 -0.363829 
-0.380815 -0.347172 
0.230333 -0.585553 
0.204742 -0.584415 
0.0842724 -0.570877 
-0.468589 -0.244545 
-0.53236 -0.137396 
-0.399177 -0.328788 
-0.417581 -0.30896 
0.283022 -0.585897 
-0.171174 -0.491689 
0.155132 -0.580469 
0.615538 -0.0946856 
0.475293 -0.55875 
-0.0490017 -0.539317 
0.00600596 -0.55463 
0.557235 -0.00571189 
-0.543784 -0.112662 
-0.435878 -0.287622 
-0.321264 -0.398976 
-0.55522 -0.0847196 
-0.566718 -0.0518489 
0.339897 -0.583006 
-0.576852 -0.0162308 
-0.584963 0.0211646 
0.407656 -0.574407 
0.57728 -0.514749 
0.651685 -0.158652 
0.686178 -0.23427 
0.680594 -0.219782 
0.693293 -0.256115 
0.699754 -0.285445 
0.702159 -0.314635 
0.700076 -0.345658 
0.51994 0.0407109 
0.527089 -0.540301 
0.501383 -0.550289 
-0.268892 -0.43661 
0.695 -0.369809 
