ZONE T="boundary0"
-4 -0.162181 
-4 -0.219374 
-4 -0.274349 
-4 0.75 
-4 0.391822 
-4 1 
-4 -0.329324 
-4 -0.384299 
-4 0.304083 
-4 0.347952 
-4 0.203466 
-4 -0.482177 
-4 0.546549 
-4 -0.104988 
-4 -0.040656 
-4 0.0968016 
-4 0.0236763 
-4 0.469185 
-4 -0.790028 
-4 -1 
-4 -0.580056 
-4 0.270544 
-4 0.237005 
-4 0.169927 
-4 -0.685042 
-4 -0.190778 
-4 -0.246861 
-4 0.875 
-4 -0.356811 
-4 0.326018 
-4 -0.0728222 
-4 0.060239 
-4 -0.895014 
-4 -0.531117 
-4 0.648274 
-4 0.253774 
-4 0.369887 
-4 0.220235 
-4 0.430504 
-4 0.133364 
-4 0.507867 
-4 -0.301836 
-4 -0.133585 
-4 -0.433238 
-4 -0.632549 
-4 -0.737535 
-4 0.287313 
-4 0.186696 
-4 -0.00848982 
ZONE T="boundary1"
-3.77482 1 
-1.18091 1 
-1.07496 1 
0.649604 1 
0.105964 1 
-0.172173 1 
-0.969014 1 
0.257209 1 
0.524214 1 
-0.859152 1 
0.311811 1 
2.13876 1 
1.89768 1 
1.13772 1 
1.01988 1 
1.42918 1 
-2.75511 1 
-2.46794 1 
-4 1 
1.28345 1 
-3.32446 1 
2.89436 1 
3.13347 1 
2.76573 1 
2.6371 1 
2.37984 1 
3.52943 1 
3.84314 1 
3.68629 1 
0.202606 1 
0.418012 1 
0.0278723 1 
-0.275632 1 
-0.223903 1 
-0.0502199 1 
-0.111197 1 
-0.327361 1 
-0.37909 1 
-0.554139 1 
-0.651714 1 
-0.74929 1 
-1.26139 1 
-1.34186 1 
-1.50281 1 
-1.42233 1 
-3.54964 1 
-1.65543 1 
-1.80806 1 
4 1 
3.37257 1 
1.35632 1 
1.66343 1 
-3.09927 1 
-2.92719 1 
-1.99441 1 
-2.18077 1 
-2.61152 1 
1.54631 1 
0.775819 1 
0.902033 1 
-2.32435 1 
-1.12794 1 
-1.02199 1 
0.586909 1 
-0.914083 1 
2.01822 1 
1.0788 1 
-3.88741 1 
3.01392 1 
2.50847 1 
3.76471 1 
0.229908 1 
0.364912 1 
0.28451 1 
0.154285 1 
-0.249767 1 
-0.0111738 1 
-0.141685 1 
-0.0807083 1 
-0.353225 1 
-0.466614 1 
-0.602927 1 
-0.804221 1 
-0.700502 1 
-1.30162 1 
0.471113 1 
-1.46257 1 
-1.22115 1 
-3.43705 1 
-3.66223 1 
-1.57912 1 
-1.73175 1 
3.25302 1 
1.31988 1 
-3.21186 1 
3.60786 1 
-2.84115 1 
-3.01323 1 
2.70142 1 
-2.08759 1 
-2.53973 1 
2.2593 1 
-1.90124 1 
1.60487 1 
1.78056 1 
2.83005 1 
0.0669184 1 
-0.198038 1 
-0.301496 1 
0.712711 1 
0.960955 1 
0.838926 1 
1.21059 1 
-2.25256 1 
-2.39615 1 
1.39275 1 
1.48774 1 
-1.3821 1 
3.451 1 
3.92157 1 
-2.68332 1 
ZONE T="boundary2"
4 -0.348771 
4 -0.674243 
4 -0.480215 
4 -0.577229 
4 -0.414493 
4 -0.170737 
4 -0.21047 
4 -0.837121 
4 -1 
4 0.80264 
4 0.156551 
4 0.111227 
4 -0.250203 
4 -0.324129 
4 -0.299487 
4 -0.274845 
4 0.205902 
4 0.0659039 
4 -0.0247434 
4 0.605281 
4 0.502066 
4 0.327052 
4 1 
4 -0.0977403 
4 0.398852 
4 0.450459 
4 0.291152 
4 0.255252 
4 -0.528722 
4 -0.447354 
4 -0.190604 
4 -0.625736 
4 -0.755682 
4 0.133889 
4 -0.230337 
4 -0.311808 
4 -0.381632 
4 0.0885657 
4 0.0205802 
4 0.553673 
4 0.90132 
4 -0.918561 
4 0.70396 
4 -0.262524 
4 -0.287166 
4 -0.33645 
4 -0.134239 
4 -0.0612419 
4 0.362952 
4 0.273202 
4 0.181226 
4 0.309102 
4 0.476263 
4 0.424655 
4 0.230577 
ZONE T="boundary3"
-1.5126 -1 
-2.43226 -1 
3.09265 -1 
3.31949 -1 
0.112247 -1 
-2.29676 -1 
-2.06293 -1 
0.658112 -1 
0.416491 -1 
0.57838 -1 
0.259432 -1 
1.20801 -1 
1.30843 -1 
-3.53456 -1 
-3.02134 -1 
-0.737715 -1 
1.77498 -1 
1.94121 -1 
4 -1 
3.77316 -1 
0.91775 -1 
0.817577 -1 
1.01792 -1 
1.11297 -1 
1.60874 -1 
2.10745 -1 
2.27369 -1 
3.54633 -1 
-1.82909 -1 
-2.56776 -1 
-2.79455 -1 
-3.76728 -1 
2.49501 -1 
2.71632 -1 
0.334334 -1 
0.498648 -1 
-0.088958 -1 
-0.164622 -1 
0.0399637 -1 
0.184531 -1 
-0.0244972 -1 
0.737845 -1 
-0.625015 -1 
-0.51253 -1 
-0.400044 -1 
-1.05604 -1 
-1.1642 -1 
-0.850415 -1 
-0.320165 -1 
-0.240285 -1 
-0.953227 -1 
1.40885 -1 
-4 -1 
-1.39248 -1 
-1.27235 -1 
-1.67085 -1 
-3.27795 -1 
2.90449 -1 
3.20607 -1 
-2.17985 -1 
1.25822 -1 
1.85809 -1 
3.88658 -1 
0.867663 -1 
1.06545 -1 
2.19057 -1 
-2.68116 -1 
-3.65092 -1 
2.60566 -1 
0.375412 -1 
0.538514 -1 
0.296883 -1 
0.0761054 -1 
0.148389 -1 
0.457569 -1 
0.221981 -1 
0.00773325 -1 
0.618246 -1 
0.777711 -1 
-0.568773 -1 
-0.456287 -1 
-1.11012 -1 
-0.280225 -1 
-0.360105 -1 
0.697979 -1 
-1.00463 -1 
0.967837 -1 
-0.681365 -1 
-0.794065 -1 
1.16049 -1 
1.35864 -1 
1.50879 -1 
-1.33242 -1 
-1.59172 -1 
3.65974 -1 
-2.90795 -1 
-3.40626 -1 
-1.74997 -1 
-1.94601 -1 
2.99857 -1 
-2.36451 -1 
-2.50001 -1 
-3.14965 -1 
1.69186 -1 
2.02433 -1 
-3.88364 -1 
-0.0567276 -1 
-0.12679 -1 
-0.202453 -1 
-0.901821 -1 
2.81041 -1 
-1.45254 -1 
3.43291 -1 
-1.21828 -1 
2.38435 -1 
ZONE T="boundary4"
0.60857 0.016432 
0.485462 0.336151 
0.562529 0.25508 
0.571299 0.240626 
-0.631905 -0.00977335 
-0.631288 0.0311021 
-0.632218 0.0106665 
-0.413716 0.295457 
-0.396603 0.301455 
-0.37889 0.307103 
-0.596655 0.149256 
-0.588385 0.163219 
-0.284706 0.331338 
-0.264279 0.335935 
-0.604097 0.134802 
-0.479079 0.26543 
0.543077 0.281965 
0.553144 0.268842 
-0.463304 0.273965 
-0.447198 0.281741 
-0.629063 0.0514192 
-0.620577 0.0912771 
-0.625499 0.0715232 
0.600142 0.176773 
0.590587 0.201749 
-0.615905 0.106042 
0.289098 0.408793 
-0.20104 0.34983 
-0.222439 0.345148 
0.509596 0.316825 
0.497668 0.326861 
-0.610405 0.120585 
-0.579363 0.176592 
-0.569586 0.18942 
0.521001 0.306193 
-0.559054 0.201725 
-0.323642 0.322142 
-0.547764 0.213527 
0.611613 0.133526 
0.606616 0.155421 
-0.522521 0.235963 
-0.508862 0.246306 
-0.494171 0.256278 
0.460627 0.352503 
-0.430613 0.288904 
0.532353 0.294416 
-0.361049 0.312323 
-0.304171 0.326833 
-0.342373 0.317385 
-0.243894 0.340444 
-0.535719 0.224833 
-0.178495 0.354771 
-0.155995 0.359714 
-0.108448 0.37015 
-0.0833477 0.375588 
-0.0582422 0.380915 
0.616369 0.092671 
0.614851 0.11218 
0.61522 0.0542252 
0.612582 0.0352829 
0.0248435 0.396962 
-0.00423739 0.391706 
0.0845711 0.406015 
0.0540887 0.401723 
0.39663 0.38291 
0.370279 0.391708 
0.472848 0.344848 
0.422679 0.372257 
0.579414 0.225635 
0.435508 0.366193 
0.204821 0.414155 
0.233721 0.413517 
0.14554 0.412107 
0.176 0.413688 
0.316461 0.404529 
0.343383 0.398908 
0.261829 0.411731 
0.58521 0.213792 
0.616491 0.0734709 
-0.132207 0.364945 
-0.0312883 0.38644 
0.115252 0.409532 
0.567007 0.247909 
-0.631912 0.0208916 
-0.405182 0.298522 
-0.387765 0.304338 
-0.592623 0.156298 
-0.274494 0.333649 
-0.600483 0.142083 
0.548204 0.275474 
-0.455294 0.277941 
-0.623211 0.0814425 
0.595597 0.18935 
-0.618342 0.0986912 
-0.211738 0.347489 
0.503695 0.321918 
-0.607352 0.127737 
-0.613257 0.113351 
-0.583972 0.16997 
-0.574567 0.183075 
0.515368 0.311582 
-0.564407 0.195645 
-0.55349 0.207702 
0.609314 0.144519 
-0.515759 0.241222 
-0.486683 0.260949 
-0.438941 0.285405 
0.526759 0.300383 
-0.471243 0.269792 
0.537803 0.288265 
-0.422193 0.292255 
-0.369983 0.309762 
-0.233167 0.342799 
-0.529195 0.230485 
-0.294442 0.329104 
-0.167244 0.357241 
-0.0959002 0.372879 
-0.0707994 0.378268 
-0.313911 0.324514 
0.615783 0.102438 
0.614071 0.0447295 
0.610742 0.0258212 
-0.351721 0.314897 
0.0102901 0.394391 
-0.630341 0.0412787 
0.069314 0.403959 
0.383524 0.387517 
0.491621 0.331579 
0.575445 0.233179 
0.466778 0.348739 
0.448202 0.359595 
0.479205 0.340572 
0.219272 0.413981 
0.16076 0.41303 
-0.632213 0.000444365 
0.329959 0.401898 
0.247782 0.412774 
-0.254086 0.338196 
0.587952 0.207795 
0.582364 0.219739 
0.616602 0.0830711 
-0.333014 0.319797 
0.557931 0.262025 
0.429121 0.369284 
-0.541817 0.219259 
-0.189766 0.352299 
-0.120328 0.367552 
-0.0447725 0.383706 
-0.144101 0.36233 
-0.0177721 0.389111 
0.0998958 0.407879 
0.130383 0.410937 
0.275478 0.410416 
0.302805 0.406831 
0.356883 0.395504 
0.0394518 0.399412 
0.190405 0.414053 
-0.501582 0.251388 
-0.627451 0.0615008 
0.613431 0.122882 
0.616031 0.0638354 
0.603558 0.166151 
0.409747 0.377808 
ZONE T="boundary5"
0.371327 -0.42719 
-0.216312 -0.509479 
-0.239224 -0.500379 
-0.531559 -0.272524 
-0.546848 -0.249959 
-0.580071 -0.192404 
0.60857 0.016432 
-0.630411 -0.0301651 
-0.631905 -0.00977335 
-0.607591 -0.128992 
-0.613765 -0.110467 
-0.593496 -0.16425 
-0.600877 -0.146742 
-0.627794 -0.0504664 
-0.624114 -0.070626 
-0.619421 -0.0906345 
-0.396966 -0.410145 
-0.261821 -0.490534 
-0.167338 -0.526153 
-0.141363 -0.533547 
-0.342907 -0.447244 
-0.283025 -0.480467 
-0.303887 -0.469731 
-0.32358 -0.458792 
-0.517604 -0.291338 
-0.361391 -0.435395 
-0.115162 -0.540033 
-0.191963 -0.518228 
-0.489794 -0.324749 
-0.502897 -0.30961 
-0.564549 -0.220955 
-0.379481 -0.422978 
-0.476201 -0.339473 
-0.446436 -0.368751 
-0.461559 -0.354346 
-0.43046 -0.383017 
-0.414023 -0.396773 
0.389778 -0.403061 
0.405219 -0.379401 
0.419642 -0.353966 
0.580291 -0.0560827 
0.588992 -0.0384248 
0.59672 -0.0203645 
0.351397 -0.44914 
0.0272724 -0.558712 
-0.00262207 -0.557139 
-0.0314215 -0.55442 
0.0570632 -0.558956 
-0.0877319 -0.545802 
-0.0601405 -0.550566 
0.0872372 -0.557771 
0.241003 -0.523295 
0.210285 -0.534849 
0.148894 -0.550331 
0.179388 -0.543782 
0.569866 -0.0749565 
0.271153 -0.50886 
0.326676 -0.471706 
0.412569 -0.366863 
0.447152 -0.296436 
0.433488 -0.326347 
0.474967 -0.233796 
0.460395 -0.266139 
0.542815 -0.118274 
0.52661 -0.143039 
0.558713 -0.0934657 
0.508254 -0.172096 
0.603256 -0.00212737 
0.490892 -0.202265 
0.30028 -0.491353 
0.118333 -0.554917 
-0.227805 -0.505022 
-0.539331 -0.261326 
-0.631302 -0.0199794 
-0.610775 -0.119761 
-0.597266 -0.155529 
-0.629239 -0.0403327 
-0.621889 -0.0806582 
-0.250563 -0.495549 
-0.154382 -0.529963 
-0.2935 -0.475183 
-0.33329 -0.453094 
-0.524676 -0.282 
-0.352196 -0.441391 
-0.12829 -0.536903 
-0.179684 -0.522294 
-0.204175 -0.513957 
-0.496408 -0.317232 
-0.572492 -0.206777 
-0.388275 -0.41663 
-0.370485 -0.429257 
-0.454055 -0.361608 
-0.438506 -0.375948 
-0.483056 -0.332165 
-0.626083 -0.0605691 
0.397692 -0.391367 
0.584751 -0.0473074 
0.380795 -0.415321 
0.361594 -0.438385 
-0.604319 -0.137899 
0.012319 -0.558087 
-0.0170335 -0.555923 
-0.101472 -0.543041 
-0.422297 -0.38996 
-0.0739568 -0.54831 
0.0721603 -0.55855 
0.225764 -0.529389 
0.194921 -0.539602 
0.164197 -0.547307 
-0.51034 -0.300545 
0.339316 -0.460739 
0.40894 -0.373162 
0.416148 -0.36044 
0.440422 -0.311439 
-0.468941 -0.346969 
0.467563 -0.249912 
0.45379 -0.281299 
0.534707 -0.130647 
0.550833 -0.10591 
0.575181 -0.0655763 
0.564363 -0.0842541 
0.517327 -0.157491 
0.592986 -0.0294501 
0.600132 -0.0112979 
-0.405548 -0.403527 
-0.616708 -0.100582 
0.60607 0.00710683 
-0.313777 -0.464338 
-0.272464 -0.485585 
-0.555881 -0.235567 
0.042169 -0.559003 
0.482716 -0.217914 
0.28593 -0.500465 
0.102808 -0.556558 
-0.045798 -0.552632 
0.499387 -0.18706 
0.313717 -0.481858 
0.133651 -0.552851 
-0.586978 -0.178418 
0.256242 -0.51642 
0.426715 -0.340242 
