ZONE T="boundary0"
-4 -1 
-4 0.538346 
-4 0.0374596 
-4 -0.282541 
-4 0.453025 
-4 0.367705 
-4 -0.611188 
-4 0.769173 
-4 -0.15029 
-4 -0.216415 
-4 -0.0328602 
-4 -0.091575 
-4 0.140825 
-4 0.239961 
-4 -0.526469 
-4 -0.805594 
-4 0.653759 
-4 1 
-4 -0.183353 
-4 -0.249478 
-4 -0.322343 
-4 -0.362146 
-4 -0.401948 
-4 -0.44175 
-4 0.303833 
-4 0.17387 
-4 0.206916 
-4 0.107779 
-4 0.410365 
-4 -0.0622176 
-4 0.00229968 
-4 0.495685 
-4 -0.568828 
-4 -0.708391 
-4 -0.902797 
-4 0.596052 
-4 -0.199884 
-4 -0.120932 
-4 -0.266009 
-4 -0.342244 
-4 -0.232947 
-4 -0.421849 
-4 -0.48411 
-4 0.190393 
-4 0.223438 
-4 0.124302 
-4 0.157348 
-4 0.335769 
-4 0.0726194 
-4 0.711466 
-4 0.884586 
-4 -0.382047 
-4 -0.302442 
-4 -0.166821 
-4 0.271897 
ZONE T="boundary1"
3.43799 1 
3.8595 1 
3.71899 1 
0.0409442 1 
0.212746 1 
0.161962 1 
0.545614 1 
1.11563 1 
-0.29212 1 
-0.0277656 1 
-1.53469 1 
-1.42619 1 
0.26353 1 
-0.692159 1 
-0.607472 1 
0.658743 1 
-1.80824 1 
0.882554 1 
0.999093 1 
3.57849 1 
3.10919 1 
3.27359 1 
-2.38605 1 
-1.97328 1 
-2.17966 1 
-2.84676 1 
1.7052 1 
2.54592 1 
2.31144 1 
-3.43786 1 
-3.71893 1 
2.94479 1 
2.78039 1 
-0.230516 1 
-0.163496 1 
-0.0964754 1 
0.101453 1 
0.305769 1 
-0.776847 1 
-0.861534 1 
-0.353724 1 
-0.522785 1 
-1.00046 1 
-1.13938 1 
0.432484 1 
0.348007 1 
-1.28279 1 
0.770648 1 
-1.6432 1 
1.22678 1 
1.44287 1 
1.33793 1 
-3.14231 1 
2.08702 1 
1.8626 1 
1.54781 1 
4 1 
-3.85946 1 
-4 1 
-0.438254 1 
3.78925 1 
0.187354 1 
-1.48044 1 
-0.649816 1 
0.940823 1 
3.64874 1 
3.19139 1 
-2.07647 1 
-2.6164 1 
2.42868 1 
3.02699 1 
2.66315 1 
-0.197006 1 
-0.0621205 1 
0.0711986 1 
0.00658933 1 
-0.734503 1 
-0.322922 1 
-0.261318 1 
-0.930995 1 
-1.06992 1 
0.28465 1 
0.131707 1 
-0.565129 1 
-0.81919 1 
0.602178 1 
-1.35449 1 
0.489049 1 
-1.21108 1 
0.714696 1 
1.05736 1 
-1.58894 1 
1.17121 1 
1.3904 1 
-3.29008 1 
-1.72572 1 
-2.28285 1 
2.19923 1 
1.97481 1 
1.62651 1 
3.50824 1 
1.7839 1 
-3.57839 1 
3.92975 1 
-3.92973 1 
-2.99453 1 
-1.89076 1 
2.86259 1 
3.35579 1 
0.238138 1 
-0.395989 1 
-0.48052 1 
-0.129985 1 
0.326888 1 
1.28236 1 
0.826601 1 
-3.7892 1 
1.49534 1 
0.390246 1 
ZONE T="boundary2"
4 -0.489448 
4 -0.585518 
4 -0.108388 
4 -0.156576 
4 0.298628 
4 0.321583 
4 0.229763 
4 0.252718 
4 0.842645 
4 0.0759165 
4 0.398826 
4 0.476069 
4 0.15284 
4 0.191302 
4 -0.362873 
4 -0.283819 
4 -0.204765 
4 -0.681587 
4 0.685289 
4 -0.0162356 
4 1 
4 -0.875 
4 -1 
4 0.275673 
4 0.580679 
4 -0.537483 
4 -0.132482 
4 0.310106 
4 0.241241 
4 0.437447 
4 0.172071 
4 0.114378 
4 -0.323346 
4 -0.42616 
4 -0.633553 
4 0.921322 
4 0.763967 
4 -0.9375 
4 0.360205 
4 0.264196 
4 0.287151 
4 0.210533 
4 0.528374 
4 0.0298404 
4 -0.0623116 
4 -0.180671 
4 -0.244292 
4 0.632984 
4 -0.778294 
ZONE T="boundary3"
-3.67036 -1 
-4 -1 
-1.22158 -1 
3.06709 -1 
3.30032 -1 
0.200798 -1 
-0.216163 -1 
-0.520336 -1 
3.82508 -1 
3.65016 -1 
-0.626536 -1 
-1.34526 -1 
0.684624 -1 
0.801597 -1 
-3.39818 -1 
-2.41775 -1 
-2.5791 -1 
1.36536 -1 
1.44097 -1 
-1.92921 -1 
3.47524 -1 
-1.45301 -1 
-2.17348 -1 
-3.12599 -1 
-2.74045 -1 
-1.74498 -1 
-1.56076 -1 
2.40532 -1 
2.83386 -1 
-0.265656 -1 
-0.315149 -1 
-0.148498 -1 
0.133224 -1 
0.40144 -1 
-0.0808332 -1 
0.0656498 -1 
-0.414136 -1 
-0.364642 -1 
-0.975873 -1 
0.91857 -1 
-1.09789 -1 
1.12287 -1 
1.02072 -1 
0.58104 -1 
-0.740197 -1 
1.24412 -1 
1.59219 -1 
1.6678 -1 
1.51658 -1 
1.7608 -1 
1.85381 -1 
2.03981 -1 
4 -1 
0.263111 -1 
-0.00759172 -1 
-0.683366 -1 
-0.914866 -1 
-0.853859 -1 
-0.797028 -1 
0.325424 -1 
0.477455 -1 
-3.83518 -1 
3.1837 -1 
3.73762 -1 
-0.573436 -1 
0.743111 -1 
-3.53427 -1 
-2.49842 -1 
1.40317 -1 
3.5627 -1 
-1.39914 -1 
-2.93322 -1 
-1.65287 -1 
2.61959 -1 
2.95048 -1 
-0.290403 -1 
-0.24091 -1 
0.167011 -1 
-0.114666 -1 
-0.182331 -1 
0.0994367 -1 
-0.467236 -1 
-0.339896 -1 
-1.03688 -1 
0.860084 -1 
1.0718 -1 
-1.28342 -1 
-1.50689 -1 
1.30474 -1 
1.63 -1 
1.47878 -1 
1.80731 -1 
1.7143 -1 
1.94681 -1 
-3.26209 -1 
-2.29561 -1 
3.38778 -1 
2.22256 -1 
-2.05134 -1 
-1.8371 -1 
3.91254 -1 
-2.65977 -1 
0.231954 -1 
-0.0442125 -1 
0.029029 -1 
-0.711782 -1 
-0.94537 -1 
-0.884363 -1 
-0.825444 -1 
0.294267 -1 
0.363432 -1 
-0.389389 -1 
-0.654951 -1 
-1.15973 -1 
0.632832 -1 
0.969646 -1 
1.1835 -1 
1.55439 -1 
-0.768613 -1 
0.439447 -1 
0.529247 -1 
ZONE T="boundary4"
-0.435131 0.321213 
-0.213838 0.362369 
-0.187803 0.365367 
-0.637699 0.0986363 
-0.641869 0.0747433 
-0.644226 0.0507072 
-0.644855 0.0266589 
0.636202 0.0900938 
-0.578374 0.223111 
-0.590246 0.207425 
0.511746 0.302997 
0.473139 0.330396 
-0.457542 0.31252 
-0.388728 0.335042 
-0.364724 0.340518 
-0.535139 0.266499 
-0.610753 0.173805 
-0.161295 0.368437 
0.6337 0.104002 
0.610972 0.172244 
-0.631659 0.122203 
0.630501 0.117808 
0.545564 0.271151 
0.534854 0.282237 
0.626568 0.131691 
0.622011 0.145313 
-0.618938 0.156758 
-0.625838 0.139676 
-0.564626 0.238923 
0.555619 0.259729 
0.565102 0.247946 
-0.643843 0.00269293 
-0.55031 0.253264 
-0.340535 0.345185 
-0.500284 0.290896 
-0.23992 0.359323 
-0.265413 0.356224 
-0.518113 0.279341 
0.582567 0.223351 
0.57407 0.235816 
0.459579 0.338347 
-0.315756 0.349287 
-0.412166 0.328671 
-0.134847 0.371549 
-0.0539814 0.381327 
-0.0268126 0.384585 
-0.479285 0.302461 
-0.601129 0.190858 
-0.290928 0.352888 
0.638957 0.0341339 
0.637823 0.0202545 
0.639045 0.0621332 
0.635961 0.00636318 
0.445705 0.345737 
0.386155 0.37045 
0.416245 0.359257 
0.499398 0.312627 
0.486466 0.321801 
0.261804 0.396075 
0.52363 0.29281 
0.590476 0.21079 
0.141691 0.399243 
0.112924 0.397879 
0.000688469 0.387769 
0.0282147 0.390766 
0.171261 0.399908 
0.200895 0.399711 
0.0561949 0.393529 
0.231357 0.398482 
0.616765 0.158931 
0.597924 0.197949 
-0.107976 0.374768 
-0.0811511 0.378023 
0.0842432 0.395922 
0.292671 0.392278 
0.323814 0.386884 
0.355068 0.379673 
-0.20082 0.363869 
-0.640013 0.0867298 
-0.644751 0.0386886 
-0.584439 0.215366 
-0.376751 0.337892 
-0.174549 0.366897 
0.635039 0.0970636 
-0.634914 0.11048 
0.540274 0.276757 
0.624367 0.138528 
-0.622522 0.148271 
-0.628883 0.130984 
-0.571638 0.231137 
0.560424 0.253888 
-0.614984 0.165348 
-0.542839 0.260012 
-0.352647 0.342942 
-0.252669 0.357795 
0.628618 0.124773 
-0.509299 0.285273 
0.578376 0.229623 
-0.22688 0.360856 
0.4664 0.334442 
-0.328157 0.347308 
-0.400483 0.331987 
-0.14807 0.369986 
-0.0403981 0.382966 
-0.526743 0.273075 
-0.48989 0.296871 
-0.278175 0.354592 
0.63848 0.0271869 
0.636981 0.0132969 
0.550657 0.265497 
-0.606084 0.182412 
0.401299 0.365119 
0.492983 0.317287 
0.529304 0.287589 
0.479849 0.326171 
0.505627 0.307883 
0.517748 0.297973 
0.127304 0.398642 
0.186079 0.399925 
-0.595827 0.199233 
0.0422008 0.392188 
0.216132 0.399235 
0.619463 0.152151 
0.604692 0.185221 
0.613938 0.165618 
0.452679 0.342111 
0.632185 0.110925 
0.637986 0.0761503 
-0.303349 0.35114 
-0.0130642 0.386196 
0.0144485 0.389296 
0.156474 0.399675 
-0.0945632 0.376392 
-0.0675666 0.379677 
0.0985791 0.396968 
0.246592 0.397433 
0.277259 0.394355 
-0.121411 0.373152 
0.0702144 0.394778 
0.308278 0.389784 
0.370686 0.375314 
0.339494 0.383506 
-0.557591 0.246216 
-0.643268 0.0627468 
-0.468497 0.307672 
-0.446401 0.317034 
-0.423697 0.325092 
-0.644549 0.0146676 
0.569646 0.241925 
0.639369 0.0481323 
0.594258 0.204404 
0.586578 0.217106 
0.431106 0.352783 
ZONE T="boundary5"
-0.548444 -0.239368 
-0.536236 -0.255979 
-0.607611 -0.136743 
-0.631803 -0.0681015 
-0.637241 -0.0447285 
-0.560126 -0.22239 
-0.588298 -0.175879 
-0.597048 -0.159149 
-0.480698 -0.319127 
-0.160571 -0.497959 
-0.189247 -0.48974 
-0.217855 -0.480336 
-0.301489 -0.445308 
-0.274033 -0.458123 
-0.0444703 -0.519637 
-0.0152928 -0.522239 
0.527129 -0.214262 
-0.0735498 -0.515909 
-0.102675 -0.511044 
-0.131614 -0.505079 
-0.616944 -0.114109 
-0.641279 -0.0211171 
-0.495827 -0.303653 
-0.463271 -0.335682 
-0.523589 -0.272036 
-0.51038 -0.287651 
-0.328436 -0.431355 
-0.445226 -0.351574 
-0.424441 -0.368492 
-0.578978 -0.192329 
-0.379735 -0.400581 
-0.402982 -0.384576 
0.626276 -0.0345425 
-0.643843 0.00269293 
0.580519 -0.131063 
0.0138289 -0.523682 
0.0429285 -0.523942 
0.0719176 -0.52298 
0.100759 -0.520752 
0.129396 -0.517205 
0.267164 -0.477618 
0.185899 -0.505901 
0.157865 -0.512263 
-0.625019 -0.0912354 
0.240614 -0.488641 
0.213502 -0.498049 
0.293032 -0.464946 
0.317984 -0.450684 
0.34217 -0.434698 
0.387607 -0.397862 
0.408603 -0.377327 
0.365399 -0.417071 
0.428702 -0.355283 
0.447796 -0.332024 
0.498783 -0.258868 
0.483325 -0.282595 
0.513946 -0.23495 
0.567639 -0.151745 
0.540424 -0.19371 
0.592786 -0.110068 
0.603187 -0.0905699 
0.61022 -0.0759959 
0.554101 -0.172731 
0.621779 -0.0478767 
0.616663 -0.061155 
0.63017 -0.0210202 
0.633401 -0.00740563 
0.635961 0.00636318 
-0.354418 -0.416502 
0.466011 -0.307662 
-0.246077 -0.469821 
-0.542407 -0.247722 
-0.634691 -0.0564544 
-0.592745 -0.167552 
-0.602464 -0.14801 
-0.174948 -0.493986 
-0.203597 -0.485177 
-0.287826 -0.451855 
-0.0298942 -0.52108 
-0.0881354 -0.513615 
-0.117172 -0.508198 
-0.612421 -0.125485 
-0.639439 -0.0329534 
-0.488331 -0.311457 
-0.472064 -0.327488 
-0.517054 -0.279902 
-0.529982 -0.264062 
-0.315035 -0.438471 
-0.434919 -0.360139 
-0.583705 -0.184142 
-0.413791 -0.37664 
0.0283774 -0.523963 
0.0574282 -0.523617 
0.115098 -0.519147 
0.171924 -0.509267 
-0.628571 -0.0797154 
0.199755 -0.502166 
-0.64275 -0.00923237 
0.253973 -0.483331 
0.305622 -0.458015 
0.398257 -0.38775 
0.330207 -0.442888 
0.438391 -0.34377 
0.491114 -0.270771 
0.506376 -0.246917 
0.520521 -0.224595 
0.418804 -0.366443 
0.53376 -0.203975 
0.586743 -0.120619 
0.606772 -0.0833152 
0.560897 -0.162255 
0.624101 -0.0412323 
0.631867 -0.0142324 
0.634767 -0.000537214 
-0.569762 -0.207491 
-0.503177 -0.295719 
-0.55435 -0.230924 
-0.454323 -0.343712 
0.547262 -0.18322 
0.574136 -0.141439 
-0.621133 -0.102726 
-0.146126 -0.501656 
-0.000739191 -0.523106 
-0.341504 -0.424064 
0.143661 -0.514912 
0.280198 -0.471486 
0.45703 -0.319938 
-0.260113 -0.464112 
-0.0590278 -0.517912 
-0.39144 -0.392697 
0.0863508 -0.522028 
0.227127 -0.493542 
0.353927 -0.426073 
0.474772 -0.295201 
-0.367161 -0.408676 
-0.232017 -0.475217 
0.376654 -0.407642 
0.619289 -0.054542 
0.59809 -0.100374 
0.61352 -0.0686105 
0.628301 -0.0278059 
