ZONE T="boundary0"
-4 -0.308942 
-4 -0.375346 
-4 1 
-4 0.811344 
-4 0.0315205 
-4 -0.026344 
-4 -0.0972409 
-4 -0.168138 
-4 0.315907 
-4 -0.236703 
-4 0.36283 
-4 -0.44175 
-4 0.0893849 
-4 0.155723 
-4 0.222061 
-4 -0.526469 
-4 0.622688 
-4 -0.805594 
-4 0.516221 
-4 0.188892 
-4 0.268984 
-4 0.409754 
-4 -0.611188 
-4 -1 
-4 -0.342144 
-4 0.905672 
-4 0.00258824 
-4 -0.0617924 
-4 -0.132689 
-4 -0.20242 
-4 -0.272822 
-4 -0.408548 
-4 0.0604527 
-4 0.122554 
-4 0.717016 
-4 0.205476 
-4 0.245522 
-4 0.386292 
-4 0.569455 
-4 -0.708391 
-4 -0.568828 
-4 -0.48411 
-4 -0.902797 
-4 0.172307 
-4 0.339369 
-4 0.292446 
-4 0.462987 
ZONE T="boundary1"
-4 1 
1.80685 1 
1.9299 1 
1.62193 1 
-0.861534 1 
-0.0292889 1 
1.34812 1 
1.53764 1 
0.182292 1 
-0.606917 1 
-0.691049 1 
1.45335 1 
-0.946804 1 
3.84514 1 
3.69028 1 
-1.97328 1 
-3.53564 1 
-2.6509 1 
3.1857 1 
2.56993 1 
-3.04261 1 
2.31144 1 
2.99084 1 
0.0400631 1 
-0.0986408 1 
0.111177 1 
-0.163662 1 
-0.228683 1 
-0.29737 1 
-0.366057 1 
-0.522785 1 
0.347284 1 
0.446338 1 
-0.776291 1 
-1.03207 1 
-1.13938 1 
-1.24668 1 
-0.444421 1 
0.545392 1 
-1.46103 1 
-1.35386 1 
0.764548 1 
0.65497 1 
-1.63818 1 
-1.82536 1 
-2.1212 1 
0.992839 1 
0.878694 1 
1.24288 1 
1.11786 1 
2.05296 1 
3.53541 1 
2.78039 1 
3.38055 1 
4 1 
-3.17318 1 
-3.35441 1 
-2.38605 1 
-2.91204 1 
1.86837 1 
-0.648983 1 
3.76771 1 
-3.76782 1 
2.44069 1 
-0.0639648 1 
0.0756202 1 
0.00538712 1 
-0.196172 1 
-0.331713 1 
-0.263026 1 
-0.564851 1 
0.396811 1 
0.264788 1 
-0.818912 1 
-0.73367 1 
-0.989439 1 
-1.08573 1 
-0.904169 1 
-1.19303 1 
-1.40744 1 
-1.30027 1 
0.709759 1 
-1.5496 1 
-1.73177 1 
-2.04724 1 
-1.89932 1 
0.935766 1 
1.2955 1 
1.18037 1 
1.40074 1 
2.1822 1 
2.88562 1 
3.28312 1 
0.821621 1 
3.92257 1 
3.61284 1 
1.99143 1 
-3.2638 1 
-3.44503 1 
-2.25362 1 
-2.51847 1 
-0.131151 1 
0.146734 1 
-0.405239 1 
0.600181 1 
-0.483603 1 
3.45798 1 
3.08827 1 
1.71439 1 
1.57979 1 
0.495865 1 
1.05535 1 
-2.78147 1 
-2.97733 1 
-3.1079 1 
2.67516 1 
1.4955 1 
ZONE T="boundary2"
4 -0.403447 
4 -0.489448 
4 -0.236891 
4 -0.278786 
4 -0.320681 
4 -0.183818 
4 -0.210354 
4 0.321583 
4 0.275673 
4 -1 
4 -0.787725 
4 -0.57545 
4 -0.146103 
4 -0.362064 
4 0.0759165 
4 -0.0162356 
4 0.398826 
4 0.476069 
4 0.15284 
4 0.229763 
4 0.685289 
4 0.842645 
4 1 
4 0.580679 
4 -0.108388 
4 -0.446448 
4 -0.257838 
4 -0.299733 
4 -0.197086 
4 0.298628 
4 -0.681587 
4 -0.341372 
4 0.0298404 
4 0.437447 
4 -0.532449 
4 0.921322 
4 -0.893862 
4 -0.223623 
4 -0.382755 
4 -0.127245 
4 -0.16496 
4 -0.0623116 
4 0.252718 
4 0.360205 
4 0.114378 
4 0.191302 
4 0.528374 
4 0.763967 
4 0.632984 
ZONE T="boundary3"
-3.16087 -1 
0.207485 -1 
0.276721 -1 
1.66724 -1 
-0.0798695 -1 
0.364737 -1 
0.452753 -1 
-0.522574 -1 
0.56817 -1 
3.47929 -1 
3.28091 -1 
1.53692 -1 
2.624 -1 
2.07199 -1 
2.348 -1 
-1.47197 -1 
-3.58044 -1 
-2.72153 -1 
4 -1 
3.73965 -1 
2.85327 -1 
-0.305697 -1 
-0.414136 -1 
0.320729 -1 
-0.156474 -1 
0.138249 -1 
0.683587 -1 
-0.231086 -1 
0.067492 -1 
-0.00326476 -1 
-0.626536 -1 
0.801079 -1 
0.91857 -1 
1.12287 -1 
-0.853859 -1 
-0.730498 -1 
1.02072 -1 
1.26474 -1 
1.4066 -1 
1.86962 -1 
3.08253 -1 
-1.34526 -1 
-2.26586 -1 
-1.94511 -1 
-2.11397 -1 
-2.41775 -1 
-0.97722 -1 
-1.77626 -1 
-2.83136 -1 
-2.56964 -1 
-2.9412 -1 
-3.79022 -1 
-4 -1 
-1.21856 -1 
-1.09789 -1 
0.242103 -1 
0.408745 -1 
0.510461 -1 
3.3801 -1 
2.21 -1 
-3.37065 -1 
3.86982 -1 
2.73864 -1 
0.342733 -1 
-0.118172 -1 
-0.359916 -1 
0.172867 -1 
0.625878 -1 
-0.19378 -1 
-0.268392 -1 
0.0321136 -1 
0.10287 -1 
-0.574555 -1 
0.859825 -1 
0.742333 -1 
0.298725 -1 
-0.468355 -1 
-0.792178 -1 
1.0718 -1 
3.60947 -1 
1.76843 -1 
2.9679 -1 
1.97081 -1 
-2.02954 -1 
-2.3418 -1 
-0.91554 -1 
-1.62411 -1 
-1.40862 -1 
-1.86068 -1 
0.969646 -1 
-0.0415671 -1 
-2.64558 -1 
-3.05104 -1 
-3.89511 -1 
-2.49369 -1 
3.18172 -1 
-0.678517 -1 
1.60208 -1 
1.47176 -1 
-1.28191 -1 
-2.18991 -1 
-3.68533 -1 
-2.77644 -1 
-2.88628 -1 
1.19381 -1 
1.33567 -1 
-1.03755 -1 
-1.15822 -1 
2.486 -1 
ZONE T="boundary4"
-0.434467 0.415998 
-0.411241 0.426085 
-0.634031 0.0746358 
-0.633149 0.0998406 
-0.610904 0.208159 
-0.603476 0.227934 
-0.574276 0.286504 
-0.47844 0.390064 
-0.338316 0.444528 
-0.313294 0.44686 
-0.631147 0.0250734 
0.458081 0.280752 
0.485716 0.266211 
-0.630653 0.12521 
-0.288161 0.447414 
-0.262894 0.44632 
-0.626511 0.150633 
-0.622288 0.169784 
-0.617136 0.188813 
0.649782 0.0398279 
0.651937 0.0119928 
0.597129 0.168456 
0.6052 0.15703 
-0.594968 0.247618 
0.64479 0.0672542 
-0.562252 0.304981 
-0.549198 0.322619 
-0.518194 0.357043 
-0.498895 0.374392 
0.641222 0.0807458 
0.636949 0.0940309 
-0.534223 0.340393 
0.58823 0.179896 
0.578883 0.190858 
-0.456917 0.403968 
0.612769 0.145161 
-0.0561687 0.398807 
-0.0291641 0.391042 
-0.00112058 0.383354 
-0.161169 0.428645 
-0.585515 0.266722 
-0.13555 0.421864 
-0.387376 0.434196 
-0.363022 0.440332 
-0.186812 0.434715 
-0.212214 0.439794 
-0.109365 0.414437 
-0.633345 0.0496942 
-0.237581 0.443725 
0.0561545 0.369322 
0.0853651 0.363128 
0.399289 0.304003 
0.368488 0.313062 
0.429601 0.293146 
0.568855 0.201637 
0.511743 0.249767 
0.547415 0.221994 
0.558443 0.211932 
0.115789 0.357336 
0.0269404 0.376174 
0.208766 0.342563 
0.146129 0.352136 
0.272645 0.332845 
0.1775 0.347212 
0.240758 0.337827 
0.304759 0.327251 
0.336724 0.320769 
0.631907 0.107272 
0.619788 0.132864 
0.626219 0.120139 
0.651978 -0.00194004 
0.536008 0.231611 
0.651353 -0.015969 
-0.0831596 0.406751 
-0.633787 0.0872467 
-0.607308 0.218093 
-0.325831 0.445923 
0.472037 0.273751 
-0.632101 0.112547 
-0.275525 0.447064 
-0.624513 0.160235 
-0.628783 0.137956 
-0.619824 0.17933 
0.651211 0.0259371 
-0.614134 0.198524 
0.601231 0.16279 
0.647643 0.0536056 
-0.555858 0.3139 
-0.508711 0.365906 
0.639173 0.0874161 
-0.488822 0.382432 
0.583617 0.185428 
0.609056 0.151141 
-0.467818 0.397235 
-0.0426734 0.394892 
-0.0151527 0.387144 
-0.580044 0.2767 
-0.148344 0.425325 
0.592745 0.174228 
-0.300737 0.447351 
0.643095 0.0740233 
-0.375263 0.437507 
-0.199494 0.43738 
-0.122447 0.418195 
-0.526347 0.348853 
-0.422958 0.42128 
-0.633881 0.0621611 
-0.399393 0.430384 
-0.173971 0.43178 
-0.590369 0.257235 
-0.350713 0.442667 
-0.632434 0.0373684 
-0.22488 0.441911 
-0.250225 0.445198 
0.0707478 0.366146 
-0.599344 0.237831 
-0.568402 0.295834 
0.414527 0.298814 
0.573926 0.196301 
0.498891 0.258251 
0.552977 0.217019 
0.5637 0.206838 
0.10057 0.360154 
-0.445815 0.410213 
0.0415348 0.372669 
-0.541855 0.33163 
0.193133 0.34487 
0.25671 0.335386 
0.320766 0.324141 
0.634516 0.100685 
0.616355 0.139056 
0.629146 0.113742 
0.623085 0.126543 
0.652042 0.00502652 
0.524049 0.240928 
0.651748 -0.00895834 
-0.0696664 0.402769 
0.13095 0.354674 
0.161812 0.349628 
-0.0962582 0.41061 
0.012898 0.379697 
0.288717 0.330138 
0.383945 0.308736 
0.224766 0.340209 
0.352644 0.317088 
0.541758 0.226857 
0.443946 0.287199 
ZONE T="boundary5"
-0.615999 -0.0465229 
-0.511534 -0.229697 
-0.622423 -0.0230597 
-0.627489 0.000815838 
-0.499054 -0.243919 
-0.485333 -0.258667 
-0.564644 -0.157861 
-0.599217 -0.0922349 
-0.608251 -0.0695852 
-0.537506 -0.197304 
0.604203 -0.181492 
0.592024 -0.208801 
-0.550728 -0.178975 
-0.192009 -0.442053 
-0.219696 -0.43147 
-0.247021 -0.419998 
-0.32681 -0.379984 
-0.352337 -0.364836 
-0.08007 -0.475074 
-0.051816 -0.481087 
-0.136282 -0.460377 
-0.108292 -0.468157 
-0.164291 -0.45165 
-0.418957 -0.3185 
-0.471148 -0.272968 
-0.58892 -0.114495 
-0.631147 0.0250734 
-0.376063 -0.349557 
-0.454922 -0.288227 
-0.438159 -0.302892 
-0.399208 -0.333398 
0.623671 -0.133542 
0.630956 -0.112923 
0.572472 -0.249703 
-0.523625 -0.215132 
-0.577382 -0.136377 
0.0914922 -0.497658 
0.0626202 -0.496218 
0.00514845 -0.490471 
-0.0233887 -0.486226 
0.0338022 -0.493809 
0.236682 -0.488541 
0.207748 -0.492756 
0.149569 -0.497461 
0.120542 -0.498091 
0.178722 -0.495703 
0.265466 -0.482969 
0.294041 -0.47594 
0.34989 -0.457209 
0.322283 -0.467361 
0.376998 -0.445306 
0.403302 -0.431638 
0.428619 -0.416178 
0.452585 -0.399068 
0.496651 -0.359505 
0.534249 -0.31394 
0.550665 -0.289064 
0.516175 -0.337544 
0.475372 -0.380109 
0.648214 -0.0438951 
0.558281 -0.276189 
0.565517 -0.263089 
0.582442 -0.229344 
0.615754 -0.153946 
0.635328 -0.0992039 
0.639273 -0.0854781 
0.651353 -0.015969 
-0.274109 -0.407555 
-0.300758 -0.3942 
0.642775 -0.0716364 
-0.625132 -0.0111582 
-0.492251 -0.251346 
-0.603889 -0.0809711 
-0.61938 -0.0348368 
0.59818 -0.195176 
-0.557808 -0.168498 
-0.205895 -0.436873 
-0.233405 -0.425846 
-0.339643 -0.372527 
-0.0659659 -0.478189 
-0.122317 -0.464374 
-0.150321 -0.456122 
-0.4783 -0.265876 
-0.594216 -0.103433 
-0.544205 -0.188203 
-0.6295 0.0129184 
-0.446605 -0.295633 
-0.409148 -0.326037 
-0.387712 -0.341588 
-0.463105 -0.280671 
0.627403 -0.123263 
-0.517629 -0.222457 
-0.583291 -0.12551 
0.0770507 -0.497061 
-0.0091366 -0.488461 
0.0194623 -0.492255 
0.22224 -0.490811 
0.135059 -0.497912 
0.164155 -0.496727 
-0.428631 -0.310786 
0.2798 -0.479639 
0.336163 -0.462489 
0.390265 -0.438693 
0.440757 -0.407842 
-0.571144 -0.147196 
0.542667 -0.301643 
0.525424 -0.325907 
0.554523 -0.282656 
0.416097 -0.424132 
0.251109 -0.485928 
0.569033 -0.256416 
0.577517 -0.239553 
-0.530644 -0.206279 
0.619781 -0.14377 
0.610069 -0.167756 
-0.505343 -0.236851 
0.633189 -0.106078 
0.637353 -0.0923553 
0.561944 -0.269666 
-0.612287 -0.0581078 
0.106016 -0.498004 
-0.0376219 -0.483767 
-0.178188 -0.44696 
-0.364269 -0.357304 
-0.260617 -0.41389 
-0.0942074 -0.471724 
0.0482017 -0.495132 
0.193251 -0.494382 
0.308222 -0.471846 
0.363539 -0.451472 
0.486204 -0.370009 
-0.313847 -0.387207 
0.506614 -0.348707 
-0.287491 -0.400992 
0.587273 -0.219091 
0.464155 -0.389803 
0.645759 -0.0578168 
0.650086 -0.0299657 
0.641082 -0.0785722 
