ZONE T="boundary0"
-4 -1 
-4 -0.50232 
-4 0.131885 
-4 0.409754 
-4 0.322589 
-4 0.222061 
-4 0.622688 
-4 0.0893849 
-4 0.046885 
-4 -0.026344 
-4 0.496918 
-4 -0.720055 
-4 -0.168138 
-4 -0.38118 
-4 -0.44175 
-4 -0.611188 
-4 -0.308942 
-4 0.811344 
-4 1 
-4 -0.099573 
-4 -0.20242 
-4 -0.236703 
-4 -0.272822 
-4 0.366171 
-4 0.068135 
-4 0.0102705 
-4 0.559803 
-4 -0.860028 
-4 0.110635 
-4 0.176973 
-4 0.272325 
-4 -0.411465 
-4 -0.665621 
-4 -0.556754 
-4 0.717016 
-4 0.905672 
-4 -0.345061 
-4 0.453336 
-4 -0.219561 
-4 -0.290882 
-4 -0.254762 
-4 -0.0629585 
-4 -0.472035 
-4 -0.185279 
-4 -0.133855 
ZONE T="boundary1"
-3.76782 1 
1.8993 1 
0.182292 1 
0.108858 1 
-0.691049 1 
0.0400631 1 
-0.288816 1 
3.38055 1 
-0.366057 1 
-0.228683 1 
-0.16855 1 
-0.943242 1 
-1.03207 1 
-3.53564 1 
-2.1212 1 
-1.92397 1 
-2.6509 1 
-3.17318 1 
-2.91204 1 
3.1857 1 
2.99084 1 
2.20661 1 
2.56993 1 
1.62193 1 
2.05296 1 
-0.443298 1 
-0.602273 1 
-0.779825 1 
-0.0287314 1 
0.347284 1 
0.255726 1 
4 1 
-0.0986408 1 
-0.522785 1 
0.764548 1 
0.651941 1 
0.438843 1 
-0.861534 1 
-1.12091 1 
-1.24668 1 
-1.37246 1 
1.24288 1 
1.10852 1 
0.992839 1 
0.877155 1 
3.69028 1 
-1.46103 1 
-1.5496 1 
1.45335 1 
1.37723 1 
1.52948 1 
1.80685 1 
1.71439 1 
0.545392 1 
-1.72675 1 
-1.63818 1 
-2.38605 1 
-4 1 
-3.35441 1 
2.78039 1 
-1.82536 1 
0.145575 1 
0.0744603 1 
-0.327436 1 
-0.198617 1 
-0.987658 1 
-2.02258 1 
-2.78147 1 
3.08827 1 
2.38827 1 
2.12978 1 
-0.646661 1 
0.00566583 1 
0.301505 1 
-0.133595 1 
-0.258749 1 
-0.562529 1 
0.708244 1 
-0.902388 1 
-1.07649 1 
-1.30957 1 
1.1757 1 
0.934997 1 
3.84514 1 
-1.1838 1 
-1.50532 1 
1.41529 1 
1.31005 1 
1.49142 1 
1.57571 1 
1.76062 1 
1.97613 1 
0.492117 1 
3.53541 1 
3.28312 1 
-1.68246 1 
-2.51847 1 
-3.88391 1 
-3.65173 1 
-3.04261 1 
-3.2638 1 
2.67516 1 
2.88562 1 
0.219009 1 
-0.735437 1 
-0.82068 1 
-0.483041 1 
-0.404677 1 
0.393063 1 
0.598666 1 
-0.0636861 1 
-1.77605 1 
1.05068 1 
-1.41675 1 
1.85307 1 
1.66816 1 
0.820851 1 
-1.59389 1 
-2.25362 1 
-1.87466 1 
-3.44503 1 
ZONE T="boundary2"
4 -0.57545 
4 0.0759165 
4 0.188112 
4 -0.0162356 
4 0.229763 
4 0.271415 
4 0.321583 
4 0.371752 
4 -0.486213 
4 -0.664686 
4 -1 
4 0.476069 
4 0.580386 
4 0.790193 
4 1 
4 -0.183818 
4 -0.158674 
4 -0.264821 
4 -0.208961 
4 -0.320681 
4 -0.362064 
4 -0.403447 
4 -0.108388 
4 0.685289 
4 -0.236891 
4 0.132014 
4 0.250589 
4 -0.832343 
4 0.346667 
4 0.208938 
4 0.42391 
4 0.296499 
4 0.528227 
4 0.895096 
4 -0.171246 
4 -0.341372 
4 -0.44483 
4 -0.620068 
4 -0.530831 
4 0.0298404 
4 -0.0623116 
4 0.632837 
4 0.737741 
4 -0.222926 
4 -0.250856 
4 -0.133531 
4 -0.292751 
4 -0.382755 
4 -0.19639 
ZONE T="boundary3"
-3.58044 -1 
-4 -1 
-0.374681 -1 
-0.305697 -1 
-0.522574 -1 
0.206793 -1 
1.12287 -1 
0.0697048 -1 
0.138249 -1 
0.91857 -1 
4 -1 
1.4066 -1 
-0.853859 -1 
-0.97722 -1 
-0.730498 -1 
1.53692 -1 
1.66724 -1 
2.348 -1 
3.73965 -1 
-2.72153 -1 
-2.41775 -1 
-3.16087 -1 
-2.9412 -1 
2.624 -1 
2.07199 -1 
-1.77626 -1 
-1.94511 -1 
-2.11397 -1 
3.28091 -1 
3.47929 -1 
3.08253 -1 
-0.236714 -1 
-0.156474 -1 
-0.0762343 -1 
-0.00326476 -1 
0.346649 -1 
0.276721 -1 
0.452753 -1 
0.558856 -1 
-0.626536 -1 
0.808317 -1 
1.21692 -1 
1.02882 -1 
3.60947 -1 
1.86962 -1 
-1.21856 -1 
-1.09789 -1 
-1.47197 -1 
-1.34526 -1 
2.85327 -1 
-1.62411 -1 
0.683587 -1 
-3.79022 -1 
-0.340189 -1 
0.103977 -1 
-0.91554 -1 
1.60208 -1 
3.86982 -1 
-2.56964 -1 
-3.37065 -1 
-2.83136 -1 
2.486 -1 
2.21 -1 
-1.86068 -1 
-2.26586 -1 
3.3801 -1 
-0.196594 -1 
0.172521 -1 
-0.0397495 -1 
-0.116354 -1 
0.311685 -1 
0.505805 -1 
-0.792178 -1 
-0.678517 -1 
-0.574555 -1 
1.1699 -1 
-0.448627 -1 
-0.271206 -1 
3.67456 -1 
1.47176 -1 
1.31176 -1 
1.07585 -1 
1.76843 -1 
-1.15822 -1 
-1.40862 -1 
1.97081 -1 
-1.28191 -1 
3.18172 -1 
2.73864 -1 
2.9679 -1 
-1.70018 -1 
-2.02954 -1 
0.03322 -1 
0.241757 -1 
0.973697 -1 
0.399701 -1 
0.863444 -1 
-1.03755 -1 
0.745952 -1 
0.621222 -1 
-3.05104 -1 
-1.54804 -1 
3.54438 -1 
ZONE T="boundary4"
-0.156769 0.456409 
-0.233082 0.469468 
-0.627316 0.0267957 
-0.629384 0.0513522 
-0.621895 0.15227 
-0.626204 0.12681 
-0.569324 0.289434 
-0.557387 0.308367 
-0.628872 0.101435 
-0.359811 0.457495 
-0.629919 0.0762498 
-0.52967 0.345061 
-0.544462 0.326566 
-0.131404 0.449476 
0.5077 0.238961 
0.481185 0.254754 
-0.617554 0.171477 
-0.605983 0.210052 
-0.612299 0.190588 
-0.598498 0.229995 
-0.580519 0.269277 
0.653865 0.00700551 
0.651018 0.0346044 
-0.513859 0.362577 
-0.494838 0.381082 
0.64537 0.0617192 
-0.453402 0.413563 
-0.431157 0.42732 
0.595396 0.160879 
-0.474662 0.398112 
0.603735 0.149775 
0.641487 0.075026 
-0.408073 0.439268 
-0.384237 0.449349 
0.586219 0.171963 
-0.106062 0.441557 
-0.0804447 0.432762 
-0.589966 0.249898 
-0.309663 0.467934 
-0.284228 0.470262 
-0.334937 0.463683 
-0.25866 0.470744 
0.576594 0.182552 
0.566277 0.192931 
0.63691 0.0881069 
0.631568 0.101122 
0.654 -0.020791 
0.654262 -0.00683664 
-0.182132 0.462154 
-0.207555 0.466557 
-0.00231969 0.403547 
0.453169 0.268877 
0.330755 0.310102 
0.362755 0.301563 
0.29854 0.317859 
0.555576 0.202812 
0.532542 0.221626 
0.0249505 0.39336 
0.0522947 0.383518 
0.0811135 0.37371 
0.110012 0.364553 
0.202359 0.339765 
0.14036 0.355699 
0.170693 0.347581 
0.62559 0.113743 
0.611577 0.138211 
0.618874 0.1262 
-0.0548508 0.423422 
-0.0286251 0.413535 
0.393805 0.292067 
0.424386 0.281103 
0.233919 0.332452 
0.266291 0.325182 
-0.628541 0.0390589 
-0.624249 0.139576 
-0.563484 0.298984 
-0.629848 0.0637982 
-0.537202 0.335925 
-0.144057 0.453071 
-0.629595 0.0888523 
-0.627738 0.114145 
0.494579 0.247096 
-0.619836 0.1619 
-0.609251 0.200357 
-0.602353 0.220067 
-0.615035 0.181063 
-0.575062 0.279436 
0.652789 0.0208409 
-0.504508 0.371997 
0.648547 0.0482354 
-0.442407 0.420653 
-0.484901 0.389779 
-0.521895 0.35394 
0.599631 0.155377 
0.643516 0.0683982 
-0.396253 0.444541 
0.590873 0.166476 
-0.0932314 0.437236 
-0.594348 0.239998 
-0.296971 0.469334 
-0.322343 0.46605 
-0.245866 0.470318 
0.571492 0.187799 
0.634325 0.0946498 
-0.372104 0.453661 
0.654213 -0.0138153 
-0.169422 0.459434 
-0.220302 0.468208 
-0.551049 0.317557 
-0.118706 0.445619 
-0.419729 0.433517 
-0.585364 0.259648 
0.467296 0.262058 
0.346786 0.305954 
0.314665 0.314055 
0.560977 0.197928 
-0.271452 0.470729 
0.0386072 0.388387 
0.0113053 0.398423 
0.0955423 0.36905 
0.125169 0.360035 
-0.194819 0.464531 
0.186514 0.343603 
0.639285 0.0815966 
0.628661 0.107472 
0.607727 0.144041 
0.622313 0.120016 
0.615301 0.132252 
0.581466 0.177312 
0.520275 0.230524 
0.654147 8.68588e-05 
-0.347435 0.460831 
0.0666854 0.37854 
-0.464173 0.406034 
-0.0417312 0.4185 
-0.0154735 0.408536 
0.155512 0.351558 
-0.0676337 0.42814 
0.378328 0.296977 
0.409166 0.286789 
0.218134 0.336064 
0.438868 0.275212 
0.250106 0.328806 
0.282424 0.32155 
0.544241 0.212447 
ZONE T="boundary5"
-0.612396 -0.0444743 
-0.57366 -0.133527 
-0.585272 -0.111892 
-0.56082 -0.154733 
-0.507158 -0.225346 
-0.241776 -0.411319 
-0.268796 -0.399116 
-0.627316 0.0267957 
-0.623764 0.00262474 
-0.45003 -0.282646 
-0.604663 -0.06738 
-0.595615 -0.0898441 
-0.618774 -0.0211433 
-0.0757689 -0.466022 
-0.546776 -0.175534 
-0.214554 -0.422602 
-0.321455 -0.372165 
-0.347013 -0.357388 
-0.0477277 -0.472138 
-0.103794 -0.459044 
-0.13159 -0.451252 
-0.159432 -0.442559 
-0.186992 -0.433049 
-0.466375 -0.267716 
-0.480678 -0.253719 
-0.494541 -0.239274 
-0.533419 -0.193563 
-0.370791 -0.342495 
-0.433164 -0.296976 
0.557743 -0.292277 
-0.413856 -0.312214 
-0.394021 -0.326741 
0.123467 -0.490652 
0.0945756 -0.489862 
0.268122 -0.477988 
0.239301 -0.482977 
0.651595 -0.0486134 
0.654 -0.020791 
0.407103 -0.430156 
0.380433 -0.443067 
-0.295407 -0.386048 
0.065883 -0.488108 
-0.0195106 -0.477424 
0.0372616 -0.485426 
0.008812 -0.481858 
0.21038 -0.486655 
0.152362 -0.490423 
0.181415 -0.489111 
0.325195 -0.46368 
0.296792 -0.471588 
0.353028 -0.454233 
0.432849 -0.415459 
0.457292 -0.3991 
-0.519389 -0.211063 
0.502399 -0.360964 
0.480594 -0.380872 
0.522429 -0.339643 
0.572822 -0.266759 
0.540961 -0.316627 
0.629364 -0.138145 
0.599122 -0.213108 
0.610898 -0.185964 
0.579816 -0.253573 
0.589727 -0.233466 
0.621907 -0.158514 
0.636144 -0.117547 
0.640167 -0.103839 
0.646893 -0.0762982 
-0.579609 -0.122786 
-0.255334 -0.405325 
-0.625726 0.0146838 
-0.590595 -0.100939 
-0.608696 -0.0559827 
-0.615758 -0.0328553 
-0.228209 -0.417065 
-0.334299 -0.364889 
-0.117721 -0.455249 
-0.173248 -0.437906 
-0.473583 -0.260775 
-0.567374 -0.144211 
-0.553923 -0.165218 
-0.540187 -0.184615 
-0.358967 -0.350047 
-0.44166 -0.289885 
-0.423581 -0.304685 
-0.45827 -0.275255 
-0.404001 -0.319564 
-0.061771 -0.469182 
-0.487664 -0.246549 
0.109018 -0.490382 
0.253741 -0.48065 
-0.089807 -0.462635 
0.6531 -0.0347279 
0.393874 -0.436831 
-0.282155 -0.392691 
0.0802224 -0.489103 
0.0230231 -0.483752 
-0.0336389 -0.474886 
0.224861 -0.484973 
0.137916 -0.490668 
0.166895 -0.489906 
0.311047 -0.467825 
0.282497 -0.474967 
0.420104 -0.423032 
0.445218 -0.407501 
-0.526483 -0.202377 
0.491687 -0.371128 
0.512617 -0.350496 
-0.621449 -0.00929616 
0.565492 -0.279644 
0.531912 -0.328312 
0.605097 -0.199573 
0.576364 -0.260191 
0.625711 -0.148357 
0.61651 -0.172282 
-0.382479 -0.334727 
0.594479 -0.223313 
0.638204 -0.110707 
0.632848 -0.127876 
-0.500897 -0.232353 
-0.513324 -0.218248 
-0.600298 -0.0786756 
0.643755 -0.0901227 
0.584848 -0.243558 
0.549572 -0.304607 
0.366817 -0.448862 
-0.200813 -0.42793 
-0.0053659 -0.479748 
-0.145544 -0.447009 
0.0515618 -0.486881 
0.19591 -0.48803 
0.33918 -0.459156 
0.469114 -0.390206 
-0.30849 -0.379217 
0.64951 -0.0625003 
