ZONE T="boundary0"
-4 -0.627993 
-4 -1 
-4 -0.305647 
-4 -0.335443 
-4 -0.413768 
-4 0.0251712 
-4 -0.0696137 
-4 -0.250741 
-4 -0.275852 
-4 0.693946 
-4 0.304605 
-4 0.368002 
-4 0.511663 
-4 0.591928 
-4 0.119956 
-4 0.175639 
-4 0.231321 
-4 -0.175407 
-4 -0.12251 
-4 1 
-4 0.431399 
-4 -0.467324 
-4 -0.52088 
-4 -0.200518 
-4 0.795964 
-4 -0.22563 
-4 -0.813996 
-4 -0.374605 
-4 -0.0222212 
-4 -0.263297 
-4 0.336304 
-4 0.551796 
-4 0.147797 
-4 -0.148959 
-4 0.267963 
-4 0.471531 
-4 -0.494102 
-4 -0.440546 
-4 -0.574437 
-4 0.897982 
-4 0.642937 
-4 -0.213074 
-4 -0.320545 
-4 -0.29075 
-4 -0.238185 
-4 -0.187963 
-4 0.3997 
-4 0.20348 
-4 0.0725636 
-4 0.744955 
-4 -0.096062 
ZONE T="boundary1"
-0.744321 1 
-0.640097 1 
-0.156529 1 
-0.207859 1 
3.77512 1 
3.55024 1 
0.0105376 1 
-1.05083 1 
-1.33631 1 
-1.42806 1 
-1.5198 1 
2.24458 1 
1.91277 1 
-4 1 
-3.76079 1 
-2.59729 1 
-1.94545 1 
-2.16413 1 
-2.38071 1 
-3.02675 1 
2.85443 1 
2.4618 1 
3.02984 1 
-3.52158 1 
-2.81202 1 
-3.27417 1 
1.33144 1 
0.140443 1 
0.524996 1 
0.65284 1 
-0.0473309 1 
-0.105199 1 
0.0754904 1 
0.285428 1 
0.397152 1 
-0.948252 1 
-0.274433 1 
4 1 
0.212935 1 
-0.535873 1 
0.461074 1 
0.756056 1 
0.976817 1 
1.09436 1 
0.859272 1 
1.2129 1 
-0.846287 1 
-1.15342 1 
-1.24486 1 
-1.62329 1 
-1.72677 1 
1.44444 1 
1.73511 1 
1.55744 1 
2.67902 1 
3.29004 1 
-0.341008 1 
-0.438441 1 
-0.692209 1 
-0.182194 1 
3.66268 1 
-1.38218 1 
2.07868 1 
-3.8804 1 
-2.05479 1 
-2.489 1 
-2.70466 1 
-3.15046 1 
0.588918 1 
-0.0183967 1 
-0.0762652 1 
0.043014 1 
0.34129 1 
-0.999543 1 
3.88756 1 
0.429113 1 
0.704448 1 
1.15363 1 
1.03559 1 
-0.795304 1 
-1.10213 1 
-1.29059 1 
-1.67503 1 
-1.47393 1 
1.27217 1 
1.38794 1 
-2.27242 1 
-3.39787 1 
-3.64119 1 
-2.91939 1 
1.82394 1 
2.57041 1 
2.35319 1 
2.94214 1 
2.76672 1 
3.42014 1 
-1.83611 1 
3.15994 1 
0.176689 1 
-0.130864 1 
-0.241146 1 
-0.307721 1 
0.493035 1 
0.249182 1 
0.807664 1 
0.107967 1 
-0.389724 1 
-0.487157 1 
-1.19914 1 
-1.57154 1 
1.64628 1 
0.918045 1 
1.50094 1 
-0.89727 1 
-0.587985 1 
ZONE T="boundary2"
4 -0.350648 
4 -0.468199 
4 0.0124438 
4 0.143163 
4 0.308758 
4 0.281887 
4 -0.56903 
4 0.401705 
4 0.82758 
4 -0.83493 
4 -1 
4 0.65516 
4 0.355232 
4 0.255016 
4 0.0995898 
4 0.186736 
4 0.220876 
4 0.0560168 
4 0.528433 
4 -0.111984 
4 -0.282862 
4 -0.215075 
4 -0.163529 
4 1 
4 -0.669861 
4 0.465069 
4 0.295323 
4 -0.917465 
4 0.268452 
4 0.203806 
4 0.237946 
4 0.378468 
4 0.331995 
4 0.121376 
4 0.164949 
4 0.0778033 
4 0.0342303 
4 0.591797 
4 -0.316755 
4 -0.409424 
4 -0.04977 
4 -0.619445 
4 0.74137 
4 0.91379 
4 -0.518614 
4 -0.752395 
4 0.496751 
4 0.433387 
4 -0.137757 
4 -0.248968 
4 -0.189302 
ZONE T="boundary3"
-4 -1 
-0.265376 -1 
-0.191826 -1 
0.432059 -1 
-0.703449 -1 
-0.597422 -1 
-2.91359 -1 
-0.125033 -1 
0.815575 -1 
0.667399 -1 
-3.66517 -1 
4 -1 
-2.10533 -1 
-1.88433 -1 
3.58595 -1 
-2.32633 -1 
1.58785 -1 
-2.61996 -1 
2.83536 -1 
2.49882 -1 
2.28118 -1 
0.519223 -1 
0.202712 -1 
-0.338925 -1 
-0.0582389 -1 
-0.41516 -1 
0.0566806 -1 
-0.000779163 -1 
0.344895 -1 
-0.811312 -1 
0.273803 -1 
0.938103 -1 
-1.02901 -1 
-0.919174 -1 
1.06063 -1 
-3.33034 -1 
-0.491394 -1 
1.19591 -1 
3.79298 -1 
3.68946 -1 
-1.13884 -1 
1.33119 -1 
1.26355 -1 
1.70678 -1 
1.8257 -1 
-1.58761 -1 
-1.47034 -1 
-1.35306 -1 
-1.24595 -1 
-3.12197 -1 
3.37893 -1 
2.06355 -1 
3.1719 -1 
-1.73597 -1 
0.129696 -1 
1.45952 -1 
-0.228601 -1 
-0.650436 -1 
0.741487 -1 
-1.99483 -1 
-2.21583 -1 
-3.83259 -1 
2.39 -1 
0.475641 -1 
-0.0916357 -1 
-0.377043 -1 
-0.158429 -1 
-0.0295091 -1 
0.0279507 -1 
0.388477 -1 
0.593311 -1 
0.876839 -1 
-0.974091 -1 
0.999367 -1 
-3.49776 -1 
-0.544408 -1 
3.74122 -1 
3.89649 -1 
-1.08393 -1 
1.12827 -1 
1.29737 -1 
1.76624 -1 
-1.52898 -1 
-1.4117 -1 
-1.1924 -1 
-3.22615 -1 
-0.757381 -1 
3.63771 -1 
3.48244 -1 
1.94462 -1 
2.66709 -1 
3.27542 -1 
-2.47315 -1 
-2.76678 -1 
-3.01778 -1 
3.00363 -1 
-1.81015 -1 
0.238258 -1 
-0.302151 -1 
0.0931884 -1 
0.166204 -1 
-0.453277 -1 
0.309349 -1 
2.17236 -1 
-1.29951 -1 
-1.66179 -1 
-0.865243 -1 
1.52369 -1 
1.22973 -1 
1.39535 -1 
1.64731 -1 
ZONE T="boundary4"
0.405029 0.357166 
-0.638556 0.00409926 
-0.639839 0.0267795 
-0.639735 0.0495597 
0.634993 0.036797 
0.63534 0.0527145 
0.489176 0.313885 
0.469845 0.326264 
-0.365507 0.347946 
-0.34348 0.351574 
-0.386925 0.343617 
0.634739 0.0685455 
-0.638175 0.0723475 
-0.630446 0.117482 
-0.625828 0.134349 
0.558518 0.249894 
-0.620186 0.151165 
-0.613646 0.167478 
0.585537 0.211965 
0.593363 0.198884 
-0.587191 0.215679 
-0.576388 0.230667 
-0.605846 0.184019 
-0.468351 0.316649 
-0.537421 0.272194 
-0.522267 0.284467 
-0.275393 0.359169 
-0.25157 0.361049 
0.613178 0.158579 
0.607215 0.172158 
-0.505669 0.296069 
-0.44875 0.325036 
0.620988 0.137582 
-0.428589 0.33227 
0.577265 0.224644 
-0.487357 0.307013 
0.633178 0.0844705 
0.630667 0.100327 
-0.408029 0.338412 
-0.298376 0.357064 
-0.597129 0.199923 
-0.227761 0.362745 
-0.20306 0.36442 
0.631507 0.00527569 
-0.127067 0.369836 
0.00833636 0.381755 
0.0365705 0.384264 
0.627266 0.11591 
-0.152687 0.367911 
-0.321287 0.354548 
-0.564477 0.245188 
-0.551757 0.258804 
0.633714 0.0210411 
0.427368 0.348092 
0.381347 0.365288 
0.357728 0.372037 
0.333949 0.377624 
0.536917 0.274044 
0.547931 0.262326 
0.507807 0.300127 
0.525352 0.285176 
0.449329 0.337634 
0.0953488 0.388762 
0.126027 0.390461 
0.0659382 0.386673 
0.188859 0.391813 
0.22101 0.391071 
0.282099 0.386192 
0.25155 0.389255 
0.308053 0.382477 
0.600708 0.185394 
0.568578 0.236896 
-0.17843 0.366093 
-0.0744505 0.374199 
-0.100694 0.371955 
-0.047155 0.376646 
-0.019963 0.37915 
0.156802 0.391532 
-0.635095 0.0950359 
-0.639367 0.0154322 
0.635285 0.044752 
0.47961 0.320231 
-0.35451 0.349851 
-0.628254 0.125948 
-0.617034 0.159369 
0.589514 0.205463 
-0.581906 0.223255 
-0.609872 0.175808 
-0.529953 0.278462 
-0.263481 0.360139 
0.610272 0.165401 
-0.514073 0.290414 
0.617271 0.148149 
-0.496615 0.301703 
0.632039 0.0924161 
-0.286887 0.35816 
-0.37624 0.345886 
-0.592283 0.207878 
-0.215406 0.363588 
0.0224515 0.383026 
0.624336 0.126805 
-0.13987 0.368858 
-0.309838 0.355866 
-0.544709 0.265624 
-0.601608 0.192037 
0.632724 0.0131417 
0.416261 0.352787 
0.393242 0.361389 
-0.418353 0.335472 
0.369577 0.36881 
0.345868 0.374967 
0.542497 0.268253 
0.49861 0.307165 
0.516712 0.292806 
0.459675 0.332109 
-0.332395 0.353135 
0.11068 0.389681 
0.204932 0.391581 
-0.477939 0.311989 
0.266835 0.387889 
0.236282 0.390308 
-0.570549 0.238021 
0.295091 0.384468 
0.5533 0.256173 
0.604031 0.17881 
0.572981 0.230812 
0.581462 0.218345 
0.597105 0.192177 
0.634469 0.0289085 
0.634077 0.0765184 
0.531205 0.279682 
0.563621 0.243452 
0.635157 0.0606332 
-0.239663 0.361913 
-0.639965 0.0381727 
-0.19074 0.365252 
-0.165552 0.36699 
0.321025 0.380198 
0.438427 0.34303 
-0.087567 0.373062 
-0.113874 0.370878 
-0.0607982 0.375411 
-0.0335558 0.377894 
0.0512504 0.385501 
0.0806368 0.387765 
-0.0058129 0.380458 
0.141406 0.391085 
0.172823 0.391789 
-0.623127 0.142798 
-0.39751 0.341133 
-0.45862 0.320994 
-0.438726 0.328796 
-0.558229 0.252099 
-0.636827 0.0837203 
-0.639141 0.0609687 
-0.632968 0.106302 
0.629078 0.108142 
ZONE T="boundary5"
-0.185718 -0.493226 
-0.209979 -0.485046 
-0.23396 -0.47607 
-0.638556 0.00409926 
-0.635955 -0.0184281 
-0.36414 -0.409514 
-0.552422 -0.225126 
-0.562203 -0.209969 
-0.62705 -0.0628702 
-0.595751 -0.148919 
-0.632102 -0.0407565 
0.460505 -0.328281 
-0.571561 -0.194557 
-0.605177 -0.12775 
-0.613554 -0.106356 
-0.620855 -0.0847336 
-0.321571 -0.434948 
-0.256447 -0.46681 
-0.34308 -0.422596 
-0.0786795 -0.519345 
-0.106225 -0.514115 
-0.0504321 -0.523668 
-0.159775 -0.501016 
-0.133592 -0.507912 
-0.530455 -0.25628 
-0.518342 -0.271905 
-0.476989 -0.318263 
-0.491624 -0.302942 
-0.54166 -0.240857 
-0.505702 -0.28713 
-0.46056 -0.334283 
-0.424809 -0.365527 
-0.443556 -0.349714 
0.624476 -0.0257968 
-0.587979 -0.164712 
-0.405484 -0.380652 
0.451215 -0.341391 
0.631507 0.00527569 
0.0356342 -0.53032 
0.00676862 -0.529199 
-0.0220844 -0.526951 
0.0649305 -0.530268 
-0.38508 -0.395454 
0.0941131 -0.528968 
0.239244 -0.500547 
0.210493 -0.509544 
0.123341 -0.526341 
0.152549 -0.522295 
0.181643 -0.516729 
0.267627 -0.48964 
0.295419 -0.476735 
0.322659 -0.461624 
0.374079 -0.424911 
0.398 -0.403289 
0.441638 -0.354141 
0.420453 -0.37973 
0.478467 -0.300824 
0.493674 -0.275504 
0.508334 -0.249741 
0.614238 -0.0562618 
0.590261 -0.107831 
0.578152 -0.129735 
0.600246 -0.0882213 
0.565501 -0.151439 
0.619724 -0.0411324 
0.628412 -0.010348 
0.522208 -0.225088 
0.53631 -0.200609 
0.550905 -0.175935 
-0.278622 -0.456837 
-0.300278 -0.446241 
0.349004 -0.444303 
-0.197882 -0.489235 
-0.222006 -0.480657 
-0.637417 -0.00718071 
-0.557363 -0.21758 
-0.634182 -0.0296166 
-0.566936 -0.202295 
-0.609491 -0.1171 
-0.624091 -0.0738391 
-0.600583 -0.138386 
-0.24524 -0.47153 
-0.332379 -0.428864 
-0.0924736 -0.516852 
-0.146712 -0.504576 
-0.172779 -0.497233 
-0.524463 -0.264141 
-0.484373 -0.310665 
-0.536114 -0.248609 
-0.512087 -0.27957 
-0.353668 -0.416146 
-0.434257 -0.357707 
-0.468848 -0.326347 
-0.591929 -0.156847 
-0.415216 -0.373177 
-0.452127 -0.342074 
-0.547096 -0.233029 
-0.00766599 -0.528213 
0.0502861 -0.530447 
-0.374674 -0.402578 
-0.036271 -0.525441 
0.224939 -0.505266 
0.167136 -0.519705 
0.108746 -0.527824 
0.281634 -0.483431 
0.309175 -0.469432 
0.386239 -0.414334 
0.431254 -0.36712 
0.446471 -0.347802 
0.46964 -0.314663 
0.486166 -0.288226 
0.455902 -0.334868 
0.501052 -0.262653 
0.58429 -0.118824 
0.607567 -0.0723818 
0.595347 -0.0980714 
0.571872 -0.140608 
0.622194 -0.0334942 
0.626545 -0.0180986 
0.617067 -0.0487281 
-0.498734 -0.295098 
0.630067 -0.0025583 
-0.629722 -0.0518444 
0.515256 -0.237404 
0.543585 -0.188249 
0.558217 -0.163686 
-0.289493 -0.451626 
-0.310971 -0.440682 
-0.617336 -0.095587 
-0.39535 -0.388146 
-0.267575 -0.461913 
-0.0645735 -0.521635 
0.0795322 -0.529778 
0.253525 -0.495327 
0.529224 -0.212817 
-0.119934 -0.511135 
0.0211989 -0.529902 
0.137973 -0.524499 
0.196122 -0.513341 
0.361722 -0.434852 
-0.579988 -0.179751 
0.409433 -0.391721 
0.335993 -0.453218 
