ZONE T="boundary0"
-4 -1 
-4 -0.465039 
-4 -0.252848 
-4 -0.219027 
-4 0.047565 
-4 0.104887 
-4 0.222852 
-4 0.593445 
-4 0.499296 
-4 -0.185205 
-4 -0.0183827 
-4 -0.0843304 
-4 -0.781642 
-4 -0.563285 
-4 1 
-4 -0.309821 
-4 -0.366794 
-4 -0.134768 
-4 0.405146 
-4 0.34432 
-4 0.162209 
-4 0.796723 
-4 0.313907 
-4 0.283494 
-4 0.452221 
-4 -0.235937 
-4 0.076226 
-4 0.54637 
-4 -0.0513566 
-4 -0.338307 
-4 -0.159987 
-4 -0.109549 
-4 -0.514162 
-4 0.0145911 
-4 0.133548 
-4 0.898361 
-4 -0.672463 
-4 -0.415917 
-4 0.695084 
-4 -0.890821 
-4 -0.202116 
-4 -0.281334 
-4 0.329114 
-4 0.298701 
-4 0.253173 
-4 0.19253 
-4 0.374733 
-4 0.428684 
-4 0.475758 
ZONE T="boundary1"
-3.57477 1 
0.733753 1 
0.788138 1 
-1.48308 1 
0.539402 1 
-0.376533 1 
-1.38237 1 
-1.84017 1 
-2.03831 1 
-1.13656 1 
-1.28166 1 
1.09321 1 
3.38906 1 
-3.36211 1 
-1.64202 1 
-4 1 
2.40938 1 
2.65618 1 
2.19297 1 
1.97655 1 
2.90299 1 
1.72572 1 
-2.37204 1 
-2.70577 1 
-2.92761 1 
-3.14944 1 
-2.20518 1 
-0.0481191 1 
0.300579 1 
0.0278909 1 
0.103901 1 
0.45576 1 
0.372118 1 
0.22904 1 
0.0658958 1 
-0.295954 1 
-0.215376 1 
-0.466151 1 
-0.555769 1 
0.166471 1 
-0.661055 1 
-0.766341 1 
-0.991448 1 
0.636578 1 
-0.878894 1 
-1.064 1 
1.54374 1 
1.44619 1 
1.34864 1 
1.22092 1 
0.967866 1 
0.842523 1 
3.69453 1 
3.14602 1 
-0.131747 1 
4 1 
0.760946 1 
-1.93924 1 
-1.20911 1 
-3.46844 1 
-3.78739 1 
2.53278 1 
2.08476 1 
-2.53891 1 
-3.03852 1 
0.497581 1 
0.26481 1 
0.0468933 1 
-0.336244 1 
-0.51096 1 
-0.713698 1 
0.413939 1 
0.58799 1 
-0.822618 1 
-0.935171 1 
-1.10028 1 
-0.421342 1 
-1.43272 1 
-1.56255 1 
-1.33202 1 
-1.74109 1 
1.49497 1 
1.28478 1 
0.905194 1 
1.03054 1 
1.15707 1 
3.5418 1 
-1.02772 1 
3.26754 1 
1.85113 1 
-2.81669 1 
2.30117 1 
-2.12175 1 
-3.25578 1 
0.0848983 1 
0.197755 1 
-0.0899333 1 
-0.0101141 1 
-0.255665 1 
-0.173562 1 
0.135186 1 
0.685165 1 
0.81533 1 
3.02451 1 
1.63473 1 
-0.608412 1 
1.39742 1 
3.84727 1 
2.77959 1 
-2.28861 1 
0.336349 1 
ZONE T="boundary2"
4 -0.779907 
4 -1 
4 -0.00905189 
4 -0.0841852 
4 -0.386634 
4 -0.473224 
4 0.282737 
4 0.744876 
4 0.0618045 
4 0.33725 
4 0.489752 
4 -0.559814 
4 -0.328733 
4 0.228224 
4 0.413501 
4 0.180442 
4 -0.270832 
4 -0.215075 
4 -0.159318 
4 0.617314 
4 0.132661 
4 1 
4 -0.889954 
4 -0.0466185 
4 -0.429929 
4 -0.357683 
4 0.309993 
4 0.375375 
4 0.25548 
4 0.451627 
4 -0.187197 
4 -0.242953 
4 -0.299782 
4 0.553533 
4 0.0972327 
4 0.156552 
4 -0.669861 
4 0.204333 
4 0.0263763 
4 -0.121752 
4 -0.516519 
4 0.681095 
4 0.872438 
ZONE T="boundary3"
-4 -1 
-3.70422 -1 
4 -1 
3.1231 -1 
1.2396 -1 
-1.03627 -1 
0.689778 -1 
0.474317 -1 
1.67648 -1 
3.46209 -1 
-2.1453 -1 
2.64403 -1 
2.43308 -1 
3.73105 -1 
-3.18019 -1 
-3.40844 -1 
-2.65265 -1 
-2.95194 -1 
-0.374022 -1 
-0.233167 -1 
-0.638823 -1 
-0.158484 -1 
-0.544339 -1 
-0.459181 -1 
-0.0155108 -1 
0.580246 -1 
0.368388 -1 
-0.0838013 -1 
0.79931 -1 
-0.935202 -1 
-0.834255 -1 
-1.24651 -1 
-1.13735 -1 
-1.49879 -1 
-1.35568 -1 
-0.783781 -1 
-0.733307 -1 
-1.78957 -1 
-1.6419 -1 
-2.35336 -1 
-1.93724 -1 
1.13016 -1 
0.910009 -1 
1.33873 -1 
1.43785 -1 
1.02071 -1 
2.07046 -1 
1.55717 -1 
1.91877 -1 
2.22214 -1 
0.278499 -1 
0.18861 -1 
0.0527798 -1 
0.120695 -1 
-0.884728 -1 
-3.85211 -1 
3.2926 -1 
2.88356 -1 
2.53856 -1 
3.86552 -1 
-3.29431 -1 
-3.06606 -1 
-2.8023 -1 
-0.303594 -1 
-0.50176 -1 
0.527281 -1 
-0.049656 -1 
0.421353 -1 
0.744544 -1 
-0.195825 -1 
-3.55633 -1 
-0.591581 -1 
-0.985738 -1 
-1.19193 -1 
-1.30109 -1 
-0.758544 -1 
-1.42723 -1 
-1.57034 -1 
1.18488 -1 
0.85466 -1 
1.38829 -1 
1.07543 -1 
-1.71573 -1 
-2.50301 -1 
-2.24933 -1 
1.61683 -1 
1.79763 -1 
3.59657 -1 
-2.04127 -1 
-1.86341 -1 
2.32761 -1 
2.1463 -1 
1.99461 -1 
0.233555 -1 
-0.416602 -1 
-0.121143 -1 
0.0186345 -1 
0.323444 -1 
0.154653 -1 
-0.686065 -1 
-0.809018 -1 
-0.859491 -1 
0.965359 -1 
1.28917 -1 
0.635012 -1 
-1.08681 -1 
1.49751 -1 
0.0867374 -1 
-0.909965 -1 
ZONE T="boundary4"
-0.622928 -0.0237841 
0.470395 0.387867 
0.64555 0.0285731 
0.53819 0.310972 
0.528452 0.324802 
0.646687 -0.000877373 
0.641622 0.0582826 
0.646478 0.013854 
0.495284 0.364205 
0.555901 0.282325 
-0.619452 -0.000210388 
-0.461984 0.277143 
-0.61457 0.02332 
-0.60828 0.0467527 
0.483039 0.376375 
-0.591552 0.0929971 
-0.600598 0.070005 
-0.583848 0.11013 
-0.5753 0.127267 
-0.566087 0.144056 
-0.532318 0.195811 
-0.443882 0.294153 
-0.160249 0.454625 
-0.184875 0.446048 
-0.209238 0.436765 
-0.519566 0.212634 
0.596662 0.196745 
0.607445 0.170545 
-0.492561 0.244997 
-0.506307 0.229023 
-0.425126 0.310436 
-0.405829 0.325958 
-0.477556 0.261341 
-0.385995 0.340781 
-0.365577 0.35498 
-0.323298 0.381419 
-0.3015 0.393669 
-0.279097 0.405379 
-0.344705 0.368501 
-0.25635 0.416418 
-0.232945 0.426934 
-0.134928 0.46263 
-0.555613 0.161512 
-0.0566048 0.482438 
-0.0830866 0.476557 
-0.0293083 0.487648 
-0.00186439 0.492022 
0.50699 0.351478 
0.428841 0.419391 
-0.544489 0.178556 
0.367722 0.452854 
0.571394 0.252814 
0.518003 0.338383 
0.457275 0.398775 
0.0264742 0.495632 
0.144703 0.500459 
0.113962 0.50085 
0.0549113 0.498322 
0.175381 0.498828 
0.635179 0.0880629 
0.62658 0.117863 
0.585369 0.22274 
0.617471 0.144362 
0.643914 0.0434567 
0.39909 0.43729 
-0.109379 0.469899 
0.084419 0.50011 
0.207201 0.49574 
0.238892 0.491135 
0.270975 0.484766 
0.30332 0.476407 
0.335662 0.465842 
0.533393 0.317938 
0.646674 0.00648965 
0.646101 0.0212191 
0.547322 0.296819 
-0.621362 -0.0119718 
-0.617182 0.0115902 
0.48923 0.370359 
-0.596233 0.0815633 
-0.604603 0.058433 
-0.579659 0.118741 
-0.570774 0.135705 
-0.587787 0.101603 
-0.453019 0.285739 
-0.172593 0.450425 
-0.19709 0.441495 
-0.526011 0.204275 
0.602122 0.183673 
-0.499494 0.237062 
-0.512999 0.220879 
-0.434582 0.302385 
-0.415548 0.318285 
-0.485129 0.253233 
-0.375845 0.347966 
-0.395977 0.333455 
-0.312446 0.387627 
-0.290343 0.399608 
-0.355196 0.361825 
-0.244686 0.421762 
-0.267764 0.410982 
-0.221127 0.431936 
-0.147617 0.45872 
-0.0698674 0.479595 
-0.0429763 0.485147 
-0.0156032 0.48994 
-0.611593 0.0350815 
-0.469842 0.269313 
-0.55013 0.170085 
0.523301 0.331649 
0.47678 0.382191 
0.501208 0.357907 
0.512568 0.344991 
0.129335 0.500806 
0.0406816 0.497093 
0.578512 0.237837 
-0.53848 0.187238 
0.612553 0.15749 
0.62216 0.131158 
0.563876 0.267689 
0.644816 0.0360242 
0.63868 0.0732333 
0.642847 0.0508818 
0.463895 0.393393 
0.414152 0.42865 
0.631104 0.103028 
-0.334052 0.375044 
-0.560935 0.152834 
-0.0962575 0.473325 
0.0696573 0.499345 
0.0991874 0.500614 
0.591077 0.209769 
-0.12218 0.466357 
0.0122905 0.49394 
0.16005 0.499803 
0.191309 0.497467 
0.223075 0.493632 
0.28721 0.480828 
0.319578 0.471391 
0.351809 0.459638 
0.38356 0.445381 
0.443285 0.409397 
0.254977 0.488167 
ZONE T="boundary5"
-0.501736 -0.365602 
-0.564938 -0.28674 
-0.574565 -0.269904 
-0.543046 -0.319126 
-0.530812 -0.334553 
-0.582824 -0.253741 
-0.625005 -0.0944048 
-0.622928 -0.0237841 
-0.625007 -0.0473691 
-0.608567 -0.187303 
-0.614719 -0.164266 
-0.590402 -0.237178 
-0.597036 -0.220995 
-0.603044 -0.20455 
0.625764 -0.102569 
0.616512 -0.122164 
-0.293914 -0.459802 
-0.373338 -0.443508 
-0.398593 -0.433927 
-0.32068 -0.456477 
-0.347209 -0.451063 
-0.423062 -0.422302 
-0.240372 -0.460607 
-0.267157 -0.461132 
-0.161253 -0.449643 
-0.213857 -0.458398 
-0.187412 -0.454669 
-0.135118 -0.443471 
-0.517451 -0.349701 
-0.485157 -0.380456 
0.64283 -0.0442056 
0.644872 -0.0299051 
0.646687 -0.000877373 
-0.554531 -0.303014 
-0.109108 -0.436384 
0.640042 -0.0582625 
-0.445365 -0.40948 
-0.0829233 -0.428514 
-0.465732 -0.395695 
-0.00373817 -0.402509 
-0.619513 -0.141092 
0.604704 -0.142576 
0.503203 -0.243112 
-0.625696 -0.0709183 
-0.622941 -0.117808 
-0.0302861 -0.411374 
-0.0568343 -0.420163 
0.0234807 -0.393542 
0.0507274 -0.384854 
0.0788046 -0.376325 
0.223276 -0.339914 
0.193922 -0.346506 
0.135713 -0.360596 
0.106917 -0.368289 
0.164513 -0.353409 
0.370317 -0.303911 
0.398953 -0.294431 
0.252839 -0.333396 
0.282288 -0.326806 
0.341349 -0.312266 
0.560144 -0.197151 
0.543042 -0.212884 
0.31191 -0.319828 
0.523491 -0.228688 
0.591399 -0.161718 
0.479035 -0.258077 
0.576325 -0.180124 
0.636484 -0.0721819 
0.631567 -0.0876086 
0.646154 -0.0154772 
0.454085 -0.271338 
0.426836 -0.28368 
-0.537028 -0.326918 
-0.578785 -0.261868 
-0.62414 -0.0355613 
-0.611806 -0.175828 
-0.593797 -0.229118 
-0.60012 -0.212802 
-0.5867 -0.245499 
0.621336 -0.11246 
-0.386062 -0.438973 
-0.333998 -0.454033 
-0.410945 -0.428362 
-0.25376 -0.461093 
-0.227098 -0.459702 
-0.49356 -0.373156 
0.643947 -0.0370689 
-0.569856 -0.278381 
-0.548891 -0.311144 
-0.524232 -0.342216 
-0.122086 -0.440025 
-0.434335 -0.416102 
-0.0959939 -0.432521 
0.610826 -0.132496 
-0.624144 -0.106122 
-0.475577 -0.388245 
-0.0170134 -0.406938 
0.0370911 -0.389158 
0.0647494 -0.380535 
0.208593 -0.343184 
0.121298 -0.36438 
0.150099 -0.356947 
-0.45567 -0.402768 
0.384687 -0.299328 
0.267569 -0.330127 
0.355868 -0.308211 
0.551719 -0.205154 
0.297112 -0.323374 
-0.509713 -0.35777 
0.533393 -0.220942 
0.634145 -0.0799333 
0.628779 -0.0951328 
-0.605895 -0.195955 
0.641531 -0.0512529 
0.638358 -0.0652466 
0.645608 -0.0226995 
-0.617282 -0.152714 
-0.559835 -0.294942 
-0.625524 -0.0591386 
-0.621396 -0.129475 
-0.625522 -0.0826666 
0.646514 -0.00818072 
0.491245 -0.250798 
0.466666 -0.264908 
-0.280547 -0.460707 
-0.307328 -0.458394 
-0.148156 -0.446682 
-0.174303 -0.452306 
0.0098632 -0.398002 
0.238057 -0.336653 
0.412965 -0.28924 
-0.36035 -0.447551 
-0.20061 -0.456711 
-0.0698647 -0.424383 
0.0928427 -0.372247 
0.179207 -0.349913 
0.440556 -0.277719 
-0.0435538 -0.415789 
0.326653 -0.316138 
0.598244 -0.152281 
0.513455 -0.236052 
0.584039 -0.171066 
0.568384 -0.18878 
