ZONE T="boundary0"
-4 -1 
-4 -0.0843304 
-4 -0.252848 
-4 0.109796 
-4 0.047565 
-4 0.457927 
-4 -0.0146657 
-4 -0.28928 
-4 -0.563285 
-4 -0.153995 
-4 0.352366 
-4 0.728963 
-4 -0.841131 
-4 0.593445 
-4 -0.216415 
-4 -0.185205 
-4 -0.366794 
-4 -0.444307 
-4 -0.682262 
-4 0.162209 
-4 0.283494 
-4 0.214622 
-4 0.405146 
-4 0.864482 
-4 1 
-4 0.0786803 
-4 0.0164496 
-4 -0.119163 
-4 -0.920565 
-4 -0.271064 
-4 -0.328037 
-4 -0.234632 
-4 -0.405551 
-4 -0.503796 
-4 -0.622773 
-4 -0.049498 
-4 0.136002 
-4 0.188416 
-4 0.31793 
-4 0.249058 
-4 0.378756 
-4 0.431537 
-4 0.661204 
-4 0.525686 
-4 0.796723 
-4 0.932241 
-4 -0.761696 
-4 -0.20081 
-4 -0.1696 
ZONE T="boundary1"
-0.136375 1 
-1.28166 1 
-1.35767 1 
-0.217865 1 
0.167665 1 
0.109668 1 
0.624984 1 
0.697497 1 
0.0401371 1 
-0.0293934 1 
4 1 
-0.879834 1 
-1.80097 1 
-1.99344 1 
1.24453 1 
2.68237 1 
2.50657 1 
-2.70577 1 
-2.27566 1 
-2.55788 1 
-3.14944 1 
1.45275 1 
1.8167 1 
1.97655 1 
3.5418 1 
3.38906 1 
-3.36211 1 
-3.57477 1 
0.290416 1 
-0.370888 1 
-0.294376 1 
0.225661 1 
0.35517 1 
0.453821 1 
0.552471 1 
-0.546493 1 
0.842523 1 
-0.652847 1 
-0.45869 1 
-0.759202 1 
0.967866 1 
-1.00047 1 
1.16887 1 
1.09321 1 
-1.20566 1 
-1.10306 1 
-4 1 
-1.60849 1 
-1.48308 1 
3.12361 1 
3.25634 1 
2.85816 1 
1.34864 1 
2.1364 1 
-2.85366 1 
-3.78739 1 
3.69453 1 
1.63473 1 
-1.31966 1 
0.138666 1 
0.00537183 1 
-1.8972 1 
2.59447 1 
-2.41677 1 
1.89663 1 
-2.13455 1 
3.46543 1 
-3.46844 1 
-0.332632 1 
-0.17712 1 
-0.0828844 1 
0.0749024 1 
0.196663 1 
0.322793 1 
0.404495 1 
0.503146 1 
-0.256121 1 
0.588727 1 
0.77001 1 
0.258039 1 
-0.502591 1 
-0.706025 1 
0.66124 1 
-0.59967 1 
-0.819518 1 
-0.94015 1 
0.905194 1 
1.13104 1 
-1.15436 1 
-1.24366 1 
-1.05176 1 
-1.42037 1 
3.18997 1 
2.99089 1 
1.29659 1 
2.32148 1 
2.05647 1 
-2.77972 1 
-2.63183 1 
-3.00155 1 
-3.89369 1 
3.84727 1 
1.72572 1 
-3.68108 1 
-1.70473 1 
-3.25578 1 
-0.414789 1 
2.77026 1 
1.2067 1 
1.54374 1 
1.4007 1 
3.61816 1 
1.03054 1 
-1.54578 1 
3.3227 1 
ZONE T="boundary2"
4 -0.086406 
4 0.160552 
4 -0.00905189 
4 0.0683022 
4 0.744876 
4 -0.559814 
4 1 
4 0.19702 
4 0.233488 
4 -0.195775 
4 -0.232231 
4 -0.122862 
4 0.489752 
4 0.285369 
4 0.413501 
4 0.617314 
4 -0.348033 
4 -0.386634 
4 -0.309432 
4 -0.473224 
4 -1 
4 -0.779907 
4 0.259428 
4 0.33725 
4 -0.159318 
4 -0.270832 
4 0.0296252 
4 0.872438 
4 0.215254 
4 0.114427 
4 0.178786 
4 -0.0477289 
4 -0.214003 
4 0.681095 
4 -0.367333 
4 0.553533 
4 -0.328733 
4 -0.429929 
4 -0.669861 
4 -0.889954 
4 0.272398 
4 0.311309 
4 0.246458 
4 0.375375 
4 -0.104634 
4 -0.14109 
4 -0.177547 
4 -0.251531 
4 0.451627 
4 -0.516519 
4 -0.290132 
ZONE T="boundary3"
-4 -1 
-3.59981 -1 
-0.0838013 -1 
1.02071 -1 
-0.374022 -1 
-0.442489 -1 
-0.820425 -1 
-0.878503 -1 
1.2396 -1 
-0.762346 -1 
-0.64619 -1 
-2.68682 -1 
1.75603 -1 
2.35081 -1 
2.08151 -1 
1.91877 -1 
-3.40844 -1 
-3.21706 -1 
2.64403 -1 
3.7522 -1 
3.50439 -1 
-2.35336 -1 
-1.97344 -1 
3.06119 -1 
3.28279 -1 
-1.79853 -1 
-0.160778 -1 
-0.305555 -1 
-0.544339 -1 
-0.233167 -1 
-0.00682458 -1 
0.18861 -1 
0.688551 -1 
0.112384 -1 
0.0527798 -1 
0.580246 -1 
-0.595265 -1 
-0.991901 -1 
-0.935202 -1 
0.47194 -1 
0.264836 -1 
0.368388 -1 
1.43785 -1 
1.52785 -1 
0.79931 -1 
-1.62363 -1 
-1.48526 -1 
-1.34689 -1 
-1.1053 -1 
-1.0486 -1 
1.13135 -1 
1.34786 -1 
0.91007 -1 
-1.22609 -1 
4 -1 
-2.95194 -1 
-3.79991 -1 
-0.408256 -1 
-0.849464 -1 
-0.704268 -1 
2.21616 -1 
-3.31275 -1 
3.62829 -1 
-2.52009 -1 
-2.1634 -1 
2.85261 -1 
3.39359 -1 
-1.88599 -1 
-0.12229 -1 
-0.339789 -1 
-0.493414 -1 
-0.196972 -1 
-0.045313 -1 
-0.269361 -1 
0.0229776 -1 
0.082582 -1 
0.634399 -1 
-0.963551 -1 
0.316612 -1 
1.48285 -1 
0.526093 -1 
0.743931 -1 
-1.55444 -1 
-1.41608 -1 
-1.02025 -1 
1.29373 -1 
1.39286 -1 
1.18547 -1 
1.64194 -1 
1.8374 -1 
2.00014 -1 
0.85469 -1 
-1.1657 -1 
3.8761 -1 
3.17199 -1 
2.49742 -1 
-3.0845 -1 
-2.81938 -1 
-3.50412 -1 
-1.71108 -1 
-0.620727 -1 
-0.569802 -1 
0.226723 -1 
0.150497 -1 
0.420164 -1 
-0.791386 -1 
-0.906852 -1 
-1.07695 -1 
0.965389 -1 
-1.28649 -1 
1.07603 -1 
ZONE T="boundary4"
-0.248831 0.403065 
-0.225523 0.41328 
-0.611226 0.0210853 
-0.604939 0.0442653 
-0.201943 0.422871 
-0.337252 0.356864 
0.645131 0.0651081 
0.646784 0.0504039 
0.647774 0.0356628 
0.555474 0.30002 
0.564272 0.286074 
0.488828 0.376231 
0.501488 0.364693 
0.54597 0.313752 
0.535872 0.327053 
0.513612 0.35258 
-0.527609 0.190415 
0.594007 0.227995 
0.580091 0.257401 
0.402797 0.433199 
0.433133 0.416617 
-0.616048 -0.00222988 
-0.619411 -0.0256215 
-0.597201 0.0672275 
-0.588043 0.0898778 
-0.580216 0.106723 
-0.57165 0.123288 
-0.562121 0.139975 
-0.54006 0.173639 
-0.514563 0.206726 
-0.418364 0.301114 
-0.398841 0.316031 
-0.437366 0.28545 
-0.500982 0.222591 
-0.486923 0.238017 
-0.471596 0.253804 
-0.37882 0.330256 
-0.455748 0.269051 
-0.35824 0.343886 
-0.293928 0.381077 
-0.271532 0.392379 
-0.315764 0.369282 
-0.177762 0.431966 
-0.128269 0.448354 
-0.102982 0.455617 
-0.153334 0.44042 
-0.551515 0.156895 
0.475784 0.387085 
0.647637 0.00656683 
0.639943 0.0946861 
0.636488 0.109504 
0.623122 0.154277 
0.632525 0.124305 
0.462281 0.397345 
0.370981 0.447476 
0.525032 0.340071 
0.0592944 0.485189 
0.0884537 0.487383 
0.117676 0.488588 
0.00322472 0.478273 
0.178534 0.48773 
0.031201 0.482163 
0.615119 0.176564 
0.606493 0.198622 
0.648064 0.0211078 
-0.0770011 0.46232 
-0.0508287 0.468308 
-0.0238812 0.473679 
0.148114 0.488745 
0.210145 0.485357 
0.306112 0.468718 
0.273723 0.476075 
0.241697 0.481548 
0.33862 0.459259 
-0.237211 0.408251 
-0.608258 0.0327225 
-0.213765 0.418153 
0.646037 0.0577647 
0.647364 0.0430388 
0.559945 0.293093 
0.495224 0.370535 
0.550797 0.306938 
0.540995 0.320459 
0.58723 0.242785 
0.418132 0.425215 
-0.617909 -0.0139006 
-0.613815 0.0094641 
-0.601242 0.0558039 
-0.58422 0.0983426 
-0.592787 0.0786195 
-0.566972 0.131681 
-0.533913 0.182086 
-0.576019 0.11505 
-0.408669 0.30866 
-0.507836 0.214713 
-0.479324 0.245974 
-0.494011 0.230358 
-0.38889 0.323228 
-0.463739 0.261497 
-0.446638 0.277342 
-0.347795 0.350455 
-0.368584 0.337153 
-0.282769 0.386805 
-0.260218 0.397798 
-0.326553 0.363152 
-0.189883 0.427499 
-0.11565 0.45207 
-0.545869 0.165323 
-0.556905 0.148489 
0.638279 0.102109 
0.642827 0.079947 
0.628019 0.139352 
0.530526 0.333624 
0.469088 0.392289 
0.50762 0.358706 
0.572445 0.271885 
0.519393 0.346391 
0.482366 0.381731 
-0.521157 0.198628 
0.0738648 0.486408 
0.10306 0.488111 
-0.427939 0.293373 
0.0171978 0.480324 
0.634563 0.116919 
0.619206 0.165451 
0.600373 0.213361 
0.648006 0.0283869 
0.610877 0.187621 
0.647942 0.0138344 
-0.140829 0.444471 
-0.165577 0.436274 
-0.304888 0.375257 
-0.0900151 0.459058 
-0.0639361 0.465405 
-0.0103452 0.476075 
0.0452357 0.483786 
0.132894 0.488809 
0.16333 0.488388 
-0.0373746 0.47109 
0.194353 0.486717 
0.28997 0.472627 
0.225943 0.483637 
0.322441 0.464244 
0.354903 0.453648 
0.387025 0.440639 
0.447916 0.407298 
0.257746 0.479017 
ZONE T="boundary5"
-0.568374 -0.271609 
-0.576776 -0.255278 
-0.51099 -0.353495 
-0.524328 -0.337719 
-0.621327 -0.0490527 
-0.62181 -0.0724702 
-0.609729 -0.16552 
-0.603278 -0.188553 
-0.597537 -0.205825 
-0.591327 -0.222336 
-0.584521 -0.238589 
-0.439357 -0.418103 
-0.459575 -0.40272 
-0.0993525 -0.475946 
-0.259981 -0.488472 
-0.287277 -0.484158 
-0.367548 -0.459005 
-0.314469 -0.477797 
-0.341276 -0.469403 
-0.392796 -0.446832 
-0.232583 -0.490805 
-0.205433 -0.491214 
-0.1784 -0.489806 
-0.125377 -0.482039 
-0.151781 -0.486713 
-0.0735623 -0.468548 
-0.536581 -0.321788 
-0.558621 -0.288686 
-0.548121 -0.305273 
-0.614823 -0.142383 
-0.618542 -0.119163 
-0.417188 -0.432868 
0.585978 -0.149991 
0.599995 -0.131604 
-0.495338 -0.370248 
-0.478858 -0.386126 
-0.619411 -0.0256215 
0.64195 -0.0360282 
0.62256 -0.0929393 
0.612565 -0.111914 
0.570208 -0.167599 
-0.0480131 -0.460002 
0.0796788 -0.405271 
0.00272632 -0.440053 
-0.0225568 -0.450431 
-0.620876 -0.0958487 
0.0536489 -0.417347 
0.028218 -0.428914 
0.1057 -0.393185 
0.132548 -0.380908 
0.187338 -0.357067 
0.159429 -0.368973 
0.215278 -0.345683 
0.243951 -0.334525 
0.272588 -0.323807 
0.301843 -0.313123 
0.469636 -0.242184 
0.33095 -0.302524 
0.359898 -0.291726 
0.535609 -0.198782 
0.515371 -0.213806 
0.388556 -0.280457 
0.638586 -0.0497865 
0.634468 -0.0633794 
0.628942 -0.078406 
0.647637 0.00656683 
0.644587 -0.022 
0.646479 -0.00781601 
0.444214 -0.255526 
0.55336 -0.183827 
0.494438 -0.227605 
0.41663 -0.268504 
-0.57266 -0.263488 
-0.517751 -0.345686 
-0.621746 -0.0607587 
-0.606663 -0.177082 
-0.600494 -0.197219 
-0.449581 -0.410566 
-0.273669 -0.486563 
-0.300932 -0.481228 
-0.354506 -0.464445 
-0.587998 -0.230494 
-0.380279 -0.453144 
-0.219014 -0.491242 
-0.191908 -0.490732 
-0.594509 -0.21411 
-0.112331 -0.479163 
-0.138551 -0.484566 
-0.530544 -0.329824 
-0.553465 -0.29704 
-0.563595 -0.280204 
-0.616852 -0.130801 
0.593171 -0.14094 
-0.487202 -0.378297 
-0.428391 -0.425667 
-0.503273 -0.361975 
-0.542446 -0.313598 
-0.469339 -0.394568 
-0.00988508 -0.445326 
-0.620548 -0.0373233 
0.0666689 -0.411322 
-0.0607498 -0.464405 
0.119114 -0.387016 
0.173363 -0.362963 
0.201291 -0.351316 
0.25826 -0.329125 
0.345444 -0.29717 
0.316404 -0.307834 
0.617754 -0.102529 
0.5256 -0.206448 
0.374261 -0.286172 
-0.58073 -0.246972 
0.631821 -0.0709359 
0.625861 -0.0857217 
0.640361 -0.0429304 
0.63662 -0.0566115 
0.643363 -0.0290322 
0.647151 -0.000632327 
0.645627 -0.0149207 
-0.619883 -0.107524 
-0.612441 -0.153989 
-0.621519 -0.0841675 
0.60649 -0.121895 
0.456998 -0.249 
0.5446 -0.191445 
0.482127 -0.235056 
-0.246305 -0.489882 
-0.0864196 -0.472398 
0.0926859 -0.399218 
0.287214 -0.318445 
-0.405113 -0.440065 
-0.32795 -0.473847 
-0.165071 -0.488465 
-0.0352504 -0.455325 
0.0154957 -0.434545 
0.145973 -0.374895 
0.229598 -0.340049 
0.430488 -0.262158 
0.0409478 -0.423167 
0.578261 -0.158949 
0.561924 -0.175863 
0.504991 -0.220842 
0.402642 -0.274595 
