ZONE T="boundary0"
-4 -1 
-4 -0.325621 
-4 -0.416022 
-4 -0.130779 
-4 0.401951 
-4 0.347747 
-4 -0.0859759 
-4 0.673422 
-4 0.836711 
-4 -0.20012 
-4 -0.0411729 
-4 0.0314559 
-4 -0.605786 
-4 1 
-4 -0.297541 
-4 -0.506423 
-4 -0.23479 
-4 -0.269461 
-4 0.315316 
-4 0.147304 
-4 0.104085 
-4 0.236703 
-4 0.456155 
-4 0.564789 
-4 -0.705149 
-4 -0.852574 
-4 0.190523 
-4 0.282884 
-4 -0.370821 
-4 0.374849 
-4 -0.108377 
-4 0.755067 
-4 -0.165449 
-4 -0.461222 
-4 -0.252125 
-4 -0.217455 
-4 -0.0635744 
-4 0.125694 
-4 -0.00485849 
-4 0.0677702 
-4 0.510472 
-4 -0.655467 
-4 -0.556104 
-4 -0.926287 
-4 -0.778861 
-4 0.918356 
-4 -0.283501 
-4 -0.311581 
-4 0.213613 
-4 0.168913 
-4 0.259794 
-4 0.331531 
-4 0.2991 
-4 0.429053 
-4 0.619105 
ZONE T="boundary1"
3.53957 1 
1.86211 1 
0.0943419 1 
0.0267168 1 
-0.0409083 1 
0.675243 1 
0.51462 1 
0.412317 1 
-0.243278 1 
-0.174804 1 
1.36112 1 
-2.52735 1 
-2.67996 1 
0.861644 1 
1.70859 1 
1.01441 1 
1.09079 1 
4 1 
3.26879 1 
2.91688 1 
-3.62001 1 
-4 1 
-3.36334 1 
-1.88937 1 
2.70357 1 
2.49026 1 
0.266035 1 
0.180188 1 
-0.107856 1 
0.137265 1 
-0.311753 1 
-0.462299 1 
-0.387026 1 
0.594931 1 
-0.541313 1 
-0.620327 1 
-0.770255 1 
-0.695291 1 
-1.11299 1 
-1.24253 1 
1.16717 1 
-1.4494 1 
-1.34596 1 
-3.10667 1 
1.55506 1 
2.17619 1 
-2.37474 1 
-2.13206 1 
-2.89331 1 
-0.983455 1 
-1.66938 1 
2.33323 1 
-0.876855 1 
-0.823555 1 
-0.00709572 1 
0.463468 1 
-0.209041 1 
-2.60366 1 
1.0526 1 
3.76978 1 
3.09284 1 
-3.81 1 
-3.49167 1 
2.59692 1 
0.339176 1 
-0.14133 1 
0.115803 1 
-0.0743821 1 
-0.277516 1 
0.0605293 1 
0.158727 1 
0.635087 1 
0.554775 1 
0.223112 1 
-0.501806 1 
0.768444 1 
-0.732773 1 
-0.657809 1 
-0.58082 1 
-1.17776 1 
3.40418 1 
0.938026 1 
1.26415 1 
1.12898 1 
-1.39768 1 
-3.235 1 
1.78535 1 
1.63183 1 
1.45809 1 
2.01915 1 
-2.01071 1 
2.81023 1 
-2.78664 1 
-2.99999 1 
-2.45105 1 
-2.2534 1 
-1.55939 1 
2.25471 1 
2.41175 1 
-0.349389 1 
-0.424662 1 
-0.850205 1 
-0.796905 1 
-0.930155 1 
-1.04822 1 
-1.29425 1 
-1.77938 1 
ZONE T="boundary2"
4 -0.796096 
4 -0.592191 
4 -0.0991491 
4 -0.036572 
4 0.299557 
4 0.246302 
4 0.352812 
4 0.422485 
4 0.144194 
4 0.195248 
4 -0.219538 
4 -0.161726 
4 0.492159 
4 0.619119 
4 1 
4 -0.492641 
4 0.809559 
4 -0.27735 
4 -0.33522 
4 -0.393091 
4 0.0538109 
4 -1 
4 -0.694143 
4 -0.0678605 
4 0.387649 
4 0.169721 
4 -0.190632 
4 0.555639 
4 0.326184 
4 0.457322 
4 0.27293 
4 0.90478 
4 -0.306285 
4 -0.248444 
4 0.714339 
4 -0.364156 
4 -0.542416 
4 -0.442866 
4 0.220775 
4 0.0990023 
4 0.00861943 
4 -0.130438 
4 -0.898048 
ZONE T="boundary3"
-3.63693 -1 
-4 -1 
-1.06137 -1 
3.15205 -1 
3.35575 -1 
0.371019 -1 
0.16906 -1 
-0.949854 -1 
0.318358 -1 
0.217379 -1 
0.768956 -1 
0.265698 -1 
0.443287 -1 
0.515555 -1 
-0.206518 -1 
-0.293014 -1 
-1.27807 -1 
-1.16972 -1 
1.27709 -1 
1.38556 -1 
-3.25463 -1 
-3.06348 -1 
-2.87234 -1 
3.83894 -1 
-2.42114 -1 
2.5934 -1 
2.39201 -1 
-1.43025 -1 
-1.58243 -1 
-1.81189 -1 
1.78335 -1 
-0.0891717 -1 
0.82753 -1 
0.886104 -1 
0.600789 -1 
0.686023 -1 
0.0470653 -1 
-0.0210532 -1 
0.108063 -1 
-0.37951 -1 
-0.147845 -1 
0.983434 -1 
1.08076 -1 
-0.494372 -1 
1.17893 -1 
1.49403 -1 
-0.609235 -1 
1.63869 -1 
-0.723787 -1 
-0.83834 -1 
-2.64674 -1 
-2.23124 -1 
-2.04135 -1 
2.94836 -1 
2.77088 -1 
3.51681 -1 
3.67787 -1 
1.98699 -1 
2.19063 -1 
2.08881 -1 
4 -1 
-3.81846 -1 
3.2539 -1 
-1.00561 -1 
0.193219 -1 
-0.249766 -1 
-1.22389 -1 
1.33133 -1 
-3.15906 -1 
-2.96791 -1 
-3.44578 -1 
2.4927 -1 
-1.50634 -1 
-1.69716 -1 
0.241539 -1 
0.344689 -1 
0.407153 -1 
0.292028 -1 
0.479421 -1 
0.558172 -1 
0.643406 -1 
0.0130061 -1 
0.077564 -1 
-0.118508 -1 
-0.177182 -1 
-0.336262 -1 
1.0321 -1 
0.934769 -1 
1.4398 -1 
1.12985 -1 
-0.436941 -1 
1.56636 -1 
-0.551803 -1 
-1.35416 -1 
-0.781064 -1 
-2.75954 -1 
-2.1363 -1 
2.85962 -1 
3.05021 -1 
-2.53394 -1 
3.59734 -1 
-0.0551124 -1 
0.727489 -1 
0.798243 -1 
0.856817 -1 
0.138561 -1 
1.88517 -1 
2.13972 -1 
2.0379 -1 
3.75841 -1 
3.43628 -1 
2.29132 -1 
3.91947 -1 
1.71102 -1 
-0.666511 -1 
-0.894097 -1 
1.22801 -1 
2.68214 -1 
-1.11554 -1 
-1.92662 -1 
-2.32619 -1 
ZONE T="boundary4"
-0.343427 0.562654 
-0.557704 0.0434818 
-0.561645 0.0811925 
-0.56266 0.119865 
-0.562529 0.100424 
0.070968 0.40566 
0.0895228 0.427181 
-0.557664 0.184719 
0.0715239 0.668405 
0.418636 0.0859214 
0.0665821 0.112035 
0.0923732 0.104024 
-0.540848 0.263847 
-0.529401 0.299121 
-0.513343 0.338676 
-0.443844 0.456161 
0.122839 0.476066 
-0.465846 0.424878 
-0.485395 0.393226 
-0.502767 0.360951 
0.444795 0.0766268 
0.117748 0.0993838 
0.391774 0.092939 
0.36487 0.0977305 
-0.391534 0.517588 
-0.360598 0.5476 
-0.419339 0.486875 
0.307228 0.10188 
0.335795 0.100745 
-0.325746 0.577092 
-0.30632 0.591812 
-0.0101943 0.178551 
0.00388071 0.1567 
-0.548918 0.232313 
0.13423 0.502503 
0.114476 0.461465 
0.103288 0.444904 
-0.286364 0.605775 
0.02152 0.138536 
0.0420913 0.123887 
-0.0194331 0.202974 
0.0305361 0.359779 
-0.0225125 0.250435 
-0.164269 0.668792 
-0.135753 0.678259 
0.0993946 0.647921 
0.0910369 0.655124 
0.12932 0.489695 
0.270134 0.101316 
-0.191279 0.657994 
-0.105806 0.685979 
0.132597 0.600392 
0.019892 0.688279 
-0.0105062 0.693051 
-0.0419756 0.694017 
0.0473307 0.679937 
0.0338021 0.684593 
0.141678 0.536344 
-0.561024 0.154433 
0.0815848 0.662096 
0.143472 0.0971121 
0.170712 0.0966323 
0.202063 0.0976464 
0.128869 0.608637 
0.137775 0.514447 
0.142333 0.546466 
0.142265 0.556165 
0.138246 0.583393 
0.470063 0.0649988 
0.492656 0.0520559 
0.140196 0.525663 
0.119536 0.62458 
0.113644 0.63256 
0.135742 0.591911 
0.124508 0.616726 
0.107081 0.640209 
0.140182 0.574621 
0.141534 0.565544 
0.550884 0.00443348 
0.0506257 0.383059 
0.513839 0.0373811 
0.533135 0.0215114 
-0.264336 0.619913 
-0.241768 0.633085 
0.233707 0.0994387 
0.00877464 0.330477 
-0.216781 0.646187 
-0.552277 0.216504 
-0.0746553 0.691427 
-0.0104054 0.295014 
-0.545135 0.248023 
0.00481885 0.691166 
-0.56269 0.110144 
0.0803697 0.416343 
-0.562181 0.0908042 
0.0793422 0.107591 
-0.535427 0.281583 
-0.52174 0.319049 
-0.475855 0.409198 
-0.50817 0.349868 
0.43182 0.0815622 
0.378361 0.0955883 
-0.376312 0.532851 
-0.352078 0.555203 
-0.40568 0.502454 
0.321506 0.101515 
-0.316102 0.584544 
-0.00372173 0.16726 
0.109043 0.4531 
-0.296408 0.598889 
0.0123009 0.147168 
0.0314537 0.130794 
-0.0154651 0.190512 
-0.150076 0.673755 
0.0952855 0.651599 
0.131905 0.496065 
-0.177843 0.663586 
-0.120835 0.682397 
-0.0261872 0.693992 
0.0406144 0.68239 
-0.334649 0.569951 
0.0965487 0.435956 
0.126218 0.482832 
0.350346 0.0994947 
0.118803 0.468702 
0.0766171 0.665341 
0.130584 0.0979885 
-0.562138 0.137164 
0.186378 0.0969861 
0.130804 0.604549 
0.481506 0.0587675 
0.139093 0.520043 
0.116663 0.628624 
0.137065 0.587677 
0.134242 0.596182 
0.126758 0.612721 
0.103314 0.644136 
0.110433 0.636443 
0.136121 0.508453 
0.139288 0.579028 
0.141982 0.560867 
0.141037 0.531 
0.142097 0.541408 
0.140936 0.570099 
0.12209 0.620698 
0.142385 0.551324 
-0.494322 0.377219 
0.0608113 0.394369 
0.086381 0.658698 
0.523654 0.0296326 
-0.275422 0.61296 
-0.253121 0.626621 
-0.0231967 0.22656 
0.054095 0.117461 
0.104998 0.101372 
0.405275 0.0897106 
0.0404626 0.371534 
0.0192721 0.345423 
0.50341 0.0449374 
-0.22935 0.639788 
0.157082 0.0966683 
0.251889 0.100471 
-0.2041 0.652254 
-0.0583176 0.693146 
-0.00161422 0.313189 
-0.54708 0.240181 
0.28865 0.101835 
-0.0902674 0.689039 
0.0123882 0.689852 
-0.431825 0.471705 
-0.0180394 0.273159 
0.0596787 0.674624 
0.542178 0.0131334 
0.457566 0.0710993 
0.0268921 0.686554 
0.217869 0.0985026 
-0.54305 0.255951 
-0.550651 0.224421 
-0.555196 0.200651 
-0.559563 0.169601 
-0.560038 0.0622996 
-0.00281598 0.692231 
-0.455079 0.440685 
ZONE T="boundary5"
-0.530956 -0.0611108 
-0.518897 -0.0908882 
0.218099 -0.551912 
-0.45734 -0.199161 
-0.444658 -0.216794 
-0.541955 -0.0281708 
-0.557704 0.0434818 
-0.469526 -0.181169 
-0.483017 -0.159749 
-0.507954 -0.11433 
-0.495679 -0.137817 
-0.376237 -0.297337 
-0.35837 -0.314847 
-0.551061 0.00700479 
0.148958 -0.545763 
0.127564 -0.542826 
0.605196 -0.0682225 
0.615443 -0.0867432 
-0.339913 -0.331739 
0.624815 -0.105575 
-0.115021 -0.473715 
-0.211623 -0.424538 
-0.227982 -0.414664 
-0.156586 -0.454354 
-0.136801 -0.463889 
-0.290757 -0.371818 
-0.0441152 -0.501194 
-0.176111 -0.444349 
-0.193989 -0.434645 
0.0597308 -0.530291 
0.0829276 -0.535133 
-0.306276 -0.359861 
-0.0929635 -0.482981 
-0.068684 -0.49242 
-0.323293 -0.346034 
0.03389 -0.524204 
-0.412733 -0.257276 
-0.429007 -0.23729 
-0.394881 -0.27766 
0.00826547 -0.517429 
-0.0180626 -0.509679 
-0.274951 -0.383405 
-0.244107 -0.404436 
0.640549 -0.142385 
0.6688 -0.246631 
0.467715 -0.522656 
0.443968 -0.530054 
0.193206 -0.550293 
0.171041 -0.548286 
0.106268 -0.53942 
0.593677 -0.0495833 
0.266129 -0.553069 
0.243062 -0.552844 
0.345661 -0.548747 
0.317459 -0.551238 
0.289225 -0.552656 
0.602071 -0.443176 
0.659545 -0.201207 
0.664138 -0.220537 
0.377609 -0.544508 
0.649891 -0.376957 
0.491493 -0.513806 
0.514416 -0.503685 
0.536901 -0.491954 
0.636502 -0.400834 
0.580995 -0.0313247 
0.566665 -0.0131132 
0.559823 -0.477743 
0.620672 -0.422669 
0.671209 -0.272538 
0.660516 -0.350795 
0.643549 -0.389111 
0.667753 -0.322762 
0.550884 0.00443348 
0.410235 -0.538442 
0.654092 -0.181814 
0.581941 -0.461286 
0.647691 -0.161989 
0.6709 -0.297982 
-0.525146 -0.0760886 
-0.451059 -0.208021 
-0.536728 -0.0447323 
-0.476371 -0.170523 
-0.513558 -0.102672 
-0.36738 -0.306169 
-0.554723 0.0251813 
0.138252 -0.544354 
0.610428 -0.07743 
-0.21983 -0.419645 
-0.146724 -0.459181 
-0.125945 -0.468873 
-0.185079 -0.439548 
0.0713132 -0.532782 
-0.501946 -0.126142 
-0.298553 -0.365886 
-0.0808581 -0.487785 
-0.0564315 -0.496892 
-0.202836 -0.429642 
-0.331654 -0.338945 
0.046788 -0.527335 
-0.420951 -0.24735 
-0.43691 -0.227102 
-0.0049279 -0.513647 
-0.259647 -0.39409 
0.021053 -0.520903 
0.633025 -0.123852 
-0.314832 -0.353006 
-0.282889 -0.377658 
-0.236073 -0.409594 
0.455888 -0.526508 
0.205645 -0.551187 
0.182117 -0.549355 
0.116906 -0.541182 
-0.16638 -0.449411 
0.159991 -0.547088 
0.599559 -0.0588355 
-0.463499 -0.19021 
0.0945838 -0.537347 
0.230576 -0.552466 
0.33157 -0.550131 
0.277677 -0.552944 
0.303346 -0.552076 
0.62023 -0.0961153 
0.661947 -0.210849 
0.361658 -0.546822 
0.479666 -0.518401 
0.525757 -0.498013 
0.573979 -0.0221125 
0.587468 -0.040371 
0.548502 -0.485079 
0.62889 -0.411976 
0.670317 -0.259559 
0.640112 -0.395026 
0.646812 -0.383083 
0.655626 -0.364055 
0.666705 -0.233545 
0.254594 -0.553034 
-0.349212 -0.32337 
0.558931 -0.00421106 
0.427167 -0.534522 
-0.104024 -0.478419 
0.503032 -0.508924 
-0.385655 -0.28759 
-0.403906 -0.267554 
-0.0311211 -0.505529 
0.571064 -0.469764 
-0.546823 -0.0106646 
0.393961 -0.541701 
0.664609 -0.336908 
0.656914 -0.191486 
0.650986 -0.171875 
0.644212 -0.152158 
0.671409 -0.285268 
0.669686 -0.310421 
0.611642 -0.433174 
0.592221 -0.452476 
-0.489457 -0.148848 
