ZONE T="boundary0"
-4 -1 
-4 -0.84337 
-4 -0.302431 
-4 -0.0201265 
-4 0.287981 
-4 0.338803 
-4 0.665864 
-4 0.554485 
-4 0.212494 
-4 -0.230939 
-4 -0.153969 
-4 0.168742 
-4 -0.0870477 
-4 -0.491886 
-4 -0.589313 
-4 -0.686739 
-4 1 
-4 0.777242 
-4 -0.351942 
-4 -0.401454 
-4 -0.44667 
-4 0.250237 
-4 0.124991 
-4 0.0524321 
-4 0.389626 
-4 0.472055 
-4 0.430841 
-4 -0.921685 
-4 0.313392 
-4 0.610174 
-4 -0.192454 
-4 -0.120508 
-4 -0.540599 
-4 0.888621 
-4 -0.266685 
-4 -0.376698 
-4 -0.424062 
-4 0.231365 
-4 0.146866 
-4 0.0887114 
-4 0.190618 
-4 0.0161528 
-4 -0.0535871 
-4 -0.469278 
-4 -0.638026 
-4 -0.765054 
-4 0.721553 
-4 0.269109 
-4 0.364215 
-4 0.410233 
-4 0.451448 
-4 0.51327 
-4 -0.327187 
ZONE T="boundary1"
-3.59046 1 
1.9172 1 
-0.329345 1 
0.232952 1 
1.19879 1 
1.30959 1 
-0.104265 1 
-0.456787 1 
1.08798 1 
-0.824203 1 
3.66227 1 
-1.46455 1 
-1.82647 1 
-1.96609 1 
1.41211 1 
-4 1 
-2.25177 1 
-2.10571 1 
-2.70283 1 
-3.17116 1 
-3.79523 1 
2.48801 1 
2.11475 1 
3.1213 1 
2.70303 1 
0.312813 1 
0.0829773 1 
0.0195165 1 
-0.578735 1 
0.620831 1 
0.911895 1 
-0.700683 1 
-0.164585 1 
-0.0439442 1 
0.795106 1 
0.99994 1 
-0.246965 1 
0.449713 1 
0.506752 1 
0.392674 1 
0.157965 1 
1.51462 1 
1.61713 1 
-1.0657 1 
-0.947723 1 
3.83114 1 
3.32455 1 
-1.3651 1 
-1.18367 1 
-1.564 1 
-1.69524 1 
-3.38081 1 
2.91806 1 
-2.93699 1 
-2.55033 1 
-2.39783 1 
4 1 
1.71964 1 
1.25419 1 
-1.89628 1 
1.36085 1 
-2.17874 1 
2.30138 1 
0.272882 1 
0.0512469 1 
-0.517761 1 
-0.639709 1 
-0.134425 1 
-0.0741044 1 
0.8535 1 
-0.205775 1 
-0.393066 1 
0.352743 1 
0.707968 1 
-0.288155 1 
1.14339 1 
0.563791 1 
1.56587 1 
-1.00671 1 
-3.89761 1 
3.49341 1 
-1.27438 1 
-3.69284 1 
-1.12468 1 
-1.51428 1 
-1.41482 1 
-1.76085 1 
-1.62962 1 
-3.27598 1 
-3.48563 1 
-0.762443 1 
-0.885963 1 
2.59552 1 
2.81055 1 
3.74671 1 
-2.81991 1 
-3.05407 1 
-2.47408 1 
-2.3248 1 
3.91557 1 
-2.62658 1 
1.81842 1 
3.01968 1 
-2.0359 1 
2.01597 1 
3.22293 1 
1.04396 1 
0.955917 1 
0.421193 1 
-0.0122138 1 
0.478233 1 
0.195458 1 
0.120471 1 
1.46336 1 
1.66839 1 
ZONE T="boundary2"
4 -0.300792 
4 -0.26196 
4 -0.223129 
4 -0.43543 
4 0.360674 
4 0.417962 
4 0.469799 
4 0.303386 
4 -0.0641266 
4 -0.143628 
4 0.228332 
4 0.0381637 
4 0.140454 
4 -0.816051 
4 -0.632101 
4 -0.103877 
4 -0.533766 
4 -0.183378 
4 0.265859 
4 0.760818 
4 0.521635 
4 0.641226 
4 -0.368111 
4 -1 
4 1 
4 -0.281376 
4 0.389318 
4 0.33203 
4 -0.724076 
4 -0.484598 
4 0.284623 
4 0.247095 
4 -0.0129814 
4 0.0893089 
4 0.184393 
4 0.495717 
4 0.701022 
4 -0.908025 
4 0.880409 
4 -0.582934 
4 -0.203254 
4 -0.0840019 
4 -0.163503 
4 -0.123752 
4 -0.242545 
4 -0.334451 
4 -0.40177 
4 0.44388 
4 0.581431 
ZONE T="boundary3"
-4 -1 
3.17431 -1 
-0.820574 -1 
-1.21789 -1 
-0.906214 -1 
-0.653284 -1 
-0.555928 -1 
-0.237263 -1 
0.583055 -1 
0.474916 -1 
0.787913 -1 
0.881036 -1 
-0.736929 -1 
-1.10487 -1 
-3.11871 -1 
1.67686 -1 
2.01356 -1 
1.85038 -1 
3.02424 -1 
2.35614 -1 
2.77988 -1 
3.32439 -1 
3.49329 -1 
3.8311 -1 
2.53553 -1 
-1.88489 -1 
-1.68376 -1 
-2.33731 -1 
-1.55753 -1 
-0.307482 -1 
0.036645 -1 
0.0969706 -1 
0.220903 -1 
-0.167044 -1 
-0.0953623 -1 
0.366777 -1 
-0.383027 -1 
-0.0236807 -1 
0.29384 -1 
0.685484 -1 
-3.69947 -1 
0.974159 -1 
-0.458573 -1 
-1.04836 -1 
-0.991854 -1 
-3.55428 -1 
-3.40909 -1 
1.08369 -1 
1.19323 -1 
4 -1 
-1.3246 -1 
1.42581 -1 
2.17674 -1 
-1.4313 -1 
-2.98619 -1 
3.66219 -1 
-2.5886 -1 
-2.85366 -1 
1.34828 -1 
1.50334 -1 
1.27075 -1 
-2.21166 -1 
-2.08602 -1 
-0.604606 -1 
0.528985 -1 
0.834474 -1 
1.93197 -1 
3.09927 -1 
3.40884 -1 
2.90206 -1 
2.65771 -1 
-1.78432 -1 
-0.272372 -1 
-0.131203 -1 
-0.202153 -1 
0.158937 -1 
0.00648213 -1 
0.420846 -1 
0.257372 -1 
0.736698 -1 
0.330309 -1 
0.634269 -1 
-3.84974 -1 
0.927597 -1 
-0.863394 -1 
-0.507251 -1 
-1.07662 -1 
-3.62688 -1 
-3.48169 -1 
1.13846 -1 
1.02893 -1 
-1.27124 -1 
-1.02011 -1 
-1.62064 -1 
-3.05245 -1 
3.24935 -1 
3.57774 -1 
-2.72113 -1 
1.46457 -1 
1.30952 -1 
3.91555 -1 
3.74665 -1 
1.76362 -1 
-2.46296 -1 
-2.14884 -1 
1.5901 -1 
2.44583 -1 
2.26644 -1 
2.09515 -1 
-0.0595215 -1 
-0.345254 -1 
0.0668078 -1 
-0.949034 -1 
-0.778752 -1 
-0.695106 -1 
-0.4208 -1 
-1.16138 -1 
-1.37795 -1 
-2.91992 -1 
1.23199 -1 
1.38704 -1 
-1.49442 -1 
-3.2639 -1 
-2.27449 -1 
-1.98545 -1 
ZONE T="boundary4"
-0.59952 -0.0122523 
0.583937 0.267373 
0.556358 0.316471 
-0.601628 -0.031502 
0.490647 0.382293 
0.476455 0.392065 
-0.205355 0.366057 
-0.224421 0.357962 
-0.534806 0.142099 
-0.242468 0.350028 
-0.186186 0.373905 
-0.400128 0.265018 
-0.165822 0.381926 
-0.546859 0.125034 
-0.560993 0.101903 
-0.591879 0.0257683 
-0.586346 0.0443974 
0.611619 0.138698 
0.611346 0.115584 
0.547541 0.328184 
-0.578773 0.0649667 
-0.573426 0.0773646 
-0.56747 0.089743 
0.57136 0.292823 
-0.437408 0.238107 
0.447632 0.408897 
0.461789 0.40109 
0.593654 0.241515 
-0.521961 0.158344 
-0.596274 0.00685111 
-0.0536067 0.420071 
-0.0277966 0.427285 
-0.501072 0.181622 
-0.46973 0.211501 
-0.453776 0.225066 
-0.418973 0.251873 
-0.34198 0.300579 
-0.326599 0.308987 
-0.357221 0.291885 
-0.101336 0.405144 
-0.0775613 0.41283 
-0.277463 0.333837 
-0.260417 0.341862 
0.609494 0.094314 
0.606034 0.0733429 
-0.310561 0.317409 
-0.145337 0.389666 
-0.511724 0.17017 
-0.00177772 0.433918 
-0.123412 0.397578 
-0.485677 0.196917 
-0.378877 0.278811 
0.601329 0.214378 
0.538067 0.339449 
-0.294407 0.325576 
0.433148 0.416074 
0.0259328 0.440248 
0.404158 0.428299 
0.528187 0.350022 
0.504517 0.371589 
0.517762 0.360102 
0.0828567 0.45075 
0.141461 0.457805 
0.112051 0.454761 
0.229835 0.460401 
0.374804 0.438193 
0.287723 0.45606 
0.316485 0.451823 
0.3456 0.44593 
0.258873 0.458882 
0.0538666 0.445833 
0.594136 0.032703 
0.608714 0.175008 
0.606699 0.188313 
0.610236 0.161634 
0.600916 0.0527588 
0.17102 0.459807 
0.200398 0.460691 
0.597753 0.228022 
0.483615 0.387273 
-0.214901 0.36204 
-0.176018 0.377951 
-0.554149 0.113604 
-0.589253 0.0351243 
0.6117 0.127139 
0.552029 0.322387 
-0.582734 0.0547457 
-0.576163 0.071193 
-0.564294 0.0958558 
0.564172 0.304845 
0.454755 0.405073 
-0.570512 0.0835844 
-0.528489 0.150305 
-0.598039 -0.00267683 
-0.0407227 0.42375 
-0.461809 0.218351 
-0.428246 0.245065 
-0.409604 0.258522 
-0.445642 0.231649 
-0.334307 0.304817 
-0.349621 0.296269 
-0.0894671 0.409042 
-0.268953 0.337878 
0.60797 0.0837942 
-0.318597 0.313231 
-0.195783 0.370011 
-0.155594 0.385833 
-0.0656025 0.416509 
-0.0148077 0.430678 
-0.13439 0.393665 
-0.477774 0.204287 
-0.389561 0.272005 
-0.233457 0.354023 
-0.600715 -0.0218621 
-0.251455 0.345975 
0.542879 0.33388 
-0.302499 0.321522 
0.533195 0.344799 
-0.493458 0.189354 
0.511223 0.365942 
0.497657 0.377038 
0.523037 0.355127 
0.469179 0.39667 
0.126742 0.45641 
0.331083 0.449081 
0.244361 0.4598 
0.389567 0.433503 
0.0398789 0.443138 
0.60424 0.201392 
-0.594219 0.0163424 
0.611125 0.150178 
0.610619 0.104932 
0.440429 0.412564 
0.607767 0.18167 
0.609538 0.168328 
-0.285949 0.329736 
0.0683417 0.448402 
0.0974364 0.452874 
0.273314 0.45764 
0.30213 0.454124 
0.0120555 0.437174 
0.185704 0.460391 
0.215117 0.460698 
0.360262 0.442289 
0.15623 0.458941 
-0.540952 0.133651 
0.597734 0.0426598 
0.603685 0.0629983 
-0.506447 0.175942 
-0.516897 0.164304 
0.599604 0.221218 
0.595771 0.234788 
0.589091 0.254555 
0.577985 0.280264 
0.418772 0.422469 
-0.11239 0.401406 
-0.368098 0.285432 
ZONE T="boundary5"
-0.57396 -0.203398 
-0.541664 -0.272303 
-0.550453 -0.255861 
0.52038 -0.0744234 
-0.602504 -0.0701626 
-0.601628 -0.031502 
-0.602614 -0.0508125 
-0.601329 -0.0894681 
-0.586605 -0.166202 
-0.591718 -0.147159 
-0.580635 -0.185032 
-0.558813 -0.238815 
-0.599118 -0.108767 
-0.595909 -0.12797 
-0.373088 -0.461041 
-0.221746 -0.545671 
-0.245396 -0.535598 
-0.268664 -0.524663 
-0.333422 -0.4883 
-0.353733 -0.47487 
-0.290865 -0.513226 
-0.312633 -0.500994 
-0.391924 -0.446531 
-0.0912771 -0.584192 
-0.118963 -0.578328 
-0.196942 -0.555166 
-0.145518 -0.57155 
-0.171813 -0.563717 
0.503346 -0.0904821 
-0.487125 -0.352381 
-0.51144 -0.320297 
-0.499562 -0.336545 
-0.532291 -0.288429 
-0.522145 -0.30454 
-0.458956 -0.384627 
-0.443308 -0.400734 
-0.427088 -0.416281 
-0.409782 -0.431718 
-0.473327 -0.368747 
0.28476 -0.469741 
0.448775 -0.138955 
0.467374 -0.122248 
0.296696 -0.449631 
-0.566589 -0.221493 
0.55067 -0.0413967 
0.536302 -0.0580108 
0.0237202 -0.594772 
-0.00557218 -0.59432 
-0.0344759 -0.592311 
-0.063447 -0.588839 
0.0539169 -0.593414 
0.0834859 -0.590085 
0.113728 -0.584343 
0.307395 -0.427811 
0.171829 -0.565053 
0.199267 -0.551021 
0.241898 -0.519988 
0.2214 -0.536582 
0.257457 -0.504701 
0.271684 -0.488045 
0.322089 -0.389602 
0.316991 -0.40412 
0.33946 -0.331146 
0.331079 -0.360643 
0.362158 -0.260625 
0.371561 -0.238934 
0.346599 -0.306428 
0.430676 -0.156419 
0.575594 -0.00564649 
0.585701 0.0132423 
0.383434 -0.216626 
0.397136 -0.195704 
0.354432 -0.281765 
0.563892 -0.0238588 
0.485457 -0.106419 
0.594136 0.032703 
0.413331 -0.175199 
0.142724 -0.576245 
-0.546132 -0.264121 
-0.60226 -0.0411505 
-0.589271 -0.15671 
-0.554706 -0.247374 
-0.60035 -0.0991323 
-0.597634 -0.118389 
-0.233617 -0.540743 
-0.25708 -0.530237 
-0.343639 -0.481677 
-0.279816 -0.519045 
-0.323085 -0.49474 
-0.382572 -0.453871 
-0.10515 -0.581408 
-0.209389 -0.550536 
-0.158703 -0.567763 
0.511937 -0.0825319 
-0.505572 -0.328473 
-0.53705 -0.280407 
-0.51686 -0.312464 
-0.363473 -0.468042 
-0.451204 -0.39275 
-0.418505 -0.424078 
-0.46621 -0.376749 
-0.435267 -0.408579 
0.458025 -0.130544 
0.290934 -0.459815 
-0.570358 -0.21248 
0.543614 -0.0498159 
-0.577389 -0.194248 
0.528446 -0.0663208 
0.00907282 -0.594753 
-0.0200351 -0.593502 
-0.0489808 -0.59075 
-0.59393 -0.13759 
-0.527289 -0.296529 
0.0687331 -0.592009 
0.30225 -0.438828 
0.210514 -0.544081 
0.231863 -0.528554 
0.278416 -0.479038 
-0.602694 -0.0604886 
0.264749 -0.49653 
0.319595 -0.396882 
0.335301 -0.34591 
0.366673 -0.249694 
0.312384 -0.41605 
0.249843 -0.512517 
0.439625 -0.147579 
0.580839 0.00369401 
0.37725 -0.227645 
0.39005 -0.206008 
-0.562774 -0.230187 
0.358167 -0.271148 
0.569919 -0.0148672 
0.557438 -0.0327472 
0.476413 -0.114329 
-0.583722 -0.175649 
-0.480298 -0.360625 
0.59012 0.0228845 
-0.493411 -0.344516 
-0.400919 -0.439204 
0.350403 -0.294061 
0.342979 -0.318774 
0.494439 -0.0984933 
-0.301804 -0.507209 
0.421847 -0.165659 
-0.0773864 -0.58667 
0.0388323 -0.594335 
-0.184418 -0.55956 
0.326724 -0.375171 
-0.132273 -0.575072 
0.0986677 -0.58752 
0.18574 -0.558414 
0.15742 -0.571018 
-0.602048 -0.0798236 
0.128318 -0.580614 
0.405016 -0.185275 
