ZONE T="boundary0"
-4 -0.305702 
-4 0.325724 
-4 0.389626 
-4 0.246453 
-4 0.827721 
-4 0.655442 
-4 0.453528 
-4 -0.233145 
-4 -0.269424 
-4 0.17475 
-4 1 
-4 0.554485 
-4 -0.20373 
-4 -0.852867 
-4 -0.382303 
-4 -0.458905 
-4 0.124991 
-4 0.0752311 
-4 -0.115484 
-4 -0.0201265 
-4 -0.705733 
-4 -1 
-4 -0.344003 
-4 -0.174315 
-4 -0.582319 
-4 0.357675 
-4 0.286089 
-4 0.741582 
-4 0.421577 
-4 -0.251284 
-4 0.913861 
-4 0.604964 
-4 -0.420604 
-4 0.210602 
-4 0.100111 
-4 -0.218438 
-4 -0.0678052 
-4 0.504006 
-4 -0.926433 
-4 -0.7793 
-4 -0.287563 
-4 -0.144899 
-4 -0.189022 
-4 0.14987 
-4 0.0275523 
-4 -0.520612 
-4 -0.644026 
-4 -0.363153 
-4 -0.324852 
ZONE T="boundary1"
-3.01324 1 
1.92792 1 
1.75367 1 
1.51137 1 
0.157965 1 
2.30158 1 
2.10217 1 
-3.79523 1 
3.74371 1 
3.16167 1 
2.84789 1 
3.48743 1 
3.32455 1 
-1.35927 1 
-4 1 
4 1 
-1.68685 1 
-2.09825 1 
-2.24533 1 
-2.85532 1 
-3.17116 1 
-3.38081 1 
-3.59046 1 
2.50099 1 
0.620831 1 
0.515881 1 
0.737014 1 
-0.700683 1 
-0.584229 1 
0.410931 1 
0.232952 1 
0.321941 1 
0.970591 1 
1.08798 1 
0.0406701 1 
-0.00163705 1 
0.853198 1 
0.0829773 1 
-0.0439442 1 
-0.415772 1 
-0.329345 1 
1.19879 1 
-0.817137 1 
-0.947723 1 
-1.07831 1 
-1.24791 1 
-1.47064 1 
-1.81901 1 
-1.95118 1 
1.30959 1 
1.41048 1 
-2.70283 1 
2.67444 1 
-2.39783 1 
-0.0862514 1 
-0.164585 1 
-0.242918 1 
-0.286132 1 
-2.55033 1 
1.84079 1 
2.20187 1 
3.00478 1 
3.40599 1 
-3.89761 1 
3.87186 1 
-2.17179 1 
-3.0922 1 
-3.27598 1 
-3.48563 1 
2.40129 1 
0.568356 1 
0.678923 1 
-0.642456 1 
0.463406 1 
1.02929 1 
0.0195165 1 
0.195458 1 
-0.372558 1 
-0.5 1 
-0.75891 1 
-3.69284 1 
1.14339 1 
-1.01302 1 
-0.88243 1 
-1.16311 1 
-1.30359 1 
-1.41495 1 
-1.57874 1 
-1.75293 1 
-1.88509 1 
-2.02472 1 
3.24311 1 
1.25419 1 
1.46093 1 
1.63252 1 
-2.93428 1 
2.01504 1 
2.58772 1 
2.76117 1 
0.795106 1 
-0.0650978 1 
-0.0227906 1 
-0.125418 1 
-0.203752 1 
-0.307738 1 
-0.264525 1 
0.366436 1 
0.120471 1 
0.277447 1 
0.0618237 1 
1.36004 1 
3.61557 1 
0.911895 1 
-2.32158 1 
-2.47408 1 
-2.62658 1 
-2.77907 1 
ZONE T="boundary2"
4 -0.300792 
4 -0.368111 
4 -0.26196 
4 -0.142008 
4 0.303386 
4 0.341578 
4 0.0137549 
4 -0.0641266 
4 0.265194 
4 0.203314 
4 0.812654 
4 1 
4 -0.632101 
4 -0.533766 
4 -0.223129 
4 0.141433 
4 0.0775942 
4 0.417962 
4 0.521635 
4 0.625309 
4 -0.43543 
4 -1 
4 -0.816051 
4 -0.334451 
4 0.322482 
4 0.234254 
4 0.906327 
4 -0.582934 
4 -0.242545 
4 -0.182568 
4 -0.281376 
4 -0.0251858 
4 -0.103067 
4 0.172374 
4 0.109514 
4 0.37977 
4 0.469799 
4 0.573472 
4 0.718981 
4 -0.484598 
4 -0.908025 
4 -0.724076 
4 0.28429 
4 -0.40177 
4 0.0456746 
ZONE T="boundary3"
-3.66592 -1 
-3.83296 -1 
-0.458573 -1 
-0.357845 -1 
-0.257118 -1 
0.519567 -1 
0.787913 -1 
-1.10737 -1 
0.583055 -1 
-0.653284 -1 
0.869749 -1 
0.974159 -1 
1.07857 -1 
-0.991854 -1 
3.7192 -1 
1.69879 -1 
-1.73998 -1 
-2.13243 -1 
2.00197 -1 
2.16642 -1 
2.35151 -1 
-3.39894 -1 
-3.13196 -1 
-2.83849 -1 
-2.54501 -1 
-2.33872 -1 
0.0296085 -1 
-0.0236807 -1 
0.0969706 -1 
0.277474 -1 
0.220903 -1 
0.164333 -1 
0.644566 -1 
0.706076 -1 
0.45608 -1 
-0.212081 -1 
-0.167044 -1 
-0.0769699 -1 
-0.555928 -1 
-0.876338 -1 
1.19323 -1 
1.30788 -1 
0.366777 -1 
0.411428 -1 
-0.764811 -1 
1.56006 -1 
4 -1 
1.83752 -1 
-1.5342 -1 
-1.21789 -1 
-1.32841 -1 
3.03648 -1 
3.17045 -1 
3.30443 -1 
-1.4313 -1 
2.71956 -1 
2.5366 -1 
2.90251 -1 
3.4384 -1 
-4 -1 
-3.74944 -1 
-0.307482 -1 
0.921954 -1 
-1.04961 -1 
-1.93621 -1 
2.0842 -1 
-3.53243 -1 
-2.69175 -1 
-2.98522 -1 
-2.23558 -1 
0.00296388 -1 
0.249189 -1 
-0.408209 -1 
0.130652 -1 
0.0632896 -1 
0.551311 -1 
0.675321 -1 
0.487823 -1 
-0.189562 -1 
0.828831 -1 
0.61381 -1 
1.25055 -1 
0.746994 -1 
1.02636 -1 
0.322125 -1 
0.433754 -1 
0.389103 -1 
-0.709047 -1 
-0.820574 -1 
3.8596 -1 
1.43397 -1 
1.76815 -1 
-1.63709 -1 
1.62942 -1 
-1.16263 -1 
-3.26545 -1 
3.10347 -1 
-1.37985 -1 
2.62808 -1 
2.81103 -1 
3.5788 -1 
1.91975 -1 
2.9695 -1 
2.25897 -1 
-3.91648 -1 
0.192618 -1 
-0.604606 -1 
-0.234599 -1 
-0.0503253 -1 
-0.122007 -1 
-0.934096 -1 
-0.507251 -1 
-1.27315 -1 
3.37141 -1 
2.44406 -1 
1.1359 -1 
3.23744 -1 
-2.44187 -1 
-1.48275 -1 
ZONE T="boundary4"
-0.258168 0.32905 
-0.505699 0.230066 
-0.49452 0.237891 
0.53555 0.291086 
0.55112 0.269289 
0.52659 0.301827 
-0.349789 0.302879 
-0.332224 0.308235 
-0.619241 0.0633645 
-0.522597 0.216967 
0.589319 0.0216686 
0.594622 0.0414643 
0.598434 0.0615748 
-0.415386 0.279581 
-0.60896 0.09772 
-0.62552 0.0242924 
-0.623029 0.0439558 
0.42897 0.375074 
0.442571 0.368037 
0.597746 0.146411 
0.592578 0.171681 
-0.597996 0.12317 
-0.613393 0.0848099 
-0.573013 0.164155 
-0.584757 0.146905 
0.589266 0.184014 
-0.591681 0.135197 
0.600427 0.124552 
0.517072 0.312127 
-0.56016 0.180283 
-0.549687 0.191837 
-0.218214 0.339829 
-0.538714 0.202739 
0.45671 0.359893 
-0.430212 0.273222 
-0.399414 0.285892 
-0.470939 0.252568 
-0.383295 0.291786 
-0.366581 0.297488 
0.415091 0.381532 
-0.458005 0.259705 
-0.314636 0.313379 
-0.296139 0.318619 
0.564738 0.245683 
0.483957 0.341364 
0.496941 0.330938 
-0.197752 0.34533 
-0.176122 0.351142 
-0.108562 0.36912 
-0.0840308 0.375468 
-0.238711 0.33431 
-0.0594382 0.381649 
-0.0067705 0.393992 
0.0210998 0.399865 
-0.277661 0.323735 
-0.626746 0.00450115 
0.601403 0.102404 
0.600699 0.0819082 
-0.626759 -0.0153606 
0.470453 0.351059 
0.507236 0.321768 
-0.154521 0.356934 
0.0779545 0.409988 
0.192699 0.420428 
0.220923 0.420471 
0.164582 0.419311 
0.135676 0.417131 
0.331574 0.408221 
0.303821 0.413393 
0.359402 0.401352 
0.387389 0.392508 
0.106959 0.414014 
0.276368 0.417036 
0.248769 0.419362 
0.401343 0.387279 
0.0491741 0.405204 
0.575975 0.221596 
0.585485 0.19621 
-0.131542 0.363061 
-0.0331728 0.387982 
-0.603806 0.110583 
-0.444834 0.266396 
-0.500145 0.23403 
0.543605 0.280378 
-0.341014 0.305586 
-0.51425 0.223645 
0.592151 0.0315177 
-0.624435 0.034144 
-0.6213 0.0536917 
0.435809 0.371628 
0.595425 0.159099 
-0.611257 0.0912918 
-0.579052 0.155641 
0.590982 0.177864 
-0.588294 0.141094 
0.599294 0.135506 
-0.594915 0.129223 
0.521896 0.307037 
-0.555001 0.186129 
-0.54427 0.197357 
0.44969 0.364049 
-0.422822 0.276457 
0.531139 0.296514 
-0.407421 0.282792 
-0.48286 0.245436 
-0.374952 0.29468 
-0.358195 0.300218 
-0.305391 0.316017 
0.490521 0.33624 
-0.186936 0.348237 
-0.207982 0.34258 
-0.0963017 0.372311 
-0.228462 0.337071 
-0.0717421 0.378583 
0.00714858 0.396991 
-0.530776 0.209986 
-0.267914 0.3264 
0.601246 0.0921487 
-0.626901 -0.00542961 
-0.286902 0.321188 
0.422064 0.378374 
0.512212 0.317007 
0.558207 0.257645 
-0.391371 0.288887 
0.477269 0.3463 
0.502143 0.326413 
-0.323435 0.310829 
-0.248439 0.331684 
0.463637 0.355561 
-0.165322 0.354041 
0.206808 0.42059 
0.150116 0.418345 
0.317732 0.410998 
0.37347 0.397167 
0.345539 0.404998 
0.408243 0.384472 
0.0635462 0.407686 
0.580976 0.208996 
0.587433 0.190129 
-0.566736 0.172336 
0.601137 0.113487 
0.599762 0.0717192 
0.570597 0.233751 
-0.120055 0.366101 
-0.0463165 0.384852 
-0.143033 0.360003 
-0.0199847 0.391034 
0.0924391 0.412104 
0.121302 0.415684 
0.23485 0.420065 
0.26258 0.418358 
0.178633 0.419998 
0.290116 0.415385 
0.0351195 0.402609 
-0.626288 0.0144061 
-0.616529 0.0741439 
0.596718 0.0514828 
-0.600983 0.116911 
-0.437552 0.26987 
-0.606465 0.104186 
-0.451447 0.263105 
-0.464503 0.256193 
0.394391 0.389957 
ZONE T="boundary5"
-0.278847 -0.491718 
-0.301029 -0.480054 
0.507301 -0.131354 
-0.543262 -0.25761 
-0.53271 -0.273605 
-0.615789 -0.0942149 
-0.620076 -0.0746478 
-0.623365 -0.0549897 
0.402767 -0.403917 
-0.597431 -0.152028 
-0.60442 -0.132926 
-0.581316 -0.18916 
-0.58967 -0.170859 
-0.610566 -0.11361 
-0.553302 -0.241313 
-0.183768 -0.531864 
-0.20879 -0.522727 
-0.256271 -0.502637 
-0.232703 -0.513077 
-0.48327 -0.336545 
-0.496738 -0.321012 
-0.322324 -0.467922 
-0.0772997 -0.560734 
-0.0491914 -0.565814 
-0.509673 -0.305061 
-0.131962 -0.547861 
-0.158452 -0.540159 
0.589319 0.0216686 
-0.105235 -0.554654 
-0.453121 -0.368006 
-0.468466 -0.35252 
-0.521457 -0.289512 
-0.382693 -0.42789 
-0.363177 -0.441819 
-0.34318 -0.455085 
-0.43655 -0.383638 
-0.419441 -0.398712 
-0.625613 -0.0351988 
-0.401325 -0.413608 
0.495398 -0.151647 
0.43976 -0.302281 
0.43408 -0.322264 
0.395574 -0.417182 
0.41577 -0.375531 
0.457505 -0.23908 
0.039811 -0.574954 
0.00969393 -0.573071 
-0.563066 -0.22438 
-0.0197949 -0.570015 
0.102311 -0.574549 
0.554808 -0.0549427 
0.543725 -0.0734731 
0.134701 -0.571778 
0.166447 -0.567098 
0.257646 -0.539757 
0.283197 -0.527137 
0.231033 -0.550265 
0.199166 -0.559933 
0.445249 -0.282114 
0.582596 0.00219681 
0.303265 -0.515113 
0.340364 -0.486436 
0.37332 -0.450601 
0.387848 -0.429933 
0.357478 -0.469397 
0.322286 -0.501613 
0.409519 -0.38998 
0.422252 -0.358685 
0.428426 -0.340622 
0.574509 -0.0170555 
0.565198 -0.0360699 
-0.572326 -0.207185 
0.451155 -0.260582 
0.465142 -0.216569 
0.473951 -0.194567 
0.484124 -0.172813 
0.519664 -0.111506 
-0.626759 -0.0153606 
0.53178 -0.0924893 
0.0711789 -0.575514 
-0.289988 -0.48598 
-0.53805 -0.265649 
-0.618052 -0.084457 
-0.621846 -0.0648395 
-0.601025 -0.142512 
-0.593643 -0.161481 
-0.613289 -0.103942 
-0.196318 -0.527401 
-0.267605 -0.497272 
-0.244532 -0.507956 
-0.490068 -0.328833 
-0.220787 -0.518001 
-0.311728 -0.474077 
-0.0632671 -0.5634 
-0.171145 -0.536117 
-0.460858 -0.360326 
-0.52715 -0.281604 
-0.503272 -0.31309 
-0.353235 -0.448536 
-0.372996 -0.434938 
-0.444902 -0.375892 
-0.428059 -0.391247 
-0.624623 -0.0451093 
-0.39207 -0.420828 
0.501265 -0.141446 
0.436962 -0.312289 
-0.0050636 -0.571689 
0.549334 -0.0642465 
0.11853 -0.573399 
0.0247449 -0.574172 
0.150616 -0.569691 
0.244445 -0.545274 
0.215203 -0.55543 
0.270558 -0.533721 
-0.607599 -0.123301 
-0.558245 -0.232881 
-0.475936 -0.344595 
0.380806 -0.440431 
0.365602 -0.460177 
0.312908 -0.508552 
0.399247 -0.410594 
0.406219 -0.396989 
-0.515629 -0.297334 
0.419096 -0.367144 
0.431311 -0.331465 
0.425417 -0.349685 
0.412717 -0.382791 
0.391788 -0.423607 
0.442517 -0.292205 
0.569981 -0.0266243 
0.448175 -0.271343 
-0.576896 -0.198209 
0.454251 -0.249808 
0.461185 -0.227775 
0.469392 -0.205502 
0.489637 -0.162158 
0.513438 -0.121399 
0.560103 -0.0455604 
-0.548343 -0.249498 
-0.56776 -0.215816 
0.578702 -0.00749181 
0.586123 0.0118753 
-0.585576 -0.180046 
0.537788 -0.0830012 
-0.410447 -0.406237 
0.293344 -0.521315 
0.33148 -0.494214 
0.349102 -0.478104 
0.525719 -0.101992 
0.478888 -0.183615 
-0.332807 -0.461592 
-0.0912936 -0.557818 
-0.118627 -0.551371 
0.0867542 -0.575229 
0.182878 -0.56382 
-0.0345116 -0.568055 
-0.14524 -0.544123 
0.0554947 -0.575418 
-0.626327 -0.0252876 
