ZONE T="boundary0"
-4 -0.673699 
-4 -1 
-4 0.0183626 
-4 -0.355023 
-4 -0.409986 
-4 0.239475 
-4 0.266302 
-4 -0.169972 
-4 -0.224238 
-4 1 
-4 0.754079 
-4 -0.0667779 
-4 -0.464949 
-4 -0.278503 
-4 -0.569324 
-4 0.171489 
-4 0.103503 
-4 0.346784 
-4 0.631118 
-4 0.508158 
-4 0.427471 
-4 0.29313 
-4 -0.316763 
-4 -0.836849 
-4 -0.382505 
-4 0.252889 
-4 0.877039 
-4 -0.0242076 
-4 -0.437468 
-4 -0.118375 
-4 -0.621511 
-4 0.137496 
-4 0.0609328 
-4 0.569638 
-4 -0.517137 
-4 0.692599 
-4 -0.197105 
-4 -0.25137 
-4 0.205482 
-4 0.387128 
-4 0.319957 
-4 0.279716 
-4 0.467814 
-4 -0.297633 
-4 -0.335893 
ZONE T="boundary1"
1.43896 1 
1.54294 1 
4 1 
-4 1 
-0.0384839 1 
0.0298901 1 
2.96391 1 
0.495091 1 
-3.21057 1 
-3.36503 1 
0.396403 1 
0.297715 1 
-1.4455 1 
0.84 1 
-1.72853 1 
-2.50741 1 
-2.098 1 
-2.3027 1 
-3.05611 1 
3.13801 1 
3.569 1 
-2.90164 1 
-2.70452 1 
2.56478 1 
2.33974 1 
2.13436 1 
1.92899 1 
1.78795 1 
1.64692 1 
-0.294411 1 
-0.348773 1 
-0.240049 1 
-0.457497 1 
-0.403135 1 
-0.173454 1 
-0.106858 1 
0.228585 1 
0.0946719 1 
0.159454 1 
-0.891979 1 
0.611248 1 
1.05752 1 
0.727406 1 
0.952593 1 
-0.964098 1 
-0.709423 1 
-0.800701 1 
-1.08168 1 
-1.12714 1 
-1.21807 1 
-1.33179 1 
-1.58702 1 
-0.58346 1 
3.7845 1 
2.78982 1 
-1.91326 1 
-3.51949 1 
-3.75975 1 
-1.03622 1 
1.16245 1 
1.3007 1 
1.36983 1 
1.49095 1 
-0.00429687 1 
-3.2878 1 
0.347059 1 
-2.20035 1 
-3.13334 1 
3.3535 1 
-2.80308 1 
2.45226 1 
2.03167 1 
1.71744 1 
-0.321592 1 
-0.430316 1 
-0.140156 1 
-0.0726709 1 
-0.206751 1 
0.127063 1 
0.062281 1 
0.445747 1 
0.55317 1 
0.669327 1 
0.896297 1 
1.00506 1 
-0.928039 1 
-0.755062 1 
-1.17261 1 
-1.38864 1 
-1.27493 1 
-1.51626 1 
-0.646441 1 
-0.520478 1 
2.87687 1 
-1.8209 1 
-1.65777 1 
3.67675 1 
0.783703 1 
3.05096 1 
-2.97887 1 
-3.44226 1 
-3.63962 1 
2.6773 1 
-2.40505 1 
3.89225 1 
-2.00563 1 
-3.87987 1 
-2.60596 1 
1.85847 1 
2.23705 1 
0.26315 1 
0.194019 1 
-1.00016 1 
-0.84634 1 
-0.26723 1 
-0.375954 1 
1.10998 1 
1.33527 1 
1.23158 1 
1.40439 1 
1.59493 1 
-1.10441 1 
-1.05895 1 
ZONE T="boundary2"
4 -0.327511 
4 -0.298088 
4 -0.627484 
4 0.124231 
4 0.192123 
4 1 
4 0.732428 
4 -0.125203 
4 0.062684 
4 -0.813742 
4 -1 
4 0.258167 
4 0.291189 
4 0.00113672 
4 -0.0620333 
4 -0.167684 
4 -0.356933 
4 -0.210165 
4 -0.521631 
4 -0.415778 
4 0.464857 
4 0.394534 
4 0.225145 
4 0.598642 
4 -0.254126 
4 0.324211 
4 0.359372 
4 -0.312799 
4 0.158177 
4 0.866214 
4 0.0934577 
4 -0.720613 
4 -0.906871 
4 0.0319104 
4 -0.0304483 
4 -0.0936183 
4 -0.386356 
4 -0.468705 
4 -0.574558 
4 0.429695 
4 0.53175 
4 0.665535 
4 -0.276107 
4 -0.232145 
4 -0.342222 
4 -0.146444 
4 -0.188924 
4 0.241656 
4 0.3077 
4 0.208634 
4 0.376953 
4 0.274678 
4 0.341791 
ZONE T="boundary3"
-3.64792 -1 
-4 -1 
3.02388 -1 
3.25586 -1 
3.62793 -1 
-0.847365 -1 
-0.0796073 -1 
1.78999 -1 
-0.376263 -1 
-0.264866 -1 
0.291777 -1 
0.344131 -1 
0.744623 -1 
0.839028 -1 
1.36292 -1 
-0.998738 -1 
-0.923052 -1 
-0.484045 -1 
2.16681 -1 
3.81397 -1 
4 -1 
2.47936 -1 
-3.32319 -1 
2.7919 -1 
-3.01578 -1 
-2.50192 -1 
-2.86207 -1 
-2.70837 -1 
-2.29548 -1 
-3.16949 -1 
-1.92713 -1 
-2.11131 -1 
-1.63477 -1 
-0.0248211 -1 
0.11536 -1 
0.162088 -1 
0.239424 -1 
0.399623 -1 
0.0686333 -1 
-0.134393 -1 
0.455115 -1 
0.566099 -1 
1.03056 -1 
1.12769 -1 
0.655361 -1 
-0.591826 -1 
-0.719596 -1 
-1.11253 -1 
-1.22631 -1 
1.2453 -1 
-1.43054 -1 
1.46238 -1 
1.56185 -1 
-1.32843 -1 
3.4419 -1 
2.32308 -1 
1.9784 -1 
2.63563 -1 
0.933434 -1 
3.13987 -1 
-0.320564 -1 
0.317954 -1 
0.791825 -1 
-0.960895 -1 
-0.430154 -1 
-0.885208 -1 
3.90698 -1 
-3.48556 -1 
-3.82396 -1 
-2.78522 -1 
-2.01922 -1 
-0.0522142 -1 
0.200756 -1 
0.371877 -1 
0.0219061 -1 
-0.19963 -1 
0.265601 -1 
0.510607 -1 
1.07913 -1 
0.61073 -1 
0.699992 -1 
-0.537935 -1 
-0.78348 -1 
-0.655711 -1 
-1.16942 -1 
1.30411 -1 
-1.05563 -1 
1.51212 -1 
-1.27737 -1 
3.53491 -1 
3.34888 -1 
1.67592 -1 
3.72095 -1 
-1.53265 -1 
1.88419 -1 
2.40122 -1 
2.24495 -1 
-2.60515 -1 
-2.20339 -1 
-2.3987 -1 
-1.78095 -1 
-3.09263 -1 
-3.24634 -1 
2.07261 -1 
0.138724 -1 
0.0919969 -1 
-0.107 -1 
2.55749 -1 
0.886231 -1 
-1.37948 -1 
1.1865 -1 
-2.93893 -1 
1.41265 -1 
2.71377 -1 
2.90789 -1 
0.981998 -1 
0.427369 -1 
ZONE T="boundary4"
0.0334892 0.43927 
0.0588993 0.426071 
-0.374715 0.463926 
-0.30043 0.49231 
-0.274455 0.498331 
-0.624396 0.0517482 
-0.624436 0.0764378 
-0.557004 0.293717 
-0.54083 0.318428 
0.63334 0.0775934 
0.620993 0.102073 
-0.604296 0.190114 
-0.597573 0.209539 
-0.527318 0.336769 
-0.417808 0.438968 
-0.622853 0.101439 
-0.351054 0.474857 
-0.617377 0.139345 
-0.619622 0.126645 
-0.609969 0.171069 
-0.590712 0.227056 
-0.566779 0.276912 
-0.575309 0.260766 
-0.583217 0.244286 
-0.24821 0.502499 
0.546939 0.186855 
0.52369 0.204066 
-0.499307 0.36973 
-0.470139 0.398417 
-0.453991 0.412285 
-0.485025 0.384407 
-0.326002 0.484468 
-0.437248 0.425343 
-0.221829 0.504804 
-0.143056 0.500861 
-0.397702 0.451467 
-0.117202 0.496143 
-0.0662598 0.482145 
-0.0410928 0.473068 
-0.513674 0.353585 
0.00863971 0.451502 
0.654091 -0.00139556 
-0.0161822 0.462817 
-0.169178 0.503933 
0.317144 0.302062 
0.165354 0.369328 
0.285606 0.314632 
0.497646 0.220716 
0.411468 0.264083 
0.44172 0.250361 
0.469994 0.236211 
-0.0915567 0.489857 
0.0843057 0.412452 
0.137215 0.383962 
0.110704 0.398162 
0.61373 0.114035 
0.605874 0.125585 
0.643014 0.0520278 
0.655548 -0.0287241 
0.649933 0.0256202 
0.588317 0.147626 
0.597364 0.136826 
-0.195466 0.505267 
0.568943 0.167715 
0.19366 0.35526 
0.349093 0.289548 
0.380747 0.276949 
0.223769 0.341126 
0.253967 0.327804 
-0.622771 0.0274095 
0.046218 0.432729 
-0.287494 0.495549 
-0.624617 0.0640943 
-0.54911 0.306202 
0.627486 0.0899978 
-0.601039 0.199864 
-0.362971 0.469584 
-0.623847 0.088953 
-0.61855 0.133004 
-0.613976 0.155281 
-0.594224 0.218331 
-0.607237 0.180624 
-0.571124 0.268882 
-0.587044 0.235707 
-0.56198 0.285367 
-0.26137 0.500646 
0.535465 0.195675 
-0.462145 0.405446 
-0.477658 0.391495 
-0.492245 0.377147 
-0.313282 0.488612 
-0.445696 0.418915 
-0.235041 0.503883 
-0.338608 0.479877 
-0.130099 0.498703 
-0.0536321 0.477759 
-0.40784 0.445359 
-0.506582 0.36174 
0.0210975 0.445469 
-0.534182 0.327681 
-0.427619 0.432289 
-0.0285933 0.468073 
-0.156098 0.50261 
-0.52059 0.345256 
0.301367 0.3083 
0.510795 0.212604 
-0.386304 0.45788 
0.483917 0.228647 
-0.00373262 0.457268 
0.0716125 0.419291 
0.151261 0.376586 
-0.621438 0.114069 
0.617439 0.108102 
0.609875 0.119861 
0.65515 -0.0150407 
0.646819 0.0389166 
-0.078866 0.486171 
0.601687 0.131262 
-0.104341 0.493187 
-0.182315 0.504822 
0.558139 0.177522 
0.0975037 0.405307 
0.123946 0.391034 
-0.208654 0.505263 
0.179478 0.362218 
0.333127 0.295798 
0.364944 0.283292 
0.238841 0.334375 
0.269767 0.321138 
0.426653 0.257352 
0.396149 0.270606 
0.208684 0.348098 
-0.579341 0.252564 
0.638514 0.064941 
-0.623782 0.0395671 
0.578853 0.157893 
0.652356 0.012167 
0.455927 0.243435 
0.592906 0.14228 
ZONE T="boundary5"
-0.412874 -0.298312 
0.547994 -0.318842 
0.184183 -0.475644 
0.155399 -0.47626 
0.126816 -0.475869 
-0.51116 -0.210105 
-0.601232 -0.065618 
-0.592287 -0.0876843 
0.654448 -0.056178 
0.650999 -0.08357 
-0.58197 -0.109293 
-0.434682 -0.281837 
-0.207427 -0.406451 
-0.179906 -0.416551 
-0.234653 -0.395618 
-0.261778 -0.383946 
-0.543155 -0.171213 
-0.340565 -0.344367 
-0.36551 -0.329738 
-0.0421033 -0.455173 
0.629115 -0.164976 
-0.0974425 -0.441995 
-0.152534 -0.425783 
-0.124907 -0.434303 
-0.0697621 -0.448973 
-0.47962 -0.242629 
-0.49356 -0.228821 
-0.557368 -0.151057 
-0.570315 -0.130424 
-0.389929 -0.3142 
-0.465274 -0.255995 
-0.450187 -0.269173 
0.645443 -0.110857 
-0.619601 0.00348052 
-0.0142634 -0.460633 
0.0136579 -0.465317 
0.436218 -0.411634 
0.410206 -0.424914 
-0.608794 -0.0430496 
-0.614927 -0.0200196 
0.0982759 -0.474528 
0.0699502 -0.472299 
0.0417245 -0.469214 
-0.527718 -0.190908 
0.270497 -0.467038 
0.241773 -0.471111 
0.212933 -0.473957 
0.327542 -0.454813 
0.299193 -0.461622 
0.35568 -0.446458 
0.383167 -0.436562 
0.485418 -0.37953 
0.461435 -0.396468 
0.528733 -0.340739 
0.507953 -0.360879 
0.648464 -0.0972495 
0.565423 -0.295512 
0.594892 -0.245157 
0.618842 -0.1919 
0.607423 -0.218693 
0.580996 -0.270907 
0.63806 -0.13798 
0.655308 -0.0424124 
0.655548 -0.0287241 
-0.28856 -0.371498 
-0.314771 -0.358347 
-0.622771 0.0274095 
0.141106 -0.476186 
-0.596928 -0.0767189 
0.653 -0.0699078 
-0.58729 -0.0985652 
-0.423865 -0.290191 
-0.193701 -0.411593 
-0.248256 -0.389878 
-0.3531 -0.337161 
-0.138749 -0.430133 
-0.166251 -0.421257 
-0.0836261 -0.445575 
-0.0559542 -0.452165 
-0.486641 -0.235778 
-0.563983 -0.14083 
-0.442486 -0.275569 
-0.40148 -0.306371 
-0.472499 -0.249368 
-0.502456 -0.219555 
-0.000319879 -0.463072 
0.423323 -0.418493 
-0.457784 -0.262646 
-0.612044 -0.0315822 
-0.111201 -0.438238 
0.11254 -0.475314 
0.0558252 -0.470861 
0.0276765 -0.467366 
0.169794 -0.476083 
0.198566 -0.474938 
0.256157 -0.469232 
-0.0282029 -0.457997 
-0.550393 -0.161228 
0.313411 -0.458398 
0.341668 -0.450829 
0.396779 -0.430953 
0.473585 -0.388225 
0.51854 -0.351015 
0.448962 -0.404277 
-0.60519 -0.054392 
-0.221077 -0.401127 
0.538582 -0.329985 
0.649794 -0.0904211 
0.556938 -0.307351 
0.624115 -0.178491 
0.613256 -0.20535 
0.588144 -0.258142 
-0.519546 -0.2006 
0.641953 -0.124472 
0.647011 -0.104066 
-0.377792 -0.322085 
-0.576295 -0.119942 
0.284877 -0.4645 
-0.535556 -0.181155 
-0.617453 -0.00830597 
0.654954 -0.0492997 
0.655506 -0.0355693 
-0.275215 -0.377821 
-0.327725 -0.351463 
0.227368 -0.472682 
0.369496 -0.441712 
0.496865 -0.370425 
0.573438 -0.283357 
0.601301 -0.231994 
-0.301716 -0.365023 
0.0841039 -0.473523 
-0.62138 0.0154207 
0.633753 -0.151534 
