ZONE T="boundary0"
-4 0.291583 
-4 -0.0125675 
-4 0.67544 
-4 0.567254 
-4 0.236568 
-4 0.470999 
-4 0.374744 
-4 0.263863 
-4 0.319304 
-4 0.112871 
-4 0.0710579 
-4 0.783627 
-4 -0.189245 
-4 -0.0567368 
-4 -0.100906 
-4 1 
-4 -0.40693 
-4 -1 
-4 -0.828808 
-4 0.209273 
-4 0.154683 
-4 -0.341967 
-4 -0.471893 
-4 -0.564755 
-4 -0.227425 
-4 -0.303787 
-4 -0.145075 
-4 -0.265606 
-4 -0.657617 
-4 0.621347 
-4 0.519127 
-4 0.277723 
-4 0.0919642 
-4 0.0292452 
-4 0.729534 
-4 0.422872 
-4 -0.0788214 
-4 0.891813 
-4 -0.914404 
-4 0.250216 
-4 0.222921 
-4 0.181978 
-4 0.133777 
-4 0.347024 
-4 0.305443 
-4 -0.374449 
-4 -0.518324 
-4 -0.439411 
-4 -0.322877 
-4 -0.16716 
-4 -0.246516 
-4 -0.208335 
-4 -0.0346521 
-4 -0.611186 
-4 -0.743213 
-4 -0.122991 
-4 -0.284696 
ZONE T="boundary1"
1.54766 1 
3.5535 1 
4 1 
0.838261 1 
0.334602 1 
0.219286 1 
-0.223745 1 
-0.701827 1 
-0.512484 1 
-0.428308 1 
-1.58702 1 
-0.817517 1 
3.06173 1 
-3.31123 1 
2.89026 1 
-2.0618 1 
3.23319 1 
2.68935 1 
2.04423 1 
-2.88227 1 
-3.10668 1 
-3.51578 1 
-3.75789 1 
2.26634 1 
1.79595 1 
2.48844 1 
0.403004 1 
0.471407 1 
-0.066824 1 
0.0118531 1 
-0.184515 1 
0.608212 1 
-0.145285 1 
-0.283939 1 
-0.344133 1 
-0.607156 1 
0.154908 1 
0.0905301 1 
-4 1 
-0.933207 1 
0.723237 1 
-1.12283 1 
-1.22731 1 
-1.33179 1 
0.953393 1 
-1.02802 1 
-1.4594 1 
-1.75014 1 
-1.91326 1 
-2.21033 1 
1.31272 1 
1.43019 1 
-2.4341 1 
-2.65786 1 
1.19062 1 
1.06852 1 
3.77675 1 
0.276944 1 
-0.470396 1 
-2.99447 1 
-3.63683 1 
3.39334 1 
2.58889 1 
0.437206 1 
-0.0274855 1 
-0.20413 1 
0.368803 1 
-0.106054 1 
-0.1649 1 
-0.314036 1 
-0.55982 1 
0.187097 1 
0.122719 1 
0.539809 1 
-0.654491 1 
-0.38622 1 
-0.759672 1 
-0.875362 1 
0.780749 1 
-1.27955 1 
-3.87894 1 
0.895827 1 
-0.980613 1 
-1.17507 1 
-1.39559 1 
-1.52321 1 
-1.66858 1 
-1.8317 1 
-2.13607 1 
1.6718 1 
1.37146 1 
-1.98753 1 
-2.32222 1 
2.7898 1 
2.15529 1 
-3.4135 1 
-3.20895 1 
2.97599 1 
2.37739 1 
3.14746 1 
1.92009 1 
-0.253842 1 
0.0511916 1 
0.665724 1 
-2.77007 1 
-1.07543 1 
1.12957 1 
1.25167 1 
-2.54598 1 
1.48892 1 
1.01096 1 
ZONE T="boundary2"
4 -0.627484 
4 -0.521631 
4 -0.290818 
4 -0.353298 
4 -0.250862 
4 -0.210905 
4 -1 
4 -0.813742 
4 -0.162882 
4 0.310422 
4 0.234276 
4 0.528772 
4 0.460119 
4 0.859583 
4 1 
4 0.000325362 
4 -0.0572666 
4 -0.114859 
4 0.0638643 
4 0.127403 
4 0.180839 
4 0.391466 
4 0.350944 
4 0.719167 
4 -0.415778 
4 -0.574558 
4 -0.322058 
4 -0.230883 
4 -0.906871 
4 0.272349 
4 0.494445 
4 -0.0860626 
4 0.0956338 
4 0.207557 
4 0.371205 
4 0.154121 
4 0.330683 
4 0.425792 
4 0.0320948 
4 -0.27084 
4 -0.186894 
4 -0.13887 
4 -0.0284706 
4 0.623969 
4 0.929792 
4 0.789375 
4 -0.384538 
4 -0.468705 
4 -0.720613 
ZONE T="boundary3"
-3.71738 -1 
-1.21709 -1 
-1.10316 -1 
4 -1 
-0.200993 -1 
-0.385589 -1 
-0.282274 -1 
1.33575 -1 
1.42349 -1 
-0.130336 -1 
-0.498308 -1 
-1.55679 -1 
0.833944 -1 
-0.76632 -1 
-0.585726 -1 
1.67575 -1 
1.59349 -1 
-0.859497 -1 
-1.88833 -1 
-1.72059 -1 
-1.63869 -1 
-3.11691 -1 
3.3027 -1 
-2.48977 -1 
-2.72388 -1 
-3.27583 -1 
-3.49661 -1 
2.02538 -1 
-2.05607 -1 
3.01411 -1 
-2.27292 -1 
2.59676 -1 
2.72552 -1 
0.255003 -1 
0.182222 -1 
0.327784 -1 
-0.00191817 -1 
0.0558424 -1 
-0.0596787 -1 
0.119032 -1 
-0.673143 -1 
0.417278 -1 
0.506772 -1 
0.616756 -1 
0.726741 -1 
-0.981329 -1 
1.02751 -1 
0.941148 -1 
1.11386 -1 
1.22481 -1 
1.51123 -1 
-1.4439 -1 
-1.33102 -1 
1.75801 -1 
3.58153 -1 
2.21049 -1 
1.84027 -1 
-2.95799 -1 
2.46801 -1 
-3.85869 -1 
-4 -1 
3.79076 -1 
-1.16013 -1 
-0.333931 -1 
-0.241633 -1 
1.37962 -1 
-0.441948 -1 
1.63462 -1 
-1.80446 -1 
-1.67964 -1 
-3.38622 -1 
-2.38135 -1 
2.66114 -1 
0.218613 -1 
0.291393 -1 
0.0269621 -1 
-0.0950072 -1 
0.0874374 -1 
-0.629434 -1 
0.372531 -1 
-0.719732 -1 
-0.542017 -1 
-0.812908 -1 
0.671749 -1 
0.561764 -1 
0.780343 -1 
0.887546 -1 
1.07068 -1 
0.984327 -1 
1.28028 -1 
1.16933 -1 
1.46736 -1 
-0.920413 -1 
-1.38746 -1 
1.71688 -1 
3.44212 -1 
-1.50035 -1 
2.11794 -1 
-1.9722 -1 
1.93282 -1 
-3.19637 -1 
-2.84094 -1 
2.33925 -1 
2.86982 -1 
2.53238 -1 
-2.60683 -1 
-3.92934 -1 
-3.60699 -1 
-3.78803 -1 
0.462025 -1 
-0.0307985 -1 
0.150627 -1 
-0.165664 -1 
-1.27405 -1 
-1.59774 -1 
-1.04225 -1 
3.15841 -1 
3.68615 -1 
3.89538 -1 
1.79914 -1 
1.55236 -1 
-2.1645 -1 
-3.03745 -1 
ZONE T="boundary4"
-0.318121 0.334586 
-0.29478 0.342773 
-0.148628 0.386439 
-0.123449 0.392868 
-0.400721 0.300797 
-0.63058 0.03238 
-0.633415 0.00920113 
0.612458 0.184069 
0.638497 0.0715304 
0.637533 0.0856814 
-0.466349 0.264713 
-0.451009 0.274223 
0.541776 0.300292 
0.578583 0.251096 
0.586418 0.237865 
-0.604023 0.116728 
-0.19842 0.372801 
-0.223051 0.36561 
-0.576637 0.16256 
-0.381352 0.309586 
-0.544989 0.200465 
0.506798 0.333777 
0.570226 0.264001 
0.561484 0.276295 
-0.625982 0.0553923 
-0.615697 0.089326 
-0.619589 0.0780905 
-0.6102 0.103167 
0.638255 0.0433676 
0.637032 0.0294138 
-0.556 0.188475 
0.633514 0.113999 
-0.566624 0.175783 
-0.532738 0.212668 
-0.271366 0.350574 
-0.36179 0.317853 
-0.17373 0.379714 
0.600215 0.211569 
-0.482133 0.254069 
-0.435357 0.283179 
0.635077 0.0156079 
-0.418168 0.292263 
-0.586131 0.148589 
-0.513226 0.230131 
-0.0721881 0.404895 
-0.0978734 0.399056 
0.00687298 0.420172 
0.0337514 0.424305 
-0.24723 0.358249 
-0.49753 0.242746 
-0.34002 0.326456 
-0.634544 -0.0140565 
0.593528 0.22483 
-0.595675 0.132699 
0.452853 0.370873 
0.481197 0.353137 
0.423034 0.386205 
0.392389 0.399064 
0.552188 0.288192 
0.494217 0.343741 
0.530778 0.311888 
0.519055 0.323113 
0.0612865 0.427906 
0.0889707 0.430834 
0.117477 0.433068 
0.205395 0.434334 
0.175719 0.434926 
0.635868 0.0998233 
0.266574 0.429372 
0.235593 0.432551 
0.329141 0.418206 
0.360848 0.409731 
0.617824 0.170158 
0.622681 0.156059 
0.638742 0.0574108 
0.297584 0.424688 
-0.0460916 0.410412 
-0.0198555 0.415501 
0.146113 0.434457 
0.63052 0.128062 
-0.306465 0.33873 
-0.136049 0.389692 
-0.632213 0.0208153 
0.638104 0.0786107 
-0.458721 0.269538 
-0.210744 0.369241 
-0.391066 0.30526 
0.565923 0.270196 
-0.617699 0.083727 
-0.613035 0.0962798 
-0.607196 0.109985 
0.637736 0.0363811 
0.574473 0.257592 
-0.550562 0.194531 
-0.561388 0.182192 
-0.571713 0.169233 
-0.538932 0.206634 
-0.161189 0.383113 
0.606562 0.19792 
-0.474294 0.259471 
-0.44322 0.278768 
0.636146 0.0224963 
-0.426799 0.287793 
-0.371595 0.31378 
-0.283085 0.346717 
-0.581477 0.155636 
-0.186084 0.376292 
-0.085043 0.402021 
-0.110673 0.396004 
0.0202982 0.422309 
-0.259308 0.354451 
-0.48989 0.248487 
-0.350928 0.322217 
-0.329088 0.330574 
-0.23515 0.361965 
0.596923 0.218227 
-0.599968 0.124774 
0.582563 0.244518 
0.467219 0.362314 
-0.523119 0.221549 
-0.591022 0.140713 
0.40783 0.392919 
0.547056 0.294305 
0.487759 0.348511 
0.500564 0.33883 
0.512989 0.328517 
0.536347 0.306157 
-0.505448 0.236526 
0.0751156 0.429459 
0.103212 0.432052 
0.190556 0.434768 
0.524984 0.317571 
0.634773 0.106926 
0.251099 0.431138 
0.345059 0.414214 
-0.409474 0.296595 
0.556904 0.282296 
0.620319 0.163131 
0.615202 0.177137 
0.63871 0.0644709 
0.63859 0.0503847 
0.047505 0.426186 
0.282106 0.427224 
0.313406 0.421667 
-0.0329872 0.413014 
0.160911 0.434819 
-0.0065058 0.417901 
0.2205 0.433597 
-0.0591529 0.407706 
0.131786 0.433873 
0.376709 0.404667 
-0.628502 0.0439281 
-0.623008 0.0668016 
0.626885 0.142138 
-0.634189 -0.00241857 
0.590027 0.231376 
0.636786 0.0927612 
0.632095 0.121045 
0.438099 0.378841 
ZONE T="boundary5"
-0.578038 -0.218552 
-0.5896 -0.196467 
-0.62835 -0.0835265 
-0.631945 -0.0604778 
0.620074 -0.0379527 
0.628981 -0.0115652 
-0.609066 -0.151784 
-0.599959 -0.174216 
-0.623303 -0.106446 
-0.616865 -0.129182 
-0.55225 -0.260963 
-0.565322 -0.240474 
-0.461551 -0.365463 
-0.480931 -0.347094 
-0.203219 -0.507252 
-0.231772 -0.498518 
-0.288219 -0.476945 
-0.315772 -0.464175 
-0.260233 -0.488381 
-0.538265 -0.280887 
-0.0302098 -0.531474 
-0.0877586 -0.528802 
-0.145562 -0.520716 
-0.116595 -0.525439 
-0.17435 -0.514677 
-0.0588971 -0.530823 
-0.496432 -0.33114 
-0.511302 -0.314616 
-0.525122 -0.298009 
-0.441339 -0.382997 
-0.418148 -0.40133 
-0.368771 -0.434953 
-0.394075 -0.418575 
-0.342691 -0.450141 
0.614596 -0.0508561 
0.635077 0.0156079 
-0.634032 -0.0372927 
-0.00163549 -0.530738 
0.109727 -0.5134 
0.0547338 -0.525005 
0.0266877 -0.528591 
0.082475 -0.519941 
0.213435 -0.472006 
0.237831 -0.457832 
0.162725 -0.495777 
0.136511 -0.505345 
0.188427 -0.484642 
0.261456 -0.442245 
0.284513 -0.425174 
0.306793 -0.406886 
0.349939 -0.366596 
0.371165 -0.344691 
0.328688 -0.387212 
0.412722 -0.299041 
0.39192 -0.322253 
0.454347 -0.251622 
0.433299 -0.27565 
0.559842 -0.135349 
-0.634544 -0.0140565 
0.53971 -0.158539 
0.577958 -0.112291 
0.60173 -0.0759923 
0.594437 -0.0881678 
0.60849 -0.0635027 
0.632397 0.00196951 
0.518819 -0.181239 
0.497168 -0.204365 
0.475515 -0.227887 
-0.583943 -0.207574 
-0.63033 -0.072031 
0.624865 -0.0248792 
-0.604658 -0.163058 
-0.626 -0.0950244 
-0.61312 -0.140536 
-0.558895 -0.250788 
-0.471343 -0.356386 
-0.217543 -0.503046 
-0.571797 -0.22958 
-0.302069 -0.47072 
-0.246059 -0.493612 
-0.545372 -0.271003 
-0.131102 -0.523242 
-0.159988 -0.517858 
-0.503948 -0.32295 
-0.488757 -0.33919 
-0.518293 -0.306379 
-0.451541 -0.37434 
-0.429853 -0.392301 
-0.38152 -0.426914 
-0.0159157 -0.531282 
0.0407355 -0.526982 
0.0961463 -0.516861 
0.225729 -0.465099 
0.149684 -0.500753 
0.175654 -0.490401 
0.249745 -0.450206 
0.273089 -0.433866 
0.360624 -0.35572 
0.295755 -0.416167 
0.402359 -0.310677 
0.44382 -0.263623 
0.381596 -0.333523 
-0.634489 -0.0256799 
-0.633181 -0.0489032 
0.549894 -0.147041 
0.569067 -0.123951 
0.598148 -0.0821185 
0.617414 -0.0444395 
0.611617 -0.0572169 
0.630778 -0.00482194 
0.633827 0.00876942 
-0.53178 -0.289513 
-0.620248 -0.11786 
-0.594915 -0.185404 
-0.188824 -0.511128 
-0.0445547 -0.53132 
-0.0733365 -0.529981 
-0.329313 -0.457315 
-0.35582 -0.4427 
0.123175 -0.509565 
0.0125421 -0.529844 
-0.102193 -0.527286 
0.068639 -0.522661 
0.201018 -0.478512 
0.317838 -0.397168 
0.529322 -0.169932 
0.507998 -0.192791 
0.339398 -0.377001 
0.486308 -0.216076 
0.586423 -0.100387 
0.423031 -0.287357 
-0.274291 -0.482823 
-0.406213 -0.410094 
0.464897 -0.239706 
0.60518 -0.0697875 
