ZONE T="boundary0"
-4 -1 
-4 -0.836849 
-4 -0.387173 
-4 -0.31468 
-4 -0.169972 
-4 -0.242187 
-4 0.702665 
-4 0.603553 
-4 -0.118375 
-4 -0.476052 
-4 0.412762 
-4 1 
-4 0.801777 
-4 -0.0667779 
-4 0.0364164 
-4 -0.574875 
-4 -0.673699 
-4 0.198144 
-4 0.17059 
-4 0.103503 
-4 0.225698 
-4 0.346784 
-4 0.313795 
-4 0.379773 
-4 0.508158 
-4 0.280806 
-4 -0.20608 
-4 0.653109 
-4 -0.144174 
-4 -0.431613 
-4 0.900888 
-4 -0.350927 
-4 -0.278434 
-4 -0.0925764 
-4 -0.0151808 
-4 -0.624287 
-4 -0.525464 
-4 0.184367 
-4 0.0699597 
-4 0.363279 
-4 0.555855 
-4 0.752221 
-4 -0.918425 
-4 -0.755274 
-4 0.137046 
-4 0.211921 
-4 0.297301 
-4 0.46046 
-4 0.396268 
-4 0.253252 
-4 0.33029 
ZONE T="boundary1"
1.32501 1 
1.25637 1 
0.0298901 1 
-0.0357239 1 
-0.240049 1 
-1.28219 1 
-1.21528 1 
0.952593 1 
0.495091 1 
0.372027 1 
2.93985 1 
3.29102 1 
-4 1 
0.836658 1 
4 1 
1.71215 1 
1.92899 1 
-1.56365 1 
2.53367 1 
-2.57221 1 
-2.22076 1 
-2.95924 1 
1.39365 1 
1.5529 1 
3.82276 1 
3.64551 1 
3.46827 1 
2.14582 1 
-3.0993 1 
-0.177992 1 
0.618154 1 
-0.64106 1 
-0.542235 1 
-0.106858 1 
-0.302105 1 
-0.44341 1 
-0.372758 1 
0.159454 1 
0.223403 1 
0.297715 1 
0.0955042 1 
-0.889243 1 
-1.01881 1 
0.727406 1 
-3.75975 1 
1.16245 1 
-1.14837 1 
1.06853 1 
-1.42292 1 
-1.72088 1 
-0.765152 1 
-1.87812 1 
-2.04944 1 
-3.23937 1 
-3.51949 1 
2.33974 1 
1.29069 1 
-0.00291688 1 
-1.24873 1 
0.433559 1 
3.11544 1 
0.894626 1 
1.82057 1 
2.73676 1 
-2.39649 1 
-2.76572 1 
1.47328 1 
3.73413 1 
3.55689 1 
-0.142425 1 
-0.271077 1 
-0.20902 1 
-0.408084 1 
-0.492823 1 
0.260559 1 
0.127479 1 
-0.954025 1 
0.556622 1 
0.67278 1 
-3.87987 1 
0.782032 1 
1.35933 1 
-1.18182 1 
1.11549 1 
1.20941 1 
-1.35255 1 
-1.64227 1 
1.01056 1 
-0.703106 1 
1.63253 1 
-1.7995 1 
-1.96378 1 
2.0374 1 
-3.02927 1 
-3.37943 1 
3.37964 1 
3.91138 1 
-2.1351 1 
-3.16933 1 
2.24278 1 
2.43671 1 
-3.63962 1 
0.191429 1 
-0.337431 1 
0.0626971 1 
-0.0712909 1 
0.334871 1 
-0.591648 1 
-1.08359 1 
-1.49328 1 
-0.827198 1 
ZONE T="boundary2"
4 -0.627484 
4 -0.813742 
4 -0.125203 
4 -0.184248 
4 -0.238485 
4 0.260014 
4 0.180031 
4 0.331892 
4 0.124231 
4 0.00113672 
4 -0.525072 
4 -1 
4 0.641511 
4 1 
4 0.388408 
4 0.444923 
4 0.0684318 
4 -0.0661584 
4 -0.357691 
4 -0.292722 
4 -0.265604 
4 -0.325207 
4 -0.42266 
4 -0.473866 
4 -0.720613 
4 -0.211367 
4 0.220022 
4 0.295953 
4 0.152131 
4 -0.906871 
4 0.820755 
4 0.416665 
4 0.0963316 
4 0.543217 
4 -0.0956808 
4 -0.0325108 
4 0.0347843 
4 -0.576278 
4 -0.252044 
4 -0.308964 
4 -0.341449 
4 -0.390175 
4 -0.279163 
4 -0.499469 
4 -0.154726 
4 -0.448263 
4 0.36015 
ZONE T="boundary3"
-3.5932 -1 
-4 -1 
-1.92713 -1 
-1.78095 -1 
-1.34737 -1 
-1.41922 -1 
1.01535 -1 
1.1258 -1 
-0.695992 -1 
-0.525998 -1 
0.0299652 -1 
-0.418216 -1 
0.796902 -1 
0.692343 -1 
1.24003 -1 
0.492135 -1 
0.587785 -1 
3.76188 -1 
3.34516 -1 
3.52375 -1 
4 -1 
-1.49107 -1 
2.89252 -1 
3.02954 -1 
2.16681 -1 
2.36054 -1 
-2.20382 -1 
-2.63271 -1 
-2.99847 -1 
-3.29583 -1 
-3.14715 -1 
1.9784 -1 
1.78999 -1 
-2.41826 -1 
0.291777 -1 
0.239424 -1 
0.135911 -1 
0.18707 -1 
-0.0248211 -1 
0.0847514 -1 
-0.264866 -1 
-0.199629 -1 
-0.134393 -1 
0.344131 -1 
-0.341541 -1 
-0.0796073 -1 
0.906128 -1 
-0.892222 -1 
1.35426 -1 
-0.998738 -1 
-1.10525 -1 
-1.22631 -1 
-1.63477 -1 
1.4858 -1 
1.61735 -1 
3.16656 -1 
3.25586 -1 
2.55426 -1 
0.396485 -1 
-3.7966 -1 
-1.85404 -1 
-1.3833 -1 
1.07058 -1 
-0.610995 -1 
-0.472107 -1 
0.744623 -1 
0.53996 -1 
3.43445 -1 
3.88094 -1 
-1.45515 -1 
2.96103 -1 
2.26367 -1 
-2.81559 -1 
-3.22149 -1 
1.88419 -1 
0.265601 -1 
0.161491 -1 
0.0573583 -1 
-0.232248 -1 
-0.167012 -1 
-0.303203 -1 
-0.0522142 -1 
-0.107 -1 
0.640064 -1 
-0.794107 -1 
1.29714 -1 
0.96074 -1 
-1.052 -1 
-0.94548 -1 
-1.28684 -1 
-1.56292 -1 
-1.16578 -1 
-3.44452 -1 
1.55158 -1 
1.18291 -1 
1.70367 -1 
3.64281 -1 
3.21121 -1 
3.30051 -1 
2.72339 -1 
2.07261 -1 
-2.06547 -1 
-2.52549 -1 
-2.31104 -1 
-1.70786 -1 
0.110331 -1 
0.44431 -1 
0.213247 -1 
0.00257205 -1 
-0.379879 -1 
0.370308 -1 
0.317954 -1 
0.851515 -1 
3.09805 -1 
2.4574 -1 
-3.07281 -1 
1.42003 -1 
ZONE T="boundary4"
-0.145792 0.530333 
-0.117996 0.53263 
-0.626803 0.0206177 
-0.625363 0.0692064 
-0.3325 0.472512 
-0.255059 0.505797 
-0.228212 0.514158 
0.269761 0.378637 
0.244675 0.399138 
-0.56446 0.249566 
-0.554427 0.266553 
-0.452784 0.388293 
-0.622089 0.0939158 
0.096976 0.493234 
0.122167 0.481195 
-0.610472 0.143693 
-0.604377 0.162487 
-0.543772 0.283164 
-0.526406 0.307656 
-0.626931 0.0447568 
-0.379396 0.445009 
-0.589369 0.200267 
-0.5974 0.181194 
-0.5806 0.219006 
-0.356282 0.459319 
0.0713409 0.503742 
-0.497768 0.34274 
-0.512086 0.325914 
-0.482816 0.359007 
-0.468061 0.373918 
-0.436308 0.402702 
-0.419308 0.416487 
-0.281449 0.49603 
-0.399654 0.431169 
-0.173474 0.526468 
-0.200969 0.521067 
-0.0625519 0.532423 
-0.0351242 0.529901 
-0.00787099 0.525747 
0.590577 0.111634 
0.571985 0.132977 
-0.0902512 0.533331 
0.631976 0.0414421 
0.640574 0.0162334 
0.146979 0.467649 
0.646465 -0.00964355 
0.649647 -0.0359169 
0.346889 0.314155 
0.373831 0.292237 
0.320778 0.335852 
0.400851 0.270777 
0.529349 0.172473 
0.551842 0.152854 
0.427723 0.249931 
0.454621 0.229585 
0.48046 0.210352 
0.505993 0.191074 
-0.307273 0.484921 
0.294688 0.357779 
0.0453646 0.512656 
0.22026 0.418233 
0.1959 0.436115 
0.17157 0.452576 
0.620729 0.0657951 
0.0189506 0.519997 
-0.617115 0.118778 
0.606957 0.0891196 
-0.131908 0.531679 
-0.241689 0.510156 
0.257259 0.388942 
-0.55952 0.258105 
-0.623932 0.0815897 
0.109648 0.487393 
-0.607529 0.153124 
-0.535259 0.29553 
-0.626357 0.0569964 
-0.593481 0.190772 
-0.600987 0.171878 
-0.549177 0.274908 
-0.585072 0.209678 
-0.34447 0.46606 
0.0842287 0.498676 
-0.51934 0.316859 
-0.475505 0.366529 
-0.427872 0.409674 
-0.444613 0.395574 
-0.460487 0.381174 
-0.268316 0.501086 
-0.409558 0.423931 
-0.187256 0.523956 
-0.0488197 0.531365 
-0.0214677 0.528028 
0.581497 0.122502 
-0.104127 0.53318 
-0.490369 0.350945 
0.636604 0.028955 
-0.076394 0.53308 
-0.505008 0.334396 
-0.367924 0.452302 
0.64839 -0.0227361 
-0.214635 0.517797 
0.360337 0.303149 
0.333815 0.324972 
0.387319 0.281461 
-0.572756 0.234407 
0.540726 0.162819 
0.467543 0.219957 
0.414265 0.260307 
0.517753 0.181875 
-0.294431 0.490641 
0.282242 0.368228 
0.0584132 0.508393 
0.562081 0.14309 
0.134654 0.474588 
0.232525 0.408769 
0.208151 0.427284 
0.183815 0.444477 
0.643857 0.00337593 
0.032209 0.516525 
-0.319963 0.478877 
-0.159657 0.528594 
0.00558045 0.523074 
0.159356 0.460265 
0.441151 0.23971 
0.30773 0.346806 
-0.619802 0.106388 
-0.613986 0.131287 
-0.627079 0.0326877 
0.626663 0.0537683 
0.599023 0.100571 
0.614127 0.0776314 
0.49327 0.200762 
-0.389598 0.438197 
ZONE T="boundary5"
0.526063 -0.331808 
0.504706 -0.349961 
-0.392966 -0.303924 
-0.580029 -0.135316 
0.648259 -0.08887 
0.650199 -0.0623972 
-0.60968 -0.0716843 
-0.601362 -0.0934715 
0.644004 -0.115248 
-0.624993 -0.00314024 
-0.626803 0.0206177 
0.650244 -0.0491111 
0.646405 -0.102097 
0.637646 -0.141425 
-0.62152 -0.0264794 
0.29645 -0.436976 
0.268313 -0.441205 
0.155745 -0.446953 
0.127734 -0.445998 
-0.232273 -0.372221 
-0.204316 -0.38147 
-0.31501 -0.340924 
-0.287648 -0.352001 
-0.0383592 -0.424708 
-0.0933928 -0.412577 
-0.121091 -0.40563 
-0.148643 -0.398177 
-0.176555 -0.390078 
-0.416969 -0.290299 
-0.0659515 -0.41891 
-0.482058 -0.245014 
-0.55269 -0.174599 
-0.567091 -0.155285 
-0.367676 -0.316987 
-0.341507 -0.329364 
-0.439816 -0.275967 
0.607957 -0.218568 
-0.260063 -0.36241 
0.24015 -0.444227 
0.629394 -0.167388 
0.32431 -0.43148 
0.352043 -0.424576 
0.457445 -0.381572 
0.432095 -0.39483 
0.183814 -0.447023 
-0.61641 -0.0493337 
0.099841 -0.444221 
0.0720524 -0.441679 
0.0443309 -0.438414 
0.0167364 -0.43448 
-0.0108824 -0.429891 
0.211989 -0.446139 
-0.519779 -0.211198 
-0.501476 -0.228454 
-0.591468 -0.114697 
0.379237 -0.416251 
0.406109 -0.406309 
0.481721 -0.366609 
0.546011 -0.311872 
0.564178 -0.290428 
0.580476 -0.267606 
0.619442 -0.193128 
0.649647 -0.0359169 
-0.536882 -0.19325 
-0.471888 -0.253064 
-0.461525 -0.26086 
0.595012 -0.243513 
0.515563 -0.341096 
0.649529 -0.0756531 
-0.605717 -0.0826515 
-0.626109 0.00872397 
0.650301 -0.0557537 
0.647402 -0.0954926 
0.641067 -0.128394 
0.282404 -0.439245 
0.141734 -0.446582 
-0.218317 -0.376913 
-0.301363 -0.346549 
-0.107259 -0.409168 
-0.162618 -0.394191 
-0.405037 -0.297238 
-0.560046 -0.165057 
-0.35464 -0.323283 
-0.380381 -0.310574 
0.254246 -0.442859 
0.633731 -0.154473 
0.33822 -0.428206 
0.444883 -0.388418 
-0.246193 -0.367387 
-0.190455 -0.385838 
-0.0521714 -0.421878 
0.11378 -0.445209 
0.0581795 -0.440134 
0.0305203 -0.436528 
0.169777 -0.447102 
0.197904 -0.446704 
-0.510738 -0.219944 
-0.134885 -0.401965 
-0.273884 -0.357283 
-0.0246362 -0.427371 
-0.619172 -0.0379515 
0.365697 -0.420601 
0.310412 -0.434393 
0.419192 -0.400776 
0.493372 -0.358505 
0.536241 -0.322045 
0.469719 -0.374311 
0.555318 -0.30134 
0.00291242 -0.432262 
0.645271 -0.108684 
-0.596604 -0.104171 
0.572559 -0.279183 
0.624603 -0.18033 
-0.328298 -0.335238 
0.650027 -0.0425096 
0.392747 -0.41148 
0.226077 -0.445316 
-0.0796885 -0.415809 
0.0859364 -0.443043 
-0.573728 -0.145409 
-0.623467 -0.0148399 
-0.528456 -0.202344 
-0.544927 -0.184044 
-0.476998 -0.24907 
-0.491867 -0.236853 
-0.613247 -0.0605688 
-0.585928 -0.125105 
-0.450762 -0.268548 
-0.46673 -0.256994 
0.601662 -0.231134 
0.58796 -0.25569 
0.613869 -0.205926 
-0.428473 -0.283266 
