ZONE T="boundary0"
-4 -0.332942 
-4 -0.387173 
-4 0.124374 
-4 0.257595 
-4 0.530196 
-4 0.392675 
-4 0.346835 
-4 -0.223544 
-4 -1 
-4 0.217155 
-4 0.176715 
-4 0.438515 
-4 0.765098 
-4 0.647647 
-4 0.0720331 
-4 0.014238 
-4 -0.043557 
-4 -0.476052 
-4 -0.564931 
-4 -0.278712 
-4 -0.105967 
-4 -0.168376 
-4 1 
-4 0.882549 
-4 -0.782466 
-4 -0.360058 
-4 0.196935 
-4 0.237375 
-4 0.302215 
-4 0.369755 
-4 0.484355 
-4 0.706372 
-4 0.0982034 
-4 0.150544 
-4 0.0431355 
-4 -0.0146595 
-4 -0.520492 
-4 -0.305827 
-4 -0.251128 
-4 -0.0747617 
-4 -0.137171 
-4 -0.19596 
-4 0.588921 
-4 0.941274 
-4 -0.673699 
-4 -0.891233 
-4 0.823823 
-4 -0.431613 
-4 0.415595 
ZONE T="boundary1"
-3.66756 1 
1.4703 1 
0.637919 1 
0.93192 1 
0.861424 1 
0.77442 1 
0.501418 1 
0.394774 1 
-3.39316 1 
-3.83378 1 
-2.01367 1 
-1.83931 1 
3.75325 1 
3.87662 1 
3.31337 1 
3.12024 1 
2.95813 1 
-2.18803 1 
-2.46135 1 
-2.73466 1 
-3.11876 1 
2.02623 1 
2.4718 1 
2.79602 1 
-0.428142 1 
-0.526207 1 
0.166806 1 
0.228324 1 
0.0964539 1 
0.342308 1 
0.289843 1 
-0.104532 1 
-0.0392155 1 
-0.217304 1 
-0.160918 1 
0.0261017 1 
-0.27369 1 
-0.330076 1 
-4 1 
1.1026 1 
1.00242 1 
-0.964816 1 
-1.06648 1 
3.62987 1 
3.5065 1 
-0.852006 1 
-0.632701 1 
-1.26184 1 
-1.35554 1 
-1.16815 1 
-1.44923 1 
-1.54293 1 
-1.69112 1 
1.33655 1 
1.20279 1 
1.6362 1 
1.55325 1 
1.80209 1 
2.24901 1 
4 1 
-0.739195 1 
0.896672 1 
0.448096 1 
0.569668 1 
-1.92649 1 
3.81494 1 
3.21681 1 
-3.53036 1 
3.03919 1 
-2.32469 1 
-2.92671 1 
2.63391 1 
-3.25596 1 
-0.477174 1 
0.197565 1 
0.13163 1 
0.368541 1 
0.259084 1 
-0.0718736 1 
-0.189112 1 
-0.00655704 1 
0.70617 1 
-0.245497 1 
-0.379109 1 
-3.91689 1 
1.05251 1 
-3.75067 1 
-1.01565 1 
-0.908411 1 
-1.30869 1 
-1.11731 1 
-1.49608 1 
-1.76522 1 
-1.61703 1 
1.1527 1 
1.40343 1 
1.51178 1 
1.71914 1 
-2.10085 1 
-2.598 1 
2.13762 1 
2.3604 1 
3.93831 1 
3.56818 1 
3.69156 1 
3.40993 1 
2.87707 1 
1.91416 1 
0.0612777 1 
0.316076 1 
-0.579454 1 
-0.685948 1 
-0.132725 1 
-0.7956 1 
-0.301883 1 
0.967168 1 
-1.215 1 
-1.40239 1 
1.26967 1 
1.59472 1 
0.817922 1 
ZONE T="boundary2"
4 -0.289441 
4 -0.352803 
4 -0.231622 
4 -0.162919 
4 -0.415694 
4 0.143875 
4 -0.109915 
4 0.0873119 
4 0.0152001 
4 0.200439 
4 -0.0569117 
4 0.281555 
4 0.240997 
4 -1 
4 -0.604367 
4 -0.703275 
4 -0.478585 
4 -0.802184 
4 0.565488 
4 0.489287 
4 0.891372 
4 0.782744 
4 0.674116 
4 1 
4 0.314438 
4 0.347321 
4 0.413087 
4 -0.321122 
4 -0.197271 
4 -0.384249 
4 0.051256 
4 -0.0208558 
4 0.261276 
4 -0.653821 
4 -0.260532 
4 -0.0834134 
4 -0.136417 
4 -0.44714 
4 0.172157 
4 -0.75273 
4 0.527388 
4 -0.541476 
4 -0.901092 
4 0.837058 
4 0.619802 
4 0.72843 
4 0.945686 
4 0.297997 
4 0.220718 
4 0.115594 
4 0.380204 
4 0.451187 
4 0.33088 
ZONE T="boundary3"
-3.5932 -1 
-1.35271 -1 
0.579083 -1 
0.473466 -1 
-0.89928 -1 
-0.389254 -1 
-0.436515 -1 
-1.08451 -1 
-0.792547 -1 
-0.747558 -1 
-0.837535 -1 
-0.583673 -1 
0.21224 -1 
0.367849 -1 
4 -1 
3.61575 -1 
-0.247473 -1 
0.684072 -1 
1.01375 -1 
1.12837 -1 
1.45068 -1 
1.34683 -1 
1.68543 -1 
-1.59955 -1 
-1.47613 -1 
-2.83627 -1 
-2.60033 -1 
-2.30534 -1 
2.13479 -1 
-1.90759 -1 
-4 -1 
-3.7288 -1 
3.42363 -1 
-1.21861 -1 
-3.26491 -1 
-3.07221 -1 
-3.4576 -1 
-0.12852 -1 
0.00252265 -1 
-0.0629987 -1 
-0.961024 -1 
0.0839647 -1 
0.0432438 -1 
0.165407 -1 
0.259073 -1 
-0.187997 -1 
-0.341994 -1 
-1.15156 -1 
0.789061 -1 
0.901408 -1 
3.2315 -1 
2.67378 -1 
2.82578 -1 
3.02864 -1 
-2.10646 -1 
2.52178 -1 
1.24299 -1 
1.91011 -1 
2.32828 -1 
0.526274 -1 
-0.412885 -1 
-0.770052 -1 
3.80788 -1 
0.631577 -1 
1.07106 -1 
1.39875 -1 
-1.53784 -1 
-2.7183 -1 
-2.45284 -1 
-3.8644 -1 
3.51969 -1 
-1.28566 -1 
-3.16856 -1 
-3.5254 -1 
-0.0957597 -1 
-0.510094 -1 
-0.665615 -1 
-0.815041 -1 
-0.868407 -1 
-1.02277 -1 
0.0636042 -1 
0.124686 -1 
0.235656 -1 
0.188823 -1 
-0.030238 -1 
0.0228834 -1 
-0.158258 -1 
0.313461 -1 
0.420658 -1 
-0.365624 -1 
-0.294733 -1 
-0.217735 -1 
-1.11804 -1 
-1.18509 -1 
-1.41442 -1 
0.736566 -1 
-1.75357 -1 
3.32757 -1 
-3.661 -1 
-3.36125 -1 
2.74978 -1 
1.56805 -1 
2.92721 -1 
-2.2059 -1 
1.29491 -1 
1.18568 -1 
3.13007 -1 
1.79777 -1 
-0.930152 -1 
0.845234 -1 
0.957581 -1 
-2.00703 -1 
-2.95424 -1 
2.59778 -1 
2.42503 -1 
2.23153 -1 
2.02245 -1 
ZONE T="boundary4"
0.19391 0.503189 
0.164634 0.504692 
-0.270733 0.389064 
-0.647988 -0.026306 
-0.616999 0.0717126 
-0.604916 0.0954223 
-0.583746 0.130111 
-0.559322 0.163432 
-0.46599 0.259595 
-0.485471 0.24212 
-0.320528 0.361678 
-0.295775 0.375659 
-0.529046 0.198636 
-0.504425 0.224013 
-0.627389 0.0475965 
-0.636034 0.0231645 
-0.591201 0.118665 
-0.642902 -0.0014881 
-0.449686 0.273357 
-0.433023 0.286656 
-0.639685 0.01088 
-0.398612 0.312009 
-0.380961 0.324084 
-0.341931 0.348961 
-0.363081 0.33577 
-0.575968 0.141344 
-0.544513 0.181318 
0.252953 0.495549 
0.22334 0.500188 
-0.219835 0.414144 
0.551139 0.286229 
-0.194013 0.425785 
0.632842 0.100345 
-0.415964 0.29955 
-0.0611081 0.473923 
-0.0337952 0.481248 
-0.167893 0.43682 
-0.141585 0.447172 
-0.0881887 0.465767 
-0.00621711 0.487702 
0.0216456 0.493233 
-0.114983 0.456846 
0.106724 0.503637 
0.135511 0.504807 
0.578148 0.232856 
0.590414 0.206004 
0.282528 0.489158 
0.312083 0.480841 
0.34135 0.470486 
-0.245429 0.401889 
0.565342 0.259488 
0.425432 0.426042 
0.398356 0.443116 
0.370184 0.457947 
0.623703 0.126642 
0.517355 0.337897 
0.497325 0.362372 
0.475235 0.385414 
0.451208 0.406715 
0.078156 0.501271 
0.0497266 0.497772 
0.53522 0.312459 
0.61333 0.153066 
0.602099 0.179593 
0.649834 0.0213165 
0.651161 -0.00485152 
0.646197 0.0476568 
0.640447 0.0740121 
0.179282 0.504119 
-0.4758 0.250937 
-0.308191 0.36874 
-0.51688 0.21147 
-0.631919 0.0354507 
-0.441399 0.280063 
-0.641348 0.00470907 
-0.637912 0.0170371 
-0.389819 0.318096 
-0.645663 -0.0138561 
-0.331262 0.355376 
-0.598235 0.107146 
-0.587515 0.124414 
-0.567789 0.152496 
-0.579896 0.135754 
-0.552005 0.172449 
0.238181 0.498074 
-0.536856 0.190047 
-0.206959 0.42004 
-0.283291 0.382432 
-0.424534 0.293158 
-0.457885 0.266532 
-0.0474821 0.477692 
-0.352542 0.342425 
-0.407324 0.305832 
-0.154773 0.442079 
-0.0746805 0.469945 
0.00768866 0.490589 
-0.128318 0.452097 
-0.495017 0.233141 
0.121112 0.504378 
0.584325 0.219449 
0.297374 0.485234 
0.326806 0.475911 
-0.180988 0.431382 
-0.258117 0.395547 
-0.611146 0.083661 
-0.232667 0.408089 
0.558408 0.272952 
-0.37205 0.329973 
0.412063 0.434848 
0.355882 0.464476 
0.507571 0.350329 
0.438516 0.416643 
0.486508 0.374118 
0.0924279 0.5026 
0.150074 0.504917 
0.628426 0.113543 
0.26779 0.492573 
0.208646 0.501879 
0.543383 0.299472 
0.526509 0.325339 
0.0639234 0.499659 
0.618626 0.139894 
0.607784 0.166355 
0.650793 0.00824645 
0.648288 0.0345226 
0.0356642 0.495631 
-0.101619 0.4614 
-0.0200346 0.484588 
0.636843 0.0872334 
0.596299 0.192813 
0.57184 0.246219 
0.463438 0.396313 
0.384412 0.450801 
-0.622393 0.0597376 
0.643561 0.0608845 
ZONE T="boundary5"
-0.585341 -0.292339 
-0.19374 -0.426087 
-0.222937 -0.429328 
-0.647988 -0.026306 
0.259821 -0.339503 
0.287573 -0.333691 
-0.640891 -0.175293 
-0.652795 -0.0761717 
-0.651285 -0.0512152 
-0.633403 -0.199632 
-0.624133 -0.223628 
-0.40138 -0.417575 
-0.429702 -0.408572 
-0.342372 -0.428988 
-0.37216 -0.424366 
-0.646572 -0.150716 
-0.252496 -0.431493 
-0.282317 -0.432326 
-0.165061 -0.422024 
-0.652516 -0.101104 
0.640461 -0.0809206 
-0.108002 -0.412049 
-0.613084 -0.247202 
-0.600182 -0.270188 
-0.136392 -0.417271 
-0.506761 -0.368915 
-0.482605 -0.38412 
-0.312371 -0.431572 
-0.0796337 -0.406468 
-0.529215 -0.35193 
0.005176 -0.388883 
-0.456823 -0.397403 
0.369151 -0.312943 
0.34228 -0.32057 
0.0618055 -0.377293 
0.0901354 -0.371694 
-0.56854 -0.313471 
0.203612 -0.35035 
-0.0231036 -0.39479 
-0.0513695 -0.400683 
0.0334289 -0.383043 
0.175326 -0.355604 
0.118567 -0.366219 
0.146933 -0.360878 
0.231788 -0.34502 
0.315153 -0.327412 
0.395337 -0.30448 
0.470498 -0.272097 
0.421159 -0.294899 
0.608163 -0.150388 
0.515934 -0.243993 
0.537167 -0.227845 
0.575919 -0.191624 
0.5572 -0.210409 
0.592995 -0.171586 
0.621215 -0.128144 
0.632013 -0.104955 
0.646496 -0.0561221 
-0.650443 -0.125978 
0.651161 -0.00485152 
-0.637361 -0.187532 
0.650063 -0.0307288 
-0.54982 -0.333392 
-0.539712 -0.34288 
0.446259 -0.284139 
0.458465 -0.278298 
0.493609 -0.258803 
-0.208332 -0.427831 
0.273711 -0.336647 
-0.652263 -0.0636838 
-0.628975 -0.211714 
-0.415636 -0.413361 
-0.357314 -0.426942 
-0.643951 -0.163059 
-0.267409 -0.432092 
-0.652879 -0.0886438 
-0.237713 -0.430563 
-0.618815 -0.235515 
-0.122191 -0.414713 
-0.494847 -0.376778 
-0.297358 -0.432163 
-0.0938131 -0.409294 
-0.518169 -0.360664 
-0.469858 -0.391038 
-0.443382 -0.403272 
0.355747 -0.316867 
0.0759721 -0.374475 
-0.150719 -0.419722 
-0.0372343 -0.397743 
0.0476183 -0.380152 
-0.00896309 -0.391832 
0.189475 -0.352982 
0.104353 -0.368939 
0.132753 -0.363535 
0.245815 -0.342294 
0.30138 -0.330621 
0.382285 -0.30884 
0.328739 -0.32408 
-0.592983 -0.281416 
-0.577156 -0.30308 
0.526676 -0.236095 
0.566731 -0.201193 
0.600811 -0.161155 
0.626894 -0.11668 
-0.651703 -0.113564 
-0.606851 -0.258822 
0.217708 -0.347703 
-0.3274 -0.430521 
-0.179393 -0.424152 
0.0193029 -0.385951 
0.408302 -0.29984 
-0.648729 -0.138386 
-0.0654976 -0.403595 
0.547327 -0.2193 
0.161134 -0.358235 
-0.63918 -0.18143 
0.643787 -0.0685966 
0.636534 -0.0930423 
0.648592 -0.0434696 
0.650921 -0.0178038 
-0.649858 -0.0387352 
0.614947 -0.139419 
-0.635435 -0.1936 
-0.544815 -0.33819 
-0.534512 -0.34746 
-0.386841 -0.421251 
0.452383 -0.281262 
0.464504 -0.275243 
0.482155 -0.265633 
0.504887 -0.251581 
0.433778 -0.289686 
0.584659 -0.181781 
-0.559385 -0.323628 
