ZONE T="boundary0"
-4 0.214366 
-4 0.306348 
-4 0.275688 
-4 0.337009 
-4 0.245027 
-4 -0.140204 
-4 -0.194498 
-4 -0.227062 
-4 -0.00232136 
-4 1 
-4 0.743823 
-4 0.147816 
-4 0.0812668 
-4 -0.0859095 
-4 -0.328914 
-4 -0.398202 
-4 -0.535494 
-4 -0.466848 
-4 0.412327 
-4 -0.65162 
-4 -0.767747 
-4 -0.883873 
-4 -1 
-4 0.615734 
-4 0.487646 
-4 -0.259625 
-4 0.291018 
-4 0.229696 
-4 -0.21078 
-4 0.871911 
-4 0.181091 
-4 0.260357 
-4 0.321679 
-4 0.114542 
-4 -0.0441154 
-4 -0.363558 
-4 -0.113057 
-4 -0.167351 
-4 0.0394727 
-4 -0.501171 
-4 -0.593557 
-4 -0.432525 
-4 -0.709684 
-4 -0.82581 
-4 -0.941937 
-4 0.679779 
-4 -0.243343 
-4 -0.294269 
-4 0.449987 
-4 0.55169 
-4 0.374668 
ZONE T="boundary1"
-2.43015 1 
3.69405 1 
4 1 
0.676285 1 
-0.119352 1 
-0.0472465 1 
-0.386786 1 
0.094739 1 
0.38704 1 
-1.26987 1 
-1.39634 1 
-0.597659 1 
-1.52282 1 
0.7629 1 
-0.704589 1 
-0.811519 1 
-0.865641 1 
-2.00973 1 
-2.21994 1 
3.26921 1 
3.38809 1 
-4 1 
-2.72289 1 
-3.01563 1 
-3.29507 1 
2.56431 1 
2.21606 1 
2.91256 1 
1.52042 1 
0.53038 1 
0.45871 1 
0.603332 1 
0.311711 1 
0.238165 1 
-0.492223 1 
0.849514 1 
0.899487 1 
-0.200978 1 
1.16058 1 
1.0494 1 
-0.282603 1 
0.0248592 1 
0.164619 1 
0.999432 1 
0.949459 1 
1.27175 1 
-1.14894 1 
-1.02801 1 
-0.973885 1 
-1.73486 1 
1.39609 1 
-3.78725 1 
2.02448 1 
1.83291 1 
-3.57451 1 
3.15033 1 
1.67667 1 
-0.919763 1 
3.84702 1 
-0.0832994 1 
-1.3331 1 
0.719592 1 
-0.758054 1 
-2.32504 1 
3.54107 1 
-2.86926 1 
-3.15535 1 
2.39019 1 
2.73844 1 
0.566856 1 
0.639809 1 
0.274938 1 
0.422875 1 
-0.439504 1 
-0.651124 1 
0.874501 1 
0.806207 1 
0.494545 1 
1.10499 1 
-0.334695 1 
0.0597991 1 
0.201392 1 
0.924473 1 
1.21617 1 
-1.08847 1 
-1.00095 1 
-1.2094 1 
-1.45958 1 
-1.62884 1 
1.45826 1 
-3.89363 1 
-1.8723 1 
-2.57652 1 
-3.43479 1 
1.9287 1 
3.03144 1 
-2.11484 1 
1.59855 1 
-3.68088 1 
-0.544941 1 
-0.892702 1 
0.129679 1 
-0.0111936 1 
-0.160165 1 
0.349376 1 
-0.241791 1 
1.02442 1 
0.974446 1 
-0.946824 1 
-0.83858 1 
1.33392 1 
2.12027 1 
3.20977 1 
1.75479 1 
3.32865 1 
ZONE T="boundary2"
4 -0.541877 
4 -0.818153 
4 -0.636306 
4 0.18832 
4 0.232568 
4 0.315558 
4 1 
4 -0.285789 
4 0.798117 
4 -1 
4 0.274063 
4 0.376888 
4 0.438218 
4 0.517226 
4 0.596234 
4 -0.314 
4 -0.0924633 
4 -0.34221 
4 0.0555779 
4 -0.0184427 
4 -0.447449 
4 0.144073 
4 -0.229368 
4 -0.195142 
4 -0.160916 
4 -0.39483 
4 -0.727229 
4 0.210444 
4 0.899058 
4 -0.909076 
4 0.29481 
4 0.407553 
4 0.477722 
4 0.55673 
4 0.0185676 
4 0.0998254 
4 0.697175 
4 -0.589091 
4 -0.257579 
4 -0.178029 
4 -0.299894 
4 -0.36852 
4 -0.328105 
4 -0.212255 
4 -0.126689 
4 -0.421139 
4 -0.055453 
4 -0.494663 
4 0.346223 
4 0.253315 
4 0.166197 
ZONE T="boundary3"
-1.29784 -1 
-0.416572 -1 
-0.312789 -1 
-0.722438 -1 
-0.625102 -1 
-0.520837 -1 
-1.36549 -1 
-1.43313 -1 
0.832655 -1 
3.25636 -1 
3.37825 -1 
1.28827 -1 
-3.36888 -1 
-3.12095 -1 
-2.87302 -1 
1.72701 -1 
3.01257 -1 
-2.6185 -1 
-2.36398 -1 
-2.49124 -1 
-1.93272 -1 
-2.14835 -1 
3.50015 -1 
4 -1 
2.78131 -1 
0.122679 -1 
0.174189 -1 
0.602147 -1 
0.715534 -1 
-0.171416 -1 
-0.242103 -1 
0.225698 -1 
0.422994 -1 
0.488759 -1 
0.0422956 -1 
-0.104752 -1 
-0.0380876 -1 
0.949775 -1 
0.357229 -1 
0.291464 -1 
1.05824 -1 
1.1667 -1 
-3.84222 -1 
-3.68444 -1 
-4 -1 
-1.65949 -1 
-1.54631 -1 
-1.06748 -1 
-1.18266 -1 
-0.943627 -1 
-0.819774 -1 
1.40984 -1 
1.92082 -1 
1.56843 -1 
2.11463 -1 
2.33234 -1 
2.55005 -1 
-0.364681 -1 
-0.67377 -1 
-0.468705 -1 
-1.33167 -1 
-1.39931 -1 
3.31731 -1 
-2.99699 -1 
-2.42761 -1 
-2.04053 -1 
3.75007 -1 
3.4392 -1 
0.148434 -1 
0.65884 -1 
-0.206759 -1 
-0.572969 -1 
0.199944 -1 
0.545453 -1 
-0.0714197 -1 
0.891215 -1 
0.324346 -1 
0.390111 -1 
0.774094 -1 
1.00401 -1 
1.11247 -1 
-3.76333 -1 
-3.92111 -1 
-1.6029 -1 
-1.12507 -1 
-0.881701 -1 
-1.48972 -1 
-1.79611 -1 
1.82392 -1 
1.34906 -1 
1.22748 -1 
1.64772 -1 
2.01773 -1 
-3.24492 -1 
-2.55487 -1 
-2.74576 -1 
2.22349 -1 
2.66568 -1 
2.44119 -1 
2.89694 -1 
3.13446 -1 
-2.25616 -1 
0.258581 -1 
0.0824872 -1 
0.00210401 -1 
-0.138084 -1 
-0.277446 -1 
0.455877 -1 
-3.52666 -1 
-1.00555 -1 
-0.771106 -1 
-1.24025 -1 
1.48914 -1 
ZONE T="boundary4"
-0.306071 0.507023 
-0.286549 0.518227 
-0.550082 0.261183 
-0.537869 0.28218 
0.578365 0.320843 
0.567427 0.30351 
0.469636 0.586554 
0.487237 0.576921 
0.576247 0.490037 
0.535854 0.540821 
0.554576 0.287175 
0.564368 0.508516 
0.550888 0.52535 
-0.526403 0.300207 
0.396074 0.614723 
0.414738 0.609079 
0.596885 0.434804 
-0.243609 0.540324 
-0.265269 0.529595 
0.540053 0.27185 
0.524448 0.257682 
-0.611314 0.0411425 
-0.611487 0.05852 
0.599471 0.415759 
-0.60605 0.111965 
-0.590666 0.170567 
-0.572486 0.216426 
-0.59853 0.144962 
-0.582505 0.192743 
-0.423632 0.419939 
-0.43978 0.404633 
0.451686 0.59504 
-0.561383 0.239749 
-0.514263 0.317853 
-0.500685 0.336149 
-0.486427 0.353984 
-0.408215 0.433659 
-0.392365 0.446934 
-0.36018 0.471576 
-0.342885 0.483663 
-0.325213 0.495259 
0.520495 0.554115 
-0.219844 0.551194 
-0.195706 0.561338 
-0.16909 0.571557 
-0.0495218 0.606836 
-0.0164186 0.61397 
-0.0823256 0.598718 
0.0189961 0.620495 
0.0546669 0.625965 
0.587321 0.339369 
0.592362 0.452878 
0.371665 0.0104762 
0.504086 0.566233 
0.378006 0.0978659 
0.369869 0.0536889 
0.433197 0.602586 
0.456327 0.204211 
0.424269 0.174504 
0.129345 0.633936 
0.167533 0.63616 
0.0919028 0.630528 
0.244483 0.636441 
0.282657 0.634185 
0.586042 0.470212 
0.598002 0.377353 
0.593883 0.358385 
0.50772 0.244056 
0.599849 0.396269 
-0.47123 0.371667 
-0.455385 0.388837 
-0.142114 0.580959 
-0.112387 0.590292 
0.205863 0.637044 
0.320555 0.630059 
0.358191 0.623758 
0.396418 0.138233 
-0.610651 0.0762951 
-0.608843 0.0939866 
0.481926 0.224328 
0.380434 -0.0309385 
-0.296354 0.512696 
-0.544088 0.271745 
0.573131 0.31203 
0.47851 0.581875 
0.557834 0.517104 
0.405435 0.612001 
-0.254482 0.53504 
0.532361 0.264636 
-0.611526 0.0498321 
0.598448 0.425325 
-0.60265 0.128546 
-0.577634 0.204641 
-0.43177 0.412351 
0.460719 0.590924 
-0.555842 0.250521 
-0.507559 0.327061 
-0.520412 0.309082 
-0.493637 0.345128 
-0.415976 0.426856 
-0.376456 0.459483 
-0.400341 0.440355 
-0.334093 0.489524 
-0.315689 0.501212 
-0.351579 0.477682 
0.528306 0.547624 
-0.231772 0.545852 
-0.207816 0.556357 
-0.182442 0.566553 
-0.0330006 0.610525 
-0.0659591 0.602903 
0.0368067 0.623362 
0.543546 0.533261 
-0.53222 0.291244 
-0.58672 0.181703 
0.594864 0.443907 
-0.594794 0.157824 
0.372587 0.0760441 
0.424004 0.60594 
0.442489 0.598933 
0.512401 0.560329 
0.439843 0.18989 
0.495749 0.57172 
0.148425 0.635209 
0.263576 0.635533 
0.561202 0.295183 
0.589421 0.46163 
0.547474 0.279355 
0.596222 0.367815 
0.590887 0.348785 
0.5992 0.386791 
0.583115 0.329979 
0.58143 0.480273 
-0.478908 0.362891 
-0.447649 0.396798 
-0.275955 0.523992 
-0.127291 0.585742 
-0.567058 0.228144 
-0.463384 0.380319 
-0.0973916 0.594617 
-0.155641 0.57636 
0.0732626 0.62839 
0.110606 0.632379 
0.00125968 0.617366 
0.186689 0.636777 
0.339415 0.627202 
-0.609865 0.0851506 
0.599946 0.406027 
0.570555 0.499443 
0.516151 0.250778 
0.494851 0.234141 
0.469031 0.214401 
-0.607562 0.102994 
-0.611193 0.0674188 
0.377211 0.619596 
0.375365 -0.0104104 
0.409432 0.157127 
0.386007 0.11864 
0.301627 0.632374 
0.369693 0.0320281 
0.22517 0.636941 
ZONE T="boundary5"
-0.153282 -0.353779 
-0.516877 -0.155689 
0.0346726 -0.414743 
0.0542198 -0.418622 
-0.583986 -0.0682341 
-0.590425 -0.0541644 
-0.600969 -0.0242876 
-0.552726 -0.117429 
-0.54401 -0.127938 
-0.561031 -0.106414 
-0.535237 -0.137633 
-0.526195 -0.14686 
-0.23492 -0.318275 
-0.261283 -0.306173 
-0.576828 -0.081743 
-0.569213 -0.094359 
0.401186 -0.322219 
0.0122674 -0.40963 
-0.172431 -0.345766 
-0.189522 -0.338435 
-0.114077 -0.369394 
-0.206528 -0.330991 
-0.220743 -0.324667 
-0.05372 -0.390814 
-0.0739465 -0.384037 
-0.134 -0.361603 
-0.0319342 -0.397609 
-0.0939705 -0.376918 
0.416286 -0.142146 
-0.444343 -0.209762 
-0.401668 -0.235102 
-0.48201 -0.184204 
-0.49736 -0.172395 
0.382006 -0.347607 
0.370748 -0.35912 
-0.466072 -0.195517 
-0.278925 -0.297915 
-0.296554 -0.289523 
-0.60496 -0.00855589 
-0.339346 -0.268416 
-0.359953 -0.257782 
0.415665 -0.293516 
-0.611314 0.0411425 
-0.61016 0.0242327 
-0.596119 -0.0394668 
0.0739152 -0.421953 
0.209391 -0.426283 
0.183869 -0.42832 
0.358979 -0.369384 
0.133061 -0.428163 
0.111645 -0.426608 
-0.380567 -0.246781 
0.09273 -0.424568 
-0.317952 -0.279115 
0.427132 -0.245371 
0.154543 -0.428866 
0.256353 -0.418072 
0.235539 -0.42249 
0.277315 -0.412182 
0.298476 -0.404531 
0.333206 -0.387306 
0.346448 -0.378772 
0.427942 -0.211369 
0.426588 -0.194466 
-0.608021 0.0075485 
0.392243 -0.335204 
0.389358 -0.0599524 
0.394171 -0.0741339 
0.399058 -0.0882278 
0.420936 -0.277965 
0.424745 -0.261911 
0.408992 -0.308396 
0.428163 -0.228562 
0.405277 -0.106381 
0.41111 -0.124403 
0.424158 -0.177301 
0.420689 -0.159816 
0.319387 -0.394958 
-0.00990944 -0.403907 
-0.422694 -0.222962 
-0.433559 -0.216441 
0.380434 -0.0309385 
0.0444309 -0.416748 
-0.58731 -0.0612443 
-0.548428 -0.122731 
-0.556945 -0.11197 
-0.539674 -0.132829 
-0.530761 -0.142289 
-0.248114 -0.312253 
-0.565201 -0.100438 
-0.521576 -0.151316 
0.0234482 -0.412268 
-0.162869 -0.349796 
-0.180985 -0.342117 
-0.21364 -0.327838 
-0.0638528 -0.387473 
-0.124055 -0.365531 
-0.0428502 -0.394272 
-0.104041 -0.373194 
-0.0839772 -0.380519 
-0.143655 -0.357718 
-0.489745 -0.178379 
0.376496 -0.35348 
-0.455269 -0.202747 
-0.27011 -0.302058 
-0.287745 -0.293736 
-0.610861 0.0326812 
-0.593383 -0.0468559 
0.0640536 -0.420359 
0.196647 -0.427493 
0.122345 -0.427488 
-0.370274 -0.252322 
-0.391135 -0.240988 
0.102179 -0.425662 
0.0833116 -0.42333 
0.143798 -0.428626 
0.169212 -0.42882 
0.245982 -0.42044 
0.266887 -0.415305 
0.339901 -0.383152 
0.427399 -0.202918 
0.364961 -0.364364 
-0.606612 -0.000524229 
0.387257 -0.341516 
-0.573107 -0.0881007 
0.396855 -0.328811 
0.396614 -0.0811904 
0.423024 -0.269989 
0.405244 -0.315398 
-0.227835 -0.32148 
0.418483 -0.285808 
0.412503 -0.301038 
0.413779 -0.133265 
0.408251 -0.115388 
0.42781 -0.236987 
0.428205 -0.219975 
0.352799 -0.374191 
-0.580505 -0.0750378 
-0.603085 -0.0164493 
0.425499 -0.185878 
0.426116 -0.253675 
0.42254 -0.168549 
-0.609217 0.015877 
0.2225 -0.424611 
0.418589 -0.15097 
-0.198033 -0.334727 
0.32636 -0.391243 
-0.59866 -0.0319112 
-0.349663 -0.263135 
-0.507252 -0.164199 
-0.307263 -0.284347 
0.00115627 -0.406843 
-0.020945 -0.400826 
-0.328661 -0.2738 
-0.412205 -0.229089 
0.402195 -0.0973087 
-0.474089 -0.189933 
-0.438962 -0.213123 
0.287973 -0.40856 
0.309039 -0.399971 
-0.428136 -0.219719 
0.391747 -0.0670571 
0.384717 -0.0455263 
