ZONE T="boundary0"
-4 -1 
-4 -0.767747 
-4 -0.294269 
-4 -0.227062 
-4 0.807867 
-4 0.615734 
-4 -0.140204 
-4 1 
-4 -0.346236 
-4 -0.398202 
-4 -0.0712626 
-4 -0.535494 
-4 -0.466848 
-4 -0.65162 
-4 0.147816 
-4 -0.00232136 
-4 0.179784 
-4 0.412327 
-4 0.514031 
-4 0.24372 
-4 0.211752 
-4 0.275688 
-4 0.309848 
-4 0.344008 
-4 0.0727475 
-4 -0.883873 
-4 -0.260665 
-4 0.711801 
-4 0.903934 
-4 -0.372219 
-4 -0.183633 
-4 -0.105733 
-4 -0.501171 
-4 0.1638 
-4 -0.709684 
-4 -0.593557 
-4 0.564883 
-4 0.195768 
-4 0.259704 
-4 0.227736 
-4 0.378168 
-4 0.110282 
-4 0.0352131 
-4 -0.320252 
-4 0.463179 
-4 0.326928 
-4 -0.432525 
-4 -0.036792 
-4 0.292768 
ZONE T="boundary1"
2.02448 1 
1.67667 1 
0.852847 1 
4 1 
3.63461 1 
0.312603 1 
0.239527 1 
-0.811519 1 
-0.919763 1 
1.0494 1 
1.16058 1 
0.095099 1 
0.676285 1 
0.603332 1 
1.27833 1 
0.806207 1 
-0.293882 1 
-0.251439 1 
-1.03435 1 
3.45191 1 
-2.43015 1 
-3.43479 1 
-3.57451 1 
1.53638 1 
2.2944 1 
2.73844 1 
2.56431 1 
-2.72289 1 
-4 1 
-3.78725 1 
-3.01563 1 
-0.050183 1 
-0.124112 1 
0.531021 1 
0.741246 1 
0.45871 1 
0.899487 1 
-0.208997 1 
0.385656 1 
0.974446 1 
-0.492223 1 
-0.393052 1 
0.0237462 1 
0.166452 1 
-0.598406 1 
-0.651498 1 
-1.14894 1 
-1.39634 1 
-1.27264 1 
1.39609 1 
-1.64455 1 
-1.82714 1 
-2.00973 1 
-2.21994 1 
3.09089 1 
2.91256 1 
3.26921 1 
-3.29507 1 
-0.343467 1 
-0.704589 1 
-0.545314 1 
1.85058 1 
3.8173 1 
0.276065 1 
-0.865641 1 
1.10499 1 
0.639809 1 
1.21946 1 
0.829527 1 
-0.272661 1 
3.54326 1 
-3.50465 1 
-3.89363 1 
-2.86926 1 
-0.0871476 1 
0.494866 1 
0.567177 1 
0.773726 1 
-0.166555 1 
0.708765 1 
0.876167 1 
0.936966 1 
-0.442637 1 
-0.0132184 1 
0.422183 1 
0.349129 1 
0.130775 1 
-0.624952 1 
-0.977056 1 
-1.09164 1 
-1.33449 1 
1.46623 1 
-1.52044 1 
-1.73584 1 
-1.91844 1 
-2.11484 1 
3.00172 1 
1.33721 1 
1.60652 1 
2.15944 1 
2.42935 1 
3.18005 1 
3.36056 1 
-2.57652 1 
2.8255 1 
0.20299 1 
1.01193 1 
-0.230218 1 
0.0594226 1 
-0.318674 1 
-0.758054 1 
-0.678043 1 
-0.57186 1 
-0.518768 1 
-2.32504 1 
-1.21079 1 
-3.36493 1 
-3.68088 1 
2.65137 1 
-3.15535 1 
-0.36826 1 
ZONE T="boundary2"
4 -0.39483 
4 -0.314 
4 0.18832 
4 0.231192 
4 -0.277232 
4 -0.240465 
4 0.325475 
4 1 
4 -0.541877 
4 -0.468353 
4 -0.770939 
4 0.0849388 
4 -0.0184427 
4 0.637919 
4 -0.656408 
4 -1 
4 0.758613 
4 -0.192134 
4 -0.143803 
4 -0.0811226 
4 0.274063 
4 0.376888 
4 0.517226 
4 0.447057 
4 0.209756 
4 -0.258849 
4 -0.505115 
4 0.13663 
4 0.0332481 
4 -0.599143 
4 -0.885469 
4 0.879306 
4 -0.167968 
4 -0.112463 
4 -0.0497827 
4 -0.295616 
4 0.252627 
4 0.351182 
4 0.299769 
4 0.482141 
4 0.411972 
4 -0.713673 
4 -0.2163 
4 -0.354415 
4 -0.431591 
4 0.577573 
4 0.698266 
ZONE T="boundary3"
-4 -1 
-3.84222 -1 
-1.45899 -1 
2.78131 -1 
3.01257 -1 
-0.104752 -1 
-0.242103 -1 
-0.621638 -1 
-0.948089 -1 
0.232826 -1 
3.68913 -1 
0.949775 -1 
0.715534 -1 
0.488759 -1 
4 -1 
3.37825 -1 
-0.727335 -1 
3.53369 -1 
1.92082 -1 
-2.86972 -1 
-2.6185 -1 
-1.94393 -1 
-2.14835 -1 
2.55005 -1 
-3.4027 -1 
-1.73952 -1 
2.11463 -1 
2.33234 -1 
0.174189 -1 
0.108242 -1 
0.0422956 -1 
-0.0312281 -1 
0.291464 -1 
0.390111 -1 
0.602147 -1 
0.832655 -1 
-0.519225 -1 
-0.416813 -1 
-0.329458 -1 
1.05824 -1 
1.1667 -1 
1.28827 -1 
1.40984 -1 
1.56843 -1 
-0.833033 -1 
1.72701 -1 
-1.36549 -1 
-1.21432 -1 
-1.06314 -1 
-1.5525 -1 
-1.64601 -1 
-2.38342 -1 
-3.12095 -1 
-3.68444 -1 
-3.92111 -1 
2.89694 -1 
-0.173427 -1 
3.84456 -1 
3.19541 -1 
-0.674486 -1 
3.45597 -1 
-2.74411 -1 
-2.04614 -1 
2.66568 -1 
-1.84172 -1 
2.22349 -1 
0.141215 -1 
0.203507 -1 
0.00553374 -1 
-0.06799 -1 
0.340788 -1 
0.545453 -1 
0.439435 -1 
0.774094 -1 
0.891215 -1 
-0.570431 -1 
-0.373135 -1 
1.11247 -1 
-0.468019 -1 
1.34906 -1 
1.48914 -1 
1.64772 -1 
-1.41224 -1 
-0.890561 -1 
-1.13873 -1 
3.61141 -1 
-1.59926 -1 
-2.50096 -1 
-2.99534 -1 
-3.76333 -1 
1.82392 -1 
-3.54357 -1 
-3.26182 -1 
0.0752688 -1 
-0.28578 -1 
0.262145 -1 
-1.00562 -1 
2.01773 -1 
1.00401 -1 
0.65884 -1 
-1.2899 -1 
2.44119 -1 
-0.780184 -1 
1.22748 -1 
-1.50575 -1 
-1.69276 -1 
-2.26589 -1 
ZONE T="boundary4"
-0.511303 0.326914 
0.627433 0.43608 
0.629614 0.41402 
0.507542 0.592886 
-0.470953 0.380728 
-0.572731 0.200548 
-0.564312 0.224331 
-0.522974 0.308568 
0.474663 0.225009 
0.543696 0.568727 
0.560518 0.554461 
-0.410128 0.443659 
-0.394673 0.457184 
0.488542 0.602964 
0.577069 0.537694 
-0.591967 0.066761 
-0.590648 0.049591 
-0.592372 0.084355 
-0.591849 0.101904 
-0.585325 0.152687 
-0.588225 0.136297 
-0.533539 0.290419 
0.618263 0.347074 
0.607831 0.32521 
-0.590388 0.119778 
-0.57933 0.178306 
-0.290321 0.530162 
-0.269107 0.541865 
-0.2475 0.5529 
0.537187 0.255095 
0.515147 0.242952 
-0.498924 0.344817 
-0.485284 0.363027 
-0.440734 0.41415 
-0.363134 0.482341 
-0.328661 0.506586 
-0.309687 0.518666 
-0.223677 0.564115 
-0.0514941 0.62164 
-0.145449 0.594839 
0.0184153 0.635844 
0.054891 0.641562 
-0.0177999 0.62904 
-0.0848824 0.613215 
-0.115338 0.604503 
0.46925 0.611775 
-0.456151 0.3977 
0.286143 -0.0119454 
0.281242 0.0128257 
0.293934 -0.035857 
0.282569 0.0643716 
0.279854 0.0386568 
-0.544632 0.269312 
0.429771 0.626195 
0.289862 0.0900877 
0.301471 0.114003 
0.334556 0.153638 
0.399769 0.194663 
0.377557 0.183504 
0.422579 0.204534 
0.525813 0.581614 
-0.554691 0.247765 
0.290601 0.651185 
0.330274 0.647217 
0.449458 0.619552 
0.409936 0.631927 
0.593968 0.304481 
0.577359 0.285894 
0.628887 0.391289 
0.625175 0.369166 
0.62278 0.456819 
0.492092 0.232252 
0.591974 0.519252 
0.605132 0.498768 
0.615936 0.476509 
0.369865 0.641001 
0.558255 0.269414 
-0.199467 0.57457 
-0.172644 0.585134 
0.355332 0.169871 
0.316563 0.135164 
0.457146 0.218119 
0.0931539 0.646382 
0.171086 0.652499 
0.131632 0.65003 
0.210703 0.653617 
0.250808 0.65324 
0.628873 0.425093 
-0.568674 0.212494 
0.552251 0.561769 
-0.402453 0.450481 
0.498118 0.598074 
0.56899 0.546278 
-0.591423 0.0581681 
-0.592225 0.0931339 
-0.586865 0.144508 
0.613445 0.335962 
-0.582535 0.165546 
-0.279762 0.536099 
-0.258348 0.547467 
-0.528346 0.299545 
0.526281 0.248795 
-0.492191 0.353987 
-0.505198 0.335924 
-0.425675 0.429153 
-0.478201 0.371944 
-0.379094 0.469997 
-0.319223 0.5127 
-0.300049 0.524488 
-0.235636 0.558605 
0.0366294 0.638839 
-0.100146 0.608977 
0.478956 0.607506 
-0.517228 0.317798 
-0.448516 0.405993 
0.283291 0.00034254 
0.280679 0.0515423 
-0.589401 0.128051 
-0.576176 0.189471 
-0.539209 0.27993 
-0.592288 0.0755562 
0.28566 0.0774334 
0.29513 0.102264 
0.388564 0.189277 
0.411116 0.199723 
0.534874 0.575341 
0.516771 0.587406 
-0.549787 0.258598 
0.310458 0.649458 
-0.591233 0.110851 
0.459402 0.615792 
0.419882 0.629166 
0.439651 0.622988 
0.627405 0.380174 
0.622107 0.358008 
0.629632 0.402652 
0.625409 0.446526 
0.503684 0.237432 
0.598842 0.509203 
0.610875 0.487813 
0.350112 0.64441 
-0.186101 0.579962 
-0.559642 0.236107 
-0.463629 0.38928 
0.366276 0.176966 
0.325209 0.144706 
0.289711 -0.0239962 
0.34469 0.162083 
0.280055 0.0257499 
0.308609 0.124911 
-0.159086 0.590094 
-0.130435 0.599794 
-0.211615 0.569438 
-0.0346769 0.625467 
0.000279084 0.632581 
-0.0682238 0.61756 
0.439817 0.2114 
0.0740011 0.644118 
0.151345 0.651427 
0.190886 0.653234 
0.112376 0.648355 
0.270711 0.652435 
-0.346085 0.494724 
0.619627 0.466765 
0.601277 0.314602 
0.547902 0.261972 
0.584757 0.52867 
0.585979 0.294907 
0.46591 0.221536 
0.483395 0.228571 
0.568059 0.277357 
0.389978 0.636834 
0.230753 0.653628 
ZONE T="boundary5"
-0.51221 -0.130227 
-0.520438 -0.119942 
-0.446021 -0.196809 
-0.463041 -0.181653 
-0.332526 -0.281521 
-0.351596 -0.268843 
-0.565675 -0.0446441 
-0.5591 -0.0587146 
-0.551956 -0.0723262 
-0.588464 0.0329049 
0.395953 -0.257757 
-0.581586 0.000561688 
-0.477132 -0.16827 
-0.495136 -0.149745 
-0.544498 -0.0851386 
-0.5366 -0.097505 
-0.0982944 -0.402288 
0.0281185 -0.441462 
-0.156191 -0.3778 
0.29239 -0.427928 
-0.11794 -0.394398 
-0.0784622 -0.409794 
-0.173783 -0.369643 
0.00720606 -0.436483 
-0.0149209 -0.430531 
0.0684616 -0.449177 
0.0491911 -0.445812 
-0.0577517 -0.417122 
-0.0368409 -0.423971 
-0.259624 -0.325374 
-0.240468 -0.335892 
-0.292751 -0.306257 
0.108058 -0.454114 
0.0878331 -0.451937 
-0.428605 -0.211422 
-0.41878 -0.219344 
-0.389763 -0.24166 
0.271892 -0.436591 
-0.408861 -0.227141 
0.367864 -0.171408 
-0.19123 -0.361241 
-0.276249 -0.315933 
-0.206242 -0.353768 
-0.31275 -0.294087 
-0.590648 0.049591 
-0.571668 -0.0300214 
-0.585411 0.0164495 
0.251361 -0.443309 
0.230804 -0.448392 
-0.137154 -0.38626 
0.337012 -0.117432 
0.347927 -0.135564 
0.358402 -0.153688 
0.204807 -0.452817 
0.128345 -0.455529 
0.149912 -0.456126 
0.396267 -0.291381 
-0.576976 -0.0149823 
-0.221151 -0.346124 
0.312339 -0.417174 
0.179308 -0.455283 
0.192081 -0.454264 
0.325305 -0.408638 
0.368855 -0.365134 
0.35924 -0.377619 
0.337526 -0.399178 
0.396988 -0.274747 
0.326931 -0.100706 
0.293934 -0.035857 
0.304697 -0.0603716 
0.348856 -0.388844 
0.317037 -0.0836883 
0.377237 -0.351779 
0.384147 -0.337911 
0.38969 -0.323263 
0.376194 -0.188926 
0.383212 -0.206158 
0.393811 -0.307604 
0.388871 -0.223195 
0.393223 -0.240618 
-0.37042 -0.255741 
-0.516364 -0.125117 
-0.342094 -0.275233 
-0.454591 -0.1893 
-0.562471 -0.0517178 
-0.486245 -0.159118 
-0.555605 -0.0655607 
-0.548295 -0.0787717 
-0.470139 -0.175018 
0.0176436 -0.439048 
-0.0038798 -0.433587 
0.0588134 -0.447568 
-0.0681288 -0.413517 
-0.108137 -0.39839 
-0.047318 -0.42061 
-0.250066 -0.330669 
0.0979358 -0.453117 
-0.423705 -0.215399 
0.28224 -0.432487 
-0.399348 -0.234451 
-0.182522 -0.365473 
-0.284517 -0.311124 
-0.302779 -0.300219 
-0.587048 0.0246576 
0.241129 -0.446029 
-0.32267 -0.287855 
-0.589667 0.0412342 
-0.146691 -0.38207 
-0.127566 -0.390372 
0.342494 -0.126491 
0.353228 -0.144599 
-0.0259039 -0.427325 
0.118195 -0.454921 
0.139126 -0.455949 
0.0781362 -0.450635 
-0.579382 -0.00723954 
-0.230829 -0.341044 
0.1857 -0.454826 
0.364193 -0.37149 
0.318902 -0.413026 
0.302501 -0.4228 
0.331509 -0.404028 
0.396687 -0.266246 
-0.165003 -0.373754 
0.331958 -0.109084 
0.299047 -0.0482382 
0.343298 -0.394128 
0.354169 -0.383345 
0.321935 -0.0922308 
0.380863 -0.344932 
-0.540611 -0.0913617 
0.373208 -0.35856 
-0.198748 -0.357527 
0.387105 -0.33066 
-0.568762 -0.037369 
0.372147 -0.180119 
0.379839 -0.197496 
0.395256 -0.29953 
0.386193 -0.214635 
0.396848 -0.283079 
0.391958 -0.315492 
0.391227 -0.23187 
0.363226 -0.162507 
0.0386375 -0.443719 
-0.583602 0.00848127 
-0.267953 -0.320681 
-0.0883986 -0.406092 
-0.528717 -0.108867 
-0.213708 -0.349967 
-0.503809 -0.140106 
-0.574417 -0.0225347 
-0.437361 -0.204175 
-0.380127 -0.248752 
-0.361042 -0.262343 
0.394787 -0.249164 
0.261695 -0.44015 
0.217852 -0.450857 
-0.413832 -0.223258 
0.164619 -0.455955 
0.19845 -0.453596 
0.310702 -0.0721251 
