ZONE T="boundary0"
-4 -0.401095 
-4 -0.312423 
-4 0.188277 
-4 0.24691 
-4 0.313934 
-4 0.5217 
-4 0.456355 
-4 0.352472 
-4 1 
-4 0.76085 
-4 0.39101 
-4 -0.175155 
-4 -0.238996 
-4 -0.0716218 
-4 -0.123388 
-4 0.0206468 
-4 -0.647656 
-4 -0.742709 
-4 0.641275 
-4 -0.871354 
-4 -1 
-4 0.112915 
-4 -0.476849 
-4 -0.552603 
-4 0.217594 
-4 0.280422 
-4 0.489027 
-4 0.333203 
-4 0.880425 
-4 0.371741 
-4 -0.207076 
-4 -0.149272 
-4 0.581487 
-4 -0.935677 
-4 -0.275709 
-4 -0.0975051 
-4 -0.356759 
-4 0.423682 
-4 0.0667811 
-4 0.150596 
-4 0.701062 
-4 -0.438972 
-4 -0.514726 
-4 -0.695182 
-4 -0.60013 
-4 -0.807032 
-4 -0.0254875 
ZONE T="boundary1"
-3.52507 1 
-4 1 
0.912178 1 
0.799266 1 
-0.249595 1 
0.221654 1 
0.170126 1 
-1.0489 1 
-0.933971 1 
-3.32443 1 
0.48551 1 
0.387023 1 
-1.24216 1 
-0.0486482 1 
0.0155396 1 
-0.783814 1 
-1.14553 1 
-1.57826 1 
0.0670683 1 
-1.72994 1 
-1.88162 1 
-2.26985 1 
-3.12379 1 
-2.90388 1 
1.70946 1 
1.90087 1 
-2.47691 1 
3.875 1 
2.76788 1 
-0.112836 1 
-0.181215 1 
-0.426631 1 
-0.293854 1 
-0.338113 1 
-0.477851 1 
-0.529071 1 
-0.631512 1 
0.583997 1 
0.118597 1 
0.304339 1 
-1.32049 1 
-1.39881 1 
0.691631 1 
1.02509 1 
1.13683 1 
-3.6438 1 
1.44225 1 
3.71866 1 
3.43732 1 
1.34542 1 
1.24858 1 
3.00683 1 
-2.79393 1 
4 1 
3.22208 1 
-2.07574 1 
-2.68397 1 
-3.76253 1 
2.52893 1 
2.09228 1 
2.3106 1 
0.855722 1 
0.19589 1 
-0.991435 1 
0.436266 1 
-0.0165543 1 
-1.09721 1 
0.0413039 1 
-1.80578 1 
-3.01384 1 
1.80516 1 
-2.37338 1 
-0.147026 1 
-0.315983 1 
-0.580292 1 
0.534753 1 
-0.080742 1 
-0.271724 1 
-0.382372 1 
0.144361 1 
-0.707663 1 
-0.858893 1 
-1.19384 1 
-1.35965 1 
0.745449 1 
0.637814 1 
0.968633 1 
1.08096 1 
-1.48854 1 
3.57799 1 
-3.42475 1 
-3.22411 1 
1.297 1 
3.79683 1 
-2.84891 1 
1.19271 1 
1.39383 1 
3.9375 1 
3.11446 1 
-1.97868 1 
3.3297 1 
-2.73895 1 
-2.58044 1 
-2.17279 1 
-1.6541 1 
-3.88127 1 
-3.70317 1 
-3.58444 1 
2.88736 1 
2.64841 1 
1.57586 1 
-0.215405 1 
0.0928327 1 
-0.503461 1 
0.262997 1 
0.345681 1 
2.41977 1 
1.99657 1 
2.20144 1 
-1.28132 1 
-0.452241 1 
ZONE T="boundary2"
4 -0.366428 
4 -0.614433 
4 -0.30208 
4 -0.214178 
4 -0.184877 
4 -0.430775 
4 0.175559 
4 0.236162 
4 0.345678 
4 0.29092 
4 0.114955 
4 -0.807216 
4 -1 
4 0.868246 
4 -0.124212 
4 -0.0635479 
4 -0.243479 
4 0.736491 
4 0.472983 
4 1 
4 0.0257036 
4 -0.334254 
4 -0.199527 
4 0.20586 
4 0.318299 
4 0.145257 
4 -0.710824 
4 -0.0938802 
4 -0.398601 
4 -0.522604 
4 0.40933 
4 0.263541 
4 0.604737 
4 -0.903608 
4 0.802369 
4 0.934123 
4 -0.228828 
4 -0.272779 
4 -0.154545 
4 -0.0189222 
4 0.0703293 
ZONE T="boundary3"
-3.70622 -1 
-3.85311 -1 
1.87759 -1 
1.7448 -1 
-1.41408 -1 
-1.25236 -1 
-0.0710635 -1 
0.391997 -1 
0.748088 -1 
0.678617 -1 
-0.97991 -1 
-1.04802 -1 
-0.203449 -1 
1.16418 -1 
3.10465 -1 
3.32849 -1 
1.06358 -1 
-4 -1 
-2.9769 -1 
3.55233 -1 
4 -1 
-1.95895 -1 
-1.78182 -1 
2.05544 -1 
2.23329 -1 
2.44988 -1 
-2.3286 -1 
-2.52114 -1 
-2.13607 -1 
-2.74902 -1 
2.88556 -1 
2.66647 -1 
0.0602963 -1 
0.127022 -1 
0.193747 -1 
0.31379 -1 
0.253769 -1 
-0.350128 -1 
-0.137256 -1 
-0.00538361 -1 
0.470204 -1 
-0.645578 -1 
-0.535843 -1 
-0.442986 -1 
0.801808 -1 
0.609146 -1 
0.962968 -1 
0.855528 -1 
1.25077 -1 
1.33736 -1 
-0.867612 -1 
1.47468 -1 
-1.18425 -1 
-1.11614 -1 
-0.755313 -1 
-3.34156 -1 
-1.50601 -1 
-1.59795 -1 
-3.52389 -1 
1.61201 -1 
-3.77966 -1 
1.81119 -1 
-1.33322 -1 
0.713353 -1 
-1.01397 -1 
3.21657 -1 
-3.92655 -1 
3.77616 -1 
-1.87038 -1 
2.14436 -1 
2.34158 -1 
-2.63508 -1 
2.99511 -1 
2.77602 -1 
-2.86296 -1 
0.093659 -1 
0.160384 -1 
0.283779 -1 
-0.10416 -1 
0.0274563 -1 
0.431101 -1 
-0.276788 -1 
0.352894 -1 
-0.590711 -1 
0.643882 -1 
0.909248 -1 
1.11388 -1 
0.539675 -1 
1.29407 -1 
1.01327 -1 
1.20748 -1 
-1.15019 -1 
-0.811462 -1 
-0.923761 -1 
-3.15923 -1 
-1.21831 -1 
-1.55198 -1 
-1.68989 -1 
-2.42487 -1 
-2.23234 -1 
1.96651 -1 
2.55817 -1 
-3.61506 -1 
-2.04751 -1 
3.44041 -1 
-0.170353 -1 
0.223758 -1 
0.774948 -1 
0.828668 -1 
-0.0382236 -1 
-0.700446 -1 
-0.396557 -1 
-3.43273 -1 
-1.08208 -1 
1.40602 -1 
1.54335 -1 
-1.46004 -1 
1.6784 -1 
-0.489415 -1 
ZONE T="boundary4"
-0.234923 0.504094 
-0.210184 0.50517 
-0.433543 0.429176 
-0.604248 0.180023 
-0.618744 0.050304 
-0.616827 0.0274509 
-0.374757 0.465003 
-0.283408 0.497096 
-0.259195 0.501413 
-0.352776 0.475149 
-0.330304 0.483878 
-0.494496 0.375443 
-0.480754 0.389362 
-0.451026 0.415739 
-0.185568 0.504612 
-0.111111 0.493281 
-0.0865477 0.486467 
0.429331 0.251989 
0.407302 0.261662 
-0.611955 0.147182 
-0.593416 0.214023 
-0.599157 0.197134 
-0.554315 0.296713 
-0.542861 0.314773 
-0.160657 0.502416 
-0.580801 0.245543 
-0.0120303 0.457393 
-0.0371206 0.468482 
-0.565896 0.276273 
-0.618466 0.0968766 
-0.619302 0.0734609 
-0.415455 0.441655 
-0.519152 0.347135 
-0.507102 0.361553 
-0.530582 0.332268 
-0.466453 0.402645 
-0.395403 0.453935 
-0.306999 0.491267 
0.64843 -0.0136551 
-0.0616857 0.478104 
0.551775 0.177424 
-0.135991 0.498652 
0.384446 0.271101 
0.571034 0.159356 
0.290724 0.307367 
0.45109 0.241714 
-0.616212 0.120465 
0.507562 0.210203 
0.5302 0.194643 
0.239469 0.328384 
0.267587 0.316607 
0.313829 0.298415 
0.337664 0.28931 
0.361375 0.280201 
0.637787 0.0476344 
0.493754 0.218726 
0.472627 0.230657 
0.603744 0.119456 
0.61684 0.097959 
0.0134292 0.445026 
0.0913367 0.403013 
0.119971 0.387229 
0.211459 0.340863 
0.179973 0.355887 
0.148788 0.371788 
0.561582 0.168597 
0.632873 0.0625025 
0.641779 0.0325792 
0.58886 0.139457 
0.64893 -0.0292529 
0.647086 0.00189134 
0.644876 0.0173119 
0.0387188 0.431875 
0.0650514 0.417571 
0.62712 0.0769281 
-0.222563 0.504839 
-0.617956 0.0388636 
-0.271338 0.499456 
-0.341607 0.479689 
-0.4877 0.382477 
-0.442369 0.42257 
-0.197873 0.505092 
-0.0987851 0.490046 
0.418346 0.256894 
-0.596366 0.205604 
-0.601786 0.188605 
-0.548694 0.305811 
-0.363843 0.470245 
-0.173097 0.503716 
-0.024524 0.463064 
-0.573634 0.261048 
-0.619059 0.0851754 
-0.424579 0.435533 
-0.5132 0.354406 
-0.524942 0.33976 
-0.458814 0.409281 
-0.50087 0.368563 
-0.405515 0.447938 
-0.31871 0.487761 
-0.385159 0.459619 
-0.247082 0.502954 
-0.0740659 0.482448 
-0.587378 0.229893 
-0.148298 0.500726 
0.395897 0.266437 
-0.536823 0.323592 
-0.560239 0.28657 
-0.619196 0.0618787 
-0.295251 0.494374 
0.440249 0.246934 
-0.617514 0.108688 
0.253501 0.322421 
0.30227 0.302868 
0.349527 0.284771 
-0.473675 0.396082 
0.541151 0.186243 
0.519007 0.202611 
0.483254 0.224807 
0.610546 0.108863 
0.461908 0.236283 
0.10564 0.395095 
0.225429 0.334538 
0.195668 0.348264 
-0.123513 0.496153 
0.13435 0.379449 
0.279143 0.31195 
0.556722 0.17306 
0.635442 0.0551058 
0.639895 0.0401367 
0.596526 0.129625 
0.580172 0.149611 
0.647865 -0.00587246 
0.648783 -0.0214506 
0.643439 0.0249683 
0.646091 0.00961752 
0.566357 0.164027 
0.500693 0.214523 
0.372926 0.275687 
-0.0493514 0.473435 
-0.614304 0.133859 
0.0261095 0.438523 
0.325746 0.293857 
0.0519079 0.424767 
0.078199 0.410302 
0.000746309 0.451313 
-0.608424 0.163679 
0.164335 0.363741 
0.622217 0.0875599 
0.630105 0.0697588 
ZONE T="boundary5"
0.617133 -0.185394 
0.627699 -0.154142 
-0.517522 -0.196628 
-0.616827 0.0274509 
-0.613592 0.00496291 
0.506714 -0.367715 
-0.596369 -0.0601486 
-0.603326 -0.0388514 
-0.588253 -0.0810033 
-0.578986 -0.101472 
-0.609076 -0.0171576 
0.569057 -0.290739 
-0.557159 -0.141156 
-0.568612 -0.121522 
-0.324985 -0.35741 
-0.205598 -0.415135 
-0.230161 -0.40488 
-0.254434 -0.393973 
-0.347659 -0.343898 
-0.544666 -0.160377 
-0.278341 -0.382432 
-0.301917 -0.370222 
-0.531156 -0.17921 
-0.0251423 -0.468888 
-0.104434 -0.44975 
-0.130126 -0.442072 
-0.180724 -0.424757 
-0.155593 -0.433726 
-0.476342 -0.242462 
-0.49021 -0.227967 
-0.504117 -0.212523 
-0.390771 -0.315286 
-0.36945 -0.329956 
-0.462055 -0.256529 
-0.429345 -0.285635 
-0.445954 -0.271373 
-0.410321 -0.300812 
0.63651 -0.123091 
0.643273 -0.0918883 
0.645752 -0.0762191 
0.560075 -0.304856 
0.529787 -0.344065 
0.114268 -0.48594 
0.0857326 -0.484215 
0.057277 -0.481571 
0.0295114 -0.478124 
0.00187352 -0.473857 
0.172772 -0.486434 
0.143514 -0.486713 
0.232194 -0.48237 
0.202523 -0.48501 
0.292557 -0.472812 
0.412663 -0.432191 
0.383207 -0.44544 
0.322933 -0.465589 
-0.0783109 -0.45681 
0.455155 -0.408014 
0.441343 -0.416617 
0.48175 -0.38904 
0.494465 -0.37866 
0.518463 -0.356217 
0.540541 -0.331391 
0.353232 -0.456516 
0.550609 -0.318348 
0.592223 -0.246664 
0.647547 -0.0605948 
0.577416 -0.276234 
0.648625 -0.0448769 
0.4686 -0.398849 
0.64893 -0.0292529 
-0.0519931 -0.46317 
0.262225 -0.478359 
0.605441 -0.215916 
-0.599997 -0.0495486 
-0.583756 -0.0912993 
-0.615375 0.0161834 
-0.611495 -0.00612985 
-0.592453 -0.0706312 
-0.563007 -0.13141 
-0.217914 -0.410089 
-0.336374 -0.350742 
-0.290173 -0.376411 
-0.117305 -0.445995 
-0.168188 -0.429324 
-0.573928 -0.111564 
-0.483329 -0.235265 
-0.551026 -0.15084 
-0.524425 -0.187986 
-0.380174 -0.322713 
-0.437712 -0.278577 
-0.400609 -0.308134 
-0.469252 -0.24955 
-0.419903 -0.293312 
-0.510887 -0.204633 
0.632321 -0.138678 
-0.606356 -0.0280454 
0.622587 -0.169826 
0.640166 -0.107549 
0.644593 -0.0840662 
-0.35861 -0.337015 
0.0999932 -0.485194 
0.0714942 -0.483005 
0.0156766 -0.476092 
0.158144 -0.486708 
0.187655 -0.48587 
-0.538016 -0.169869 
-0.45407 -0.264022 
0.398054 -0.439079 
0.307795 -0.469409 
-0.0913961 -0.453367 
0.448294 -0.412385 
0.488165 -0.383921 
0.512654 -0.362033 
0.535238 -0.33779 
0.646735 -0.0684167 
0.585082 -0.261582 
0.54565 -0.324927 
0.555418 -0.311655 
0.573314 -0.283531 
-0.497224 -0.2203 
0.564645 -0.297848 
0.500651 -0.373257 
0.475228 -0.394016 
0.524195 -0.350207 
0.648179 -0.0527422 
0.648876 -0.0370667 
-0.193193 -0.420028 
0.128887 -0.486455 
-0.0116521 -0.471468 
-0.0385878 -0.466122 
0.277426 -0.475776 
0.247233 -0.480537 
-0.313498 -0.363901 
-0.266428 -0.388285 
-0.142887 -0.437982 
0.0433811 -0.479952 
0.338151 -0.46128 
0.217373 -0.483847 
-0.242334 -0.399509 
-0.0651737 -0.460079 
0.611428 -0.200709 
0.368311 -0.451224 
0.427155 -0.424683 
0.599008 -0.231367 
0.461924 -0.403503 
