ZONE T="boundary0"
-4 -0.387173 
-4 -0.3465 
-4 0.280806 
-4 0.214726 
-4 0.35412 
-4 0.412762 
-4 0.603553 
-4 0.471404 
-4 -0.0169667 
-4 0.735702 
-4 1 
-4 -0.782466 
-4 -1 
-4 0.17059 
-4 0.126454 
-4 -0.476052 
-4 0.0547435 
-4 -0.178547 
-4 -0.242187 
-4 -0.274007 
-4 -0.097757 
-4 -0.431613 
-4 -0.305827 
-4 -0.564931 
-4 -0.673699 
-4 -0.366837 
-4 0.247766 
-4 0.317463 
-4 0.383441 
-4 0.537479 
-4 0.669628 
-4 -0.891233 
-4 0.148522 
-4 0.442083 
-4 -0.258097 
-4 -0.210367 
-4 -0.0573619 
-4 0.867851 
-4 -0.326164 
-4 -0.289917 
-4 -0.453832 
-4 0.192658 
-4 0.0188884 
-4 0.0905986 
-4 -0.138152 
-4 -0.619315 
-4 -0.728082 
-4 -0.520492 
-4 -0.409393 
ZONE T="boundary1"
-3.17062 1 
-2.95924 1 
-2.74785 1 
-0.302105 1 
-0.348293 1 
0.952551 1 
0.372027 1 
0.284418 1 
0.894605 1 
0.836658 1 
0.0286192 1 
0.515542 1 
0.618154 1 
-1.71129 1 
-1.87812 1 
-2.39657 1 
-2.22076 1 
-3.75975 1 
-4 1 
-3.51949 1 
-3.34506 1 
1.85161 1 
2.93985 1 
2.39827 1 
2.82279 1 
3.05691 1 
-2.57221 1 
1.66179 1 
1.47196 1 
2.26161 1 
2.12494 1 
3.64551 1 
3.29102 1 
4 1 
0.162389 1 
-0.100067 1 
0.0955042 1 
0.223403 1 
-0.44341 1 
-0.743593 1 
-0.64106 1 
-0.538528 1 
-0.177992 1 
-0.255917 1 
-0.0357239 1 
0.720766 1 
-1.26184 1 
-1.14837 1 
1.1845 1 
1.06853 1 
1.01054 1 
1.32823 1 
1.25637 1 
-1.41601 1 
-1.56365 1 
1.4001 1 
-2.04495 1 
-0.889243 1 
-1.03489 1 
-2.85354 1 
-0.325199 1 
0.328222 1 
0.865632 1 
-1.7947 1 
-2.30867 1 
-3.87987 1 
-3.43228 1 
2.61053 1 
1.56687 1 
2.19327 1 
2.32994 1 
3.46827 1 
3.82276 1 
0.443785 1 
0.0620617 1 
0.25391 1 
0.128947 1 
-0.395852 1 
-0.216954 1 
-0.0678953 1 
-0.589794 1 
-0.490969 1 
0.566848 1 
-0.692327 1 
0.66946 1 
-1.20511 1 
1.12652 1 
0.981545 1 
1.22044 1 
-1.63747 1 
-3.25784 1 
1.43603 1 
-1.33893 1 
-3.63962 1 
2.88132 1 
-2.13286 1 
-2.66003 1 
-2.48439 1 
3.17396 1 
-1.96154 1 
1.98828 1 
-0.962069 1 
2.99838 1 
-3.06493 1 
1.7567 1 
0.192896 1 
-0.00355234 1 
-0.139029 1 
-0.279011 1 
-0.816418 1 
0.923578 1 
0.778712 1 
1.03953 1 
-1.48983 1 
1.36416 1 
1.2923 1 
-1.09163 1 
ZONE T="boundary2"
4 -0.353953 
4 -0.751656 
4 -0.292722 
4 -0.231491 
4 0.00087672 
4 0.194712 
4 0.224075 
4 -0.503312 
4 0.135987 
4 0.0684318 
4 -0.428633 
4 0.427063 
4 -0.875828 
4 0.808483 
4 1 
4 -0.391293 
4 -0.124277 
4 -0.627484 
4 0.253437 
4 0.3086 
4 0.490364 
4 0.616965 
4 -1 
4 0.712724 
4 -0.177884 
4 0.363762 
4 -0.262106 
4 0.102209 
4 -0.323338 
4 -0.372623 
4 -0.0616999 
4 -0.465973 
4 -0.565398 
4 -0.68957 
4 0.165349 
4 0.281018 
4 0.0346543 
4 0.553665 
4 -0.937914 
4 -0.813742 
4 0.904241 
4 0.664845 
4 0.760603 
4 -0.204687 
4 -0.15108 
4 0.238756 
4 0.209393 
4 0.336181 
4 -0.409963 
4 0.458714 
4 0.395413 
ZONE T="boundary3"
-3.7966 -1 
-1.92713 -1 
-0.252492 -1 
1.01503 -1 
-0.892222 -1 
-0.792547 -1 
0.147328 -1 
0.222254 -1 
3.19943 -1 
3.59972 -1 
2.57949 -1 
-2.06086 -1 
1.76276 -1 
1.96263 -1 
-4 -1 
2.89557 -1 
3.0475 -1 
-2.45472 -1 
1.61735 -1 
-1.55545 -1 
-1.47613 -1 
-3.5932 -1 
-3.18624 -1 
2.1625 -1 
2.371 -1 
-2.99847 -1 
-2.8107 -1 
-2.63271 -1 
0.306296 -1 
-0.0782842 -1 
-0.0280552 -1 
0.0221745 -1 
0.0724027 -1 
0.390338 -1 
-0.512701 -1 
-0.128513 -1 
-0.190503 -1 
0.904907 -1 
-0.425965 -1 
3.79986 -1 
-0.469333 -1 
-0.599438 -1 
-0.695992 -1 
-1.21861 -1 
-0.991897 -1 
4 -1 
0.688896 -1 
0.583008 -1 
0.794784 -1 
1.1258 -1 
1.23657 -1 
-1.10525 -1 
1.35426 -1 
-1.34737 -1 
-1.71409 -1 
-1.63477 -1 
-1.7934 -1 
2.73753 -1 
-0.339229 -1 
0.486673 -1 
1.47195 -1 
-0.842384 -1 
0.184791 -1 
3.39958 -1 
1.86269 -1 
3.12347 -1 
-2.25779 -1 
-1.51579 -1 
-3.38972 -1 
2.26675 -1 
-2.90458 -1 
-2.7217 -1 
-0.0531697 -1 
0.0472884 -1 
-0.159508 -1 
0.959969 -1 
-0.647715 -1 
-0.942059 -1 
3.89993 -1 
0.635952 -1 
1.18118 -1 
-0.491017 -1 
-1.04858 -1 
3.69979 -1 
1.29541 -1 
-3.8983 -1 
-3.6949 -1 
-1.28299 -1 
-1.67443 -1 
-1.86027 -1 
-1.75375 -1 
-1.99399 -1 
-3.09236 -1 
1.69005 -1 
2.97154 -1 
2.81655 -1 
2.06256 -1 
-0.221497 -1 
-0.29586 -1 
-0.382597 -1 
0.264275 -1 
0.438506 -1 
0.348317 -1 
-0.103399 -1 
-0.00294074 -1 
-0.447649 -1 
-0.744269 -1 
0.74184 -1 
0.849846 -1 
-1.16193 -1 
1.4131 -1 
1.54465 -1 
-1.41175 -1 
-2.54371 -1 
1.07041 -1 
-1.59511 -1 
0.534841 -1 
-0.55607 -1 
0.109866 -1 
2.65851 -1 
2.47524 -1 
ZONE T="boundary4"
-0.311242 0.449582 
0.64125 -0.0309274 
-0.637905 0.0269981 
-0.64048 0.00259414 
-0.010675 0.535133 
0.0181333 0.535523 
-0.633597 0.0515578 
-0.399068 0.392429 
-0.379 0.407116 
-0.286017 0.462871 
-0.58416 0.180292 
-0.573234 0.199211 
0.630932 0.0204004 
0.621925 0.045494 
-0.0679589 0.530325 
-0.0393343 0.53339 
-0.627581 0.0762218 
-0.619899 0.100896 
0.597007 0.0940898 
-0.511789 0.285664 
-0.546687 0.24004 
-0.60257 0.143972 
-0.593707 0.162301 
-0.610609 0.125493 
-0.496285 0.30348 
-0.530874 0.261748 
-0.561673 0.217753 
0.342258 0.413907 
0.365441 0.39186 
-0.260269 0.475149 
-0.233977 0.486408 
-0.465083 0.335798 
-0.480955 0.319894 
-0.43362 0.364523 
-0.416561 0.378738 
-0.44957 0.350394 
-0.358434 0.421118 
-0.335114 0.435795 
-0.180019 0.505687 
-0.207227 0.496594 
-0.12456 0.520412 
-0.0963512 0.525991 
-0.152455 0.513634 
0.318183 0.434203 
0.610539 0.0700662 
0.293363 0.452545 
0.267845 0.468911 
0.241642 0.483347 
0.48876 0.238675 
0.469599 0.264736 
0.387824 0.368173 
0.450038 0.291228 
0.0468124 0.534509 
0.0753966 0.532048 
0.160067 0.515377 
0.132094 0.522546 
0.103799 0.528089 
0.187674 0.50651 
0.214933 0.495841 
0.508187 0.213011 
0.581386 0.11798 
0.564211 0.141594 
0.637407 -0.00513994 
0.527209 0.18875 
0.546272 0.164731 
0.409373 0.3432 
0.430053 0.317447 
-0.639406 0.0148185 
0.00372762 0.535501 
-0.389097 0.399858 
-0.298696 0.456352 
-0.635957 0.0393139 
-0.578781 0.1898 
0.626721 0.0330532 
-0.0536633 0.53202 
-0.623928 0.0886173 
-0.630786 0.0639379 
-0.598228 0.153179 
-0.606684 0.134774 
-0.504119 0.294643 
-0.538887 0.250971 
-0.554282 0.228966 
-0.589015 0.17134 
0.354004 0.40305 
-0.24718 0.480912 
-0.425145 0.371696 
-0.441647 0.357518 
-0.457382 0.343155 
-0.521476 0.273821 
-0.346844 0.428566 
-0.615431 0.113261 
-0.407867 0.38565 
-0.19367 0.501282 
-0.110486 0.523355 
-0.0250139 0.534428 
-0.166279 0.509805 
-0.323244 0.442802 
-0.488689 0.311752 
0.330377 0.424244 
-0.220654 0.491638 
-0.368777 0.414204 
0.603992 0.0822017 
-0.567528 0.208528 
-0.273204 0.469139 
-0.138544 0.517172 
0.305921 0.443578 
0.280739 0.460942 
-0.0821784 0.528315 
0.479159 0.251688 
0.376778 0.380157 
0.459852 0.278005 
0.0324799 0.535194 
0.117986 0.525516 
0.173938 0.511155 
0.228389 0.489812 
0.201388 0.501392 
-0.473084 0.327911 
0.589372 0.106149 
0.572919 0.129874 
0.639655 -0.0179837 
0.498415 0.225794 
0.536748 0.176744 
0.634485 0.0077114 
0.0611211 0.533463 
0.089625 0.530259 
0.146133 0.519167 
0.616492 0.0579013 
0.254862 0.476348 
0.555302 0.153208 
0.41981 0.330402 
0.440113 0.304388 
0.398724 0.355797 
0.517661 0.200847 
ZONE T="boundary5"
0.259061 -0.403355 
0.231418 -0.405617 
-0.364681 -0.334529 
-0.392162 -0.326222 
0.64125 -0.0309274 
-0.64048 0.00259414 
-0.444001 -0.306475 
-0.637595 -0.0690111 
-0.640344 -0.0454773 
-0.633035 -0.0921339 
-0.532177 -0.252172 
-0.512272 -0.26769 
-0.55062 -0.235418 
0.642453 -0.0568141 
0.622543 -0.158191 
0.612086 -0.182562 
-0.49091 -0.281911 
-0.50173 -0.274992 
-0.468111 -0.294836 
-0.307335 -0.348631 
-0.336108 -0.342012 
-0.190001 -0.370048 
-0.278057 -0.35465 
-0.418616 -0.316919 
-0.0469827 -0.390693 
-0.103642 -0.383027 
-0.132126 -0.378912 
-0.219357 -0.365241 
-0.161059 -0.374569 
-0.0751588 -0.386975 
0.313878 -0.395685 
0.286611 -0.400069 
0.585781 -0.229565 
0.599773 -0.206403 
-0.567554 -0.21755 
0.637191 -0.10816 
0.630966 -0.133374 
0.570213 -0.251787 
0.534251 -0.292138 
-0.618437 -0.136808 
-0.608385 -0.158212 
0.0927575 -0.404767 
0.064908 -0.402734 
-0.582897 -0.198656 
-0.626655 -0.114748 
0.120492 -0.406275 
0.0371232 -0.400259 
0.00914253 -0.397383 
-0.0187827 -0.394189 
0.176004 -0.407448 
0.148292 -0.407197 
0.203755 -0.40695 
0.341032 -0.390068 
0.367697 -0.383183 
0.394108 -0.374846 
0.419742 -0.365103 
0.44487 -0.353719 
0.469082 -0.34073 
0.492177 -0.326122 
0.513827 -0.310018 
-0.248708 -0.360143 
0.641067 -0.0825921 
0.553074 -0.27269 
0.606134 -0.194586 
0.642179 -0.043837 
-0.596528 -0.178851 
-0.6413 -0.0215804 
0.245249 -0.404608 
-0.378464 -0.330516 
-0.639197 -0.0572708 
-0.635545 -0.0806177 
-0.522371 -0.260119 
0.617542 -0.170473 
-0.496351 -0.2785 
-0.321743 -0.345416 
-0.292711 -0.351715 
-0.117886 -0.380989 
-0.204683 -0.367675 
-0.175533 -0.372332 
0.300267 -0.398022 
0.592967 -0.218099 
-0.559256 -0.226642 
0.634357 -0.120835 
-0.507035 -0.27139 
0.578194 -0.240814 
-0.479623 -0.28857 
-0.613632 -0.147613 
0.0788277 -0.40381 
-0.630074 -0.103506 
-0.0894031 -0.385023 
0.10662 -0.405589 
0.0510105 -0.401548 
0.0231279 -0.398865 
0.162146 -0.407411 
0.217591 -0.406393 
0.272852 -0.401846 
-0.0328868 -0.392472 
0.327488 -0.393035 
0.354408 -0.386794 
0.406997 -0.370166 
-0.622773 -0.125862 
0.503158 -0.318279 
0.457089 -0.347435 
-0.234039 -0.362733 
0.189881 -0.407298 
0.642079 -0.0697191 
0.561853 -0.26241 
0.603003 -0.200521 
0.609163 -0.1886 
0.627008 -0.145868 
-0.263392 -0.357452 
-0.061074 -0.388859 
0.432398 -0.359615 
0.38096 -0.379198 
0.641796 -0.037376 
0.134389 -0.406815 
0.642398 -0.0503236 
-0.00482432 -0.395822 
-0.146595 -0.376761 
0.480764 -0.333639 
0.524221 -0.301286 
-0.541556 -0.243966 
-0.602669 -0.168653 
-0.641047 -0.0335379 
-0.589912 -0.18889 
-0.456148 -0.300845 
-0.57541 -0.208252 
0.639431 -0.0954208 
-0.64111 -0.00948588 
-0.431382 -0.311874 
-0.405446 -0.321731 
0.543865 -0.28261 
-0.350426 -0.338391 
