ZONE T="boundary0"
-4 -0.569324 
-4 -0.489655 
-4 -0.0667779 
-4 -0.224238 
-4 -0.316763 
-4 0.3603 
-4 0.427471 
-4 0.171489 
-4 0.103503 
-4 -0.784662 
-4 -0.892331 
-4 -1 
-4 1 
-4 0.815559 
-4 0.29313 
-4 0.239475 
-4 -0.409986 
-4 -0.363375 
-4 -0.145508 
-4 0.0183626 
-4 0.529295 
-4 -0.676993 
-4 0.631118 
-4 -0.529489 
-4 -0.2705 
-4 0.137496 
-4 -0.946165 
-4 0.90778 
-4 0.266302 
-4 0.205482 
-4 -0.38668 
-4 -0.184873 
-4 -0.0242076 
-4 -0.449821 
-4 -0.106143 
-4 0.0609328 
-4 0.478383 
-4 -0.730827 
-4 -0.623158 
-4 -0.838496 
-4 -0.340069 
-4 0.580206 
-4 0.723339 
-4 0.393886 
-4 0.326715 
ZONE T="boundary1"
0.0946719 1 
-0.964098 1 
-1.08168 1 
-0.173454 1 
-3.21057 1 
1.36983 1 
1.3007 1 
1.64692 1 
1.54294 1 
-0.746391 1 
-1.21807 1 
1.17911 1 
1.05752 1 
0.028094 1 
-1.33179 1 
-0.0384839 1 
-0.105969 1 
0.228585 1 
0.312494 1 
-1.4455 1 
0.503826 1 
-1.91326 1 
-2.50741 1 
3.7845 1 
-3.75975 1 
-4 1 
2.33974 1 
2.56478 1 
-2.70452 1 
-2.90164 1 
4 1 
3.569 1 
2.13436 1 
1.92899 1 
-2.3027 1 
-2.098 1 
1.78795 1 
-0.233932 1 
-0.348773 1 
-0.493297 1 
-0.294411 1 
0.161628 1 
-0.448216 1 
0.396403 1 
-0.800701 1 
-0.58346 1 
-0.69208 1 
0.611248 1 
0.725624 1 
-1.58702 1 
0.84 1 
1.43896 1 
-1.72853 1 
-3.51949 1 
3.3535 1 
3.13801 1 
0.94876 1 
2.96391 1 
2.78982 1 
-0.403135 1 
-0.8824 1 
-1.02289 1 
1.33527 1 
1.59493 1 
1.11832 1 
0.061383 1 
-0.0722263 1 
0.270539 1 
-3.87987 1 
2.45226 1 
-2.80308 1 
2.03167 1 
-2.20035 1 
-2.60596 1 
1.71744 1 
-0.139711 1 
-0.203693 1 
0.195106 1 
0.12815 1 
-0.00519492 1 
-0.470757 1 
-0.63777 1 
0.450114 1 
0.354448 1 
-1.14988 1 
0.668436 1 
-1.38864 1 
-1.51626 1 
-1.27493 1 
1.40439 1 
-1.65777 1 
-2.00563 1 
3.89225 1 
3.67675 1 
1.49095 1 
-1.8209 1 
3.46125 1 
3.24575 1 
-3.36503 1 
0.89438 1 
2.87687 1 
3.05096 1 
-3.63962 1 
1.85847 1 
2.6773 1 
-2.40505 1 
-3.05611 1 
-0.264172 1 
-0.375954 1 
-0.321592 1 
-0.538378 1 
-0.773546 1 
-0.719235 1 
-0.84155 1 
-0.923249 1 
-0.425675 1 
0.782812 1 
0.557537 1 
1.23991 1 
1.00314 1 
2.23705 1 
ZONE T="boundary2"
4 -0.521631 
4 -0.415778 
4 -0.813742 
4 -1 
4 -0.327511 
4 -0.254126 
4 -0.210905 
4 0.324211 
4 0.258167 
4 0.394534 
4 0.127403 
4 0.192123 
4 -0.114859 
4 -0.167684 
4 0.000325362 
4 0.062684 
4 -0.0620333 
4 -0.627484 
4 0.799321 
4 1 
4 -0.290818 
4 0.445561 
4 0.598642 
4 0.496588 
4 0.225145 
4 -0.468705 
4 -0.906871 
4 0.291189 
4 0.359372 
4 0.159763 
4 -0.141271 
4 0.0315047 
4 0.899661 
4 -0.232516 
4 -0.189295 
4 -0.088446 
4 -0.309165 
4 -0.371645 
4 -0.574558 
4 0.420047 
4 -0.720613 
4 0.0950436 
4 -0.030854 
4 0.698982 
4 -0.272472 
4 0.471074 
4 0.547615 
4 0.241656 
4 0.208634 
ZONE T="boundary3"
-2.11131 -1 
4 -1 
0.11536 -1 
0.555238 -1 
0.455115 -1 
-0.998738 -1 
-0.0248211 -1 
-0.134393 -1 
-0.591826 -1 
0.839028 -1 
-0.484045 -1 
2.16681 -1 
2.32308 -1 
-0.255328 -1 
-0.376263 -1 
0.747195 -1 
3.875 -1 
1.35384 -1 
1.9784 -1 
-3.8308 -1 
-4 -1 
-3.6616 -1 
-3.4924 -1 
2.7919 -1 
-1.67884 -1 
3.62793 -1 
-0.847365 -1 
-0.719596 -1 
0.655361 -1 
1.03056 -1 
0.934795 -1 
-0.194861 -1 
0.0452697 -1 
0.239424 -1 
0.344131 -1 
0.177392 -1 
3.4419 -1 
1.13793 -1 
1.2453 -1 
1.46238 -1 
1.62619 -1 
-1.11253 -1 
-3.32319 -1 
-3.01578 -1 
-1.22631 -1 
-1.55469 -1 
-1.43054 -1 
-1.32843 -1 
-1.92713 -1 
-2.86207 -1 
-2.70837 -1 
-2.50192 -1 
-2.29548 -1 
2.47936 -1 
3.02388 -1 
3.25586 -1 
1.78999 -1 
0.505177 -1 
-0.0796073 -1 
-0.537935 -1 
2.24495 -1 
-0.315796 -1 
2.07261 -1 
-3.9154 -1 
-3.577 -1 
-3.7462 -1 
-0.78348 -1 
0.6053 -1 
0.701278 -1 
0.793111 -1 
0.982679 -1 
-0.225095 -1 
-0.164627 -1 
0.0803151 -1 
0.291777 -1 
0.399623 -1 
0.208408 -1 
-0.430154 -1 
3.9375 -1 
1.19162 -1 
1.08425 -1 
0.886912 -1 
1.40811 -1 
1.54428 -1 
1.29957 -1 
-3.40779 -1 
-3.16949 -1 
-0.923052 -1 
-1.37948 -1 
-1.61676 -1 
-1.80298 -1 
-1.05563 -1 
-2.78522 -1 
-2.93893 -1 
-2.60515 -1 
-2.3987 -1 
2.63563 -1 
3.13987 -1 
1.88419 -1 
2.40122 -1 
-2.01922 -1 
3.75147 -1 
3.53491 -1 
0.146376 -1 
0.0102243 -1 
-0.655711 -1 
3.34888 -1 
-1.49261 -1 
1.70809 -1 
-1.27737 -1 
2.90789 -1 
-2.20339 -1 
-1.16942 -1 
ZONE T="boundary4"
-0.332991 0.4735 
-0.30766 0.479057 
-0.0528728 0.440672 
-0.0274592 0.430123 
-0.520691 0.353741 
0.624341 0.109681 
-0.626993 0.0520629 
-0.625025 0.0275875 
0.635971 0.0845543 
-0.547611 0.319147 
-0.563538 0.294644 
-0.381549 0.456938 
-0.627415 0.076883 
0.504418 0.232138 
0.529946 0.21505 
-0.230487 0.484241 
-0.204792 0.482324 
-0.621438 0.140099 
-0.614601 0.171959 
-0.609268 0.191074 
-0.623457 0.127339 
-0.404566 0.44613 
-0.596317 0.228107 
-0.602884 0.210557 
-0.581429 0.261815 
-0.589196 0.245122 
-0.42473 0.434936 
-0.573114 0.27792 
0.552682 0.197256 
-0.35792 0.466007 
-0.506377 0.369481 
-0.492114 0.383675 
-0.534241 0.337242 
-0.444236 0.422438 
-0.477217 0.397101 
0.617421 0.121989 
-0.282036 0.48268 
-0.256283 0.484388 
-0.179196 0.478742 
-0.153741 0.473619 
-0.12846 0.467104 
-0.0781353 0.45048 
-0.103235 0.459323 
-0.461033 0.41024 
0.0244339 0.40752 
0.050952 0.395962 
0.644873 0.0583969 
0.650978 0.0314658 
0.449276 0.261496 
0.356629 0.295556 
0.324487 0.304932 
0.592952 0.156647 
0.477218 0.247743 
0.57414 0.177434 
0.0787446 0.384188 
0.106647 0.372912 
-0.00196311 0.419106 
0.292033 0.313921 
0.196726 0.341232 
0.16561 0.351349 
0.601698 0.145488 
0.609892 0.133889 
-0.626248 0.102011 
0.6549 -0.0237095 
0.654294 0.00399843 
0.136085 0.361744 
0.259982 0.322732 
0.227755 0.33188 
0.388146 0.285464 
0.419193 0.27418 
-0.320379 0.476519 
-0.0401489 0.435461 
-0.55578 0.307035 
0.517327 0.22383 
-0.217632 0.483498 
-0.618325 0.1561 
-0.612041 0.181548 
-0.622497 0.133728 
-0.393152 0.451742 
-0.599685 0.219366 
-0.585396 0.253509 
-0.414734 0.440695 
-0.577354 0.269912 
-0.592837 0.23665 
0.541478 0.206376 
-0.499331 0.376667 
-0.513632 0.361704 
-0.606183 0.200853 
-0.434578 0.428841 
-0.484747 0.390483 
-0.568419 0.286337 
-0.541042 0.328284 
-0.26918 0.48377 
-0.294884 0.481109 
0.620961 0.115881 
0.630485 0.097272 
-0.191977 0.480734 
-0.166444 0.476364 
-0.0906578 0.455017 
-0.345526 0.469991 
-0.24339 0.484542 
-0.452715 0.416455 
-0.115818 0.463354 
0.0376838 0.401719 
-0.46921 0.40378 
-0.527567 0.345579 
0.648277 0.045012 
-0.369815 0.461689 
0.340584 0.300323 
0.490939 0.240171 
0.563622 0.187583 
0.0648337 0.390024 
0.0926775 0.378479 
0.0112339 0.41332 
-0.141072 0.470524 
0.181153 0.346193 
0.597393 0.151122 
0.605868 0.139741 
-0.625052 0.1147 
0.613733 0.127988 
0.654927 -0.0098473 
0.121345 0.367237 
0.150828 0.356452 
-0.0147025 0.424649 
-0.0654823 0.445667 
0.583781 0.16726 
0.24387 0.32725 
0.212232 0.336478 
0.308274 0.309455 
0.372428 0.290637 
0.276012 0.31831 
0.434318 0.268049 
0.40373 0.279997 
0.640767 0.0715947 
-0.627401 0.0644722 
-0.627031 0.0894589 
-0.626202 0.0398119 
0.652982 0.0177749 
0.463344 0.254834 
ZONE T="boundary5"
-0.292876 -0.380793 
0.459459 -0.399366 
0.434557 -0.415385 
0.624967 -0.161334 
-0.602631 -0.0661319 
-0.610325 -0.0433569 
-0.571656 -0.131763 
-0.583275 -0.110317 
-0.211877 -0.417078 
-0.239106 -0.405868 
-0.513137 -0.213205 
-0.495802 -0.232485 
-0.616645 -0.0201491 
-0.621561 0.00351187 
-0.593612 -0.0884341 
-0.625025 0.0275875 
0.64244 -0.106678 
-0.437758 -0.287326 
-0.416205 -0.304445 
-0.18432 -0.427483 
-0.266186 -0.39375 
-0.369326 -0.3372 
-0.529468 -0.19349 
-0.544722 -0.173328 
-0.393506 -0.320994 
-0.0457757 -0.466662 
-0.101499 -0.453445 
-0.129122 -0.445643 
-0.156859 -0.436954 
-0.0736472 -0.460469 
-0.482081 -0.246736 
-0.558796 -0.15276 
-0.467946 -0.260556 
-0.453069 -0.274193 
-0.318959 -0.367074 
-0.344578 -0.352479 
0.652966 -0.05148 
0.648723 -0.079143 
0.124617 -0.486247 
0.0958194 -0.485212 
0.0387559 -0.480365 
0.0672444 -0.48324 
0.0104478 -0.476631 
-0.0177212 -0.472059 
0.211393 -0.483131 
0.240403 -0.479783 
0.298037 -0.46913 
0.153435 -0.486287 
0.182447 -0.485269 
0.354525 -0.452594 
0.326418 -0.461662 
0.269256 -0.475155 
0.408786 -0.429493 
0.483065 -0.381572 
0.5255 -0.341126 
0.505173 -0.362077 
0.381917 -0.441942 
0.544303 -0.31845 
0.645813 -0.0929485 
0.561305 -0.294397 
0.583548 -0.25605 
0.576528 -0.269125 
0.614332 -0.188598 
0.602694 -0.215884 
0.634423 -0.134054 
0.65424 -0.0375623 
0.6549 -0.0237095 
0.59021 -0.242779 
0.447153 -0.407603 
-0.606647 -0.0548006 
-0.577611 -0.121119 
-0.225534 -0.411574 
-0.504563 -0.222931 
-0.619285 -0.00835484 
-0.623481 0.0155246 
-0.427072 -0.296 
-0.279582 -0.387377 
-0.53721 -0.183497 
-0.381493 -0.329214 
-0.115339 -0.449641 
-0.198137 -0.422382 
-0.170624 -0.432317 
-0.598283 -0.0773474 
-0.488994 -0.239662 
-0.565362 -0.142345 
-0.551885 -0.163131 
-0.404938 -0.312834 
-0.475067 -0.253702 
-0.445467 -0.280822 
-0.61366 -0.0317996 
-0.0597342 -0.463664 
-0.252693 -0.399913 
-0.331831 -0.359888 
-0.460563 -0.267436 
-0.521406 -0.203434 
0.651113 -0.0653515 
0.110214 -0.485851 
0.0529887 -0.481913 
0.0245874 -0.478604 
0.225916 -0.481611 
0.167947 -0.485914 
-0.0317687 -0.469462 
-0.588597 -0.0994477 
0.340537 -0.457328 
0.421792 -0.42266 
0.471429 -0.390693 
0.494306 -0.37204 
0.368302 -0.447475 
0.535121 -0.329974 
0.647328 -0.0860581 
0.283685 -0.472319 
0.55303 -0.306587 
0.580087 -0.262615 
0.619765 -0.175011 
0.608613 -0.202284 
0.638618 -0.12042 
0.644181 -0.0998266 
-0.143022 -0.441397 
-0.0875989 -0.457055 
0.653677 -0.0445277 
0.654648 -0.0306393 
0.139026 -0.486394 
0.312278 -0.465583 
-0.00365411 -0.474448 
0.196932 -0.484344 
0.254857 -0.477633 
0.395453 -0.435936 
0.515538 -0.351801 
0.59657 -0.229387 
-0.35702 -0.344952 
-0.305973 -0.374041 
0.0815239 -0.484341 
0.586919 -0.249437 
0.569135 -0.281897 
0.629842 -0.147745 
