ZONE T="boundary0"
-4 0.156434 
-4 0.233216 
-4 0.297673 
-4 0.375873 
-4 0.595746 
-4 0.430841 
-4 0.0888014 
-4 0.0211689 
-4 -0.324409 
-4 -0.358048 
-4 0.696809 
-4 0.797873 
-4 1 
-4 -0.021298 
-4 -0.0637649 
-4 0.485809 
-4 -0.106232 
-4 -0.148699 
-4 -0.425325 
-4 -0.547375 
-4 -0.184217 
-4 -0.669426 
-4 -0.834713 
-4 -1 
-4 -0.29077 
-4 -0.219734 
-4 -0.255252 
-4 0.194825 
-4 0.336773 
-4 0.265444 
-4 0.403357 
-4 0.0549851 
-4 -0.341228 
-4 0.898936 
-4 0.122618 
-4 -0.0425315 
-4 0.458325 
-4 0.540777 
-4 -0.0849984 
-4 -0.48635 
-4 -0.166458 
-4 -0.391686 
-4 0.747341 
-4 0.646277 
-4 -0.6084 
-4 -0.752069 
-4 -0.917356 
-4 -0.30759 
-4 -0.237493 
-4 -0.273011 
-4 -0.127465 
-4 -0.201975 
-4 -6.45839e-05 
ZONE T="boundary1"
-0.26004 1 
1.43961 1 
1.34285 1 
2.01751 1 
1.8311 1 
0.855217 1 
0.0250167 1 
-0.0448732 1 
0.456813 1 
0.384727 1 
1.10369 1 
1.16348 1 
0.0963658 1 
-3.52183 1 
-3.76091 1 
0.167715 1 
0.527264 1 
-1.2295 1 
2.20392 1 
3.23347 1 
1.68374 1 
-4 1 
3.08404 1 
2.56926 1 
2.9346 1 
-2.9647 1 
-2.26436 1 
-2.51995 1 
-2.77554 1 
-0.335886 1 
-0.114763 1 
0.312642 1 
-0.187401 1 
0.664916 1 
0.597716 1 
-0.413433 1 
-0.631423 1 
-0.561202 1 
-0.785648 1 
-0.837056 1 
0.732116 1 
0.240178 1 
0.91122 1 
1.03546 1 
0.967224 1 
1.22327 1 
-0.490981 1 
-0.682831 1 
1.53638 1 
-0.905007 1 
-0.972958 1 
-1.03815 1 
-0.73424 1 
4 1 
3.74991 1 
-1.10334 1 
-1.32095 1 
-1.4124 1 
3.49982 1 
-3.15386 1 
-1.56255 1 
-1.88609 1 
3.36665 1 
-2.07522 1 
-3.33784 1 
-1.72432 1 
1.39123 1 
1.9243 1 
-0.00992827 1 
0.42077 1 
1.13358 1 
-3.64137 1 
0.492038 1 
2.75193 1 
-2.39215 1 
-0.297963 1 
-0.0798181 1 
0.348685 1 
-0.223721 1 
0.631316 1 
-0.37466 1 
-0.596312 1 
-0.151082 1 
-0.811352 1 
0.698516 1 
0.56249 1 
0.0606912 1 
0.13204 1 
0.27641 1 
0.793667 1 
0.883219 1 
1.06957 1 
1.00134 1 
1.28306 1 
-0.526092 1 
1.48799 1 
-0.938983 1 
-1.00555 1 
-0.871032 1 
-0.759944 1 
3.87496 1 
1.61006 1 
-1.16642 1 
-1.07075 1 
-1.36668 1 
-1.27523 1 
-3.88046 1 
3.62487 1 
1.75742 1 
-3.05928 1 
-1.48748 1 
-2.64775 1 
3.00932 1 
3.15876 1 
2.11071 1 
2.38659 1 
-2.16979 1 
-2.87012 1 
3.30006 1 
3.43324 1 
-1.98065 1 
0.203947 1 
-0.452207 1 
0.939222 1 
1.19337 1 
-0.708535 1 
-0.657127 1 
-3.24585 1 
-3.42984 1 
-1.64343 1 
-1.8052 1 
ZONE T="boundary2"
4 -0.875 
4 -0.325018 
4 -0.293118 
4 0.125731 
4 0.246639 
4 0.482036 
4 0.0942965 
4 0.870509 
4 0.186185 
4 0.355313 
4 -5.92846e-06 
4 0.0628624 
4 0.611527 
4 0.741018 
4 1 
4 -0.440982 
4 -0.556946 
4 -0.778473 
4 -1 
4 0.300976 
4 0.328145 
4 -0.261218 
4 -0.148065 
4 -0.0987117 
4 -0.229318 
4 -0.0493588 
4 -0.197417 
4 -0.383 
4 -0.309068 
4 0.110014 
4 0.418674 
4 0.0314282 
4 0.546781 
4 0.676272 
4 0.805763 
4 0.935254 
4 -0.826737 
4 -0.9375 
4 -0.66771 
4 0.216412 
4 0.273807 
4 0.341729 
4 0.31456 
4 0.155958 
4 0.0785794 
4 -0.277168 
4 -0.123388 
4 -0.0246824 
4 -0.172741 
4 -0.245268 
4 -0.354009 
4 -0.411991 
4 -0.498964 
4 -0.213367 
4 -0.0740352 
ZONE T="boundary3"
-3.50364 -1 
-3.75182 -1 
-1.79375 -1 
-1.6441 -1 
3.875 -1 
3.75 -1 
-0.909237 -1 
-0.738888 -1 
-1.07959 -1 
0.100918 -1 
0.19956 -1 
0.522035 -1 
1.17662 -1 
1.29279 -1 
-0.152108 -1 
-0.100647 -1 
0.00227584 -1 
-1.49446 -1 
0.738423 -1 
2.09917 -1 
2.27588 -1 
2.47483 -1 
2.67377 -1 
3.48238 -1 
3.09675 -1 
-3.32039 -1 
-3.13715 -1 
-2.40725 -1 
-2.22085 -1 
2.88526 -1 
-2.59364 -1 
-0.384364 -1 
-0.43791 -1 
-0.330817 -1 
-0.267193 -1 
-0.203569 -1 
0.413841 -1 
-0.545004 -1 
0.3067 -1 
-4 -1 
-0.641946 -1 
0.630229 -1 
0.846617 -1 
1.01162 -1 
0.929117 -1 
-1.22196 -1 
-1.35821 -1 
-2.0073 -1 
1.40896 -1 
1.7862 -1 
1.92246 -1 
1.52945 -1 
1.64993 -1 
4 -1 
-2.86539 -1 
-2.72952 -1 
-3.62773 -1 
-1.71893 -1 
-0.824062 -1 
0.150239 -1 
1.2347 -1 
-0.126377 -1 
2.18753 -1 
2.5743 -1 
3.28957 -1 
-3.22877 -1 
-2.31405 -1 
2.99101 -1 
-2.50045 -1 
-0.411137 -1 
-0.0491855 -1 
-0.299005 -1 
-0.235381 -1 
-0.491457 -1 
0.25313 -1 
-3.87591 -1 
-0.994411 -1 
0.360271 -1 
-0.690417 -1 
-0.593475 -1 
0.467938 -1 
0.576132 -1 
0.79252 -1 
0.970366 -1 
0.684326 -1 
-1.15077 -1 
-1.29009 -1 
1.09412 -1 
1.35088 -1 
1.85433 -1 
1.58969 -1 
2.01082 -1 
-1.90052 -1 
2.37535 -1 
-1.56928 -1 
-3.41202 -1 
3.61619 -1 
3.8125 -1 
3.9375 -1 
-3.00127 -1 
-2.11408 -1 
-0.35759 -1 
-0.177839 -1 
0.0515968 -1 
-2.79746 -1 
-2.66158 -1 
-1.42633 -1 
0.887867 -1 
1.46921 -1 
1.71806 -1 
2.77952 -1 
ZONE T="boundary4"
0.772657 0.404159 
0.777458 0.382846 
0.366611 0.0127447 
0.780112 0.332888 
0.117352 0.022554 
-0.394338 0.158806 
-0.444234 0.145257 
-0.24293 0.14297 
-0.194679 0.127212 
-0.681512 0.0444834 
0.744624 0.23045 
-0.667746 0.247147 
-0.673622 0.219143 
-0.660588 0.274908 
-0.652616 0.300605 
-0.643416 0.325976 
-0.634349 0.347946 
-0.624031 0.370294 
0.710876 0.18587 
0.697102 0.17105 
0.682584 0.156858 
-0.684185 0.0844974 
-0.68416 0.125267 
-0.525187 -0.0812684 
0.661307 0.558331 
-0.586271 0.43639 
-0.571571 0.457507 
-0.555883 0.477963 
0.714112 0.509243 
0.700987 0.523376 
-0.543258 -0.0314439 
-0.494783 -0.123404 
0.760996 0.260124 
0.753503 0.245422 
-0.490575 0.117369 
-0.526283 0.0747421 
-0.523666 0.514541 
-0.50687 0.531217 
-0.471611 0.5619 
-0.358859 0.631119 
-0.331838 0.642801 
0.758538 0.442144 
0.766126 0.424172 
0.0759061 0.0321203 
-0.128034 0.692435 
-0.166617 0.687068 
-0.238908 0.672579 
0.665915 0.142042 
-0.302266 0.653894 
-0.612498 0.392717 
0.00351196 0.0533367 
0.776104 0.304595 
0.393413 0.0171076 
0.726534 0.494163 
0.629833 0.114244 
0.61056 0.101346 
0.648466 0.127945 
0.567394 0.0764239 
0.445868 0.0290636 
0.608922 0.592923 
0.544823 0.624154 
0.33981 0.679821 
0.375059 0.673492 
0.723288 0.200635 
0.634826 0.5771 
0.674638 0.547652 
0.68806 0.535878 
-0.00684426 0.701293 
0.0364867 0.702119 
-0.0894117 0.696453 
-0.0480959 0.699456 
0.0796994 0.701923 
0.214336 0.695213 
0.259631 0.690797 
0.299809 0.685843 
0.780256 0.358639 
0.168872 0.698512 
0.734885 0.21599 
0.767422 0.275307 
-0.681632 0.16332 
-0.677978 0.193126 
-0.544357 0.02323 
-0.292922 0.155128 
-0.599993 0.414637 
0.471493 0.0366384 
-0.0558897 0.0742417 
-0.100449 0.0912619 
0.419935 0.0225731 
0.519662 0.634032 
0.570358 0.612868 
-0.272257 0.663541 
0.312972 0.00737301 
0.339847 0.00951512 
0.286631 0.00631621 
-0.203646 0.680442 
0.410095 0.666115 
0.209218 0.00895503 
0.260274 0.00626724 
0.440257 0.658776 
0.470165 0.650465 
0.124358 0.700714 
-0.343942 0.16121 
-0.144589 0.10847 
0.738717 0.477207 
0.749867 0.459005 
0.520962 0.0547565 
0.16182 0.0146122 
-0.43176 0.590745 
-0.385284 0.618094 
0.775318 0.393564 
-0.419702 0.153567 
-0.218695 0.135441 
-0.670834 0.233176 
-0.656755 0.287803 
-0.638994 0.337007 
-0.629307 0.359174 
0.689926 0.16387 
-0.648164 0.313343 
-0.68452 0.104882 
-0.563846 0.467826 
0.70765 0.516404 
-0.579042 0.447032 
-0.511301 -0.103287 
0.757375 0.252717 
-0.510324 0.0976434 
-0.489577 0.546943 
-0.345419 0.637125 
-0.51536 0.522971 
0.762508 0.433234 
0.0965671 0.0270995 
-0.147347 0.68993 
0.67434 0.14935 
-0.31712 0.648531 
-0.618386 0.381567 
0.620267 0.107691 
0.639228 0.12099 
0.380036 0.0147866 
0.357457 0.67678 
0.704081 0.178375 
0.657273 0.134894 
0.64824 0.567962 
0.681418 0.541844 
0.668029 0.553063 
-0.683181 0.0644673 
0.720439 0.5018 
0.621997 0.585214 
0.0148217 0.70184 
-0.0274735 0.70051 
0.0580962 0.702144 
-0.0687619 0.69811 
0.236999 0.69315 
0.319832 0.682973 
0.779204 0.370787 
0.191615 0.696998 
0.279737 0.688447 
0.729191 0.208234 
0.717176 0.193175 
0.694602 0.529709 
0.739852 0.223154 
0.749178 0.237869 
0.769615 0.414241 
-0.679984 0.178244 
-0.546207 -0.00415511 
0.589257 0.0884115 
-0.67593 0.206156 
-0.593255 0.42559 
-0.0782075 0.0826714 
-0.606365 0.403745 
0.43294 0.0256834 
0.532291 0.629217 
0.557654 0.618654 
-0.53612 -0.0570443 
-0.664336 0.26107 
-0.255633 0.668255 
0.589835 0.603276 
0.326423 0.00830908 
-0.221318 0.676705 
-0.185162 0.683944 
0.392606 0.669942 
-0.683196 0.144312 
-0.287316 0.658891 
0.234717 0.00716099 
-0.108736 0.6946 
0.495049 0.642659 
0.102034 0.701444 
-0.537661 0.0498081 
-0.318325 0.159082 
-0.122521 0.0998774 
0.146623 0.699738 
-0.369198 0.161204 
-0.169576 0.118015 
-0.468478 0.133097 
-0.0263037 0.0635045 
0.732773 0.485793 
0.744466 0.468214 
0.764349 0.267651 
0.780591 0.345766 
0.778616 0.318676 
0.772315 0.289794 
0.754355 0.450654 
0.273454 0.00616711 
0.299804 0.00671727 
0.544417 0.065094 
0.496427 0.0451725 
0.455246 0.654749 
0.353243 0.0109929 
0.425205 0.662562 
-0.540185 0.496611 
0.406704 0.0197012 
0.458719 0.0327146 
0.185468 0.0114183 
0.139525 0.018284 
-0.452016 0.576778 
-0.408855 0.604986 
-0.372154 0.624774 
-0.267781 0.149659 
0.0395078 0.04212 
ZONE T="boundary5"
-0.679276 0.02522 
-0.288004 -0.2379 
-0.374051 -0.203452 
-0.356339 -0.211041 
-0.469805 -0.403341 
-0.515249 -0.349586 
-0.529201 -0.331034 
-0.454563 -0.419334 
-0.585368 -0.242903 
-0.596452 -0.22237 
-0.408252 -0.462152 
-0.629207 -0.153755 
-0.63844 -0.131105 
-0.647302 -0.107159 
-0.619308 -0.176094 
-0.655327 -0.0828938 
-0.660424 -0.0657107 
-0.124234 -0.347067 
-0.157044 -0.524929 
-0.55267 -0.297173 
-0.563454 -0.280295 
-0.541139 -0.314261 
-0.12597 -0.499506 
-0.608178 -0.199396 
-0.132566 -0.506548 
-0.209268 -0.5414 
-0.193721 -0.538842 
-0.347405 -0.505318 
-0.330977 -0.514336 
-0.10615 -0.466106 
-0.423767 -0.448761 
-0.393332 -0.474126 
-0.37805 -0.485463 
-0.362872 -0.495783 
-0.167685 -0.530305 
-0.296994 -0.529227 
-0.279038 -0.534953 
-0.314341 -0.522272 
-0.147863 -0.519169 
-0.101835 -0.451875 
-0.438885 -0.434791 
-0.43187 -0.173733 
-0.453898 -0.159193 
-0.408928 -0.186689 
-0.258096 -0.250017 
-0.31325 -0.22813 
-0.338486 -0.218286 
-0.39163 -0.195363 
-0.475204 -0.142373 
-0.213421 -0.271197 
-0.243286 -0.541606 
-0.228799 -0.263301 
-0.26126 -0.53908 
-0.676491 0.00636456 
-0.669357 -0.0304506 
-0.665069 -0.0483884 
-0.681512 0.0444834 
-0.198473 -0.279717 
-0.136065 -0.331409 
-0.673137 -0.0123894 
-0.152331 -0.314238 
-0.180062 -0.535098 
-0.494783 -0.123404 
-0.57382 -0.263144 
-0.485556 -0.385778 
-0.0991878 -0.415882 
-0.0999153 -0.408988 
-0.103774 -0.459117 
-0.118552 -0.489869 
-0.139769 -0.513038 
-0.113329 -0.481488 
-0.111047 -0.477222 
-0.100354 -0.444391 
-0.0996135 -0.439102 
-0.115805 -0.485668 
-0.108983 -0.472927 
-0.0991102 -0.433706 
-0.109867 -0.373316 
-0.115771 -0.361075 
-0.105767 -0.384041 
-0.0988507 -0.428116 
-0.0988582 -0.422277 
-0.102963 -0.393453 
-0.101114 -0.401637 
-0.172909 -0.296915 
-0.225933 -0.542363 
-0.500817 -0.367704 
-0.365217 -0.207297 
-0.522289 -0.340359 
-0.590966 -0.232667 
-0.642974 -0.119171 
-0.633911 -0.142466 
-0.624338 -0.164961 
-0.657931 -0.0743191 
-0.651423 -0.095063 
-0.558114 -0.288768 
-0.546958 -0.305754 
-0.129193 -0.503096 
-0.535222 -0.322685 
-0.201453 -0.540327 
-0.339248 -0.50994 
-0.385745 -0.479872 
-0.288064 -0.532266 
-0.305722 -0.5259 
-0.446785 -0.427127 
-0.443023 -0.166674 
-0.4205 -0.18039 
-0.273006 -0.243855 
-0.32588 -0.22324 
-0.243353 -0.256464 
-0.252293 -0.540554 
-0.667276 -0.0394347 
-0.68047 0.0348427 
-0.205896 -0.275369 
-0.677956 0.0157814 
-0.613824 -0.187785 
-0.674885 -0.00302526 
-0.143943 -0.322602 
-0.370514 -0.490705 
-0.485252 -0.133156 
-0.464748 -0.151032 
-0.579658 -0.25306 
-0.322713 -0.518431 
-0.431382 -0.441839 
-0.477746 -0.394621 
-0.38287 -0.199473 
-0.0995038 -0.412433 
-0.173807 -0.532857 
-0.102745 -0.455514 
-0.152386 -0.52215 
-0.162297 -0.527742 
-0.112165 -0.479368 
-0.12213 -0.494788 
-0.136099 -0.509868 
-0.0999534 -0.441752 
-0.143748 -0.51619 
-0.114545 -0.483592 
-0.109992 -0.475086 
-0.117155 -0.487784 
-0.10751 -0.469541 
-0.101032 -0.448147 
-0.0993308 -0.436408 
-0.186837 -0.537143 
-0.129932 -0.339089 
-0.11268 -0.367137 
-0.104905 -0.462632 
-0.0989477 -0.430914 
-0.10428 -0.388726 
-0.0989813 -0.419079 
-0.0988192 -0.425198 
-0.347427 -0.214699 
-0.101973 -0.397534 
-0.100461 -0.405306 
-0.119824 -0.353975 
-0.162371 -0.3053 
-0.107709 -0.378643 
-0.270184 -0.537205 
-0.568689 -0.271752 
-0.462243 -0.411396 
-0.400319 -0.191106 
-0.416067 -0.455527 
-0.400844 -0.468208 
-0.217579 -0.542098 
-0.221068 -0.267173 
-0.234612 -0.542199 
-0.662804 -0.0570652 
-0.355192 -0.500643 
-0.671312 -0.0214337 
-0.185458 -0.287992 
-0.508096 -0.358696 
-0.602387 -0.21092 
-0.493251 -0.376798 
-0.300621 -0.232999 
