ZONE T="boundary0"
-4 -0.251128 
-4 -0.305827 
-4 -0.278478 
-4 -0.105967 
-4 0.823823 
-4 0.647647 
-4 0.325135 
-4 0.390776 
-4 0.24415 
-4 0.217155 
-4 -0.178547 
-4 0.456418 
-4 0.552032 
-4 1 
-4 -0.782466 
-4 -1 
-4 -0.3465 
-4 -0.387173 
-4 -0.476052 
-4 -0.0169667 
-4 -0.564931 
-4 0.144594 
-4 0.0720331 
-4 0.271145 
-4 0.180874 
-4 -0.292152 
-4 0.735735 
-4 0.357956 
-4 0.230652 
-4 -0.142257 
-4 0.504225 
-4 0.423597 
-4 -0.891233 
-4 -0.366837 
-4 -0.264803 
-4 -0.214838 
-4 -0.431613 
-4 -0.0614666 
-4 -0.520492 
-4 0.108313 
-4 0.0275332 
-4 0.29814 
-4 -0.673699 
-4 0.59984 
-4 0.911912 
-4 -0.326164 
-4 0.162734 
-4 0.199015 
-4 0.257647 
ZONE T="boundary1"
-3.54487 1 
1.70645 1 
4 1 
3.76665 1 
-0.160918 1 
-0.255917 1 
0.603794 1 
-1.41601 1 
0.819045 1 
0.711419 1 
0.228324 1 
0.512828 1 
0.421863 1 
-1.57018 1 
-4 1 
-1.71129 1 
-2.23751 1 
-1.8524 1 
-2.04495 1 
-2.98192 1 
3.294 1 
3.05469 1 
1.85161 1 
2.02863 1 
2.59089 1 
2.39827 1 
1.56128 1 
-2.79005 1 
2.20566 1 
-3.35933 1 
-2.51378 1 
0.325094 1 
-0.0392155 1 
0.0286192 1 
0.162389 1 
0.0964539 1 
-0.100067 1 
-0.440669 1 
-0.348293 1 
-0.636387 1 
-0.538528 1 
-0.743593 1 
0.947396 1 
-0.850799 1 
-1.03489 1 
-0.942846 1 
-1.26184 1 
-1.14837 1 
-1.33893 1 
1.07575 1 
1.33224 1 
1.20399 1 
-3.17378 1 
2.82279 1 
3.53331 1 
3.88333 1 
-0.208418 1 
0.765232 1 
0.467346 1 
-1.49309 1 
-3.77243 1 
-1.94868 1 
3.17435 1 
1.94012 1 
2.49458 1 
1.63387 1 
-2.37565 1 
-0.005298 1 
-0.130492 1 
-0.394481 1 
0.129422 1 
0.195357 1 
-0.302105 1 
0.558311 1 
-0.587458 1 
-0.68999 1 
0.657606 1 
0.883221 1 
0.373478 1 
-0.489598 1 
-0.797196 1 
-0.98887 1 
-0.896822 1 
-1.09163 1 
-1.37747 1 
-1.78184 1 
-1.30039 1 
-1.64073 1 
1.26811 1 
-2.14123 1 
-3.07785 1 
-2.65192 1 
-3.4521 1 
-3.26655 1 
1.13987 1 
1.44676 1 
2.93874 1 
2.70684 1 
-2.88599 1 
2.30196 1 
1.77903 1 
3.64998 1 
2.11714 1 
3.41366 1 
0.0625366 1 
-0.0696412 1 
0.276709 1 
-1.20511 1 
1.01157 1 
ZONE T="boundary2"
4 -1 
4 -0.59093 
4 -0.261852 
4 -0.231491 
4 0.0795377 
4 0.00087672 
4 -0.415694 
4 1 
4 0.363762 
4 0.413087 
4 -0.503312 
4 0.489287 
4 0.565488 
4 -0.124277 
4 -0.0777843 
4 -0.323083 
4 -0.292213 
4 -0.20113 
4 0.283938 
4 0.314438 
4 0.3391 
4 0.135987 
4 0.192436 
4 0.253437 
4 0.222937 
4 0.782744 
4 -0.170769 
4 -0.353953 
4 -0.795465 
4 -0.246671 
4 0.0402072 
4 0.388425 
4 -0.547121 
4 0.527388 
4 -0.10103 
4 -0.307648 
4 -0.459503 
4 -0.277032 
4 0.351431 
4 0.299188 
4 0.164212 
4 0.207686 
4 0.674116 
4 0.891372 
4 -0.185949 
4 -0.21631 
4 -0.147523 
4 -0.338518 
4 -0.384824 
4 -0.0384538 
4 0.268687 
4 0.238187 
4 0.107762 
4 0.451187 
4 0.326769 
ZONE T="boundary3"
-3.7966 -1 
-3.5932 -1 
4 -1 
-0.68811 -1 
-0.89928 -1 
-0.792547 -1 
-1.21861 -1 
-1.08451 -1 
-0.599438 -1 
-0.510766 -1 
0.480262 -1 
-0.125498 -1 
-0.0676876 -1 
-0.378111 -1 
0.381755 -1 
-0.991897 -1 
-0.00987746 -1 
0.0691124 -1 
3.71181 -1 
-4 -1 
-3.38972 -1 
-3.18624 -1 
-2.45472 -1 
-2.99847 -1 
-2.8107 -1 
3.37023 -1 
1.92851 -1 
3.02864 -1 
2.1192 -1 
-1.47613 -1 
-0.25318 -1 
-0.315646 -1 
-0.189339 -1 
0.148102 -1 
-0.444438 -1 
0.219074 -1 
0.290045 -1 
0.578769 -1 
0.685754 -1 
0.79274 -1 
1.01489 -1 
0.903815 -1 
1.12625 -1 
1.2376 -1 
-1.34737 -1 
2.85121 -1 
3.19943 -1 
2.67378 -1 
2.39649 -1 
-1.68765 -1 
-2.63271 -1 
1.73782 -1 
1.34689 -1 
1.45618 -1 
1.597 -1 
-2.22255 -1 
-2.06086 -1 
-1.89916 -1 
-1.7934 -1 
-3.6949 -1 
-0.845913 -1 
-1.15156 -1 
-0.555102 -1 
-0.0965928 -1 
0.431009 -1 
0.0296171 -1 
-3.8983 -1 
-3.28798 -1 
3.85591 -1 
-2.90458 -1 
3.54102 -1 
2.02385 -1 
-0.346878 -1 
-0.0387825 -1 
-0.157418 -1 
0.108607 -1 
-0.284413 -1 
-0.477602 -1 
0.254559 -1 
-0.643774 -1 
0.3359 -1 
0.529516 -1 
0.739247 -1 
0.632262 -1 
-0.945588 -1 
-0.740328 -1 
0.848277 -1 
1.18192 -1 
-1.41175 -1 
2.93993 -1 
3.28483 -1 
3.11404 -1 
-1.28299 -1 
2.7625 -1 
2.53513 -1 
-3.09236 -1 
-2.7217 -1 
1.40154 -1 
-2.33863 -1 
-1.98001 -1 
-2.1417 -1 
-1.74053 -1 
-1.58189 -1 
1.07057 -1 
1.29225 -1 
2.25784 -1 
1.83316 -1 
-3.49146 -1 
-1.03821 -1 
-0.411275 -1 
0.183588 -1 
-0.22126 -1 
-2.54371 -1 
-1.84628 -1 
0.959352 -1 
1.52659 -1 
1.66741 -1 
ZONE T="boundary4"
0.178812 0.516701 
0.207852 0.510885 
-0.267128 0.436934 
-0.0801814 0.506157 
-0.0521533 0.512141 
-0.107955 0.499119 
-0.29224 0.423542 
-0.518879 0.24124 
-0.646853 -0.0140713 
-0.628597 0.0600101 
-0.636386 0.0353533 
0.642781 -0.0194831 
-0.619158 0.0845275 
0.120478 0.523608 
0.14968 0.52091 
0.00472133 0.52082 
0.0335438 0.523423 
-0.339622 0.395335 
-0.361911 0.380644 
-0.432942 0.326742 
-0.608128 0.108827 
-0.64248 0.0106443 
-0.538505 0.217343 
-0.639642 0.0230207 
-0.588737 0.144771 
-0.577835 0.162473 
-0.566318 0.179784 
0.399681 0.416256 
0.423352 0.394442 
0.562979 0.186226 
0.57763 0.160279 
-0.241584 0.449508 
-0.215618 0.461242 
-0.0237983 0.51705 
-0.552716 0.198792 
-0.598792 0.126985 
-0.481902 0.281549 
-0.498367 0.264344 
-0.464867 0.298199 
-0.449103 0.31269 
-0.416406 0.340363 
-0.399526 0.353556 
-0.380898 0.367348 
-0.189251 0.472103 
-0.13539 0.491078 
-0.162499 0.48206 
0.26543 0.493965 
0.293742 0.482626 
0.548285 0.212304 
0.348531 0.453742 
0.374708 0.436036 
0.321481 0.469254 
0.518199 0.266191 
0.50209 0.293322 
0.445434 0.370936 
0.484769 0.319973 
0.0624304 0.524789 
0.0914251 0.524872 
0.236802 0.503332 
-0.316898 0.409358 
0.533299 0.239266 
0.604752 0.109229 
0.616388 0.0838254 
0.591572 0.134897 
0.639687 0.00650444 
0.626286 0.058245 
0.634131 0.032465 
0.465893 0.346007 
0.193375 0.513995 
-0.0661956 0.509283 
-0.632686 0.0477411 
0.135098 0.522441 
0.0191203 0.522273 
-0.350822 0.388073 
-0.613817 0.0967547 
-0.528803 0.229384 
-0.641112 0.0168437 
-0.638064 0.0291997 
-0.644877 -0.00167868 
-0.583367 0.153671 
-0.572149 0.171177 
0.411714 0.405571 
0.570322 0.173255 
-0.228651 0.455483 
-0.00955663 0.51908 
-0.559599 0.189346 
-0.603553 0.117954 
-0.490207 0.273015 
-0.457036 0.3055 
-0.473453 0.289944 
-0.408008 0.347013 
-0.424718 0.333606 
-0.390259 0.360514 
-0.44107 0.319771 
-0.279739 0.430339 
-0.12171 0.495223 
-0.0941013 0.502768 
-0.0379995 0.514736 
0.164276 0.518997 
-0.175919 0.477198 
-0.50874 0.252896 
-0.545682 0.208122 
0.279681 0.488531 
0.555617 0.199251 
-0.371448 0.374058 
-0.59385 0.135926 
0.361783 0.445136 
0.335145 0.461745 
0.434594 0.382886 
0.307728 0.476183 
0.0479816 0.524263 
0.105962 0.524412 
-0.148986 0.486689 
0.222385 0.507323 
0.251191 0.498873 
0.525797 0.252755 
0.610739 0.0966016 
-0.328313 0.402431 
0.598281 0.12212 
0.641543 -0.00645113 
0.637198 0.0195469 
-0.202482 0.466784 
-0.304627 0.416547 
0.0769293 0.524995 
0.510259 0.279828 
0.584664 0.147618 
-0.254408 0.443325 
0.455859 0.358639 
0.493581 0.30675 
0.47551 0.333126 
-0.624062 0.0723381 
0.630465 0.045433 
0.621553 0.0711179 
0.54078 0.225772 
0.387377 0.426383 
ZONE T="boundary5"
0.164295 -0.376378 
-0.597857 -0.236672 
-0.604661 -0.226108 
-0.646853 -0.0140713 
-0.642024 -0.135621 
-0.635527 -0.15908 
-0.590635 -0.246936 
0.642781 -0.0194831 
-0.646637 -0.111796 
-0.516252 -0.317429 
0.609059 -0.168377 
-0.64948 -0.038726 
-0.388217 -0.368253 
-0.416213 -0.361588 
-0.329956 -0.376935 
-0.359385 -0.373315 
-0.27031 -0.380704 
-0.240327 -0.381336 
-0.122152 -0.380279 
-0.210562 -0.381434 
-0.180793 -0.381192 
-0.151456 -0.38077 
-0.527054 -0.30998 
-0.537515 -0.302064 
-0.616834 -0.204436 
-0.574771 -0.266675 
-0.063957 -0.37939 
-0.493336 -0.331125 
0.56328 -0.233386 
-0.46894 -0.343058 
0.408856 -0.336507 
-0.557046 -0.285111 
-0.443148 -0.353221 
0.629837 -0.12091 
0.636797 -0.0962258 
0.136099 -0.377261 
0.330079 -0.358577 
0.302904 -0.363619 
0.22026 -0.373277 
0.192285 -0.375089 
-0.650338 -0.0632782 
-0.649399 -0.0876494 
-0.300212 -0.379317 
0.383165 -0.345117 
-0.035046 -0.379062 
-0.0930241 -0.379804 
-0.0062142 -0.378814 
0.0224433 -0.378621 
0.0510344 -0.378436 
0.0794767 -0.378199 
0.107871 -0.377836 
0.247963 -0.370844 
0.275623 -0.367652 
0.356738 -0.352476 
0.458564 -0.314807 
0.504168 -0.287052 
0.470397 -0.308446 
0.482017 -0.301664 
0.641324 -0.0709967 
0.643331 -0.0453813 
0.544984 -0.25275 
0.602524 -0.179818 
0.595539 -0.190995 
0.620548 -0.144986 
0.580202 -0.212718 
0.434119 -0.326405 
0.643376 -0.0324206 
0.52527 -0.270686 
-0.627127 -0.182062 
-0.601312 -0.231425 
-0.639009 -0.147417 
-0.644563 -0.123756 
-0.402274 -0.365143 
-0.344697 -0.375298 
-0.255321 -0.3811 
-0.225444 -0.381438 
-0.166122 -0.380996 
-0.136802 -0.380527 
-0.532329 -0.30608 
-0.610965 -0.215395 
-0.582917 -0.256978 
-0.594299 -0.241841 
-0.504943 -0.324521 
-0.481263 -0.33734 
-0.566116 -0.276093 
-0.521694 -0.313763 
0.633612 -0.108649 
0.316514 -0.361232 
-0.373842 -0.370984 
0.206276 -0.374256 
-0.650095 -0.075475 
-0.285268 -0.38012 
-0.049499 -0.379216 
-0.0784874 -0.379587 
0.00811713 -0.378713 
0.0367404 -0.378531 
-0.107586 -0.380036 
-0.315098 -0.378267 
0.0652572 -0.378328 
0.150198 -0.376865 
0.0936749 -0.378039 
0.178292 -0.375792 
0.234117 -0.372147 
0.289278 -0.365752 
0.261803 -0.369351 
0.396067 -0.340987 
0.464507 -0.311678 
0.493228 -0.294564 
0.642647 -0.0582119 
0.554307 -0.243236 
0.60585 -0.17413 
0.599086 -0.18544 
0.625467 -0.133052 
-0.547472 -0.293807 
0.588069 -0.201997 
0.446434 -0.320806 
0.421561 -0.331646 
0.476237 -0.305107 
-0.648249 -0.0997516 
0.615054 -0.156803 
-0.650131 -0.0509966 
0.643157 -0.0259478 
0.369995 -0.34896 
0.643434 -0.0389008 
0.535301 -0.261911 
-0.195676 -0.381345 
0.343439 -0.355674 
-0.0206274 -0.37893 
0.121986 -0.377581 
0.571921 -0.223202 
-0.648383 -0.0263781 
-0.622206 -0.193354 
0.514879 -0.279076 
0.639372 -0.083665 
-0.631558 -0.170657 
-0.42976 -0.357642 
-0.456146 -0.348386 
