ZONE T="boundary0"
-4 0.126454 
-4 0.185302 
-4 0.390776 
-4 0.471404 
-4 0.552032 
-4 0.280806 
-4 0.317463 
-4 1 
-4 0.776016 
-4 -0.782466 
-4 -1 
-4 -0.251128 
-4 -0.305827 
-4 -0.3465 
-4 -0.178547 
-4 -0.564931 
-4 -0.476052 
-4 -0.097757 
-4 -0.0169667 
-4 0.214726 
-4 0.35412 
-4 0.24415 
-4 0.0547435 
-4 -0.387173 
-4 0.155878 
-4 0.511718 
-4 0.299135 
-4 0.888008 
-4 -0.891233 
-4 -0.278478 
-4 -0.520492 
-4 -0.673699 
-4 -0.138152 
-4 0.200014 
-4 0.0188884 
-4 0.664024 
-4 0.0905986 
-4 0.229438 
-4 0.262478 
-4 0.372448 
-4 0.335791 
-4 0.43109 
-4 -0.214838 
-4 -0.366837 
-4 -0.326164 
-4 -0.431613 
-4 -0.0573619 
ZONE T="boundary1"
1.63387 1 
1.47196 1 
1.1845 1 
1.29332 1 
-1.33893 1 
-1.41601 1 
0.325094 1 
0.372027 1 
0.243741 1 
0.284418 1 
0.162389 1 
-0.636387 1 
-1.87812 1 
-2.04495 1 
0.829408 1 
-0.440669 1 
0.515542 1 
0.418961 1 
0.720766 1 
-2.22076 1 
3.29102 1 
3.05469 1 
-0.850799 1 
-3.34506 1 
-4 1 
-3.75975 1 
1.07569 1 
2.20566 1 
1.85161 1 
4 1 
3.75 1 
3.52735 1 
-2.57221 1 
-2.95924 1 
-3.17062 1 
2.82279 1 
2.59089 1 
0.0955042 1 
0.0286192 1 
-0.100067 1 
-0.255917 1 
-0.177992 1 
-0.538528 1 
-0.0357239 1 
-0.302105 1 
-0.743593 1 
0.612124 1 
-1.03489 1 
-1.26184 1 
-1.14837 1 
0.952551 1 
-3.51949 1 
-1.56365 1 
-1.71129 1 
-2.74785 1 
2.39827 1 
-2.39657 1 
-0.348293 1 
1.55291 1 
1.23891 1 
-1.37747 1 
0.34856 1 
0.264079 1 
0.203065 1 
-1.96154 1 
0.467252 1 
3.17286 1 
-3.87987 1 
2.02863 1 
3.875 1 
-3.06493 1 
2.70684 1 
1.74274 1 
0.0620617 1 
0.128947 1 
-0.216955 1 
-0.489598 1 
-0.587458 1 
0.304756 1 
-0.0678953 1 
0.395494 1 
-0.797196 1 
0.666445 1 
0.563833 1 
-0.942846 1 
-1.20511 1 
0.775087 1 
1.01412 1 
0.89098 1 
1.1301 1 
-3.43228 1 
-3.25784 1 
-3.63962 1 
-1.63747 1 
-1.30039 1 
-1.48983 1 
-1.09163 1 
-0.68999 1 
3.40918 1 
2.93874 1 
-2.85354 1 
1.38264 1 
2.30196 1 
2.49458 1 
-2.30867 1 
-2.13286 1 
-2.66003 1 
-0.139029 1 
-0.00355234 1 
-0.325199 1 
-0.279011 1 
-0.394481 1 
3.63867 1 
-1.7947 1 
-2.48439 1 
ZONE T="boundary2"
4 -0.428633 
4 -0.231491 
4 -1 
4 -0.875828 
4 -0.124277 
4 -0.177884 
4 0.194712 
4 0.489287 
4 0.616965 
4 0.3086 
4 -0.0616999 
4 0.00087672 
4 0.253437 
4 0.744644 
4 1 
4 -0.627484 
4 -0.292722 
4 0.135987 
4 0.0684318 
4 0.363762 
4 -0.353953 
4 -0.503312 
4 -0.751656 
4 -0.937914 
4 -0.15108 
4 -0.0304116 
4 0.224075 
4 0.872322 
4 -0.0929882 
4 -0.204687 
4 -0.262106 
4 0.102209 
4 0.0346543 
4 0.165349 
4 0.281018 
4 -0.323338 
4 -0.565398 
4 -0.813742 
4 -0.68957 
4 0.426525 
4 0.680805 
4 0.553126 
4 0.336181 
4 -0.465973 
4 -0.391293 
ZONE T="boundary3"
-3.7966 -1 
-3.5932 -1 
-1.47613 -1 
-1.63477 -1 
2.89557 -1 
3.02864 -1 
4 -1 
-0.892222 -1 
-0.792547 -1 
-0.128513 -1 
-0.444438 -1 
1.76276 -1 
0.000712433 -1 
-1.10525 -1 
-1.7934 -1 
1.12625 -1 
-0.599438 -1 
-4 -1 
-3.38972 -1 
-2.8107 -1 
2.57949 -1 
2.7625 -1 
3.19943 -1 
3.37023 -1 
-3.18624 -1 
2.1625 -1 
1.92851 -1 
-1.92713 -1 
3.68511 -1 
-2.25779 -1 
0.583008 -1 
-0.695992 -1 
0.0724027 -1 
0.144093 -1 
0.300415 -1 
-0.190503 -1 
0.480262 -1 
0.390338 -1 
0.222254 -1 
-0.252492 -1 
0.903815 -1 
0.794784 -1 
0.685754 -1 
1.01503 -1 
1.23657 -1 
1.34689 -1 
1.47195 -1 
1.597 -1 
-1.34737 -1 
-1.21861 -1 
-0.991897 -1 
-2.06086 -1 
-2.45472 -1 
-2.63271 -1 
-2.99847 -1 
2.39649 -1 
-3.6949 -1 
-1.55545 -1 
2.96211 -1 
-0.842384 -1 
-3.8983 -1 
-3.49146 -1 
2.67099 -1 
3.28483 -1 
2.0455 -1 
-1.86027 -1 
3.52767 -1 
-0.744269 -1 
0.108248 -1 
-0.0639004 -1 
-0.159508 -1 
0.345376 -1 
0.4353 -1 
-0.521938 -1 
0.261334 -1 
-0.348465 -1 
3.84256 -1 
0.531635 -1 
0.8493 -1 
0.634381 -1 
0.740269 -1 
1.29173 -1 
0.959422 -1 
1.40942 -1 
1.53447 -1 
-1.71409 -1 
-1.41175 -1 
-1.28299 -1 
-1.04858 -1 
-0.942059 -1 
1.84563 -1 
1.67988 -1 
-1.99399 -1 
3.11404 -1 
-2.35625 -1 
-2.54371 -1 
-2.7217 -1 
-2.15932 -1 
-3.28798 -1 
-3.09236 -1 
-2.90458 -1 
2.27949 -1 
2.82903 -1 
2.48799 -1 
0.0365572 -1 
-0.221498 -1 
0.183173 -1 
-1.16193 -1 
1.07064 -1 
1.18141 -1 
-0.647715 -1 
ZONE T="boundary4"
-0.00587251 0.531975 
0.0230288 0.533116 
-0.280523 0.45565 
-0.254832 0.468063 
0.0518707 0.53291 
0.0806867 0.531311 
-0.0345687 0.529544 
-0.582447 0.174841 
-0.571094 0.19362 
-0.393753 0.385252 
-0.63498 0.0464862 
-0.639918 0.0218686 
-0.643131 -0.00264193 
-0.620055 0.0958045 
-0.601696 0.138731 
-0.592409 0.15696 
-0.610172 0.120331 
-0.559114 0.212013 
-0.543636 0.23411 
0.222592 0.5 
0.249982 0.488519 
-0.527383 0.255636 
-0.492079 0.297033 
-0.476502 0.313302 
-0.507872 0.279364 
-0.460401 0.329068 
-0.444696 0.343535 
-0.41137 0.371652 
-0.428576 0.357548 
-0.329589 0.42847 
-0.352943 0.413813 
-0.373583 0.399858 
-0.228627 0.479512 
-0.201983 0.489945 
-0.174888 0.499347 
-0.119645 0.514878 
-0.0915185 0.520957 
-0.147436 0.507666 
0.194706 0.509646 
-0.0631802 0.525852 
0.328624 0.442155 
0.353272 0.422616 
0.109403 0.528263 
0.640831 -0.0278908 
0.303133 0.459637 
0.276901 0.47507 
0.496545 0.247834 
0.514371 0.221314 
0.478771 0.274481 
0.460293 0.301319 
0.376862 0.401198 
0.399421 0.377984 
-0.305709 0.442288 
0.138095 0.523678 
0.166541 0.517501 
0.582892 0.122614 
0.549656 0.17102 
0.566567 0.146963 
0.637102 -0.00207262 
0.630787 0.0235632 
0.597878 0.0981392 
0.531938 0.196006 
0.610953 0.0736944 
0.420811 0.353355 
0.441095 0.327637 
-0.628344 0.0711615 
0.62201 0.0488355 
0.00857316 0.532711 
-0.267737 0.461978 
0.0662901 0.532288 
-0.576853 0.18428 
-0.637653 0.0342174 
-0.641736 0.00964015 
-0.59714 0.14789 
-0.587508 0.165945 
-0.606028 0.129574 
-0.551474 0.22313 
0.23638 0.494483 
-0.535608 0.244947 
-0.484358 0.305231 
-0.500055 0.288269 
-0.452601 0.336359 
-0.402611 0.378516 
-0.420025 0.364663 
-0.341332 0.421245 
-0.383728 0.392636 
-0.436687 0.350599 
-0.215356 0.484858 
-0.517765 0.267612 
-0.188482 0.49478 
-0.105613 0.518063 
-0.0202326 0.530918 
-0.161204 0.503644 
0.208724 0.505041 
-0.0773743 0.523554 
0.341112 0.432599 
-0.36332 0.406918 
0.0950658 0.529971 
-0.565178 0.202864 
-0.0488932 0.527853 
-0.133577 0.511414 
-0.615288 0.108137 
0.316027 0.45112 
0.290148 0.467581 
0.505419 0.234542 
0.469606 0.287951 
0.388311 0.389763 
-0.317712 0.435486 
-0.293179 0.449087 
0.365238 0.412102 
0.123781 0.526164 
0.0374527 0.533184 
-0.241785 0.473913 
0.180683 0.513783 
-0.468514 0.321249 
0.558151 0.159016 
0.639288 -0.0149332 
0.634252 0.0108228 
0.523112 0.208622 
0.152363 0.520791 
0.263553 0.482023 
0.540787 0.1835 
0.431088 0.340606 
0.4508 0.314557 
0.48768 0.26117 
0.410273 0.365812 
-0.631858 0.0588755 
-0.624385 0.0835446 
0.616727 0.0613749 
0.62668 0.0362984 
0.604617 0.0860246 
0.590539 0.11047 
0.574827 0.134851 
ZONE T="boundary5"
-0.0799012 -0.381939 
-0.0512889 -0.384689 
-0.540662 -0.261732 
-0.55894 -0.244657 
-0.632419 -0.121294 
-0.638209 -0.0983153 
-0.510247 -0.284782 
-0.520803 -0.277438 
-0.603825 -0.186721 
-0.61522 -0.165613 
-0.644273 -0.0510802 
-0.642155 -0.0748771 
-0.575602 -0.226368 
-0.5906 -0.207005 
-0.624758 -0.143763 
-0.452209 -0.315917 
-0.47648 -0.304539 
-0.225526 -0.366539 
-0.255276 -0.362827 
-0.285001 -0.358682 
0.337884 -0.380701 
-0.372254 -0.342061 
-0.399965 -0.334586 
-0.108549 -0.379102 
-0.137496 -0.376162 
-0.166488 -0.373134 
-0.19599 -0.369933 
0.390861 -0.366116 
0.364494 -0.37411 
-0.499393 -0.291709 
-0.583293 -0.21684 
-0.426632 -0.325918 
0.441593 -0.345784 
0.465835 -0.333238 
-0.643131 -0.00264193 
-0.314426 -0.353972 
0.0615404 -0.39393 
0.310787 -0.386071 
0.28357 -0.390262 
0.145209 -0.397399 
0.117397 -0.396715 
0.0894488 -0.39553 
-0.0229456 -0.3873 
0.00538009 -0.389754 
0.0334487 -0.391977 
0.228505 -0.3956 
0.173057 -0.397501 
0.200767 -0.396934 
0.416467 -0.356752 
0.256058 -0.393414 
0.477537 -0.326381 
0.489001 -0.319089 
0.510765 -0.303449 
0.630096 -0.129954 
0.636471 -0.104912 
0.641941 -0.0537552 
0.641712 -0.0407953 
0.531354 -0.286034 
0.583759 -0.224817 
0.610753 -0.178609 
0.604647 -0.190456 
0.598118 -0.202081 
0.621472 -0.154538 
0.640461 -0.079463 
0.640831 -0.0278908 
-0.343707 -0.348466 
-0.644591 -0.0269738 
0.550398 -0.26704 
0.575985 -0.235842 
0.56783 -0.246586 
-0.0655953 -0.383326 
-0.549976 -0.25338 
-0.635547 -0.109864 
-0.515563 -0.281163 
-0.609742 -0.176285 
-0.643442 -0.0629996 
-0.620216 -0.154787 
-0.597421 -0.196998 
-0.464444 -0.310437 
-0.240405 -0.364727 
-0.270146 -0.360818 
-0.386154 -0.338486 
-0.0942248 -0.38053 
-0.151992 -0.37466 
-0.18124 -0.371552 
0.377731 -0.370292 
-0.530895 -0.269789 
-0.586996 -0.21196 
-0.567455 -0.235677 
-0.579495 -0.221642 
0.351229 -0.377569 
-0.413359 -0.330433 
0.453821 -0.339718 
-0.504854 -0.288299 
-0.488058 -0.298338 
-0.4395 -0.321116 
-0.299727 -0.356413 
0.297198 -0.388305 
-0.21076 -0.368265 
0.1313 -0.397124 
-0.123022 -0.377641 
0.103419 -0.39618 
0.0754911 -0.394777 
-0.00878476 -0.38855 
0.0194118 -0.390895 
0.159131 -0.397529 
0.214639 -0.396369 
-0.640413 -0.0866358 
0.324364 -0.383539 
0.242288 -0.39462 
0.403731 -0.361621 
0.471717 -0.329862 
0.500033 -0.311478 
0.483303 -0.322788 
0.633569 -0.117504 
0.641908 -0.0472733 
0.607754 -0.184561 
0.601433 -0.196297 
0.616348 -0.166678 
0.626045 -0.142336 
0.641521 -0.0666255 
0.641352 -0.034337 
-0.0371185 -0.386011 
0.186912 -0.397307 
-0.358012 -0.345402 
0.0474912 -0.392992 
0.269827 -0.391965 
-0.329088 -0.351333 
0.429116 -0.351468 
-0.644656 -0.0390307 
-0.62882 -0.132608 
0.638772 -0.0922338 
-0.644079 -0.0147956 
0.521236 -0.29495 
0.541073 -0.276733 
0.571956 -0.24125 
0.579919 -0.230364 
0.559315 -0.256984 
0.591131 -0.213572 
