ZONE T="boundary0"
-4 -0.281721 
-4 0.138677 
-4 0.266466 
-4 0.589518 
-4 0.185078 
-4 0.225772 
-4 0.479625 
-4 0.369733 
-4 1 
-4 0.794759 
-4 -0.149095 
-4 -0.857903 
-4 -1 
-4 0.0922758 
-4 0.0141143 
-4 -0.0640471 
-4 -0.403987 
-4 -0.478676 
-4 -0.234143 
-4 -0.191619 
-4 0.692138 
-4 -0.715807 
-4 -0.329298 
-4 -0.597241 
-4 0.205425 
-4 0.424679 
-4 0.897379 
-4 -0.928952 
-4 0.115476 
-4 0.246119 
-4 0.053195 
-4 0.161877 
-4 -0.0249664 
-4 0.318099 
-4 -0.441331 
-4 -0.106571 
-4 -0.212881 
-4 -0.170357 
-4 -0.257932 
-4 0.534572 
-4 0.640828 
-4 0.743449 
-4 -0.786855 
-4 -0.305509 
-4 -0.366643 
-4 -0.537959 
-4 -0.656524 
ZONE T="boundary1"
-3.20878 1 
-4 1 
3.72213 1 
-0.174722 1 
-0.0349873 1 
0.432312 1 
-1.65508 1 
-0.633577 1 
-1.31078 1 
-1.23069 1 
0.840552 1 
0.697979 1 
-0.356283 1 
0.605843 1 
1.35556 1 
1.42701 1 
-0.104855 1 
1.2388 1 
-1.78254 1 
-3.5536 1 
-2.08998 1 
-1.93626 1 
-2.39917 1 
1.81253 1 
1.64136 1 
2.49753 1 
2.88852 1 
1.9837 1 
2.24061 1 
3.44426 1 
3.16639 1 
0.513707 1 
0.350916 1 
0.230686 1 
0.167581 1 
0.104476 1 
0.290801 1 
0.0347442 1 
-0.442423 1 
-0.538 1 
-0.270143 1 
-0.747872 1 
-0.222432 1 
0.981301 1 
1.12205 1 
-3.7768 1 
-0.869139 1 
-1.1506 1 
-3.03637 1 
1.49846 1 
-0.990406 1 
-1.4192 1 
-1.52761 1 
-1.0705 1 
-2.24457 1 
-2.63156 1 
-2.86396 1 
2.11215 1 
3.02745 1 
4 1 
-1.27074 1 
0.651911 1 
1.39128 1 
-0.0699209 1 
-3.38119 1 
1.72695 1 
2.69302 1 
2.36907 1 
3.30532 1 
0.391614 1 
0.47301 1 
0.136028 1 
0.320859 1 
0.06961 1 
-0.490212 1 
-0.690725 1 
-0.399353 1 
-0.246288 1 
-0.313213 1 
-0.139788 1 
-0.198577 1 
-0.000121535 1 
0.559775 1 
0.910927 1 
0.769266 1 
1.05168 1 
-3.8884 1 
-3.6652 1 
1.56991 1 
-1.36499 1 
-1.47341 1 
-1.11055 1 
-1.71881 1 
-1.59135 1 
-2.01312 1 
-1.8594 1 
-2.32187 1 
-2.51536 1 
-2.74776 1 
2.04793 1 
-2.16727 1 
2.17638 1 
2.95799 1 
1.89811 1 
3.09692 1 
3.86106 1 
3.58319 1 
0.260743 1 
0.199133 1 
-0.585789 1 
1.18043 1 
-0.808506 1 
-0.929773 1 
-1.03045 1 
-1.19064 1 
1.46273 1 
1.29718 1 
-2.95016 1 
-3.12257 1 
ZONE T="boundary2"
4 -0.825057 
4 -0.650115 
4 -0.444301 
4 -0.166838 
4 0.238813 
4 0.29726 
4 0.748027 
4 -0.0273639 
4 0.0765009 
4 0.180366 
4 0.128433 
4 -1 
4 -0.228931 
4 -0.291025 
4 -0.259978 
4 -0.405982 
4 -0.367663 
4 -0.547208 
4 0.62204 
4 1 
4 0.346958 
4 0.396657 
4 -0.329344 
4 0.496054 
4 -0.737586 
4 0.268036 
4 0.0245685 
4 0.1544 
4 -0.197885 
4 -0.0971009 
4 -0.275501 
4 -0.386823 
4 -0.425142 
4 -0.912529 
4 0.685034 
4 0.874013 
4 0.371807 
4 0.209589 
4 -0.348503 
4 0.102467 
4 0.446355 
4 0.322109 
4 0.559047 
4 -0.310184 
4 -0.244455 
4 -0.495755 
4 -0.598661 
ZONE T="boundary3"
-3.27924 -1 
-1.3284 -1 
-1.49486 -1 
0.552185 -1 
-0.0429793 -1 
0.330148 -1 
-1.24518 -1 
0.0145606 -1 
0.0798043 -1 
-1.98556 -1 
-1.64736 -1 
1.70242 -1 
4 -1 
3.56855 -1 
-3.63962 -1 
3.1371 -1 
-1.81646 -1 
2.42646 -1 
1.84382 -1 
2.63754 -1 
2.88732 -1 
-2.37389 -1 
-2.80541 -1 
-2.58965 -1 
-3.81981 -1 
-4 -1 
-3.45943 -1 
-0.44031 -1 
-0.392639 -1 
-0.166326 -1 
-0.100519 -1 
0.145048 -1 
-0.487982 -1 
0.441167 -1 
-0.583326 -1 
0.96018 -1 
0.765364 -1 
0.658775 -1 
0.237598 -1 
-0.312385 -1 
-0.232132 -1 
1.14867 -1 
1.05442 -1 
-0.961023 -1 
-0.867623 -1 
-1.06149 -1 
-1.16195 -1 
-0.774223 -1 
3.35283 -1 
1.56102 -1 
1.45075 -1 
-3.04233 -1 
1.34047 -1 
1.24457 -1 
2.02959 -1 
2.21537 -1 
-0.678775 -1 
-0.820923 -1 
-1.41163 -1 
0.0471824 -1 
3.78428 -1 
-1.90101 -1 
-1.73191 -1 
2.76243 -1 
-2.17973 -1 
-2.69753 -1 
-3.9099 -1 
-0.416474 -1 
-0.133422 -1 
-0.0142093 -1 
0.112426 -1 
-0.0717492 -1 
0.496676 -1 
0.862772 -1 
0.60548 -1 
0.712069 -1 
0.283873 -1 
-0.464146 -1 
1.10154 -1 
0.385657 -1 
-0.914323 -1 
-1.11172 -1 
3.24496 -1 
-1.01125 -1 
1.50588 -1 
-1.57111 -1 
3.46069 -1 
-1.28679 -1 
-1.20356 -1 
0.191323 -1 
1.29252 -1 
1.19662 -1 
1.77312 -1 
-2.48177 -1 
-3.16078 -1 
1.63172 -1 
2.12248 -1 
1.93671 -1 
2.32091 -1 
2.532 -1 
-2.92387 -1 
-0.199229 -1 
-0.352512 -1 
-0.535654 -1 
-0.272259 -1 
-0.63105 -1 
-0.726499 -1 
-0.844273 -1 
-0.797573 -1 
1.0073 -1 
-3.36933 -1 
1.39561 -1 
-3.54952 -1 
-3.72971 -1 
3.01221 -1 
ZONE T="boundary4"
-0.437413 0.313563 
-0.420367 0.32822 
-0.624077 0.000443234 
-0.546362 0.187771 
-0.606782 0.067268 
-0.627433 -0.0219481 
0.624077 0.0931343 
0.629094 0.0759587 
0.469214 0.387352 
0.64219 -0.00904815 
-0.598665 0.0892033 
0.605786 0.144611 
0.612384 0.127286 
0.636894 0.0418736 
0.633379 0.0589161 
0.553352 0.266986 
0.561485 0.249637 
0.52578 0.31685 
0.515542 0.332254 
0.535591 0.300629 
0.569278 0.232113 
0.618459 0.110282 
-0.619513 0.0228099 
-0.613741 0.0451134 
-0.591721 0.105743 
-0.575849 0.138447 
-0.556759 0.17163 
-0.566618 0.155155 
-0.535263 0.203874 
-0.402847 0.342306 
-0.523697 0.21964 
-0.498767 0.250781 
-0.511448 0.235389 
-0.454009 0.29827 
-0.484679 0.266834 
-0.366373 0.368883 
-0.347287 0.381488 
-0.327832 0.393518 
-0.287063 0.416298 
-0.2657 0.427037 
-0.221512 0.446887 
-0.198717 0.455968 
-0.151011 0.472615 
-0.125971 0.480144 
-0.100717 0.486933 
-0.0742702 0.493201 
-0.0476463 0.49866 
0.00849627 0.507426 
-0.0196411 0.503496 
-0.244029 0.437156 
-0.384817 0.355878 
0.576861 0.214559 
0.584341 0.196966 
0.49332 0.361265 
-0.470044 0.282397 
0.641352 0.00784788 
0.639573 0.0248281 
0.544765 0.283984 
0.48137 0.374804 
0.456527 0.399298 
0.429899 0.421152 
0.322735 0.478762 
0.375065 0.455592 
0.400948 0.440861 
0.504669 0.347135 
0.348466 0.468364 
0.0680821 0.512655 
0.0997543 0.513681 
0.231048 0.503401 
0.293772 0.488471 
0.264441 0.496409 
0.598914 0.161853 
0.591692 0.179427 
-0.307616 0.405206 
-0.174988 0.464636 
0.038253 0.510567 
0.131407 0.513432 
0.163948 0.511775 
0.19756 0.508464 
-0.428952 0.320963 
0.626661 0.0845679 
0.609125 0.135962 
0.635233 0.0504142 
0.557472 0.258338 
0.520744 0.324609 
0.530769 0.308792 
0.621331 0.101728 
-0.621942 0.0116552 
-0.625903 -0.0107317 
-0.60286 0.0782851 
-0.610402 0.0562338 
-0.584076 0.122235 
-0.571308 0.146842 
-0.595269 0.097505 
-0.540874 0.195865 
-0.411664 0.335334 
-0.529536 0.211798 
-0.505163 0.24313 
-0.517627 0.227557 
-0.445778 0.305989 
-0.49179 0.258866 
-0.356878 0.375258 
-0.337604 0.387575 
-0.276421 0.421746 
-0.210147 0.451509 
-0.138519 0.476472 
-0.0875173 0.490168 
-0.0609787 0.496032 
-0.00558761 0.505575 
-0.561758 0.163434 
-0.393885 0.349163 
0.580612 0.205767 
-0.462099 0.290406 
-0.113369 0.483632 
-0.254901 0.432174 
0.640575 0.0163497 
0.540257 0.292352 
0.641889 -0.000594272 
0.487423 0.368106 
0.443457 0.410527 
-0.47743 0.274679 
0.388139 0.448459 
0.549129 0.275522 
0.510189 0.339757 
0.462938 0.393399 
0.475363 0.381149 
0.499075 0.354266 
0.0839148 0.513324 
0.247799 0.500151 
0.308329 0.483838 
-0.551625 0.179742 
0.595322 0.170647 
0.588029 0.188201 
0.565413 0.240889 
0.573086 0.223342 
0.602378 0.153242 
0.638339 0.0333672 
-0.375645 0.362451 
-0.232806 0.442103 
-0.29738 0.410827 
-0.163028 0.468712 
-0.616771 0.0339977 
-0.317767 0.399437 
-0.186884 0.460388 
0.335679 0.473755 
0.361873 0.462202 
0.023362 0.509126 
0.0531595 0.511744 
-0.0336627 0.50119 
0.115584 0.51372 
0.147689 0.512787 
0.415641 0.431329 
0.214341 0.506158 
0.180777 0.510329 
0.631322 0.0674584 
0.615472 0.118801 
0.279164 0.492648 
ZONE T="boundary5"
-0.548954 -0.315964 
-0.561964 -0.298519 
-0.475075 -0.383132 
-0.622316 -0.154663 
-0.626162 -0.132879 
-0.628813 -0.110918 
0.640927 -0.0425343 
-0.627433 -0.0219481 
-0.629581 -0.0443224 
0.635657 -0.0752637 
0.631501 -0.0913299 
-0.603523 -0.218993 
-0.611031 -0.197652 
-0.594929 -0.239752 
0.626402 -0.106958 
-0.617266 -0.176287 
0.64219 -0.00904815 
-0.630266 -0.0888402 
-0.312391 -0.430359 
-0.332077 -0.42955 
-0.351674 -0.427629 
-0.42505 -0.408875 
-0.389142 -0.420512 
-0.370493 -0.424649 
0.620294 -0.122387 
-0.270333 -0.428745 
-0.247758 -0.426253 
-0.177075 -0.413127 
0.407638 -0.308134 
-0.490667 -0.372363 
-0.506027 -0.360217 
-0.458935 -0.392807 
-0.535277 -0.332003 
0.642055 -0.0258841 
-0.52069 -0.346994 
0.505484 -0.25897 
-0.44221 -0.401411 
-0.152011 -0.407222 
-0.574143 -0.279727 
-0.585113 -0.26013 
-0.126894 -0.401018 
-0.100757 -0.394485 
0.49399 -0.266712 
0.482239 -0.273981 
-0.201093 -0.418307 
0.578897 -0.190405 
-0.0472009 -0.381676 
-0.0745465 -0.388061 
-0.0198491 -0.375751 
0.0664745 -0.360759 
0.0958213 -0.356903 
0.187997 -0.347263 
0.219321 -0.344167 
0.156585 -0.350308 
0.126262 -0.353417 
0.315599 -0.33139 
0.283302 -0.336534 
0.347764 -0.324954 
0.602845 -0.156236 
0.458161 -0.287064 
0.52722 -0.242432 
0.547983 -0.224011 
0.59137 -0.173834 
0.563888 -0.207817 
0.613332 -0.137275 
0.638799 -0.0589792 
-0.407241 -0.415283 
-0.225086 -0.422806 
-0.630524 -0.0666285 
0.0369976 -0.365232 
0.00860697 -0.370169 
0.377863 -0.317406 
0.251336 -0.340666 
-0.291398 -0.430086 
0.433188 -0.298431 
-0.5556 -0.30735 
-0.624387 -0.143799 
-0.627637 -0.121919 
-0.628657 -0.0331227 
0.633705 -0.0833289 
-0.607421 -0.208376 
-0.599366 -0.229434 
-0.619938 -0.165512 
-0.629689 -0.099891 
-0.322245 -0.430089 
-0.341895 -0.428733 
-0.379853 -0.422726 
-0.498445 -0.366416 
-0.467083 -0.3881 
0.642246 -0.0174671 
-0.528107 -0.339621 
-0.542245 -0.324097 
-0.433691 -0.405281 
-0.164535 -0.410222 
-0.579782 -0.270019 
-0.113825 -0.397748 
0.488149 -0.270404 
-0.139449 -0.404141 
-0.450643 -0.397245 
-0.259039 -0.427626 
-0.189074 -0.415787 
-0.0608809 -0.38482 
-0.0335315 -0.37865 
0.0811478 -0.358762 
0.203662 -0.345738 
0.141425 -0.351828 
0.172292 -0.348777 
0.111039 -0.355104 
0.299469 -0.334102 
0.331712 -0.328353 
-0.482957 -0.377873 
0.470318 -0.280745 
0.499774 -0.262898 
0.537771 -0.233419 
0.516506 -0.25091 
0.585267 -0.182221 
-0.614293 -0.187014 
0.597261 -0.165135 
0.608268 -0.146854 
0.641617 -0.0342177 
0.623467 -0.114719 
0.629072 -0.099183 
0.616924 -0.129882 
0.637355 -0.0671456 
0.63999 -0.0507727 
-0.416199 -0.412223 
0.571538 -0.199238 
0.556061 -0.216041 
-0.36111 -0.426279 
-0.213079 -0.420652 
-0.513464 -0.353724 
-0.568206 -0.289226 
-0.398236 -0.418041 
-0.630202 -0.0554709 
-0.236413 -0.424637 
-0.590169 -0.250016 
-0.630545 -0.0777382 
0.0517311 -0.362916 
0.0227961 -0.367622 
0.362857 -0.321376 
-0.0876555 -0.391247 
0.392816 -0.312998 
-0.00562933 -0.372884 
0.235334 -0.342476 
0.267328 -0.338697 
-0.280865 -0.429542 
-0.301899 -0.430363 
0.445767 -0.29296 
0.420483 -0.303478 
