ZONE T="boundary0"
-4 -0.231075 
-4 -0.318836 
-4 -0.1443 
-4 0.635004 
-4 -0.0465184 
-4 -0.465366 
-4 0.446098 
-4 -1 
-4 0.273242 
-4 0.307392 
-4 -0.66566 
-4 0.817502 
-4 -0.83283 
-4 1 
-4 -0.187688 
-4 -0.392101 
-4 0.0512632 
-4 -0.565513 
-4 0.170793 
-4 0.111028 
-4 0.204942 
-4 0.376745 
-4 0.239092 
-4 -0.274956 
-4 -0.0954092 
-4 0.290317 
-4 0.726253 
-4 -0.916415 
-4 0.908751 
-4 -0.165994 
-4 -0.209382 
-4 -0.355469 
-4 0.00237239 
-4 -0.51544 
-4 -0.428734 
-4 -0.615587 
-4 -0.749245 
-4 0.14091 
-4 0.187868 
-4 0.411421 
-4 0.540551 
-4 0.222017 
-4 0.256167 
-4 0.0811455 
-4 0.342069 
ZONE T="boundary1"
1.17159 1 
-0.0738511 1 
-1.19286 1 
-0.278349 1 
0.499439 1 
-0.73461 1 
-4 1 
2.6639 1 
2.33372 1 
2.14802 1 
-2.0679 1 
-2.35393 1 
-2.88707 1 
-3.13418 1 
3.25147 1 
3.04988 1 
-3.34375 1 
-0.0103763 1 
0.216494 1 
0.0530986 1 
-0.208311 1 
-0.141081 1 
0.357967 1 
-0.5542 1 
-0.348387 1 
-0.451293 1 
-0.644405 1 
-0.963562 1 
-0.849086 1 
3.72654 1 
4 1 
3.45307 1 
0.822355 1 
0.944363 1 
1.06637 1 
1.50492 1 
1.42888 1 
1.2768 1 
-1.29807 1 
-1.40328 1 
-1.73265 1 
-1.48562 1 
-1.56796 1 
1.77164 1 
1.58095 1 
1.96233 1 
1.35284 1 
0.660897 1 
2.85689 1 
-3.55332 1 
2.49881 1 
-2.49694 1 
-2.63996 1 
-1.90027 1 
-3.77666 1 
-1.07821 1 
2.24087 1 
-2.21091 1 
-3.01063 1 
3.15067 1 
0.134797 1 
-0.174696 1 
0.0213612 1 
-0.24333 1 
-0.502747 1 
-0.39984 1 
-0.689507 1 
-0.906324 1 
3.86327 1 
3.5898 1 
3.35227 1 
1.11898 1 
0.883359 1 
1.4669 1 
1.00537 1 
1.22419 1 
-1.24546 1 
-1.6503 1 
1.6763 1 
1.31482 1 
0.287231 1 
2.95338 1 
2.05518 1 
0.741626 1 
-3.44853 1 
2.58136 1 
2.41627 1 
-2.56845 1 
-2.42543 1 
-2.76351 1 
-1.81646 1 
-1.98408 1 
1.86698 1 
-3.23897 1 
2.76039 1 
-3.88833 1 
-3.66499 1 
-0.0421137 1 
-0.107466 1 
-0.313368 1 
0.428703 1 
0.580168 1 
-0.599302 1 
-1.02089 1 
-1.13553 1 
-1.35067 1 
1.39086 1 
-1.52679 1 
-1.44445 1 
-0.791848 1 
1.54294 1 
ZONE T="boundary2"
4 -0.44084 
4 -0.538539 
4 -0.818119 
4 -0.636237 
4 -0.332278 
4 -0.386559 
4 0.304978 
4 0.613018 
4 0.058356 
4 -0.0795823 
4 0.806509 
4 -1 
4 -0.241499 
4 -0.145411 
4 0.188326 
4 0.373362 
4 0.441746 
4 0.527382 
4 0.246652 
4 1 
4 -0.271758 
4 -0.211239 
4 -0.489689 
4 -0.727178 
4 -0.359418 
4 -0.909059 
4 -0.4137 
4 -0.587388 
4 -0.0106131 
4 -0.112497 
4 0.123341 
4 0.407554 
4 0.484564 
4 0.33917 
4 0.5702 
4 0.217489 
4 0.903255 
4 0.709764 
4 -0.302018 
4 -0.226369 
4 -0.256629 
4 -0.178325 
4 0.275815 
ZONE T="boundary3"
-1.56265 -1 
-2.13735 -1 
-1.92743 -1 
2.32772 -1 
2.61725 -1 
-0.735347 -1 
-0.673721 -1 
-0.906326 -1 
-0.851637 -1 
-0.793492 -1 
0.196828 -1 
0.258816 -1 
0.13484 -1 
1.0212 -1 
1.9281 -1 
1.24673 -1 
0.320117 -1 
0.381419 -1 
0.584541 -1 
-0.281427 -1 
1.18962 -1 
-4 -1 
-3.66509 -1 
-0.488844 -1 
3.75882 -1 
4 -1 
-1.18081 -1 
3.51764 -1 
-1.42694 -1 
-2.76684 -1 
-2.90768 -1 
3.13182 -1 
2.87453 -1 
-3.33019 -1 
0.447178 -1 
0.512938 -1 
0.656143 -1 
-0.224946 -1 
-0.168464 -1 
-0.385135 -1 
-0.333281 -1 
0.0696257 -1 
-0.0820263 -1 
0.00441187 -1 
0.726401 -1 
0.796658 -1 
-0.612095 -1 
-0.55047 -1 
0.902826 -1 
1.13252 -1 
0.962014 -1 
1.30383 -1 
1.36093 -1 
-0.961016 -1 
1.48484 -1 
0.849742 -1 
-1.07039 -1 
-1.29123 -1 
1.76843 -1 
-3.49764 -1 
-1.74504 -1 
3.32473 -1 
-1.35909 -1 
-3.04852 -1 
-2.34726 -1 
-2.55705 -1 
1.60876 -1 
-2.03239 -1 
2.47248 -1 
-0.704534 -1 
-0.878981 -1 
-0.822564 -1 
0.227822 -1 
2.12791 -1 
0.350768 -1 
-0.764419 -1 
-3.83255 -1 
3.87941 -1 
3.63823 -1 
-2.83726 -1 
3.00317 -1 
0.414298 -1 
0.480058 -1 
0.620342 -1 
-0.196705 -1 
-0.253186 -1 
-0.307354 -1 
0.165834 -1 
0.102233 -1 
0.289466 -1 
-0.0388072 -1 
-0.125245 -1 
-0.359208 -1 
-0.43699 -1 
0.0370188 -1 
0.76153 -1 
-0.581282 -1 
-0.519657 -1 
0.691272 -1 
1.07686 -1 
0.991608 -1 
1.21817 -1 
1.33238 -1 
1.16107 -1 
-0.642908 -1 
1.42289 -1 
-1.01571 -1 
-1.23602 -1 
-1.1256 -1 
-3.41391 -1 
-1.49479 -1 
-1.65384 -1 
1.84826 -1 
-3.58137 -1 
3.22827 -1 
-1.83623 -1 
-1.32516 -1 
-3.18935 -1 
-2.9781 -1 
2.74589 -1 
-2.66195 -1 
-2.45216 -1 
-2.2423 -1 
0.876284 -1 
0.8232 -1 
1.27528 -1 
0.548739 -1 
0.93242 -1 
-0.933671 -1 
3.42118 -1 
1.5468 -1 
1.6886 -1 
-1.39301 -1 
ZONE T="boundary4"
-0.196337 0.521055 
-0.324929 0.02875 
-0.328025 0.00972068 
-0.254137 0.49138 
-0.425595 0.349839 
-0.233331 0.153182 
-0.25644 0.135292 
-0.620456 -0.0308151 
-0.62285 -0.048933 
0.0737993 0.363272 
0.0647646 0.344314 
-0.61746 -0.0127901 
-0.601639 0.0519306 
-0.592852 0.0784553 
-0.57259 0.128529 
-0.21501 0.165264 
-0.296826 0.0912725 
0.0386928 0.308733 
-0.610043 0.0215977 
-0.412431 0.363815 
-0.328736 -0.0095508 
-0.0596511 0.549124 
-0.0793066 0.549431 
-0.312323 0.0647778 
-0.31964 0.0471235 
0.0793359 0.380028 
-0.0214414 0.26123 
0.00453867 0.278455 
-0.56124 0.152415 
-0.54966 0.174751 
-0.5374 0.196698 
-0.525539 0.216646 
0.0577449 0.332833 
-0.513221 0.236289 
-0.354416 0.41868 
-0.33831 0.432165 
-0.501312 0.254353 
-0.476675 0.288804 
-0.488964 0.272107 
-0.398768 0.377684 
-0.438451 0.335564 
-0.463953 0.305167 
-0.136342 0.541466 
-0.156111 0.535998 
-0.0517092 0.244661 
-0.384806 0.391229 
-0.369771 0.405147 
-0.321874 0.445198 
-0.305462 0.457495 
0.0823068 0.394099 
-0.0384032 0.546721 
-0.277695 0.114942 
-0.288734 0.469299 
-0.271594 0.480632 
0.0837125 0.406971 
-0.196072 0.176363 
0.0839018 0.418666 
-0.17802 0.185966 
-0.156886 0.196345 
-0.135504 0.206222 
-0.0691601 0.236145 
-0.216303 0.511856 
-0.11721 0.54549 
-0.0982287 0.548167 
-0.0271166 0.544464 
-0.0160876 0.541521 
0.0387187 0.512138 
-0.176312 0.529111 
-0.451381 0.320522 
-0.111154 0.217097 
-0.0868058 0.227985 
-0.235392 0.502013 
0.0494331 0.321337 
0.0260704 0.296157 
0.0816092 0.439425 
0.0831131 0.429691 
0.0793915 0.448864 
0.0137263 0.529197 
0.0526346 0.498396 
0.0460433 0.505408 
0.0042047 0.533915 
0.0226251 0.52399 
0.0587475 0.490846 
0.0310071 0.518258 
0.0730133 0.46662 
0.0765511 0.457825 
0.0641142 0.483105 
0.0689252 0.474927 
-0.583031 0.104208 
-0.32677 0.019266 
-0.245097 0.14451 
-0.621729 -0.039864 
0.0695935 0.353645 
-0.619032 -0.0217902 
-0.597397 0.0652432 
-0.224258 0.159356 
-0.614019 0.00446147 
-0.419052 0.356864 
-0.328685 0.000114835 
-0.0694752 0.549494 
-0.316229 0.0560371 
-0.322546 0.0380275 
-0.00824535 0.269532 
-0.567025 0.140524 
-0.543611 0.18577 
-0.555541 0.16363 
-0.346407 0.425475 
-0.507319 0.245356 
-0.482875 0.280496 
0.0613667 0.338505 
-0.495197 0.263271 
-0.405638 0.370788 
-0.432063 0.342738 
-0.470367 0.297027 
-0.146268 0.538882 
-0.37733 0.398233 
-0.362135 0.411961 
-0.313711 0.451404 
-0.391825 0.384496 
-0.305108 0.0783373 
-0.0489947 0.548205 
-0.287674 0.103441 
-0.280209 0.475033 
0.0768173 0.371568 
-0.205607 0.170926 
-0.146217 0.201332 
-0.167491 0.191233 
0.0810017 0.387026 
-0.206374 0.516573 
-0.126808 0.543632 
-0.262911 0.486079 
-0.107743 0.546995 
0.083164 0.400518 
0.0839375 0.412816 
-0.0887791 0.54898 
-0.0327425 0.54568 
-0.0215778 0.543081 
-0.0604075 0.240347 
-0.186376 0.525212 
-0.519436 0.226503 
-0.0989688 0.222516 
-0.297141 0.463458 
-0.225899 0.507034 
-0.44496 0.328081 
-0.606044 0.0368205 
-0.244815 0.496786 
-0.123338 0.21168 
0.0155447 0.287014 
0.0441929 0.314924 
0.0325079 0.302318 
-0.0364254 0.252672 
0.0536991 0.327005 
0.0824557 0.434573 
0.083626 0.424187 
0.0494028 0.501962 
0.00900655 0.531639 
0.0424431 0.50884 
-0.0058164 0.538054 
0.0182211 0.526671 
0.026867 0.521198 
0.0748656 0.462256 
0.0805914 0.444166 
0.0557617 0.494678 
0.0349173 0.515266 
0.0665966 0.479061 
0.0780555 0.453371 
0.0710459 0.470811 
0.0615022 0.487025 
-0.187088 0.181243 
-0.16626 0.532698 
-0.0779662 0.23203 
-0.457713 0.312883 
-0.330136 0.438737 
-0.531531 0.206708 
-0.57793 0.11642 
-0.26736 0.125423 
-0.58808 0.0913845 
ZONE T="boundary5"
0.640104 -0.147738 
0.623931 -0.136832 
0.734564 -0.244275 
-0.506279 -0.456317 
0.694119 -0.193735 
-0.53285 -0.419575 
-0.576241 -0.341405 
-0.585625 -0.319578 
0.663424 -0.560422 
-0.566369 -0.361961 
-0.555669 -0.382111 
0.739933 -0.467801 
0.73177 -0.482073 
-0.625795 -0.0853093 
-0.62285 -0.048933 
0.751985 -0.441896 
-0.594332 -0.296595 
0.746297 -0.455052 
-0.323199 -0.607945 
-0.298554 -0.620228 
-0.245421 -0.642464 
-0.272226 -0.631922 
-0.345765 -0.595447 
-0.442069 -0.525153 
-0.459207 -0.508964 
-0.116684 -0.677717 
-0.0811087 -0.683896 
-0.215654 -0.652719 
-0.185502 -0.661709 
-0.152048 -0.670215 
-0.491333 -0.47452 
-0.328736 -0.0095508 
0.722845 -0.495766 
-0.0313797 -0.147433 
-0.318256 -0.0604797 
0.71372 -0.508244 
0.619412 -0.59269 
0.596 -0.606669 
0.529391 -0.0908652 
0.508399 -0.0839976 
0.465528 -0.0731033 
0.550004 -0.0986751 
0.761541 -0.412808 
0.765868 -0.323718 
0.0799995 -0.698402 
0.122636 -0.699231 
0.165226 -0.698947 
-0.0421931 -0.68927 
-0.00318197 -0.693372 
0.328388 -0.687025 
0.761736 -0.304794 
0.363781 -0.681776 
0.288946 -0.691633 
0.461124 -0.660626 
0.430181 -0.668567 
0.583524 -0.613404 
0.545544 -0.631347 
0.569271 -0.107001 
0.504362 -0.647198 
0.653074 -0.568853 
0.642457 -0.576919 
0.655698 -0.159349 
0.670415 -0.171439 
0.377151 -0.0624276 
0.249628 -0.0707977 
0.279198 -0.0666313 
0.684143 -0.541543 
0.704001 -0.520224 
0.757215 -0.42753 
-0.291188 -0.10412 
0.768149 -0.342707 
0.76866 -0.361294 
-0.162098 -0.162733 
-0.117156 -0.162584 
0.684458 -0.184176 
0.755209 -0.284784 
0.746492 -0.265159 
0.76516 -0.396377 
0.767549 -0.379639 
0.0721526 -0.11638 
0.146002 -0.0940825 
0.588068 -0.116159 
0.606272 -0.126091 
0.703412 -0.203653 
-0.0742607 -0.156955 
-0.60182 -0.273756 
-0.367765 -0.581985 
0.108731 -0.104981 
0.720442 -0.224123 
-0.607607 -0.253189 
-0.612611 -0.232414 
-0.406509 -0.554781 
-0.624185 -0.158732 
-0.61959 -0.195701 
-0.626252 -0.121934 
0.310238 -0.0636388 
0.343347 -0.0621094 
-0.252244 -0.135968 
-0.20733 -0.154933 
0.421144 -0.0658767 
0.00229489 -0.138106 
0.398989 -0.675368 
0.0358561 -0.127866 
0.399182 -0.0637116 
0.249373 -0.695082 
0.207343 -0.697575 
0.0384041 -0.696479 
0.183853 -0.0841913 
0.216611 -0.0768553 
-0.616385 -0.214112 
0.63208 -0.142192 
-0.519934 -0.438213 
-0.58105 -0.330542 
-0.571409 -0.351733 
-0.56112 -0.37209 
0.735958 -0.474997 
-0.624631 -0.0670962 
-0.310945 -0.614223 
-0.258879 -0.637335 
-0.450723 -0.517149 
-0.0989236 -0.680963 
-0.230593 -0.647753 
-0.200623 -0.657367 
-0.168818 -0.666133 
-0.498902 -0.465497 
0.727404 -0.488983 
0.607809 -0.599851 
0.487084 -0.0780754 
0.518934 -0.0873118 
0.539743 -0.0946506 
0.101315 -0.698957 
0.143932 -0.699226 
0.346105 -0.684538 
0.445691 -0.664745 
0.564707 -0.622743 
0.589786 -0.610081 
0.559684 -0.102729 
0.525092 -0.639635 
0.647799 -0.57293 
0.658286 -0.564682 
0.663129 -0.165306 
0.264391 -0.0685626 
0.631064 -0.584993 
0.673965 -0.551182 
-0.325764 -0.0354818 
0.708934 -0.514293 
0.718362 -0.502064 
-0.306618 -0.0834767 
0.768613 -0.351995 
-0.139624 -0.163502 
0.76403 -0.314206 
0.743201 -0.461469 
0.754711 -0.434753 
0.749233 -0.448514 
0.763502 -0.404626 
0.759497 -0.420204 
0.767232 -0.333186 
0.766515 -0.388031 
0.740788 -0.254569 
0.677515 -0.17772 
0.615165 -0.131356 
0.64797 -0.153451 
0.597228 -0.121019 
0.698813 -0.198649 
0.578722 -0.111472 
-0.0956341 -0.160333 
-0.590109 -0.308136 
-0.598206 -0.285218 
-0.334549 -0.601817 
-0.356838 -0.588836 
0.0904259 -0.110628 
-0.475633 -0.492081 
-0.610202 -0.242826 
-0.387418 -0.568783 
-0.622194 -0.177255 
-0.625533 -0.140351 
0.2947 -0.0649541 
0.326782 -0.0626536 
-0.272959 -0.121565 
-0.230403 -0.146909 
-0.285455 -0.626221 
0.360251 -0.0620241 
0.443414 -0.0690119 
-0.134403 -0.674138 
0.414615 -0.672102 
0.381413 -0.678725 
-0.424594 -0.540332 
-0.0145022 -0.142915 
0.0190981 -0.13306 
-0.061674 -0.68675 
0.482847 -0.654248 
0.308685 -0.689481 
0.410171 -0.0646824 
0.0540086 -0.122136 
0.269171 -0.693496 
0.228366 -0.696472 
0.0591952 -0.697582 
0.127335 -0.0994221 
0.164886 -0.088976 
0.186289 -0.698398 
-0.0227034 -0.691471 
0.0175996 -0.695079 
0.233088 -0.0736548 
0.768302 -0.370479 
0.758732 -0.294704 
0.751098 -0.274862 
0.694304 -0.531099 
0.727718 -0.234048 
0.712134 -0.213716 
0.689333 -0.188912 
-0.626338 -0.103618 
-0.61806 -0.204919 
-0.604815 -0.263499 
-0.614568 -0.223276 
-0.544622 -0.401064 
0.388174 -0.0629611 
0.200199 -0.0803754 
-0.0527352 -0.152576 
-0.184907 -0.159957 
