ZONE T="boundary0"
-4 -0.478676 
-4 -1 
-4 -0.234143 
-4 0.297752 
-4 0.261762 
-4 -0.329298 
-4 0.479625 
-4 -0.597241 
-4 -0.715807 
-4 -0.857903 
-4 -0.191619 
-4 0.138677 
-4 0.0141143 
-4 -0.403987 
-4 -0.149095 
-4 0.333742 
-4 0.369733 
-4 0.609719 
-4 -0.0674905 
-4 0.739813 
-4 1 
-4 0.869906 
-4 -0.281721 
-4 0.182224 
-4 0.225772 
-4 0.279757 
-4 -0.537959 
-4 -0.212881 
-4 0.0763955 
-4 -0.441331 
-4 -0.366643 
-4 0.315747 
-4 -0.656524 
-4 -0.786855 
-4 -0.928952 
-4 0.674766 
-4 0.804859 
-4 -0.170357 
-4 -0.257932 
-4 -0.305509 
-4 -0.108293 
-4 -0.0266881 
-4 0.203998 
-4 0.243767 
-4 0.424679 
-4 0.544672 
-4 0.934953 
-4 0.351737 
-4 0.160451 
ZONE T="boundary1"
-2.63156 1 
-2.43807 1 
0.928178 1 
1.64136 1 
1.81253 1 
3.6874 1 
-0.270143 1 
-0.356283 1 
-0.104855 1 
-0.538 1 
1.33944 1 
-0.644679 1 
-0.751358 1 
3.37479 1 
3.20112 1 
3.53109 1 
-1.65508 1 
-0.860589 1 
-1.79567 1 
-1.93626 1 
-2.09041 1 
2.877 1 
-2.83396 1 
-3.03637 1 
2.19314 1 
0.605843 1 
-0.174722 1 
0.350916 1 
0.230686 1 
-0.0349873 1 
0.290801 1 
0.104476 1 
0.0347442 1 
-0.447142 1 
0.47838 1 
0.167581 1 
0.875055 1 
0.76881 1 
-0.96982 1 
1.04568 1 
0.981301 1 
1.11005 1 
-1.10026 1 
0.821932 1 
-1.4192 1 
-1.32494 1 
1.9837 1 
4 1 
3.8437 1 
1.44008 1 
1.2388 1 
1.54072 1 
-3.29498 1 
-3.5536 1 
-2.24457 1 
2.40259 1 
2.72654 1 
-3.7768 1 
3.02745 1 
-4 1 
-1.23069 1 
-2.53481 1 
1.72695 1 
-0.313213 1 
-0.698019 1 
3.28796 1 
3.60924 1 
-1.86596 1 
-2.93516 1 
-2.73276 1 
-0.139788 1 
0.260743 1 
-0.0699209 1 
-0.222432 1 
0.06961 1 
-0.401712 1 
0.320859 1 
0.136028 1 
0.199133 1 
0.414648 1 
0.542111 1 
-0.59134 1 
-0.492571 1 
0.901617 1 
0.687326 1 
-0.805974 1 
-0.915205 1 
1.01349 1 
-1.03504 1 
0.795371 1 
-1.37207 1 
3.92185 1 
3.45294 1 
-1.53714 1 
1.4904 1 
1.89811 1 
2.08842 1 
-3.42429 1 
2.29787 1 
2.56457 1 
3.11429 1 
-2.34132 1 
-3.16567 1 
-3.6652 1 
-3.8884 1 
3.76555 1 
-1.72537 1 
-0.000121535 1 
0.95474 1 
0.848494 1 
1.07786 1 
-1.16547 1 
-1.27782 1 
1.17443 1 
-2.16749 1 
2.80177 1 
2.95223 1 
1.38976 1 
1.59104 1 
1.28912 1 
-2.01334 1 
ZONE T="boundary2"
4 -0.825057 
4 -0.650115 
4 0.0505347 
4 0.421506 
4 0.81102 
4 -1 
4 -0.444301 
4 0.292885 
4 0.26557 
4 0.183623 
4 0.117079 
4 0.357196 
4 0.521773 
4 0.62204 
4 -0.083477 
4 -0.0388065 
4 -0.250305 
4 -0.168867 
4 -0.209586 
4 1 
4 -0.128148 
4 -0.291025 
4 -0.367663 
4 -0.329344 
4 0.238254 
4 -0.737586 
4 -0.912529 
4 -0.547208 
4 0.279228 
4 0.0838068 
4 0.389351 
4 0.47164 
4 0.571907 
4 -0.0611417 
4 -0.189227 
4 0.71653 
4 0.90551 
4 -0.105812 
4 0.00586414 
4 -0.148507 
4 -0.229946 
4 -0.270665 
4 -0.405982 
4 -0.348503 
4 0.325041 
4 0.210939 
4 0.150351 
4 -0.310184 
4 0.251912 
ZONE T="boundary3"
-4 -1 
-3.63962 -1 
-0.04312 -1 
-0.376348 -1 
-0.239355 -1 
-1.57526 -1 
-1.49486 -1 
0.0184125 -1 
0.0885568 -1 
1.24457 -1 
1.57658 -1 
-1.06149 -1 
0.444676 -1 
0.549971 -1 
-3.45943 -1 
-0.773199 -1 
1.70242 -1 
2.42646 -1 
-2.37389 -1 
-2.80541 -1 
-1.24518 -1 
3.12007 -1 
-3.27924 -1 
3.75 -1 
3.55141 -1 
4 -1 
2.88732 -1 
-0.172004 -1 
-0.104652 -1 
-0.511818 -1 
0.93195 -1 
-0.867623 -1 
-0.916089 -1 
-0.678775 -1 
-0.725987 -1 
0.158701 -1 
0.679724 -1 
1.34766 -1 
1.45075 -1 
0.294212 -1 
0.203871 -1 
0.249042 -1 
0.809477 -1 
-1.15333 -1 
-0.964554 -1 
1.86601 -1 
2.02959 -1 
-1.37002 -1 
-1.80574 -1 
-1.65566 -1 
-1.95582 -1 
-2.16485 -1 
3.35283 -1 
1.1495 -1 
1.05442 -1 
2.22802 -1 
0.339382 -1 
-0.595296 -1 
-3.81981 -1 
-0.307852 -1 
-1.53506 -1 
-0.0123538 -1 
0.497324 -1 
-2.58965 -1 
-3.04233 -1 
3.65071 -1 
2.65689 -1 
-0.138328 -1 
-0.20568 -1 
0.0534846 -1 
-0.0738862 -1 
-0.891856 -1 
-0.444083 -1 
-0.702381 -1 
1.3992 -1 
0.123629 -1 
0.226457 -1 
0.870714 -1 
-1.10741 -1 
1.29611 -1 
1.6395 -1 
1.78421 -1 
1.9478 -1 
-3.36933 -1 
0.744601 -1 
-3.54952 -1 
-1.7307 -1 
-1.88078 -1 
-2.06034 -1 
-2.26937 -1 
3.45212 -1 
1.19703 -1 
1.10196 -1 
2.12881 -1 
3.23645 -1 
3.0037 -1 
3.875 -1 
0.316797 -1 
0.271627 -1 
0.392029 -1 
0.181286 -1 
0.614847 -1 
0.993187 -1 
-0.820411 -1 
-1.01302 -1 
-0.940322 -1 
-0.749593 -1 
-0.637035 -1 
-0.553557 -1 
-1.61546 -1 
-1.3076 -1 
1.51366 -1 
-1.43244 -1 
-1.19925 -1 
2.32724 -1 
ZONE T="boundary4"
-0.613326 0.0733776 
0.570098 0.187645 
0.578259 0.170193 
0.637417 -0.0167962 
-0.605412 0.0954254 
0.510098 0.309022 
0.519493 0.292565 
0.456073 0.382466 
0.635955 9.76396e-05 
0.500136 0.325106 
-0.630079 0.00646941 
-0.625686 0.0288209 
-0.620094 0.0511542 
-0.583108 0.145076 
-0.598631 0.112077 
-0.574069 0.161971 
-0.564407 0.178658 
-0.543332 0.211392 
-0.554215 0.195033 
-0.412183 0.352517 
-0.531984 0.227434 
-0.493547 0.275487 
-0.50747 0.259142 
-0.519959 0.243467 
0.545468 0.240563 
0.537114 0.258186 
-0.429653 0.338116 
-0.479047 0.291337 
-0.37573 0.379689 
-0.356613 0.392569 
-0.337099 0.404847 
-0.394176 0.366394 
-0.446626 0.323138 
-0.463125 0.307527 
-0.252763 0.449196 
-0.274606 0.438952 
-0.230038 0.45902 
-0.207023 0.468148 
0.586356 0.152743 
-0.183041 0.476824 
-0.158805 0.484763 
0.528523 0.275506 
-0.633269 -0.0158644 
0.553695 0.222868 
0.478955 0.355186 
0.467608 0.369314 
0.633516 0.0170325 
0.418675 0.41823 
0.444025 0.395047 
0.315298 0.480853 
0.286978 0.491759 
0.489753 0.340503 
-0.0542893 0.510146 
0.00239802 0.518227 
0.0624165 0.522474 
0.03238 0.520911 
0.225177 0.508997 
0.258154 0.500825 
0.191954 0.51513 
0.561885 0.205237 
0.594102 0.135688 
0.625886 0.050914 
0.630138 0.0339923 
0.601595 0.118548 
0.614995 0.084798 
-0.316791 0.416761 
-0.296121 0.428047 
-0.133482 0.492205 
-0.107943 0.498857 
-0.0812024 0.504931 
-0.0260064 0.514668 
0.340329 0.469326 
0.366066 0.455331 
0.620776 0.0679627 
0.390974 0.439363 
0.0942331 0.522864 
0.125956 0.521896 
0.158477 0.519406 
0.57418 0.17892 
0.514865 0.300833 
0.636809 -0.00833866 
0.505192 0.317111 
-0.628027 0.0176736 
-0.623031 0.0400231 
-0.609503 0.0844494 
-0.616848 0.0623079 
-0.591155 0.128711 
-0.569307 0.170355 
-0.578661 0.153562 
-0.602096 0.103782 
-0.559375 0.186885 
-0.537714 0.219452 
-0.50058 0.267376 
-0.513774 0.251352 
0.541318 0.249388 
-0.420978 0.345389 
-0.486368 0.283476 
-0.366222 0.386204 
-0.346903 0.398783 
-0.385006 0.373115 
-0.454945 0.315406 
-0.263723 0.444157 
-0.218565 0.463671 
0.58232 0.161474 
-0.195065 0.472578 
-0.526028 0.235493 
-0.403236 0.359529 
-0.548834 0.203253 
-0.631821 -0.00467645 
0.473358 0.362311 
0.634852 0.00858185 
0.431607 0.406919 
0.301227 0.486536 
0.495021 0.332857 
0.461912 0.375952 
0.48443 0.347901 
0.532868 0.26687 
0.450118 0.388823 
0.0473908 0.521835 
0.272635 0.49651 
0.20861 0.512304 
0.565987 0.196439 
-0.47116 0.299505 
0.557786 0.214051 
0.549588 0.231718 
0.590253 0.144226 
0.628112 0.0424783 
0.597886 0.127134 
0.524072 0.284069 
0.631936 0.0255342 
0.608524 0.101764 
-0.241438 0.454195 
-0.306499 0.422483 
-0.170953 0.480885 
-0.146172 0.488582 
-0.285406 0.433582 
-0.438203 0.3307 
-0.326991 0.410883 
-0.120738 0.495629 
-0.094597 0.502001 
-0.0401669 0.512526 
0.327904 0.475286 
0.35332 0.462554 
-0.0118194 0.516569 
0.0173767 0.519707 
0.617963 0.0764041 
-0.0677667 0.507646 
0.24173 0.505171 
0.378667 0.447577 
0.0783228 0.522835 
0.1101 0.522554 
0.40506 0.429106 
0.175244 0.517491 
0.142231 0.520846 
0.623421 0.0594679 
ZONE T="boundary5"
-0.597673 -0.229486 
-0.562725 -0.28473 
-0.549029 -0.300694 
0.62944 -0.0997167 
0.633092 -0.0834311 
-0.631026 -0.125739 
-0.633917 -0.10411 
0.592095 -0.184408 
0.602912 -0.166156 
0.624832 -0.115611 
-0.587213 -0.248845 
0.637875 -0.0336708 
0.637417 -0.0167962 
0.612742 -0.146619 
-0.626896 -0.147117 
0.413623 -0.32692 
-0.472443 -0.358936 
-0.456005 -0.366728 
-0.614861 -0.188994 
-0.621505 -0.168239 
-0.119426 -0.375956 
-0.145444 -0.378816 
-0.288228 -0.392865 
-0.34856 -0.39212 
-0.385882 -0.387516 
-0.367299 -0.390277 
-0.439075 -0.373468 
0.580299 -0.201718 
0.566066 -0.220044 
-0.329029 -0.393149 
-0.267061 -0.391691 
-0.220991 -0.387531 
-0.244023 -0.38983 
-0.421801 -0.379136 
-0.403955 -0.383837 
0.498756 -0.282637 
0.487246 -0.290386 
-0.488421 -0.350042 
0.509973 -0.274393 
-0.19624 -0.384759 
-0.309358 -0.393382 
-0.171499 -0.381852 
-0.0923108 -0.373274 
-0.635579 -0.0822956 
0.637309 -0.0504034 
-0.519477 -0.328338 
-0.575583 -0.26728 
-0.636022 -0.0602891 
0.550931 -0.237201 
-0.037269 -0.369057 
-0.0652589 -0.370983 
-0.00935895 -0.36759 
0.0477903 -0.365815 
0.0192573 -0.366518 
0.0769821 -0.36537 
0.135995 -0.364766 
0.106108 -0.365074 
0.196682 -0.363401 
0.165882 -0.364282 
-0.633269 -0.0158644 
0.227496 -0.361923 
0.259043 -0.359564 
0.384126 -0.336797 
0.290542 -0.356115 
0.322463 -0.351244 
0.463563 -0.304361 
-0.534694 -0.315114 
-0.504259 -0.339772 
0.531031 -0.256795 
0.619215 -0.13136 
0.635717 -0.0669747 
-0.635252 -0.0381344 
-0.60685 -0.2096 
0.354305 -0.344716 
0.438906 -0.316532 
-0.556024 -0.292839 
0.631393 -0.0916023 
-0.632627 -0.114945 
0.597654 -0.175371 
-0.5926 -0.23925 
0.637773 -0.0252301 
-0.629117 -0.136458 
-0.464287 -0.362965 
-0.618339 -0.178667 
-0.132438 -0.377357 
-0.35794 -0.391309 
-0.376608 -0.389016 
-0.447593 -0.370231 
0.573329 -0.210994 
-0.3388 -0.392741 
-0.232503 -0.388724 
-0.255537 -0.390825 
-0.394944 -0.3858 
0.49304 -0.28657 
-0.430481 -0.376433 
-0.208613 -0.386172 
-0.298791 -0.393214 
-0.158473 -0.380321 
-0.105873 -0.374571 
-0.480505 -0.354621 
-0.412912 -0.381617 
-0.581559 -0.258164 
-0.635953 -0.0712954 
-0.624358 -0.157718 
-0.0512679 -0.369963 
-0.0233169 -0.368268 
0.0335228 -0.366127 
0.121052 -0.364931 
0.181284 -0.363902 
0.0915437 -0.365213 
0.243278 -0.360864 
0.306531 -0.353866 
-0.27764 -0.392351 
0.475539 -0.297602 
-0.634902 -0.0932146 
-0.541992 -0.308034 
0.504408 -0.278574 
-0.511967 -0.334187 
0.520684 -0.265812 
-0.569315 -0.276124 
0.398958 -0.332108 
0.616088 -0.139036 
0.637721 -0.0420415 
0.622141 -0.123528 
0.608003 -0.156477 
0.634534 -0.0752235 
0.627256 -0.107699 
0.636642 -0.0587014 
-0.496428 -0.345043 
-0.635788 -0.0492065 
-0.611014 -0.199359 
-0.319195 -0.393359 
0.586329 -0.193153 
-0.634409 -0.0269862 
-0.183869 -0.383312 
0.0623857 -0.365566 
0.369274 -0.340979 
0.338429 -0.348198 
-0.0787892 -0.372077 
0.0049473 -0.367003 
0.150939 -0.364557 
-0.527206 -0.321865 
-0.602415 -0.219614 
0.558631 -0.22874 
0.451343 -0.310668 
0.42635 -0.321934 
0.212093 -0.362749 
0.541176 -0.247196 
0.274809 -0.35799 
