ZONE T="boundary0"
-4 -0.302932 
-4 -1 
-4 -0.232447 
-4 0.285584 
-4 0.438589 
-4 1 
-4 -0.0527399 
-4 0.220281 
-4 -0.667189 
-4 0.822359 
-4 0.644718 
-4 -0.357031 
-4 -0.41113 
-4 0.17101 
-4 0.121739 
-4 0.0231974 
-4 -0.128677 
-4 -0.539159 
-4 0.362086 
-4 0.541654 
-4 -0.267689 
-4 -0.833594 
-4 0.733539 
-4 -0.384081 
-4 0.252933 
-4 0.146375 
-4 0.0724684 
-4 -0.0907086 
-4 -0.603174 
-4 -0.180562 
-4 0.490121 
-4 0.91118 
-4 0.195646 
-4 0.323835 
-4 -0.0147713 
-4 0.400337 
-4 0.593186 
-4 -0.329981 
-4 -0.475145 
ZONE T="boundary1"
-3.60419 1 
-4 1 
1.23644 1 
1.09879 1 
1.16761 1 
-0.363306 1 
3.81465 1 
3.6293 1 
-0.435752 1 
0.00674226 1 
-0.038872 1 
-0.531201 1 
0.681697 1 
1.44154 1 
1.64146 1 
-3.11547 1 
3.44395 1 
3.2586 1 
-2.85135 1 
3.02338 1 
2.78817 1 
2.58915 1 
2.39014 1 
-1.8716 1 
-1.64906 1 
-0.169147 1 
-0.29086 1 
-0.230004 1 
0.289519 1 
0.216552 1 
-0.10401 1 
0.0979707 1 
0.0523565 1 
-0.626651 1 
0.392245 1 
-0.797028 1 
0.494971 1 
-0.923198 1 
-1.01621 1 
-1.10922 1 
0.908911 1 
0.795304 1 
0.588334 1 
-1.34719 1 
-1.42651 1 
1.33899 1 
4 1 
-1.26786 1 
1.83493 1 
-2.0632 1 
-2.25479 1 
-2.58722 1 
-2.42101 1 
2.0284 1 
2.20927 1 
-1.53778 1 
0.143585 1 
-3.35983 1 
-3.80209 1 
1.1332 1 
3.72197 1 
-0.0160648 1 
1.5415 1 
3.35127 1 
-2.98341 1 
2.90578 1 
2.48965 1 
-1.76033 1 
-0.260432 1 
-0.399529 1 
-0.199575 1 
0.253035 1 
-0.0714408 1 
-0.136578 1 
-0.483477 1 
-0.327083 1 
0.0751636 1 
-0.578926 1 
0.0295494 1 
0.340882 1 
-0.71184 1 
0.443608 1 
-1.06271 1 
1.00385 1 
-0.860113 1 
0.852108 1 
0.738501 1 
0.541653 1 
-1.38685 1 
1.20202 1 
0.635016 1 
3.90732 1 
-1.9674 1 
-2.71928 1 
-2.50411 1 
1.93166 1 
2.2997 1 
2.11883 1 
3.53662 1 
2.68866 1 
1.7382 1 
3.14099 1 
-1.59342 1 
0.180068 1 
0.120778 1 
-2.159 1 
1.28771 1 
-1.18854 1 
1.39026 1 
-0.969702 1 
-2.3379 1 
-3.23765 1 
-3.48201 1 
-1.48215 1 
-1.30752 1 
ZONE T="boundary2"
4 -0.672536 
4 -0.347239 
4 -0.208242 
4 0.134041 
4 0.164615 
4 0.325497 
4 0.369332 
4 0.446263 
4 0.489304 
4 0.809213 
4 -0.119321 
4 -0.31249 
4 -0.47401 
4 -0.573273 
4 -0.836268 
4 -1 
4 0.281662 
4 -0.0304002 
4 0.0518204 
4 0.532344 
4 0.238426 
4 0.618426 
4 1 
4 0.303579 
4 0.19519 
4 -0.27774 
4 0.347415 
4 0.407798 
4 -0.329864 
4 -0.523642 
4 -0.754402 
4 0.0107101 
4 0.510824 
4 -0.622904 
4 -0.410624 
4 0.713819 
4 0.904606 
4 -0.918134 
4 0.260044 
4 0.314538 
4 0.216808 
4 0.149328 
4 0.179902 
4 0.0929307 
4 -0.242991 
4 -0.163782 
4 -0.295115 
4 0.467783 
4 0.575385 
4 -0.0748607 
4 0.292621 
ZONE T="boundary3"
-3.70054 -1 
-4 -1 
0.0420498 -1 
0.0799771 -1 
-0.907751 -1 
-0.799708 -1 
0.749062 -1 
0.692379 -1 
-0.0532992 -1 
0.00412237 -1 
-1.35489 -1 
-0.469638 -1 
-1.23893 -1 
-0.691664 -1 
3.48629 -1 
4 -1 
3.65753 -1 
1.29067 -1 
-1.55372 -1 
1.5253 -1 
2.95603 -1 
-1.98843 -1 
-3.44743 -1 
-3.19431 -1 
-2.83671 -1 
-2.43424 -1 
3.31506 -1 
2.73801 -1 
-2.21133 -1 
0.255501 -1 
0.399552 -1 
0.476974 -1 
0.322131 -1 
0.134424 -1 
0.188871 -1 
-0.192867 -1 
-0.110721 -1 
-0.151794 -1 
0.635696 -1 
0.556335 -1 
0.843452 -1 
0.796257 -1 
0.910483 -1 
1.17075 -1 
1.07413 -1 
-0.580651 -1 
-0.275013 -1 
-0.372326 -1 
1.41059 -1 
1.64 -1 
1.78391 -1 
1.92782 -1 
-1.01536 -1 
-1.12297 -1 
-1.77108 -1 
3.13554 -1 
2.22391 -1 
0.977513 -1 
1.02582 -1 
2.37195 -1 
2.52 -1 
-3.85027 -1 
0.0610134 -1 
-0.853729 -1 
0.72072 -1 
-0.0245884 -1 
-0.745686 -1 
3.82876 -1 
-1.45431 -1 
-3.32087 -1 
-2.63547 -1 
-3.01551 -1 
-2.32278 -1 
0.438263 -1 
0.360842 -1 
0.161648 -1 
0.0230861 -1 
-0.131257 -1 
0.516655 -1 
0.222186 -1 
0.288816 -1 
0.596015 -1 
0.876967 -1 
1.12244 -1 
-0.636158 -1 
-0.420982 -1 
-0.323669 -1 
1.35063 -1 
1.23071 -1 
1.58265 -1 
1.71196 -1 
1.46795 -1 
1.85587 -1 
-1.06917 -1 
-0.961557 -1 
-1.18095 -1 
-3.57398 -1 
-1.6624 -1 
-2.09988 -1 
-1.87975 -1 
2.84702 -1 
3.04579 -1 
3.40067 -1 
-0.08201 -1 
0.943998 -1 
1.04998 -1 
0.819855 -1 
-0.23394 -1 
0.107201 -1 
-0.17233 -1 
0.772659 -1 
0.664037 -1 
1.00167 -1 
-0.525145 -1 
2.29793 -1 
2.44597 -1 
-1.29691 -1 
2.62901 -1 
2.07586 -1 
3.57191 -1 
3.2253 -1 
ZONE T="boundary4"
-0.585304 0.0375969 
-0.590156 0.0967987 
0.499789 0.163546 
0.516004 0.152407 
-0.511475 0.379052 
-0.107417 0.54712 
-0.0906708 0.533341 
-0.228647 0.582717 
-0.206789 0.582594 
-0.249774 0.580692 
-0.125161 0.558638 
-0.144683 0.568284 
-0.587742 0.057063 
-0.428581 0.483726 
-0.501397 0.395007 
-0.0756612 0.518039 
-0.414005 0.497292 
-0.311262 0.563491 
-0.590085 0.116957 
-0.586037 0.168349 
-0.5893 0.134867 
-0.583742 0.183883 
-0.569111 0.248535 
-0.577395 0.216362 
-0.54559 0.313551 
-0.558709 0.280665 
-0.529887 0.346364 
-0.520948 0.362875 
0.483026 0.173397 
-0.479541 0.425972 
-0.46777 0.440924 
-0.490805 0.41058 
-0.442237 0.469919 
-0.455257 0.455683 
-0.36623 0.534136 
-0.383164 0.522344 
-0.0494542 0.482547 
-0.0619284 0.501022 
0.592318 0.0640773 
0.598967 0.0509651 
0.625015 -0.0308365 
-0.34887 0.544855 
-0.330217 0.554872 
0.57679 0.0894743 
0.584994 0.0768283 
0.618726 -0.00320711 
0.614736 0.0105441 
0.567893 0.101646 
-0.270611 0.576718 
-0.398942 0.510124 
0.558412 0.113195 
-0.164506 0.57533 
-0.185776 0.58021 
0.610151 0.0241383 
-0.0380295 0.462771 
-0.290979 0.570988 
-0.589368 0.0768059 
0.466897 0.181504 
0.293327 0.216797 
0.324094 0.214746 
0.355083 0.211662 
0.386268 0.206822 
0.450421 0.188571 
0.417436 0.199585 
0.434036 0.194524 
0.0362896 0.322366 
0.0508424 0.304356 
0.0215121 0.344287 
0.168831 0.231906 
0.200318 0.225138 
0.0769998 0.27887 
0.00857642 0.366973 
-0.0273063 0.441764 
0.604885 0.0376779 
0.548296 0.124191 
-0.0159515 0.417697 
-0.00446801 0.393076 
0.106645 0.257848 
0.261988 0.21865 
0.230821 0.221143 
0.137259 0.24255 
0.532614 0.13904 
0.507996 0.158122 
-0.0988576 0.540468 
-0.217712 0.582946 
-0.134781 0.563755 
-0.586626 0.0473173 
-0.589777 0.125916 
-0.584949 0.176125 
-0.580816 0.200172 
-0.552426 0.29722 
-0.525487 0.354658 
-0.516279 0.371004 
0.491492 0.168617 
-0.473721 0.433501 
-0.496166 0.402839 
-0.506503 0.387073 
-0.590229 0.106878 
-0.448814 0.462864 
-0.461581 0.448362 
-0.374773 0.528355 
-0.435477 0.476892 
-0.0555176 0.491916 
0.595726 0.0575656 
-0.33962 0.550014 
0.580978 0.0832102 
0.616803 0.00368884 
-0.0686067 0.509696 
-0.357624 0.53962 
-0.260232 0.578939 
-0.391125 0.516331 
0.563234 0.107487 
-0.32081 0.559345 
-0.11613 0.553135 
-0.154495 0.572093 
-0.175069 0.57808 
-0.196248 0.581687 
0.612519 0.0173662 
-0.0435954 0.472756 
-0.406544 0.503794 
-0.28085 0.574064 
-0.239231 0.581959 
-0.301188 0.567437 
0.475023 0.177576 
-0.589869 0.0867983 
-0.421364 0.490589 
0.308709 0.215851 
0.370708 0.209497 
-0.0829787 0.525887 
-0.564169 0.264685 
0.45871 0.185159 
0.425767 0.19716 
0.0433733 0.313199 
0.0286667 0.333171 
0.622127 -0.0169646 
0.184494 0.228135 
0.0148631 0.355523 
0.607598 0.0309387 
0.553432 0.118764 
0.588741 0.0704988 
0.602007 0.0443575 
0.442268 0.19166 
-0.58866 0.066926 
-0.485239 0.418326 
-0.0325632 0.452334 
0.00190787 0.37996 
0.0634448 0.29111 
0.0914152 0.267765 
-0.0215756 0.429769 
-0.0102461 0.405379 
0.277652 0.2177 
0.401921 0.203528 
0.121677 0.249633 
0.215538 0.222892 
-0.53801 0.330089 
0.524442 0.145888 
0.540606 0.131775 
0.572429 0.0956198 
0.339598 0.213376 
-0.573485 0.23251 
-0.587956 0.151637 
0.246391 0.219757 
0.152884 0.23672 
ZONE T="boundary5"
-0.585304 0.0375969 
-0.386934 -0.307673 
-0.513107 -0.155623 
-0.503195 -0.171197 
-0.582081 0.0184169 
-0.573441 -0.0188617 
-0.578111 -0.000424638 
-0.217625 -0.425143 
-0.198382 -0.434965 
0.472113 -0.477982 
-0.522548 -0.13975 
0.40213 -0.506563 
0.382287 -0.512281 
-0.562015 -0.0549181 
-0.555316 -0.0724938 
-0.568045 -0.0371027 
-0.54799 -0.0897777 
-0.178899 -0.444327 
0.340038 -0.521712 
0.362225 -0.517195 
-0.28619 -0.385023 
-0.302901 -0.37389 
-0.457168 -0.233473 
-0.113881 -0.471638 
-0.136729 -0.462701 
-0.0907906 -0.479979 
-0.54005 -0.106785 
-0.0405968 -0.495838 
-0.157936 -0.453775 
-0.0658127 -0.488252 
-0.443307 -0.249909 
-0.415459 -0.280166 
-0.429611 -0.265246 
-0.235475 -0.415497 
-0.470588 -0.216661 
-0.354004 -0.335907 
-0.336852 -0.349372 
-0.319333 -0.362358 
-0.401396 -0.294126 
-0.370677 -0.322033 
0.54019 -0.431185 
-0.25309 -0.405445 
-0.269758 -0.39542 
-0.487335 -0.194255 
-0.531573 -0.123415 
0.633732 -0.113907 
0.634381 -0.141457 
0.629378 -0.0586209 
0.625015 -0.0308365 
0.580079 -0.386827 
0.615833 -0.317041 
0.571951 -0.397554 
0.606389 -0.341172 
0.594847 -0.363858 
0.0758016 -0.52148 
0.10837 -0.525993 
0.206108 -0.532475 
0.0147062 -0.5099 
-0.0130597 -0.503274 
0.421081 -0.500221 
0.43913 -0.493286 
0.455799 -0.486013 
0.552078 -0.419862 
0.563309 -0.407855 
0.50175 -0.460655 
0.487136 -0.469682 
0.0451499 -0.51618 
0.63232 -0.223099 
0.611402 -0.329228 
0.620744 -0.300824 
0.624693 -0.284297 
0.627769 -0.267305 
0.63432 -0.168824 
0.52782 -0.441727 
0.51491 -0.4516 
0.632165 -0.0863273 
0.633648 -0.19611 
0.291852 -0.528589 
0.31769 -0.525372 
0.265909 -0.530811 
0.236023 -0.532218 
0.173567 -0.531525 
0.141095 -0.529361 
0.630042 -0.249956 
-0.508208 -0.163446 
-0.583792 0.0279903 
-0.575868 -0.00966635 
-0.208033 -0.430112 
0.392238 -0.509525 
-0.558747 -0.0637372 
-0.570832 -0.0280087 
-0.188669 -0.439704 
0.351154 -0.519564 
-0.294579 -0.379507 
-0.125335 -0.467244 
-0.168447 -0.449117 
-0.450294 -0.241739 
-0.422592 -0.27276 
-0.345475 -0.3427 
-0.311152 -0.368174 
-0.408479 -0.287197 
-0.36239 -0.32903 
-0.378859 -0.314914 
-0.463934 -0.225112 
-0.551731 -0.081169 
-0.244311 -0.410522 
-0.479066 -0.205537 
-0.527127 -0.13162 
-0.517889 -0.147723 
0.634156 -0.127681 
0.627411 -0.0446957 
0.576082 -0.392242 
0.600894 -0.352656 
-0.394213 -0.300951 
-0.261452 -0.40048 
0.092066 -0.523878 
0.37228 -0.514836 
-0.565114 -0.0460391 
-0.0268561 -0.499658 
0.000798519 -0.506689 
0.430145 -0.496854 
0.464004 -0.482094 
0.494499 -0.465259 
0.41164 -0.503494 
0.0604539 -0.518954 
0.546214 -0.425608 
0.557781 -0.413941 
0.567694 -0.402758 
0.587761 -0.375535 
0.608968 -0.335231 
0.618412 -0.30897 
0.613691 -0.323162 
0.622837 -0.292589 
-0.436514 -0.257627 
0.63443 -0.155142 
0.521431 -0.446745 
-0.535882 -0.115136 
-0.580192 0.00897604 
-0.328137 -0.355925 
0.479673 -0.473921 
0.630942 -0.0724579 
-0.278004 -0.390268 
0.626343 -0.275821 
-0.226578 -0.420371 
-0.544095 -0.0983163 
0.304787 -0.527109 
0.328881 -0.523646 
-0.0532311 -0.492131 
-0.0783306 -0.484202 
-0.147361 -0.458304 
-0.495384 -0.182809 
0.278891 -0.52982 
-0.102363 -0.475883 
0.250973 -0.531663 
0.63406 -0.182471 
0.0299025 -0.513162 
0.633079 -0.100111 
0.221067 -0.532485 
0.189833 -0.532155 
0.157321 -0.530591 
0.124717 -0.527823 
0.447505 -0.489743 
0.629001 -0.258643 
0.631332 -0.236542 
0.633078 -0.20961 
0.508385 -0.456207 
0.534074 -0.436542 
