ZONE T="boundary0"
-4 -1 
-4 -0.673699 
-4 1 
-4 0.832012 
-4 -0.293072 
-4 -0.336156 
-4 0.22601 
-4 0.401183 
-4 0.664024 
-4 -0.249988 
-4 -0.110934 
-4 -0.0614666 
-4 -0.160402 
-4 -0.406104 
-4 -0.476052 
-4 0.278485 
-4 0.567714 
-4 0.471404 
-4 0.149021 
-4 0.0720331 
-4 0.330961 
-4 0.00528322 
-4 -0.836849 
-4 0.916006 
-4 -0.314614 
-4 0.748018 
-4 -0.0862005 
-4 -0.441078 
-4 -0.27153 
-4 -0.205195 
-4 -0.135668 
-4 0.519559 
-4 0.252247 
-4 0.187515 
-4 0.110527 
-4 0.304723 
-4 0.366072 
-4 0.436293 
-4 -0.37113 
-4 0.615869 
-4 -0.574875 
-4 -0.0280917 
-4 0.0386581 
ZONE T="boundary1"
-3.79816 1 
-4 1 
0.288507 1 
0.416198 1 
0.0260137 1 
-0.0422034 1 
-1.60135 1 
1.26575 1 
1.18056 1 
-0.727635 1 
-0.8292 1 
-1.13287 1 
1.51591 1 
1.35094 1 
-0.930766 1 
-1.03182 1 
-2.10692 1 
-1.95891 1 
-1.48559 1 
1.9491 1 
2.60414 1 
3.61717 1 
3.23434 1 
1.72834 1 
2.45938 1 
-1.81089 1 
-2.27883 1 
-2.45075 1 
2.99162 1 
0.159679 1 
0.224093 1 
-0.110421 1 
0.0928461 1 
0.352353 1 
0.583438 1 
0.499818 1 
-0.308174 1 
-0.369477 1 
-0.178646 1 
-0.246872 1 
-0.441427 1 
-0.513378 1 
-0.620506 1 
-1.25135 1 
-1.36982 1 
0.95192 1 
0.851299 1 
1.06624 1 
2.16986 1 
0.750678 1 
-3.34901 1 
-3.59632 1 
-2.76508 1 
-3.1017 1 
2.7489 1 
4 1 
3.80858 1 
0.667058 1 
-3.89908 1 
-0.00809487 1 
1.22316 1 
-0.778418 1 
1.43343 1 
-0.981291 1 
-2.03291 1 
3.42575 1 
-2.36479 1 
0.191886 1 
0.126262 1 
0.0594299 1 
-0.076312 1 
0.32043 1 
0.541628 1 
0.458008 1 
-0.338825 1 
-0.212759 1 
-0.477402 1 
-0.277523 1 
-0.674071 1 
-0.566942 1 
-0.879983 1 
-1.19211 1 
-1.08234 1 
-1.31059 1 
-1.54347 1 
-1.70612 1 
-1.42771 1 
0.90161 1 
1.00908 1 
1.1234 1 
1.30835 1 
1.62212 1 
2.31462 1 
0.800988 1 
-3.47266 1 
-3.69724 1 
-2.19288 1 
-2.60791 1 
-2.93339 1 
-1.8849 1 
2.87026 1 
3.11298 1 
-3.22535 1 
1.83872 1 
2.05948 1 
0.2563 1 
-0.144533 1 
0.384275 1 
-0.405452 1 
3.90429 1 
3.71288 1 
0.625248 1 
2.53176 1 
2.67652 1 
0.708868 1 
ZONE T="boundary2"
4 -0.537329 
4 -0.622017 
4 -0.354192 
4 -0.292839 
4 -0.26415 
4 -0.235461 
4 0.276272 
4 0.336082 
4 0.819113 
4 -0.18051 
4 -0.125559 
4 0.388946 
4 0.441811 
4 0.0953811 
4 0.490915 
4 0.187923 
4 0.638226 
4 -0.706704 
4 -1 
4 -0.415545 
4 -0.476437 
4 0.141652 
4 0.00283921 
4 0.0491102 
4 -0.0613599 
4 0.540018 
4 1 
4 0.72867 
4 -0.579673 
4 -0.323516 
4 -0.249805 
4 0.306177 
4 -0.153034 
4 0.415379 
4 -0.207985 
4 0.232097 
4 -0.66436 
4 -0.853352 
4 -0.278495 
4 -0.384868 
4 0.118517 
4 0.164788 
4 0.0259747 
4 0.0722456 
4 -0.506883 
4 -0.445991 
4 -0.0292603 
4 -0.0934594 
4 0.362514 
4 0.589122 
4 0.683448 
4 0.773891 
4 0.909557 
4 0.515467 
4 0.466363 
ZONE T="boundary3"
-3.5037 -1 
-4 -1 
-1.91123 -1 
-2.08204 -1 
0.902039 -1 
1.12898 -1 
-0.140164 -1 
-1.47631 -1 
0.675892 -1 
0.789189 -1 
-0.364034 -1 
1.75579 -1 
-1.738 -1 
-1.56477 -1 
-3.03347 -1 
-2.61644 -1 
2.54215 -1 
3.42455 -1 
3.61637 -1 
2.77326 -1 
2.32461 -1 
-2.43464 -1 
0.190966 -1 
0.125971 -1 
0.249948 -1 
0.308931 -1 
0.372347 -1 
0.435763 -1 
0.0609768 -1 
-0.0629987 -1 
-0.00101093 -1 
0.562595 -1 
3.80818 -1 
1.01489 -1 
-0.517798 -1 
-0.614421 -1 
-0.290682 -1 
-0.217329 -1 
-0.925279 -1 
3.23274 -1 
-1.21797 -1 
-1.30291 -1 
-0.818162 -1 
-0.711044 -1 
-3.26859 -1 
-1.38784 -1 
1.24307 -1 
1.36309 -1 
1.61945 -1 
1.93144 -1 
3.003 -1 
-2.25284 -1 
2.10708 -1 
4 -1 
-1.07163 -1 
1.48311 -1 
-3.75185 -1 
-1.99664 -1 
0.732541 -1 
-1.65139 -1 
-2.82496 -1 
3.52046 -1 
2.65771 -1 
0.279439 -1 
0.158469 -1 
0.404055 -1 
0.0934741 -1 
-0.0320048 -1 
-0.101581 -1 
0.0299829 -1 
0.499179 -1 
0.958464 -1 
-0.440916 -1 
-0.566109 -1 
-0.254005 -1 
0.619243 -1 
0.845614 -1 
3.32865 -1 
-1.26044 -1 
-0.764603 -1 
-3.38614 -1 
-1.34538 -1 
-1.43208 -1 
-1.52054 -1 
-1.82462 -1 
1.30308 -1 
1.68762 -1 
1.84361 -1 
3.11787 -1 
-3.15103 -1 
-2.34374 -1 
-2.16744 -1 
-2.52554 -1 
2.01926 -1 
2.88813 -1 
2.43338 -1 
2.21585 -1 
3.90409 -1 
3.71228 -1 
-0.87172 -1 
0.340639 -1 
-0.998453 -1 
-0.327358 -1 
-0.178746 -1 
0.220457 -1 
-0.662732 -1 
1.07193 -1 
-1.1448 -1 
1.18602 -1 
1.4231 -1 
1.55128 -1 
ZONE T="boundary4"
-0.385675 0.407256 
0.38275 0.361433 
0.404664 0.336672 
0.565306 0.139439 
0.582701 0.116273 
-0.639191 0.00497175 
-0.636973 0.0293667 
-0.0125887 0.534522 
0.0159851 0.534397 
-0.619986 0.103348 
-0.611008 0.128011 
0.313042 0.427616 
0.288455 0.446233 
-0.62734 0.07863 
-0.520473 0.280539 
-0.603191 0.146549 
-0.633015 0.0539369 
-0.635207 0.0416516 
-0.451858 0.353625 
-0.430531 0.372385 
-0.585199 0.182992 
-0.594628 0.164767 
-0.575127 0.200877 
-0.563111 0.220597 
-0.209166 0.498744 
-0.181898 0.507543 
0.632321 0.0195315 
-0.235987 0.488816 
-0.154283 0.515162 
-0.126334 0.521581 
0.0446061 0.532844 
0.129182 0.519185 
0.156841 0.511448 
-0.472357 0.334042 
-0.550441 0.239903 
-0.506527 0.297327 
-0.491998 0.313633 
-0.408451 0.390274 
-0.362224 0.423317 
-0.288177 0.465684 
-0.313466 0.452547 
-0.338148 0.43842 
-0.262358 0.477776 
-0.0981567 0.526755 
-0.0697406 0.530665 
-0.0412403 0.533262 
-0.535862 0.260511 
0.336992 0.407143 
0.360194 0.385036 
0.263235 0.462967 
0.507599 0.20895 
0.425914 0.311229 
0.446632 0.285422 
0.101158 0.525303 
0.0729859 0.529828 
0.211021 0.490823 
0.237373 0.47784 
0.184115 0.502025 
0.52737 0.1854 
0.61791 0.0569261 
0.547014 0.162016 
0.598332 0.0928749 
0.611941 0.0690325 
0.63874 -0.00598605 
0.467075 0.259415 
0.642513 -0.031771 
0.623344 0.0445652 
0.487207 0.233942 
0.393809 0.349147 
0.574139 0.127956 
-0.638297 0.0171884 
0.00170121 0.534634 
-0.615677 0.115744 
0.300885 0.437116 
-0.623854 0.0910452 
-0.607196 0.13732 
-0.634163 0.0478032 
-0.441291 0.363113 
-0.636143 0.0355166 
-0.589998 0.173923 
-0.580239 0.191977 
-0.569205 0.210789 
-0.195579 0.503289 
-0.140343 0.518525 
0.0303076 0.533802 
0.143068 0.51552 
-0.556855 0.230301 
-0.513574 0.288994 
-0.46221 0.343939 
-0.482287 0.323942 
-0.499332 0.305541 
-0.397149 0.398879 
-0.374031 0.415404 
-0.300889 0.459245 
-0.350263 0.43099 
-0.419582 0.381441 
-0.24923 0.483433 
-0.27533 0.471863 
-0.168131 0.511502 
-0.222629 0.493921 
-0.112273 0.524325 
-0.0839688 0.528871 
-0.0269195 0.534063 
-0.543249 0.250275 
-0.325879 0.445609 
-0.598998 0.1557 
0.348727 0.396242 
0.275972 0.454804 
-0.52827 0.270603 
0.415365 0.324015 
0.115214 0.522443 
0.0588179 0.531522 
0.325157 0.417555 
0.224297 0.484543 
0.170549 0.506945 
0.250418 0.470614 
0.517465 0.197148 
0.537221 0.173723 
0.605365 0.0810862 
-0.630377 0.0663289 
0.556239 0.150787 
-0.0555034 0.532129 
0.087104 0.527757 
0.197654 0.496636 
0.590701 0.104697 
0.436322 0.298364 
0.371595 0.373359 
0.456872 0.272428 
0.640954 -0.0188266 
0.620695 0.0507785 
0.61499 0.0630103 
0.62813 0.0321587 
0.635849 0.00685677 
0.477111 0.246646 
0.497354 0.221391 
ZONE T="boundary5"
-0.546158 -0.231996 
-0.56325 -0.214198 
-0.592641 -0.175725 
-0.585905 -0.185706 
-0.639191 0.00497175 
0.315632 -0.400135 
0.288247 -0.404704 
-0.638334 -0.0430167 
-0.63965 -0.0191739 
-0.578783 -0.19541 
-0.635231 -0.066475 
-0.630326 -0.0895064 
-0.633001 -0.0780663 
0.63828 -0.109099 
-0.623617 -0.112009 
-0.615089 -0.133946 
-0.101275 -0.386554 
-0.245339 -0.36097 
-0.27082 -0.355638 
-0.339292 -0.339041 
-0.317817 -0.344689 
-0.129693 -0.381979 
-0.216286 -0.366672 
-0.187229 -0.372056 
-0.158457 -0.377131 
0.601032 -0.207779 
-0.527604 -0.248728 
-0.296256 -0.349921 
-0.486255 -0.278642 
0.613245 -0.183781 
-0.414127 -0.314445 
-0.439426 -0.303661 
-0.507637 -0.264298 
0.44705 -0.356879 
0.421925 -0.36854 
-0.387785 -0.324165 
-0.363657 -0.331986 
-0.0728402 -0.390907 
0.122326 -0.411409 
0.0946422 -0.409874 
0.0668481 -0.407774 
0.0391302 -0.405186 
0.0112155 -0.402144 
-0.401012 -0.319456 
-0.0166291 -0.398733 
0.177768 -0.412525 
0.150089 -0.412319 
-0.351499 -0.335601 
0.260786 -0.408126 
0.205501 -0.41195 
0.233148 -0.410515 
0.369648 -0.387189 
0.342795 -0.39433 
-0.0447523 -0.394959 
0.396071 -0.37862 
0.471034 -0.343727 
0.494102 -0.328842 
0.642197 -0.0834857 
0.64054 -0.0963206 
0.554733 -0.274671 
0.62364 -0.15929 
0.628094 -0.146905 
0.587172 -0.231125 
0.632041 -0.134381 
0.536018 -0.294352 
0.643645 -0.0576747 
0.571745 -0.253553 
-0.604751 -0.155221 
0.642513 -0.031771 
-0.46349 -0.291754 
0.515681 -0.312482 
-0.554868 -0.22325 
-0.589323 -0.180749 
0.301962 -0.402568 
-0.639217 -0.0311078 
-0.634173 -0.0722815 
-0.63172 -0.0837994 
-0.619577 -0.123064 
-0.258087 -0.358346 
-0.328568 -0.341921 
-0.115487 -0.384293 
-0.201762 -0.369398 
-0.144078 -0.379582 
-0.63701 -0.0547758 
-0.571196 -0.20495 
-0.582391 -0.190593 
-0.426848 -0.30922 
-0.172847 -0.374622 
0.434582 -0.362914 
-0.307047 -0.347352 
-0.375754 -0.32818 
-0.0870618 -0.38876 
0.108478 -0.410715 
0.0529819 -0.406537 
0.025166 -0.403715 
-0.00271282 -0.400481 
0.163926 -0.412514 
-0.357584 -0.333817 
0.219328 -0.411346 
0.274531 -0.40655 
0.356266 -0.390932 
0.329246 -0.397393 
-0.0588014 -0.392965 
0.409073 -0.373775 
0.482706 -0.336498 
0.459155 -0.350511 
0.641444 -0.0899122 
0.625927 -0.153119 
0.594289 -0.219565 
0.382918 -0.383089 
0.639483 -0.102722 
0.630132 -0.140662 
0.0807381 -0.408889 
0.635436 -0.121805 
0.136203 -0.411947 
-0.283549 -0.352833 
0.545581 -0.284706 
0.643238 -0.0705946 
0.618665 -0.171629 
0.246975 -0.409445 
0.191634 -0.41234 
-0.0306964 -0.396884 
0.607338 -0.195882 
-0.610137 -0.144688 
-0.627198 -0.100825 
-0.537032 -0.240526 
-0.517761 -0.256692 
-0.497073 -0.271658 
-0.407584 -0.316989 
-0.394412 -0.321846 
-0.639641 -0.0070971 
-0.345401 -0.337342 
0.643406 -0.0447051 
-0.598903 -0.165594 
-0.451548 -0.297887 
-0.474982 -0.285385 
0.526034 -0.303624 
0.50505 -0.32087 
0.563451 -0.264282 
0.579656 -0.242475 
-0.230819 -0.363864 
