ZONE T="boundary0"
-4 -0.608907 
-4 -0.419585 
-4 -0.358685 
-4 -0.236246 
-4 -0.297785 
-4 0.339834 
-4 0.399905 
-4 0.685088 
-4 0.842544 
-4 1 
-4 0.285816 
-4 0.231798 
-4 0.459975 
-4 -0.0273701 
-4 -0.804453 
-4 0.572532 
-4 -0.514246 
-4 -0.174707 
-4 -0.101039 
-4 0.172467 
-4 0.113137 
-4 -1 
-4 -0.389135 
-4 -0.267016 
-4 0.369869 
-4 0.763816 
-4 0.921272 
-4 0.258807 
-4 0.42994 
-4 -0.70668 
-4 0.62881 
-4 -0.466916 
-4 -0.328235 
-4 -0.561576 
-4 -0.137873 
-4 -0.0642043 
-4 0.142802 
-4 0.312825 
-4 0.516254 
-4 0.0428834 
-4 0.202133 
-4 -0.902227 
-4 -0.205476 
ZONE T="boundary1"
-4 1 
-3.75588 1 
-3.14398 1 
1.99682 1 
1.78665 1 
3.62186 1 
4 1 
3.13473 1 
2.91808 1 
-0.775508 1 
-0.530967 1 
-0.109735 1 
-0.234916 1 
-1.36136 1 
-1.46769 1 
0.413929 1 
0.311155 1 
2.20698 1 
1.1704 1 
1.07303 1 
0.715524 1 
-1.80357 1 
-1.25503 1 
2.46487 1 
3.35138 1 
-2.94656 1 
2.69147 1 
1.66221 1 
-3.51176 1 
-0.653237 1 
-0.447885 1 
-0.29986 1 
-0.364804 1 
0.157621 1 
0.0911463 1 
0.0246718 1 
-0.0425314 1 
0.234388 1 
0.616113 1 
0.516703 1 
0.845597 1 
0.975669 1 
-1.03605 1 
-1.14554 1 
1.36486 1 
1.26763 1 
1.53776 1 
-0.905776 1 
-0.970911 1 
-2.07893 1 
-3.32787 1 
-2.35429 1 
-2.55171 1 
-2.74913 1 
-2.21661 1 
-1.63563 1 
-3.87794 1 
1.89174 1 
3.81093 1 
3.0264 1 
-0.172325 1 
-1.41453 1 
0.362542 1 
1.12172 1 
2.57817 1 
-3.04527 1 
-0.592102 1 
-0.714372 1 
-0.332332 1 
0.124384 1 
0.0579091 1 
-0.076133 1 
0.272771 1 
-0.406344 1 
0.566408 1 
0.465316 1 
0.665819 1 
0.910633 1 
-1.20028 1 
-1.09079 1 
1.31625 1 
1.21902 1 
1.45131 1 
0.78056 1 
-0.938344 1 
1.02435 1 
-1.94125 1 
-3.41981 1 
-3.63382 1 
1.59998 1 
-2.453 1 
-2.65042 1 
-2.84785 1 
2.33593 1 
2.1019 1 
2.80477 1 
3.48662 1 
-3.23593 1 
3.24305 1 
-2.28545 1 
-0.840642 1 
0.196004 1 
-0.489426 1 
-0.00892978 1 
-1.00348 1 
-0.267388 1 
-1.30819 1 
-1.55166 1 
-1.7196 1 
1.72443 1 
-2.14777 1 
ZONE T="boundary2"
4 -0.00419563 
4 0.0739879 
4 0.152172 
4 -0.290088 
4 -0.372158 
4 0.208962 
4 0.257496 
4 0.30603 
4 -0.083278 
4 -0.16236 
4 1 
4 0.364239 
4 0.422448 
4 0.790398 
4 -1 
4 -0.226224 
4 0.580797 
4 -0.83096 
4 -0.66192 
4 -0.558074 
4 -0.454227 
4 0.501622 
4 -0.413193 
4 0.0348962 
4 0.11308 
4 -0.331123 
4 0.180567 
4 0.281763 
4 -0.122819 
4 0.393343 
4 -0.0437368 
4 0.895199 
4 0.335134 
4 -0.194292 
4 0.685598 
4 -0.91548 
4 -0.609997 
4 0.233229 
4 0.462035 
4 0.54121 
4 -0.258156 
4 -0.43371 
4 -0.392675 
4 -0.506151 
4 -0.74644 
ZONE T="boundary3"
-1.45285 -1 
0.902237 -1 
1.01551 -1 
0.529174 -1 
3.41033 -1 
0.169997 -1 
2.4366 -1 
1.13077 -1 
0.423981 -1 
-0.155432 -1 
-0.116828 -1 
-0.622454 -1 
-3.02899 -1 
-2.65754 -1 
-2.78135 -1 
-3.23126 -1 
-1.23531 -1 
3.80344 -1 
4 -1 
2.77257 -1 
2.99318 -1 
3.21378 -1 
1.95173 -1 
2.12802 -1 
-2.53372 -1 
0.242179 -1 
0.314361 -1 
-0.0382271 -1 
0.081762 -1 
0.00176928 -1 
-0.413908 -1 
-0.518181 -1 
-0.232641 -1 
-0.323274 -1 
0.680323 -1 
0.735802 -1 
0.79128 -1 
-0.733085 -1 
1.24603 -1 
-0.0782234 -1 
1.49127 -1 
1.36865 -1 
-0.843716 -1 
-1.05892 -1 
-0.951317 -1 
-1.34408 -1 
-1.58631 -1 
-1.71978 -1 
-1.14712 -1 
-3.71677 -1 
-3.43354 -1 
1.63336 -1 
-1.89829 -1 
-4 -1 
1.77544 -1 
-2.30526 -1 
-2.0768 -1 
3.60689 -1 
2.28231 -1 
0.958873 -1 
1.07314 -1 
-0.13613 -1 
-2.90517 -1 
-3.13012 -1 
3.90172 -1 
2.60459 -1 
3.10348 -1 
2.03988 -1 
0.206088 -1 
0.12588 -1 
0.0417656 -1 
0.27827 -1 
0.476577 -1 
0.369171 -1 
-0.466044 -1 
-0.277958 -1 
-0.368591 -1 
0.604749 -1 
0.763541 -1 
-0.677769 -1 
-0.570317 -1 
1.1884 -1 
-0.194036 -1 
-0.0975256 -1 
1.42996 -1 
-0.7884 -1 
-1.00512 -1 
-1.39846 -1 
-1.2897 -1 
-1.51958 -1 
-1.65304 -1 
-1.10302 -1 
-3.57515 -1 
-3.85838 -1 
1.86359 -1 
-2.41949 -1 
-1.80903 -1 
-2.59563 -1 
-2.19103 -1 
3.31205 -1 
3.50861 -1 
2.88287 -1 
-0.897516 -1 
-3.3324 -1 
2.20517 -1 
2.35946 -1 
-1.98755 -1 
-2.71945 -1 
-0.0182289 -1 
-0.0582252 -1 
0.708063 -1 
0.846759 -1 
1.30734 -1 
-1.19122 -1 
1.7044 -1 
1.56231 -1 
3.70517 -1 
ZONE T="boundary4"
-0.626976 0.0267705 
-0.625599 0.126784 
-0.543204 0.326738 
-0.556179 0.308481 
-0.589131 0.249496 
-0.128933 0.454201 
-0.103439 0.446351 
0.481524 0.252367 
0.508192 0.236464 
-0.358248 0.459461 
-0.579431 0.269313 
-0.307942 0.470615 
-0.628993 0.0513301 
0.454057 0.266321 
-0.621205 0.152246 
-0.627173 0.11412 
-0.616796 0.171463 
-0.605091 0.210044 
-0.611474 0.190576 
-0.406565 0.440619 
-0.382711 0.450991 
-0.568175 0.289501 
-0.597539 0.229993 
-0.493479 0.38154 
-0.528366 0.345308 
0.0820486 0.377225 
0.111194 0.367353 
0.636995 0.0868809 
-0.429701 0.428392 
-0.451957 0.41441 
-0.0264708 0.418308 
3.70234e-06 0.407983 
-0.282379 0.473309 
-0.256697 0.474147 
0.648763 0.0471835 
0.651285 0.0336077 
-0.0780475 0.437667 
-0.473258 0.39875 
-0.230998 0.47321 
-0.333267 0.466008 
-0.154347 0.460957 
-0.179808 0.466477 
-0.205362 0.47061 
0.0265156 0.397705 
-0.512523 0.362913 
-0.628346 0.10141 
-0.629465 0.0762252 
-0.0522546 0.428193 
0.424385 0.279092 
0.362413 0.300135 
0.330401 0.309028 
0.297876 0.317299 
0.394111 0.290157 
0.595285 0.159312 
0.532311 0.219701 
0.0542414 0.387245 
0.171018 0.349257 
0.201618 0.341017 
0.265199 0.325247 
0.140397 0.358161 
0.233453 0.332971 
0.641597 0.0739063 
0.645539 0.0606096 
0.654498 -0.0216025 
0.611783 0.136353 
0.625726 0.112157 
0.555397 0.200985 
0.654244 0.00610359 
0.586108 0.170307 
0.576434 0.180866 
-0.549815 0.317698 
-0.116154 0.450388 
0.494995 0.244649 
0.467903 0.259569 
-0.626436 0.120458 
-0.619112 0.161881 
-0.608392 0.200347 
-0.614244 0.181051 
-0.628177 0.0390351 
-0.584407 0.259467 
-0.394737 0.446033 
-0.562305 0.299073 
-0.601427 0.220062 
-0.53592 0.336132 
0.0965991 0.372211 
-0.440958 0.421607 
-0.0132313 0.413152 
-0.269548 0.473956 
0.650111 0.0404143 
-0.0907161 0.442094 
-0.483519 0.390323 
-0.418248 0.434724 
-0.295187 0.472198 
-0.243842 0.473893 
-0.345821 0.462975 
-0.167046 0.463877 
-0.218163 0.472109 
-0.520574 0.354228 
-0.320649 0.468551 
-0.573943 0.279486 
-0.503159 0.37239 
-0.629105 0.0888274 
-0.0393516 0.423282 
-0.141606 0.457715 
-0.370562 0.455462 
0.439317 0.272934 
0.314156 0.313229 
0.409317 0.284816 
-0.593446 0.239793 
0.520396 0.228294 
-0.629425 0.0637747 
-0.192558 0.468724 
0.0681249 0.382175 
0.0403632 0.392432 
0.186303 0.345067 
0.281544 0.321293 
0.249323 0.32909 
0.639381 0.0804238 
0.643656 0.067284 
0.603815 0.148036 
0.619063 0.124433 
-0.462748 0.406773 
0.63169 0.0996661 
0.544035 0.21057 
0.125773 0.362676 
0.155686 0.353625 
0.0132536 0.402825 
-0.065131 0.43299 
0.346438 0.304693 
0.378311 0.295305 
0.217524 0.336943 
-0.623602 0.139551 
-0.62781 0.107771 
0.6547 -0.00774622 
0.566129 0.191151 
0.59076 0.164866 
0.581332 0.17564 
0.647239 0.0539153 
0.653111 0.019893 
ZONE T="boundary5"
0.297157 -0.470045 
0.268575 -0.47635 
0.325524 -0.462237 
0.587524 -0.240336 
-0.479136 -0.254165 
-0.459792 -0.272651 
-0.560475 -0.154631 
-0.546382 -0.175383 
0.458006 -0.398098 
0.433329 -0.414453 
-0.626976 0.0267705 
-0.623465 0.0026021 
-0.604419 -0.0673775 
-0.612145 -0.0444854 
-0.618506 -0.0211602 
-0.573356 -0.133463 
-0.585001 -0.111854 
-0.531116 -0.195738 
-0.514778 -0.215656 
-0.0747779 -0.464154 
-0.212577 -0.421349 
-0.238953 -0.410543 
-0.286116 -0.388844 
-0.439324 -0.290551 
-0.306923 -0.378217 
-0.327444 -0.36704 
-0.0467654 -0.470245 
-0.102774 -0.457209 
-0.130547 -0.44946 
-0.158355 -0.440825 
-0.185889 -0.431382 
-0.497327 -0.235266 
-0.3466 -0.355933 
-0.365455 -0.344308 
-0.382541 -0.333121 
-0.399321 -0.32147 
-0.419611 -0.306391 
-0.262686 -0.40002 
0.600188 -0.213348 
0.610513 -0.189734 
0.550437 -0.3044 
0.558656 -0.29213 
0.632678 -0.131739 
0.124126 -0.48877 
0.0952993 -0.487958 
0.066666 -0.486191 
0.0381044 -0.483505 
0.00970047 -0.479939 
-0.0185782 -0.475516 
0.181956 -0.4873 
0.152958 -0.488572 
0.239758 -0.481275 
0.210871 -0.484895 
0.353479 -0.45285 
0.407553 -0.429016 
-0.595366 -0.0898225 
0.541791 -0.316339 
0.523178 -0.339204 
0.481178 -0.380152 
0.380878 -0.441799 
0.652214 -0.049349 
0.573808 -0.266751 
0.620247 -0.165872 
0.626681 -0.148882 
0.654498 -0.0216025 
0.503073 -0.360375 
0.647629 -0.0769675 
0.641014 -0.104435 
0.282905 -0.473374 
0.311393 -0.46633 
-0.469565 -0.263513 
-0.553554 -0.165092 
0.445816 -0.4065 
-0.625408 0.0146597 
-0.60845 -0.0559878 
-0.621167 -0.00931649 
-0.579323 -0.122736 
-0.52305 -0.205782 
-0.225805 -0.416043 
-0.317221 -0.372697 
-0.116689 -0.453435 
-0.172156 -0.436204 
-0.488325 -0.244806 
-0.538864 -0.185647 
-0.506148 -0.225546 
-0.356067 -0.350185 
-0.390972 -0.327354 
-0.409535 -0.314023 
-0.6155 -0.0328701 
-0.250856 -0.405363 
0.593962 -0.226892 
-0.337059 -0.36155 
-0.27444 -0.394514 
-0.19927 -0.426462 
-0.374035 -0.338772 
0.605419 -0.201571 
-0.449657 -0.281714 
0.109709 -0.488488 
0.0523747 -0.484961 
0.0238888 -0.481831 
0.167464 -0.488074 
0.225334 -0.48324 
-0.0326913 -0.472984 
0.339569 -0.457744 
-0.296554 -0.383598 
0.420567 -0.421958 
-0.600053 -0.0786645 
0.469759 -0.389341 
0.367263 -0.447535 
0.532701 -0.327949 
-0.590336 -0.10091 
0.546169 -0.31041 
0.554602 -0.298302 
0.580832 -0.253631 
0.566442 -0.279567 
0.623514 -0.157396 
0.629739 -0.140331 
-0.0888014 -0.460783 
0.138543 -0.4888 
-0.567051 -0.144129 
0.615461 -0.177836 
-0.0607939 -0.467301 
-0.00445535 -0.477833 
-0.144483 -0.445244 
0.196426 -0.486243 
0.254196 -0.478979 
0.39432 -0.435626 
0.492315 -0.370474 
0.0809756 -0.487192 
0.650189 -0.0632022 
0.653659 -0.0355004 
0.644549 -0.0907555 
0.63703 -0.118143 
-0.429545 -0.298567 
0.513327 -0.349982 
