ZONE T="boundary0"
-4 0.580117 
-4 0.484448 
-4 -0.176705 
-4 0.195786 
-4 0.675786 
-4 0.339834 
-4 0.246119 
-4 -0.236767 
-4 -0.116643 
-4 1 
-4 -1 
-4 0.0788081 
-4 0.145453 
-4 0.412141 
-4 -0.0522401 
-4 0.0121634 
-4 -0.293178 
-4 -0.42808 
-4 -0.506572 
-4 0.837893 
-4 -0.629929 
-4 -0.753286 
-4 -0.349588 
-4 0.532283 
-4 0.292976 
-4 -0.206736 
-4 0.627951 
-4 0.220953 
-4 0.448295 
-4 -0.0844418 
-4 0.0454857 
-4 0.11213 
-4 -0.467326 
-4 0.918946 
-4 0.756839 
-4 -0.146674 
-4 -0.264972 
-4 -0.876643 
-4 -0.321383 
-4 -0.388834 
-4 0.375987 
-4 0.170619 
-4 -0.691607 
-4 -0.56825 
-4 -0.0200384 
ZONE T="boundary1"
0.759178 1 
1.78665 1 
0.158469 1 
0.223346 1 
0.588381 1 
1.06238 1 
0.958771 1 
-1.36847 1 
0.431029 1 
-3.59632 1 
-4 1 
1.166 1 
-0.983277 1 
-1.03605 1 
-1.80357 1 
1.27841 1 
-1.96122 1 
-2.11887 1 
-2.40318 1 
-2.77622 1 
-2.93896 1 
1.9491 1 
2.20424 1 
1.39083 1 
2.45938 1 
3.42575 1 
2.99162 1 
-3.1017 1 
0.0253213 1 
-0.342419 1 
-0.441427 1 
0.0918954 1 
-0.110425 1 
-0.24341 1 
-0.176917 1 
-0.0425517 1 
-0.530967 1 
-0.620506 1 
0.288223 1 
0.509705 1 
4 1 
3.71288 1 
-0.775508 1 
0.858975 1 
-1.14158 1 
-1.25503 1 
-1.46769 1 
-1.56692 1 
-0.930509 1 
-0.853008 1 
1.50752 1 
-3.34901 1 
2.7255 1 
1.62421 1 
-2.5897 1 
-0.659257 1 
-0.698007 1 
-0.292914 1 
0.190908 1 
1.01058 1 
-3.79816 1 
1.11419 1 
-1.00966 1 
-1.8824 1 
-2.26103 1 
-2.85759 1 
2.07667 1 
2.33181 1 
3.20868 1 
-0.391923 1 
-0.210164 1 
-0.0764883 1 
-0.575737 1 
0.0586084 1 
0.255784 1 
0.359626 1 
0.470367 1 
-0.486197 1 
0.67378 1 
3.85644 1 
0.908873 1 
0.809076 1 
-1.1983 1 
-1.5173 1 
-1.68524 1 
-0.891758 1 
1.33462 1 
1.22221 1 
1.44918 1 
-3.47266 1 
3.56931 1 
2.85856 1 
1.70543 1 
1.86788 1 
-2.68296 1 
2.59244 1 
-3.02033 1 
-3.22535 1 
-2.49644 1 
-2.04005 1 
0.125182 1 
-0.0086152 1 
-0.143671 1 
-0.678632 1 
-0.639881 1 
-0.736757 1 
-0.814258 1 
-1.08881 1 
-0.956893 1 
0.549043 1 
-0.317667 1 
-0.268162 1 
-1.31175 1 
1.56586 1 
-1.41808 1 
ZONE T="boundary2"
4 -0.549227 
4 -0.482271 
4 -0.171632 
4 -0.242221 
4 -0.218691 
4 0.152172 
4 0.411762 
4 0.208962 
4 0.0297344 
4 -0.63287 
4 -0.858256 
4 -0.716513 
4 -1 
4 0.0953811 
4 -0.103772 
4 -0.303141 
4 -0.26575 
4 -0.415314 
4 0.270785 
4 -0.340532 
4 0.490915 
4 0.56457 
4 0.638226 
4 0.819113 
4 1 
4 -0.0359123 
4 0.332609 
4 0.301697 
4 -0.515749 
4 -0.230456 
4 0.180567 
4 -0.591048 
4 -0.787384 
4 0.0625577 
4 -0.137702 
4 -0.284446 
4 -0.448793 
4 0.123776 
4 0.239874 
4 -0.674691 
4 -0.929128 
4 0.451338 
4 0.72867 
4 -0.00308898 
4 0.909557 
4 -0.195162 
4 -0.253986 
4 -0.321837 
4 0.317153 
4 0.286241 
4 0.372185 
4 0.601398 
4 0.527743 
4 -0.0698424 
4 -0.377923 
ZONE T="boundary3"
-3.58858 -1 
-3.45144 -1 
3.78421 -1 
0.0624802 -1 
-0.00101093 -1 
0.18796 -1 
-1.30291 -1 
-1.47631 -1 
-0.140164 -1 
-0.215423 -1 
0.249948 -1 
1.12898 -1 
1.24603 -1 
0.358709 -1 
0.571681 -1 
0.788965 -1 
0.902039 -1 
1.01551 -1 
4 -1 
-4 -1 
-3.72572 -1 
-3.10555 -1 
-1.57391 -1 
-2.77948 -1 
2.12802 -1 
-2.25284 -1 
-2.51616 -1 
2.32461 -1 
2.54859 -1 
3.56842 -1 
3.21378 -1 
0.125971 -1 
0.467471 -1 
0.304329 -1 
-0.0705874 -1 
0.675892 -1 
-0.517798 -1 
-0.40424 -1 
-0.743071 -1 
-0.66798 -1 
1.36309 -1 
-0.592889 -1 
1.61945 -1 
1.49127 -1 
1.77544 -1 
1.93144 -1 
3.3911 -1 
-0.944894 -1 
-0.818162 -1 
-1.07163 -1 
-1.18727 -1 
-1.67151 -1 
-1.86671 -1 
2.77257 -1 
2.99318 -1 
-2.05978 -1 
-3.27849 -1 
-2.64782 -1 
-0.290682 -1 
-3.52001 -1 
0.0307346 -1 
-1.38961 -1 
-0.177793 -1 
0.218954 -1 
1.18751 -1 
0.958774 -1 
3.8921 -1 
-3.86286 -1 
-2.94251 -1 
-2.3845 -1 
2.4366 -1 
-3.65715 -1 
0.41309 -1 
0.156965 -1 
0.0942257 -1 
-0.0357992 -1 
0.519576 -1 
0.623787 -1 
-0.105376 -1 
0.732429 -1 
0.845502 -1 
-0.461019 -1 
1.07224 -1 
-0.705525 -1 
1.30456 -1 
-0.555343 -1 
1.55536 -1 
1.85344 -1 
1.69745 -1 
2.22632 -1 
2.02973 -1 
3.30244 -1 
3.67631 -1 
-0.881528 -1 
3.47976 -1 
-1.00826 -1 
-1.76911 -1 
-1.52511 -1 
2.66058 -1 
-1.96324 -1 
3.10348 -1 
-1.24509 -1 
-1.12945 -1 
-3.19202 -1 
-2.58199 -1 
-2.71365 -1 
0.331519 -1 
0.277138 -1 
-0.347461 -1 
-0.630434 -1 
-0.253052 -1 
-0.780616 -1 
-3.36497 -1 
2.88287 -1 
1.42718 -1 
-1.62271 -1 
-2.15631 -1 
ZONE T="boundary4"
-0.627451 0.0202104 
0.65013 -0.0353715 
-0.625977 0.0688968 
-0.627566 0.0444008 
0.632782 0.0419498 
0.641262 0.0167432 
0.621659 0.0663191 
-0.570589 0.23892 
-0.559436 0.258553 
-0.546843 0.278679 
-0.622677 0.0936441 
-0.617674 0.118539 
-0.610993 0.143488 
-0.597853 0.181027 
-0.604864 0.162308 
-0.589783 0.200109 
-0.30653 0.483906 
-0.280654 0.494866 
-0.33182 0.471637 
-0.519759 0.316244 
-0.533712 0.29774 
-0.580554 0.219702 
-0.504052 0.335313 
-0.487523 0.353695 
-0.425819 0.410614 
-0.467909 0.373611 
-0.380326 0.443426 
-0.356429 0.45813 
-0.403479 0.427566 
-0.254214 0.50448 
-0.447315 0.39261 
-0.227338 0.51268 
-0.200077 0.519427 
0.123187 0.478684 
0.148112 0.465235 
-0.172574 0.524669 
-0.0893668 0.531098 
-0.0342721 0.527449 
-0.00713953 0.523238 
-0.0617614 0.530075 
0.0197795 0.517416 
0.271458 0.377627 
0.376447 0.292307 
0.403272 0.27126 
0.530844 0.173403 
0.456325 0.230753 
0.430108 0.250577 
0.48242 0.21124 
0.506915 0.192615 
0.0722156 0.501137 
0.0979184 0.490655 
0.172844 0.450298 
0.246814 0.397291 
0.221877 0.416366 
0.197338 0.434017 
0.573578 0.133379 
0.627521 0.0543014 
0.608023 0.0896694 
0.591947 0.112025 
0.553141 0.153768 
0.297347 0.356485 
-0.144877 0.528381 
-0.11713 0.530529 
0.0461971 0.510051 
0.323195 0.335262 
0.349773 0.313636 
0.647047 -0.00912367 
-0.626982 0.0566637 
0.63735 0.0294617 
-0.553252 0.268686 
-0.620376 0.106133 
-0.614526 0.131066 
-0.601458 0.171705 
-0.608034 0.152933 
-0.56511 0.248793 
-0.593916 0.19061 
-0.293661 0.489553 
-0.526833 0.307066 
-0.495886 0.344593 
-0.512009 0.325865 
-0.477835 0.363771 
-0.540381 0.288281 
-0.368467 0.450926 
-0.344208 0.465037 
-0.267495 0.499846 
-0.457726 0.383234 
-0.213751 0.516238 
0.135728 0.472121 
-0.240828 0.508759 
-0.186359 0.522237 
-0.0206764 0.525543 
-0.0755557 0.530786 
0.00636034 0.520526 
-0.414751 0.419225 
-0.57566 0.229358 
-0.0479979 0.528963 
-0.585265 0.209951 
0.389845 0.281747 
0.443203 0.240628 
0.469379 0.220991 
0.0851345 0.49608 
0.160556 0.457914 
0.518967 0.183117 
0.234401 0.406911 
0.209675 0.425298 
0.110627 0.484843 
0.630231 0.0481608 
0.624666 0.0603485 
0.615124 0.078166 
0.600237 0.101035 
-0.391999 0.435637 
0.563533 0.143755 
0.284421 0.367078 
0.259172 0.38751 
-0.131017 0.529651 
0.0592659 0.505783 
-0.436675 0.401741 
-0.103251 0.531012 
0.542124 0.163739 
0.185167 0.442285 
0.336471 0.324421 
-0.319252 0.477932 
-0.158749 0.526718 
0.0330385 0.513928 
0.31027 0.345867 
0.416676 0.260882 
-0.624534 0.0812992 
-0.627721 0.0323059 
0.644491 0.0038892 
0.582978 0.122895 
0.494709 0.201976 
0.648921 -0.0222046 
0.363093 0.302934 
ZONE T="boundary5"
0.184186 -0.446717 
0.156149 -0.446727 
-0.121021 -0.406145 
-0.14864 -0.398751 
0.352102 -0.423873 
0.324431 -0.430829 
-0.627451 0.0202104 
-0.625649 -0.00360412 
-0.622177 -0.0270008 
0.65013 -0.0353715 
0.564053 -0.289414 
0.648567 -0.0882549 
0.637801 -0.140708 
0.633856 -0.153707 
-0.617061 -0.0499156 
0.555202 -0.300316 
-0.580574 -0.136173 
-0.567591 -0.156206 
-0.553133 -0.17559 
-0.321802 -0.339044 
-0.230397 -0.37365 
-0.204246 -0.382215 
-0.27887 -0.356296 
-0.256401 -0.364593 
-0.301201 -0.34757 
-0.0380437 -0.425037 
-0.0657243 -0.419303 
-0.0932548 -0.41303 
-0.176522 -0.390737 
-0.610317 -0.072333 
-0.601978 -0.0941871 
-0.397373 -0.302675 
-0.413699 -0.293426 
-0.492073 -0.238044 
-0.537265 -0.194302 
0.619454 -0.192296 
-0.342241 -0.330073 
-0.380819 -0.311469 
-0.361637 -0.32102 
-0.461603 -0.262105 
-0.482225 -0.246226 
0.607904 -0.217677 
0.0171461 -0.43466 
0.0447602 -0.438515 
-0.0105196 -0.430146 
-0.520092 -0.212312 
0.128167 -0.445853 
0.100283 -0.444159 
0.0725012 -0.441699 
-0.439818 -0.277217 
0.457695 -0.380493 
0.43239 -0.393812 
0.240428 -0.443772 
0.268533 -0.440681 
0.212315 -0.445756 
0.296518 -0.436404 
0.406236 -0.405444 
0.379418 -0.415439 
0.525992 -0.330774 
0.504677 -0.348933 
0.48172 -0.365615 
0.545907 -0.310843 
0.644234 -0.114586 
0.646678 -0.101434 
-0.426862 -0.285493 
0.580348 -0.266621 
0.629476 -0.166615 
0.594908 -0.242568 
0.650592 -0.0618201 
-0.592053 -0.115482 
-0.501719 -0.229622 
0.170166 -0.446836 
-0.134848 -0.402511 
0.33831 -0.427528 
-0.626762 0.00828842 
0.635883 -0.147224 
-0.624124 -0.0153322 
-0.619827 -0.0385034 
-0.574252 -0.146298 
-0.560518 -0.166014 
-0.217342 -0.377991 
-0.290056 -0.351988 
-0.0519 -0.42224 
-0.0795059 -0.416233 
-0.1626 -0.394808 
-0.606345 -0.0833339 
-0.545341 -0.185066 
-0.332046 -0.334616 
-0.389124 -0.307126 
-0.371259 -0.316309 
-0.472012 -0.254295 
-0.351965 -0.325605 
0.613847 -0.205063 
0.0309399 -0.436669 
-0.0242966 -0.427664 
0.142153 -0.446397 
0.0863822 -0.443022 
0.0586189 -0.440194 
-0.450803 -0.269797 
0.445156 -0.387369 
0.254495 -0.442369 
0.198253 -0.44636 
0.310507 -0.433782 
0.0032988 -0.43248 
0.392901 -0.410641 
0.515513 -0.340063 
0.493357 -0.357493 
0.469841 -0.373269 
0.365818 -0.419844 
0.536152 -0.321012 
0.645522 -0.108022 
-0.433368 -0.281399 
0.550609 -0.305627 
0.559684 -0.294911 
0.57243 -0.278182 
-0.405569 -0.298109 
0.631717 -0.160179 
-0.267653 -0.360495 
-0.528805 -0.203427 
-0.311522 -0.343359 
0.641259 -0.127705 
0.647693 -0.0948539 
0.649879 -0.0750579 
0.624649 -0.179528 
0.226379 -0.444896 
0.282548 -0.438695 
0.419406 -0.399837 
-0.190404 -0.38654 
-0.107155 -0.409652 
0.114217 -0.445105 
0.58784 -0.254724 
0.650682 -0.048587 
-0.586494 -0.125927 
-0.613893 -0.0611841 
-0.496922 -0.233863 
-0.420305 -0.289502 
-0.597206 -0.104922 
-0.511017 -0.221085 
-0.487174 -0.242165 
0.601581 -0.230215 
-0.24342 -0.369184 
