ZONE T="boundary0"
-4 -0.492832 
-4 0.292839 
-4 0.606136 
-4 0.474849 
-4 0.0610882 
-4 -0.00760901 
-4 0.129785 
-4 -0.323395 
-4 0.416922 
-4 -0.841697 
-4 0.226683 
-4 0.358995 
-4 0.737424 
-4 -0.217212 
-4 -0.0600096 
-4 -0.11241 
-4 -0.425811 
-4 -0.588113 
-4 -0.683394 
-4 0.868712 
-4 1 
-4 -1 
-4 0.178234 
-4 -0.35879 
-4 -0.288001 
-4 -0.252606 
-4 -0.164811 
-4 0.540493 
-4 0.0267396 
-4 0.0954368 
-4 0.445885 
-4 0.259761 
-4 -0.08621 
-4 -0.459321 
-4 -0.635753 
-4 -0.540472 
-4 0.67178 
-4 0.803068 
-4 -0.920848 
-4 -0.762545 
-4 0.934356 
-4 0.387959 
-4 -0.3923 
-4 -0.234909 
-4 -0.341093 
-4 -0.305698 
-4 0.325917 
-4 0.15401 
-4 -0.0338093 
-4 -0.138611 
-4 -0.270303 
-4 -0.191011 
-4 0.202459 
ZONE T="boundary1"
3.4662 1 
4 1 
0.712982 1 
0.766663 1 
-0.0365958 1 
0.0268837 1 
-1.01549 1 
-0.910268 1 
-1.12071 1 
0.904834 1 
0.820344 1 
0.989325 1 
-0.600641 1 
-1.69099 1 
-3.55858 1 
-1.91359 1 
-2.09841 1 
2.61752 1 
2.84964 1 
-2.78817 1 
3.06896 1 
-3.19693 1 
-3.41144 1 
1.86558 1 
2.12548 1 
2.38539 1 
-3.70572 1 
3.64413 1 
1.56889 1 
-0.0991024 1 
-0.31165 1 
-0.500129 1 
0.0903631 1 
-0.161609 1 
0.225816 1 
0.381594 1 
0.303705 1 
0.15809 1 
0.559878 1 
0.470736 1 
1.04398 1 
1.20795 1 
-0.40589 1 
-0.701152 1 
-0.80571 1 
-1.3214 1 
-1.22105 1 
-1.39525 1 
-1.54294 1 
-1.61679 1 
-1.76519 1 
-2.28322 1 
3.28827 1 
-4 1 
-2.59392 1 
-2.98242 1 
1.27347 1 
-2.43857 1 
1.33898 1 
1.66779 1 
0.63643 1 
1.09864 1 
1.47 1 
-1.46909 1 
0.739823 1 
-0.00485607 1 
-0.962878 1 
0.862589 1 
-2.006 1 
-3.30419 1 
1.99553 1 
2.25544 1 
3.82207 1 
3.55517 1 
-0.0678491 1 
0.0586234 1 
-0.130356 1 
-0.23663 1 
0.191953 1 
0.124226 1 
0.34265 1 
0.264761 1 
0.515307 1 
0.947079 1 
1.01665 1 
-0.35877 1 
-0.550385 1 
-0.650897 1 
0.426165 1 
-0.857989 1 
-0.453009 1 
-1.27123 1 
-1.0681 1 
-1.57987 1 
-1.83939 1 
-1.72809 1 
-2.19081 1 
3.17861 1 
-3.85286 1 
2.73358 1 
2.50146 1 
-2.69105 1 
-2.8853 1 
1.24071 1 
-3.63215 1 
-3.48501 1 
-2.51625 1 
1.30622 1 
1.76668 1 
0.674706 1 
0.598154 1 
0.793504 1 
1.07131 1 
1.1533 1 
1.40449 1 
-1.17088 1 
1.61834 1 
1.51944 1 
3.37724 1 
-1.43217 1 
-1.35832 1 
-0.753431 1 
-2.3609 1 
-3.08968 1 
-1.50602 1 
-1.65389 1 
2.9593 1 
ZONE T="boundary2"
4 -0.57011 
4 -0.785055 
4 -0.334958 
4 0.808448 
4 1 
4 -0.146673 
4 0.136356 
4 -1 
4 0.489925 
4 0.616896 
4 0.197324 
4 0.284458 
4 0.310624 
4 0.258292 
4 -0.0936183 
4 0.0788621 
4 -0.226254 
4 -0.252781 
4 -0.279309 
4 -0.36408 
4 -0.305836 
4 0.0213686 
4 -0.199727 
4 -0.496217 
4 -0.422324 
4 0.362955 
4 0.42644 
4 -0.677583 
4 0.904224 
4 -0.892528 
4 0.55341 
4 0.16684 
4 0.297541 
4 0.107609 
4 -0.266045 
4 -0.320397 
4 -0.120146 
4 -0.0361249 
4 -0.1732 
4 -0.459271 
4 -0.533164 
4 0.712672 
4 -0.292572 
4 -0.349519 
4 -0.212991 
4 -0.239518 
4 0.227808 
4 0.336789 
4 0.271375 
4 0.0501153 
4 -0.393202 
4 0.458183 
4 0.394697 
ZONE T="boundary3"
-1.43822 -1 
2.73967 -1 
2.97981 -1 
2.40435 -1 
2.57201 -1 
-0.14433 -1 
1.27622 -1 
1.16379 -1 
-1.14933 -1 
-0.488801 -1 
-1.27927 -1 
-1.35874 -1 
-0.655127 -1 
-0.599334 -1 
-1.60488 -1 
3.80499 -1 
4 -1 
-1.0194 -1 
-0.822505 -1 
-1.93427 -1 
-2.32401 -1 
-3.75 -1 
-3.50153 -1 
3.21995 -1 
3.60997 -1 
-1.76958 -1 
-3.25306 -1 
-3.02227 -1 
-2.79149 -1 
-2.55775 -1 
-0.766713 -1 
-0.71092 -1 
0.0903731 -1 
0.163612 -1 
-0.378268 -1 
-0.25899 -1 
-0.0873974 -1 
-0.20166 -1 
-0.544068 -1 
-0.0304648 -1 
0.236851 -1 
0.425259 -1 
0.641257 -1 
0.533258 -1 
0.331055 -1 
0.788832 -1 
-0.920951 -1 
1.39758 -1 
1.51894 -1 
3.09988 -1 
2.26431 -1 
-4 -1 
1.65974 -1 
1.80055 -1 
0.920101 -1 
1.96241 -1 
2.12427 -1 
1.05137 -1 
2.85974 -1 
2.48818 -1 
1.22 -1 
-1.31901 -1 
-0.627231 -1 
3.90249 -1 
-1.39848 -1 
-1.08436 -1 
-2.12914 -1 
3.41496 -1 
-1.68723 -1 
-1.85192 -1 
-3.37729 -1 
-3.13766 -1 
-2.90688 -1 
-2.67462 -1 
-0.738816 -1 
0.126993 -1 
-0.115864 -1 
-0.230325 -1 
-0.172995 -1 
-0.516435 -1 
-0.318629 -1 
-0.433535 -1 
0.0299542 -1 
0.587257 -1 
0.715044 -1 
-0.970174 -1 
-1.2143 -1 
-1.52155 -1 
1.3369 -1 
1.45826 -1 
-2.44088 -1 
3.15991 -1 
2.33433 -1 
2.65584 -1 
-3.875 -1 
1.73015 -1 
1.88148 -1 
2.04334 -1 
-0.794609 -1 
-0.871728 -1 
-0.0589311 -1 
0.200232 -1 
-0.683023 -1 
0.378157 -1 
-0.571701 -1 
0.283953 -1 
3.70748 -1 
3.03984 -1 
2.19429 -1 
0.479259 -1 
0.854466 -1 
1.10758 -1 
1.58934 -1 
0.985735 -1 
-3.62576 -1 
ZONE T="boundary4"
0.562097 0.319664 
0.55103 0.339213 
-0.126182 0.471697 
-0.10194 0.479381 
0.538565 0.358129 
-0.611486 -0.0302304 
0.631322 0.0825445 
0.634186 0.0611787 
0.425683 0.457883 
0.452311 0.441606 
0.412008 0.465133 
-0.498551 0.22024 
-0.598484 0.0316408 
-0.509772 0.205624 
-0.608145 -0.00953697 
-0.603809 0.0111022 
-0.585856 0.0697725 
-0.57883 0.0872854 
-0.548477 0.147549 
-0.530099 0.176894 
-0.327564 0.375412 
-0.44898 0.276851 
-0.292608 0.396939 
-0.564989 0.117182 
-0.310472 0.386239 
-0.474774 0.248925 
-0.462197 0.262946 
-0.486976 0.234568 
-0.435351 0.290356 
-0.421217 0.303554 
-0.27448 0.407192 
-0.391722 0.328824 
-0.406709 0.316341 
-0.592191 0.052002 
-0.376405 0.340897 
-0.360541 0.352735 
-0.344377 0.36416 
0.636045 0.0398865 
-0.255404 0.417361 
-0.236074 0.427052 
-0.215559 0.436695 
-0.194796 0.445814 
-0.150192 0.463353 
-0.0758653 0.486841 
-0.0495735 0.493545 
0.627575 0.104152 
0.636221 -0.00219892 
0.365204 0.48532 
0.388808 0.475964 
0.524997 0.375909 
0.510224 0.392716 
0.494484 0.408324 
0.473962 0.42586 
0.0386578 0.510232 
0.00762545 0.505369 
0.33233 0.495953 
0.267194 0.510249 
0.299278 0.504225 
0.202343 0.51727 
0.623165 0.125648 
0.608484 0.185887 
0.588201 0.256726 
0.594867 0.235178 
0.601845 0.210591 
0.636761 0.0187599 
0.580593 0.27833 
0.572025 0.299137 
-0.172615 0.454876 
0.616132 0.15584 
-0.0210704 0.499904 
0.102667 0.516808 
0.0698393 0.514021 
0.135566 0.518332 
0.168969 0.518523 
0.235124 0.514524 
0.556724 0.329531 
-0.114088 0.475622 
0.544959 0.34878 
0.632867 0.0718763 
0.439167 0.450023 
0.418881 0.461575 
-0.606098 0.000807513 
-0.609938 -0.0198646 
-0.601266 0.021402 
-0.582428 0.0785632 
-0.520128 0.191395 
-0.556976 0.132498 
-0.504208 0.212967 
-0.319052 0.380879 
-0.468535 0.255979 
-0.480921 0.241785 
-0.428332 0.297007 
-0.283576 0.402121 
-0.399258 0.322634 
-0.595454 0.041857 
-0.368512 0.346868 
-0.352496 0.358499 
-0.301574 0.391645 
-0.264974 0.412336 
-0.245769 0.422266 
-0.225848 0.431939 
-0.205207 0.44132 
-0.138216 0.467608 
-0.0889301 0.483206 
-0.0627439 0.490288 
-0.492807 0.227439 
-0.414008 0.309999 
-0.572152 0.102346 
-0.455641 0.269948 
-0.589111 0.0609187 
0.377073 0.48081 
0.531934 0.367137 
-0.442216 0.283654 
0.502485 0.400654 
0.517755 0.384441 
0.484398 0.417299 
0.28328 0.50746 
0.348863 0.490929 
0.625441 0.114914 
0.591614 0.245978 
0.6052 0.198249 
0.59841 0.222901 
0.636552 0.0293279 
0.635248 0.0505438 
0.629542 0.0933638 
0.584523 0.267574 
-0.336007 0.369839 
0.463286 0.433939 
0.576455 0.288796 
-0.384104 0.334912 
-0.539504 0.162357 
-0.161432 0.459188 
-0.183736 0.450419 
0.567221 0.309481 
0.612368 0.170879 
-0.035347 0.496836 
-0.00674399 0.502749 
0.619745 0.140766 
0.023121 0.507933 
0.0862406 0.51557 
0.0542323 0.512263 
0.11911 0.517732 
0.185664 0.518083 
0.218751 0.516091 
0.251187 0.512589 
0.315872 0.500352 
0.636654 0.00827609 
0.152268 0.518603 
0.400492 0.470727 
ZONE T="boundary5"
-0.610975 -0.153876 
-0.607551 -0.174263 
-0.568763 -0.292049 
-0.613837 -0.0509549 
-0.61346 -0.133439 
-0.549864 -0.326705 
-0.559533 -0.309925 
-0.611486 -0.0302304 
-0.539497 -0.342929 
-0.517649 -0.372459 
-0.584917 -0.254485 
-0.603182 -0.19466 
0.513156 -0.218277 
-0.59182 -0.234868 
-0.440682 -0.443023 
-0.321614 -0.487353 
-0.302102 -0.488849 
-0.377299 -0.474595 
0.572224 -0.165226 
-0.341134 -0.484344 
-0.359307 -0.48014 
0.580674 -0.154769 
0.592482 -0.138146 
-0.261082 -0.487224 
-0.281494 -0.488829 
-0.219247 -0.479148 
-0.393995 -0.468165 
-0.410382 -0.460589 
-0.198088 -0.472707 
-0.240013 -0.483948 
-0.0912781 -0.420959 
-0.113093 -0.433418 
-0.42573 -0.452294 
-0.468515 -0.422331 
-0.481549 -0.410931 
-0.494081 -0.398807 
-0.528879 -0.357987 
-0.506145 -0.385946 
0.612247 -0.102179 
0.603129 -0.120425 
-0.177237 -0.464909 
-0.45483 -0.433093 
-0.134922 -0.445193 
0.263726 -0.296691 
0.245919 -0.299117 
-0.155991 -0.455603 
-0.577188 -0.273666 
0.529136 -0.206505 
0.634329 -0.022972 
-0.0680694 -0.407355 
-0.0446514 -0.393702 
-0.019271 -0.379458 
0.00645476 -0.366003 
0.162719 -0.312582 
0.190344 -0.307459 
0.631026 -0.0433994 
0.10055 -0.328149 
0.0665096 -0.339695 
0.218181 -0.30305 
0.315822 -0.289152 
0.298668 -0.291789 
0.281487 -0.294251 
0.406083 -0.269111 
0.430034 -0.261034 
0.453729 -0.251424 
0.476911 -0.240201 
0.495235 -0.229858 
0.636221 -0.00219892 
0.54458 -0.19356 
0.563366 -0.175174 
0.626243 -0.0635236 
0.620022 -0.0830324 
-0.615001 -0.11289 
-0.615583 -0.0923111 
-0.615199 -0.0716492 
-0.597907 -0.214938 
0.377797 -0.27689 
0.349331 -0.283185 
0.0362299 -0.35201 
0.134727 -0.318802 
-0.609378 -0.16409 
-0.612334 -0.143673 
-0.554793 -0.318372 
-0.612784 -0.0405796 
-0.544772 -0.334879 
-0.605479 -0.184487 
-0.588474 -0.244715 
-0.311874 -0.488286 
-0.350258 -0.482405 
-0.368352 -0.477528 
0.586734 -0.146569 
-0.271278 -0.488221 
-0.402248 -0.46451 
-0.208623 -0.476105 
-0.229595 -0.481732 
-0.385699 -0.471518 
-0.102163 -0.42724 
-0.475103 -0.416715 
-0.534272 -0.35052 
-0.511974 -0.379271 
0.607864 -0.11139 
-0.500189 -0.392451 
-0.487888 -0.404948 
-0.418117 -0.456558 
-0.187615 -0.468964 
-0.461743 -0.427805 
-0.123971 -0.439394 
0.254822 -0.297901 
-0.145412 -0.45051 
-0.447823 -0.438157 
-0.523346 -0.36529 
-0.331404 -0.486036 
0.521234 -0.212513 
-0.433273 -0.447769 
-0.0796706 -0.414173 
-0.056378 -0.400503 
-0.00646414 -0.372616 
0.176517 -0.309913 
0.0834536 -0.333652 
0.232046 -0.301045 
0.307248 -0.290497 
0.272607 -0.295479 
0.418111 -0.265243 
0.465411 -0.246011 
0.486146 -0.235164 
0.441953 -0.256418 
-0.291801 -0.489042 
0.504283 -0.224207 
0.597978 -0.129389 
0.635451 -0.0126015 
0.536962 -0.200159 
0.576512 -0.160049 
0.290079 -0.293037 
0.567853 -0.170252 
0.63286 -0.0332152 
0.623318 -0.0733369 
-0.614349 -0.123174 
-0.573082 -0.282908 
-0.564252 -0.301043 
-0.615512 -0.0819788 
-0.615412 -0.102605 
-0.61464 -0.0612949 
-0.250524 -0.485786 
-0.594966 -0.224936 
0.204255 -0.305179 
0.391989 -0.273202 
-0.166565 -0.460396 
0.363593 -0.280199 
0.0212645 -0.358816 
-0.032002 -0.386504 
0.148699 -0.315552 
0.117584 -0.323229 
-0.581163 -0.264122 
0.616321 -0.0926812 
0.628822 -0.0535061 
-0.600652 -0.204829 
0.554177 -0.184578 
0.051295 -0.345637 
0.3326 -0.286325 
