ZONE T="boundary0"
-4 -0.827185 
-4 -0.65437 
-4 -0.357031 
-4 -0.448095 
-4 -0.402563 
-4 -0.142593 
-4 -0.18752 
-4 -0.232447 
-4 -0.263593 
-4 -0.0527399 
-4 0.220281 
-4 0.291184 
-4 -0.294739 
-4 0.362086 
-4 0.541654 
-4 0.45187 
-4 0.65624 
-4 0.0344997 
-4 -0.499664 
-4 -0.551232 
-4 0.121739 
-4 0.17101 
-4 -1 
-4 0.770827 
-4 1 
-4 -0.740777 
-4 -0.425329 
-4 -0.209983 
-4 0.255733 
-4 -0.279166 
-4 -0.165057 
-4 0.496762 
-4 -0.325885 
-4 -0.24802 
-4 -0.0976666 
-4 -0.0091201 
-4 -0.379797 
-4 0.146375 
-4 -0.602801 
-4 0.0781196 
-4 -0.913592 
-4 0.885413 
-4 0.598947 
-4 0.195646 
-4 0.326635 
-4 0.406978 
-4 -0.525448 
-4 -0.47388 
-4 0.713533 
ZONE T="boundary1"
-3.51987 1 
-3.67992 1 
-0.230004 1 
0.304398 1 
0.23083 1 
-0.363306 1 
-0.447254 1 
-0.531201 1 
-0.597658 1 
-0.10401 1 
1.16761 1 
1.2533 1 
-1.02433 1 
0.490289 1 
-0.730571 1 
-0.797028 1 
-0.906617 1 
0.157261 1 
-3.83996 1 
0.691819 1 
0.819433 1 
3.72197 1 
-3.16915 1 
2.21066 1 
2.0221 1 
2.39921 1 
-2.43914 1 
-0.167007 1 
0.0820018 1 
-0.664115 1 
0.044372 1 
0.00674226 1 
-0.0486336 1 
0.397344 1 
-1.14203 1 
0.591054 1 
-1.34719 1 
-1.24461 1 
-1.53778 1 
-1.44248 1 
-1.69695 1 
-1.85613 1 
-2.2421 1 
1.48861 1 
1.33899 1 
1.05733 1 
0.947046 1 
1.63823 1 
1.83017 1 
3.23367 1 
2.80627 1 
-4 1 
2.60274 1 
-3.35983 1 
-2.63618 1 
-2.80732 1 
-2.97847 1 
-2.04911 1 
3.02338 1 
-0.296655 1 
3.58296 1 
3.44395 1 
4 1 
-3.59989 1 
0.267614 1 
-0.40528 1 
-0.56443 1 
1.21046 1 
-0.851823 1 
0.194046 1 
-3.75994 1 
2.11638 1 
-0.198505 1 
-0.7638 1 
-0.697343 1 
0.119632 1 
0.0255571 1 
0.0631869 1 
0.350871 1 
-1.08318 1 
-0.965471 1 
-1.2959 1 
-1.19332 1 
-1.49013 1 
-1.61737 1 
-1.39484 1 
-1.77654 1 
0.540672 1 
0.755626 1 
1.4138 1 
1.11247 1 
1.00219 1 
1.7342 1 
1.56342 1 
1.92613 1 
1.29614 1 
-3.91998 1 
2.7045 1 
-3.43985 1 
-2.53766 1 
-2.72175 1 
-2.34062 1 
-3.26449 1 
-1.95262 1 
2.50098 1 
2.91483 1 
3.12852 1 
-2.8929 1 
-2.14561 1 
2.30493 1 
-0.32998 1 
-0.263329 1 
-0.0209457 1 
-0.135508 1 
-0.489228 1 
-0.630886 1 
-0.0763216 1 
0.641437 1 
-3.07381 1 
0.443817 1 
0.883239 1 
3.65247 1 
3.51346 1 
3.33881 1 
3.86099 1 
ZONE T="boundary2"
4 -0.573273 
4 -0.47401 
4 -0.39325 
4 -0.31249 
4 0.0518204 
4 0.134041 
4 -0.208242 
4 -0.672536 
4 -0.836268 
4 0.19519 
4 0.38588 
4 -1 
4 -0.0304002 
4 0.333771 
4 0.238426 
4 0.459112 
4 0.649258 
4 0.766172 
4 -0.119321 
4 -0.260366 
4 0.281662 
4 0.307716 
4 0.532344 
4 -0.43363 
4 1 
4 -0.523642 
4 -0.35287 
4 0.0929307 
4 -0.754402 
4 0.164615 
4 -0.918134 
4 0.0107101 
4 0.359825 
4 0.707715 
4 -0.0748607 
4 -0.622904 
4 0.260044 
4 0.320744 
4 0.216808 
4 -0.234304 
4 -0.286428 
4 -0.163782 
4 0.422496 
4 0.495728 
4 0.590801 
4 -0.41344 
4 -0.45382 
4 0.883086 
4 0.294689 
ZONE T="boundary3"
-1.77108 -1 
3.13554 -1 
1.78391 -1 
-1.23893 -1 
-1.34894 -1 
-0.213403 -1 
-0.907535 -1 
-1.01536 -1 
-3.43289 -1 
-3.14207 -1 
1.64 -1 
-1.45894 -1 
3.31092 -1 
3.48629 -1 
-2.98756 -1 
-2.67853 -1 
2.73801 -1 
2.37195 -1 
1.92782 -1 
-1.9912 -1 
3.74315 -1 
4 -1 
0.261245 -1 
0.194962 -1 
0.477944 -1 
0.327527 -1 
-0.580651 -1 
0.402735 -1 
-0.292864 -1 
0.1416 -1 
0.0882369 -1 
0.0174689 -1 
0.585161 -1 
0.692379 -1 
0.63877 -1 
-0.0532992 -1 
-0.476488 -1 
-0.372326 -1 
-0.690179 -1 
-4 -1 
-3.72371 -1 
1.23071 -1 
1.04062 -1 
0.746905 -1 
-0.799708 -1 
-1.12715 -1 
-1.61501 -1 
-1.53697 -1 
0.910483 -1 
0.975549 -1 
1.41059 -1 
1.17075 -1 
-2.83304 -1 
2.93678 -1 
-2.52402 -1 
-2.36768 -1 
-2.21133 -1 
-0.133351 -1 
0.801431 -1 
0.855957 -1 
-2.10127 -1 
1.29067 -1 
-1.29394 -1 
-3.28748 -1 
3.39861 -1 
-3.06481 -1 
2.55498 -1 
2.14989 -1 
3.87157 -1 
0.228104 -1 
0.440339 -1 
-0.253134 -1 
0.168281 -1 
0.0528529 -1 
0.114918 -1 
0.531552 -1 
0.665574 -1 
0.294386 -1 
-0.424407 -1 
-0.635415 -1 
-0.52857 -1 
-0.332595 -1 
0.611966 -1 
-3.86186 -1 
-1.18304 -1 
-1.40394 -1 
-1.49796 -1 
0.943016 -1 
-3.5783 -1 
1.20073 -1 
3.61472 -1 
-0.853621 -1 
-1.69304 -1 
-1.88114 -1 
3.22323 -1 
2.8374 -1 
1.85587 -1 
1.5253 -1 
3.03616 -1 
-2.60128 -1 
-2.44585 -1 
-2.75579 -1 
-2.9103 -1 
-0.173377 -1 
0.365131 -1 
-0.0933252 -1 
-0.0179152 -1 
0.774168 -1 
0.719642 -1 
1.00808 -1 
0.828694 -1 
0.88322 -1 
1.10568 -1 
-1.07126 -1 
-0.961449 -1 
-0.744944 -1 
1.35063 -1 
-1.57599 -1 
-2.04624 -1 
-2.28951 -1 
-2.1563 -1 
1.71196 -1 
1.26069 -1 
ZONE T="boundary4"
-0.614234 0.111075 
-0.613761 0.091801 
-0.607737 0.0316753 
-0.610488 0.0514775 
-0.614011 0.130315 
-0.431571 0.48739 
-0.416559 0.492842 
-0.612512 0.0716248 
-0.371376 0.499813 
-0.509582 0.429091 
-0.356217 0.499053 
-0.341704 0.496843 
0.567324 0.107108 
-0.605405 0.212393 
-0.610288 0.179752 
-0.611952 0.164105 
-0.598752 0.244617 
-0.590177 0.276648 
-0.579099 0.309199 
-0.549327 0.372726 
-0.557728 0.357249 
-0.4017 0.496671 
-0.386314 0.499041 
-0.300247 0.482025 
-0.287398 0.474651 
-0.54034 0.387692 
-0.565554 0.341303 
-0.52051 0.415917 
-0.183417 0.369382 
0.0767149 0.263559 
0.0413003 0.262214 
-0.498087 0.441384 
-0.473234 0.463172 
-0.459706 0.472598 
-0.485971 0.452774 
-0.445838 0.480664 
0.594023 0.0154548 
0.598051 -0.015287 
-0.224836 0.418137 
-0.237452 0.43211 
0.542806 0.150668 
0.551788 0.13667 
-0.212058 0.403183 
-0.167447 0.351916 
-0.249634 0.444509 
-0.313925 0.488375 
-0.262179 0.455952 
0.579185 0.0769513 
0.573651 0.0921643 
-0.327599 0.493259 
0.591266 0.0308896 
0.587932 0.0462559 
-0.274448 0.465765 
-0.198461 0.386954 
0.55999 0.122089 
0.413324 0.255676 
0.431027 0.247485 
0.395315 0.262669 
0.109274 0.266705 
-0.530713 0.40215 
0.231386 0.281048 
0.20097 0.278327 
0.465914 0.226983 
0.483587 0.214001 
0.500439 0.199601 
0.448726 0.23786 
-0.0188881 0.267627 
0.00474085 0.264126 
0.0230929 0.262683 
-0.0460036 0.274259 
-0.126407 0.315112 
0.378522 0.268079 
0.532992 0.164153 
0.583912 0.0616797 
0.140103 0.270611 
-0.147897 0.332861 
0.171132 0.274748 
-0.101245 0.298352 
-0.0725543 0.283882 
0.32787 0.278757 
0.294991 0.281828 
0.517383 0.182643 
0.262753 0.282405 
0.361482 0.272564 
-0.614085 0.101438 
-0.609206 0.0415653 
-0.614209 0.120699 
-0.424118 0.490299 
-0.611596 0.0615437 
-0.348936 0.498128 
-0.608075 0.196118 
-0.611175 0.171936 
-0.602295 0.228563 
-0.594711 0.260716 
-0.584914 0.293041 
-0.553605 0.36504 
-0.39403 0.498053 
-0.293767 0.478482 
-0.544912 0.380268 
-0.561717 0.349322 
-0.515133 0.422591 
0.0590341 0.262556 
-0.466552 0.468028 
-0.479686 0.458097 
0.596251 0.000114864 
-0.452843 0.476784 
-0.231106 0.425206 
0.5474 0.143733 
-0.218432 0.410715 
-0.175536 0.360572 
-0.243493 0.438408 
-0.307031 0.485363 
-0.378851 0.499615 
0.576514 0.0845921 
-0.363786 0.499628 
-0.334617 0.495222 
0.589674 0.0385892 
-0.320719 0.49098 
-0.409165 0.494939 
-0.268251 0.46098 
-0.255845 0.450349 
0.592712 0.0231845 
-0.191003 0.378145 
-0.492113 0.447191 
0.563763 0.114649 
0.422239 0.251722 
-0.438764 0.484192 
-0.280861 0.470352 
0.404372 0.259313 
0.093007 0.264958 
-0.525694 0.40911 
0.216138 0.27983 
0.474868 0.220652 
0.492149 0.206957 
0.439955 0.242819 
-0.00709391 0.265634 
0.0139196 0.263274 
0.0321939 0.262336 
-0.0325109 0.270585 
0.386951 0.265491 
0.537999 0.157481 
0.586005 0.0539897 
0.570587 0.099677 
-0.50392 0.435337 
0.581638 0.0693429 
-0.535608 0.394988 
-0.205278 0.395091 
-0.613233 0.0817094 
0.555995 0.129438 
0.124681 0.268589 
-0.137349 0.323734 
0.155595 0.272692 
-0.157846 0.342215 
-0.114044 0.306364 
-0.0870963 0.290645 
-0.0593925 0.278695 
0.45741 0.232565 
0.509089 0.191295 
0.525386 0.173561 
0.24703 0.281936 
0.278848 0.282392 
0.311438 0.280632 
0.344733 0.276067 
0.370032 0.270435 
0.186015 0.276616 
-0.613244 0.147235 
-0.572611 0.325401 
ZONE T="boundary5"
-0.544913 -0.150676 
-0.238446 -0.451595 
-0.326244 -0.397277 
-0.343627 -0.38454 
-0.562097 -0.116478 
-0.569911 -0.0989272 
-0.48085 -0.24902 
-0.467514 -0.265946 
-0.453643 -0.282452 
0.591875 -0.374742 
-0.607737 0.0316753 
0.602353 -0.0762987 
0.60373 -0.106359 
-0.604271 0.012129 
-0.595337 -0.0259734 
-0.60015 -0.00699492 
0.405445 -0.53119 
0.38511 -0.537498 
-0.577174 -0.0810681 
-0.257386 -0.441151 
-0.275073 -0.430802 
-0.377902 -0.357109 
-0.360643 -0.371328 
-0.394722 -0.342383 
-0.198472 -0.471624 
-0.21923 -0.461552 
-0.154721 -0.490692 
-0.106849 -0.508483 
-0.439816 -0.29788 
0.364478 -0.542927 
-0.292485 -0.420016 
-0.309514 -0.40886 
-0.177438 -0.481145 
-0.535603 -0.16731 
-0.523313 -0.187739 
-0.553731 -0.133778 
-0.410341 -0.327862 
-0.425513 -0.312884 
0.531067 -0.459799 
0.554059 -0.435809 
0.600622 -0.0457529 
0.476305 -0.499693 
0.459937 -0.508541 
0.518575 -0.470652 
0.341587 -0.547931 
0.598051 -0.015287 
0.611689 -0.289205 
0.612367 -0.271118 
0.579401 -0.399712 
0.600844 -0.350198 
0.607271 -0.324227 
0.572227 -0.41141 
-0.58991 -0.044573 
-0.583835 -0.062983 
0.0671502 -0.550205 
0.0341758 -0.544823 
0.134317 -0.557697 
0.100286 -0.554483 
0.233592 -0.559905 
0.316723 -0.552277 
0.542882 -0.448224 
-0.0817045 -0.516646 
-0.0543022 -0.524672 
0.443107 -0.516555 
0.424781 -0.524198 
0.491267 -0.490552 
0.56442 -0.422667 
0.608815 -0.195297 
0.610764 -0.224057 
0.5057 -0.480614 
0.610022 -0.306852 
0.604397 -0.337325 
0.612178 -0.25268 
-0.131735 -0.499615 
-0.495924 -0.228619 
-0.510366 -0.207751 
0.29167 -0.555625 
0.26269 -0.558332 
0.201021 -0.560414 
0.00365181 -0.53883 
-0.0266597 -0.531889 
0.605167 -0.136376 
0.606857 -0.165905 
0.168428 -0.559695 
-0.33498 -0.390968 
-0.566075 -0.107733 
-0.460646 -0.274255 
0.603054 -0.0913292 
-0.597829 -0.0165046 
0.395315 -0.534458 
-0.606095 0.0218876 
-0.602298 0.00254973 
-0.266263 -0.436031 
-0.352182 -0.377993 
-0.386368 -0.349809 
-0.208886 -0.466658 
-0.44679 -0.29022 
0.374824 -0.54032 
-0.247951 -0.446434 
-0.228871 -0.456635 
-0.301035 -0.414492 
-0.187987 -0.476454 
-0.529545 -0.177576 
-0.557982 -0.12516 
-0.540318 -0.159026 
-0.402585 -0.33518 
-0.474247 -0.257533 
-0.432721 -0.305436 
0.468181 -0.504224 
0.353061 -0.54555 
0.601559 -0.0610209 
0.612148 -0.28017 
0.586002 -0.387413 
0.596691 -0.362597 
0.599476 -0.0305059 
-0.592706 -0.035296 
-0.586952 -0.0538036 
-0.283814 -0.425464 
0.0506407 -0.547651 
0.117289 -0.556239 
0.32918 -0.550234 
-0.0943062 -0.512653 
0.451573 -0.512651 
0.433993 -0.520488 
0.483847 -0.495221 
0.415156 -0.527807 
0.524901 -0.465317 
-0.417984 -0.32043 
0.54857 -0.442106 
0.609812 -0.209683 
0.512207 -0.475721 
0.559349 -0.429324 
0.575897 -0.405612 
0.568402 -0.417093 
0.605919 -0.330797 
0.602707 -0.343787 
0.610988 -0.298045 
0.608787 -0.315565 
0.611589 -0.238371 
0.612368 -0.261902 
0.498554 -0.485683 
-0.573616 -0.090027 
-0.580581 -0.072053 
0.537063 -0.454102 
-0.549385 -0.14226 
-0.317917 -0.403122 
-0.488467 -0.238879 
-0.503226 -0.218241 
-0.516918 -0.197796 
-0.119325 -0.504138 
-0.143259 -0.495232 
-0.369325 -0.364282 
0.304214 -0.554072 
0.277196 -0.557126 
-0.0680339 -0.52076 
-0.166114 -0.485997 
0.24815 -0.559255 
0.217311 -0.560318 
0.0188902 -0.541945 
-0.0115316 -0.535478 
0.605973 -0.151148 
0.607811 -0.180612 
0.184723 -0.560203 
-0.040508 -0.528381 
0.604422 -0.121371 
0.0837008 -0.552483 
0.151365 -0.558851 
