ZONE T="boundary0"
-4 -0.788508 
-4 -0.228175 
-4 -0.256702 
-4 0.301312 
-4 0.588902 
-4 0.794451 
-4 0.425871 
-4 -0.171121 
-4 -0.142593 
-4 0.332452 
-4 -0.402563 
-4 -0.199648 
-4 -0.48979 
-4 -0.577017 
-4 0.363591 
-4 0.0956401 
-4 0.0243542 
-4 -0.100856 
-4 -1 
-4 1 
-4 -0.329633 
-4 -0.293168 
-4 -0.0591196 
-4 0.234119 
-4 0.267715 
-4 0.166926 
-4 0.200523 
-4 -0.242439 
-4 0.691677 
-4 -0.156857 
-4 0.316882 
-4 -0.213912 
-4 -0.446177 
-4 -0.533403 
-4 0.507387 
-4 -0.121725 
-4 -0.682763 
-4 -0.894254 
-4 0.897226 
-4 -0.185384 
-4 0.394731 
-4 -0.274935 
-4 -0.366098 
-4 -0.079988 
-4 -0.0173827 
-4 0.250917 
-4 0.348021 
-4 0.284514 
-4 0.183724 
-4 0.131283 
-4 0.217321 
-4 0.0599971 
-4 -0.3114 
ZONE T="boundary1"
-3.67992 1 
-3.55222 1 
3.4761 1 
0.819433 1 
0.691819 1 
0.157261 1 
-0.730132 1 
-0.114162 1 
0.591054 1 
0.490289 1 
-0.371954 1 
-0.296655 1 
1.33899 1 
1.57929 1 
-1.24461 1 
1.2533 1 
1.16761 1 
-1.69695 1 
-2.24413 1 
-2.43914 1 
-3.16915 1 
3.30146 1 
3.03284 1 
-2.62164 1 
-2.04911 1 
-2.98665 1 
2.26444 1 
2.51433 1 
1.8399 1 
4 1 
3.82537 1 
0.397344 1 
0.304398 1 
-0.231831 1 
-0.447254 1 
-0.597658 1 
0.044372 1 
-0.958179 1 
-1.05375 1 
-0.0613173 1 
-0.167007 1 
-0.862606 1 
0.947046 1 
1.05733 1 
-3.83996 1 
-1.34355 1 
-1.44248 1 
-1.14918 1 
-1.56972 1 
-1.87303 1 
-3.42453 1 
-2.80415 1 
3.65073 1 
2.76421 1 
-4 1 
-3.61607 1 
0.755626 1 
0.540672 1 
-0.334305 1 
1.45914 1 
1.21046 1 
-2.34163 1 
3.16715 1 
-3.0779 1 
2.38938 1 
2.05217 1 
3.91268 1 
0.641437 1 
0.23083 1 
0.350871 1 
-0.264243 1 
-0.409604 1 
0.100817 1 
0.443817 1 
-1.00597 1 
-0.00847264 1 
-0.522456 1 
-0.796369 1 
0.883239 1 
1.11247 1 
1.00219 1 
-1.39302 1 
-1.10147 1 
-1.63334 1 
-1.78499 1 
-1.96107 1 
1.70959 1 
-3.29684 1 
-3.48838 1 
3.38878 1 
-2.14662 1 
3.56342 1 
2.89853 1 
2.63927 1 
-3.75994 1 
-2.71289 1 
-2.53039 1 
3.73805 1 
-2.8954 1 
-0.0877396 1 
-0.199419 1 
-0.140584 1 
-1.1969 1 
-0.663895 1 
-0.910393 1 
1.29614 1 
-1.29408 1 
-1.5061 1 
-3.91998 1 
ZONE T="boundary2"
4 -0.672536 
4 -0.47401 
4 -0.363608 
4 -0.260366 
4 0.333771 
4 0.388875 
4 0.307716 
4 0.238426 
4 0.281662 
4 0.443978 
4 0.123505 
4 0.19519 
4 0.582984 
4 1 
4 -0.286177 
4 -0.196778 
4 -0.164984 
4 -0.228572 
4 -0.0869372 
4 -0.0406847 
4 -0.311987 
4 0.0518204 
4 0.513481 
4 -0.13319 
4 -0.836268 
4 -1 
4 0.721989 
4 -0.573273 
4 -0.418809 
4 0.361323 
4 0.260044 
4 0.416426 
4 0.159347 
4 -0.180881 
4 -0.337798 
4 0.0876627 
4 0.216808 
4 0.320744 
4 0.294689 
4 -0.149087 
4 -0.0638109 
4 -0.110063 
4 -0.212675 
4 0.00556786 
4 -0.244469 
4 -0.754402 
4 -0.918134 
4 0.860995 
4 -0.299082 
4 -0.273271 
4 0.548232 
4 0.478729 
4 0.652486 
ZONE T="boundary3"
-1.77159 -1 
-1.60702 -1 
-1.0179 -1 
0.0795343 -1 
0.140478 -1 
-0.213108 -1 
0.855957 -1 
0.642771 -1 
0.801431 -1 
-0.58755 -1 
3.10981 -1 
3.30057 -1 
1.83759 -1 
1.67076 -1 
-1.93617 -1 
3.74566 -1 
-1.12769 -1 
-1.2341 -1 
2.96917 -1 
2.82852 -1 
-1.47376 -1 
-2.98756 -1 
-2.68873 -1 
2.23401 -1 
-2.3899 -1 
-2.16304 -1 
-2.53931 -1 
-0.298892 -1 
0.266706 -1 
0.33199 -1 
0.694838 -1 
0.746905 -1 
0.0107965 -1 
-0.0579412 -1 
-0.135525 -1 
0.911367 -1 
0.966778 -1 
1.05122 -1 
1.13566 -1 
0.201422 -1 
-0.391449 -1 
0.493948 -1 
-0.484005 -1 
0.372479 -1 
0.412969 -1 
0.56836 -1 
1.27313 -1 
-0.799598 -1 
1.50392 -1 
-3.78733 -1 
-3.28111 -1 
-3.57467 -1 
-1.3405 -1 
-0.9081 -1 
3.49132 -1 
1.38853 -1 
2.36615 -1 
2.59733 -1 
2.71293 -1 
2.10187 -1 
-4 -1 
-2.0496 -1 
-0.691096 -1 
4 -1 
-1.6893 -1 
0.110006 -1 
3.20519 -1 
1.75417 -1 
-1.18089 -1 
2.89884 -1 
-2.83814 -1 
-2.27647 -1 
0.299348 -1 
0.720871 -1 
-0.0235723 -1 
-0.174316 -1 
0.828694 -1 
0.774168 -1 
0.939072 -1 
1.09344 -1 
-0.0967329 -1 
0.883662 -1 
0.392724 -1 
0.352235 -1 
1.2044 -1 
1.009 -1 
-0.256 -1 
-0.34517 -1 
-0.535778 -1 
-0.437727 -1 
-3.42789 -1 
-1.07279 -1 
-1.2873 -1 
-0.962998 -1 
-1.54039 -1 
3.61849 -1 
1.58734 -1 
-1.85388 -1 
-3.13433 -1 
2.48174 -1 
2.77072 -1 
1.96973 -1 
-2.61402 -1 
-3.89367 -1 
-1.40713 -1 
-1.99289 -1 
-2.46461 -1 
2.65513 -1 
3.03949 -1 
-3.681 -1 
0.17095 -1 
0.234064 -1 
0.605565 -1 
0.668804 -1 
0.0451654 -1 
0.453459 -1 
0.531154 -1 
3.39594 -1 
-0.745347 -1 
-0.853849 -1 
2.30008 -1 
-0.639323 -1 
1.33083 -1 
3.87283 -1 
2.16794 -1 
1.44622 -1 
-2.10632 -1 
ZONE T="boundary4"
-0.639576 -0.00468268 
-0.644732 0.050382 
-0.643837 0.0320856 
-0.642102 0.0137106 
-0.642535 0.0990763 
-0.64476 0.0675583 
-0.643951 0.0845256 
-0.582704 0.229284 
-0.424983 0.283473 
-0.402638 0.283169 
0.504357 0.110009 
-0.0178513 0.337699 
-0.000632616 0.342423 
0.49548 0.16216 
0.490659 0.179036 
0.0619976 0.357475 
0.421304 0.292652 
0.505591 0.0925442 
-0.226414 0.285748 
-0.246464 0.283367 
0.405461 0.306314 
-0.532334 0.263751 
-0.637809 0.126549 
-0.630336 0.152816 
-0.435886 0.283312 
-0.57332 0.237811 
-0.553241 0.252494 
-0.563422 0.245593 
-0.457429 0.282148 
-0.446757 0.282881 
-0.521703 0.268207 
-0.468103 0.281055 
-0.54288 0.25852 
-0.0891575 0.317078 
-0.0633509 0.324594 
-0.16316 0.297472 
-0.500287 0.275053 
-0.489586 0.277557 
-0.510972 0.271967 
-0.282158 0.280816 
-0.478922 0.279529 
-0.297918 0.280348 
-0.385101 0.282549 
-0.367442 0.281789 
-0.206709 0.288745 
-0.184896 0.292778 
-0.114939 0.309783 
-0.138945 0.303377 
-0.040687 0.331196 
0.502336 0.12731 
-0.313734 0.28024 
0.38903 0.318271 
0.505592 0.0401337 
0.506123 0.0751215 
-0.607299 0.199592 
0.0167263 0.34697 
0.338633 0.344924 
0.355483 0.337417 
0.504374 0.0138827 
0.503065 -0.0125866 
-0.340556 0.280739 
0.499379 0.144853 
-0.264197 0.281832 
0.0902048 0.362791 
0.371843 0.328855 
0.48488 0.195582 
0.321915 0.351225 
0.118861 0.367043 
0.147589 0.37001 
0.20728 0.371437 
0.238841 0.369246 
0.288303 0.360932 
0.304886 0.356603 
0.271543 0.364479 
0.0392129 0.35246 
-0.640409 0.113507 
0.177117 0.371566 
0.255239 0.367194 
-0.591473 0.220102 
-0.599747 0.210119 
-0.620181 0.177182 
0.435997 0.277559 
0.474831 0.218815 
0.450254 0.259911 
0.462959 0.240767 
-0.614105 0.188601 
-0.64307 0.0228934 
-0.644848 0.0589744 
-0.644464 0.0760516 
-0.644392 0.041234 
-0.640934 0.00450634 
-0.413814 0.28341 
-0.00925165 0.340082 
0.493189 0.170636 
0.505068 0.101288 
-0.236422 0.284474 
-0.57809 0.233629 
-0.558395 0.24913 
-0.452099 0.282556 
-0.527056 0.266059 
-0.462775 0.281649 
-0.548115 0.255593 
-0.076259 0.320822 
-0.494956 0.27637 
-0.516369 0.270163 
-0.484269 0.278601 
-0.290032 0.280535 
-0.37627 0.282175 
-0.195781 0.290675 
-0.102039 0.313393 
-0.126929 0.306526 
-0.0520263 0.327903 
-0.505655 0.27358 
-0.393869 0.282886 
-0.473524 0.280346 
0.506079 0.0576471 
-0.216545 0.28717 
0.0080353 0.344724 
0.347116 0.341299 
0.503693 0.000657623 
-0.151033 0.300349 
-0.353991 0.281222 
0.497549 0.153538 
-0.273166 0.281258 
0.0760676 0.360258 
0.363733 0.333268 
-0.255318 0.282534 
0.380536 0.323723 
0.487889 0.187355 
0.104502 0.365065 
0.223076 0.370618 
0.296618 0.358867 
0.330318 0.348191 
0.279945 0.3628 
0.505029 0.0270155 
0.313436 0.354026 
0.505937 0.0838403 
0.0279485 0.349771 
0.500973 0.136106 
0.397365 0.312455 
-0.641563 0.106308 
0.50345 0.118676 
0.162336 0.370985 
-0.174009 0.29505 
0.1332 0.368694 
0.263403 0.365921 
-0.537654 0.261219 
-0.568443 0.241788 
-0.430438 0.283423 
-0.441326 0.283133 
-0.595702 0.215179 
-0.62563 0.165159 
0.413529 0.299652 
0.428818 0.285268 
0.480103 0.207314 
-0.63919 0.120045 
-0.643329 0.0918138 
0.443336 0.268905 
-0.634441 0.139797 
-0.327133 0.280396 
0.456822 0.250486 
0.469138 0.22993 
0.192194 0.371729 
-0.30582 0.280251 
0.247051 0.368301 
0.0505832 0.355037 
-0.0292832 0.334471 
-0.603612 0.204923 
-0.617234 0.182943 
-0.587171 0.224768 
-0.610796 0.19415 
ZONE T="boundary5"
0.503538 -0.0834152 
0.507908 -0.118151 
-0.639576 -0.00468268 
-0.632402 -0.041025 
-0.491517 -0.314657 
-0.546188 -0.239293 
-0.558963 -0.218307 
-0.290639 -0.480871 
-0.309597 -0.469753 
-0.603495 -0.129724 
0.568302 -0.423326 
0.572507 -0.410167 
0.579093 -0.343907 
-0.610438 -0.112255 
-0.570698 -0.19769 
-0.206388 -0.522454 
-0.183119 -0.531962 
-0.229348 -0.512284 
-0.271356 -0.49147 
-0.250512 -0.502171 
-0.104492 -0.558775 
-0.0764018 -0.566567 
-0.13232 -0.550165 
-0.045638 -0.574126 
-0.0146449 -0.580765 
-0.157864 -0.541432 
-0.448012 -0.361989 
-0.463004 -0.346648 
-0.4775 -0.330881 
-0.532755 -0.259905 
-0.363024 -0.434261 
-0.380362 -0.421262 
-0.327616 -0.458501 
-0.431893 -0.3775 
-0.415276 -0.392524 
-0.345293 -0.446768 
0.575757 -0.396708 
0.563274 -0.435906 
0.492944 -0.522807 
0.446129 -0.551968 
0.427838 -0.560574 
0.529526 -0.488675 
0.12447 -0.599351 
0.0886837 -0.596285 
0.0190919 -0.586929 
0.260296 -0.599132 
0.34278 -0.587327 
0.316924 -0.592233 
0.366441 -0.581686 
0.518325 -0.500672 
-0.62262 -0.0769018 
0.462722 -0.542957 
0.408329 -0.568454 
0.387619 -0.575565 
0.506494 -0.511731 
0.478633 -0.533032 
0.539796 -0.475948 
0.557406 -0.448078 
0.549151 -0.462368 
0.5796 -0.35746 
-0.51923 -0.27919 
-0.50499 -0.298031 
0.503065 -0.0125866 
0.568605 -0.290082 
0.573572 -0.30822 
0.579194 -0.370872 
0.577077 -0.326105 
0.562312 -0.271771 
0.538237 -0.21465 
0.550644 -0.24323 
-0.398053 -0.407152 
0.290739 -0.596028 
0.502209 -0.0478593 
0.525998 -0.184053 
-0.588025 -0.164156 
0.227795 -0.601075 
0.195216 -0.601752 
0.159829 -0.601181 
0.0530137 -0.592049 
0.51561 -0.152061 
0.505307 -0.10084 
-0.636332 -0.0229031 
-0.552654 -0.228845 
-0.300158 -0.475378 
0.570523 -0.416785 
-0.607034 -0.121013 
-0.564908 -0.208039 
-0.194789 -0.527291 
-0.239967 -0.507302 
-0.260974 -0.496895 
-0.0904761 -0.562772 
-0.0610498 -0.570463 
-0.0301669 -0.577559 
-0.145125 -0.54589 
-0.170528 -0.53679 
-0.455567 -0.354374 
-0.539557 -0.249652 
-0.371741 -0.427824 
-0.318646 -0.464188 
-0.423644 -0.385075 
-0.440015 -0.369806 
-0.336497 -0.452695 
-0.281035 -0.486237 
0.437047 -0.556401 
-0.470314 -0.338819 
0.106564 -0.597967 
0.329882 -0.589928 
-0.616813 -0.0946634 
0.398022 -0.572143 
0.512502 -0.506298 
0.470757 -0.538118 
0.499813 -0.517381 
0.48587 -0.528031 
0.524032 -0.494772 
0.454493 -0.547582 
0.544606 -0.469248 
-0.512196 -0.288672 
0.553423 -0.455306 
0.560443 -0.442042 
0.571248 -0.299111 
0.565897 -0.42966 
0.574254 -0.403468 
0.579512 -0.364171 
0.577915 -0.383853 
0.578271 -0.334988 
0.57946 -0.350681 
0.575498 -0.317132 
0.418139 -0.564646 
0.534779 -0.482406 
-0.484573 -0.322823 
0.544424 -0.228963 
0.556662 -0.257439 
0.377068 -0.57875 
0.354646 -0.584646 
-0.498321 -0.306396 
-0.354205 -0.440578 
-0.389263 -0.414274 
-0.217907 -0.517453 
0.303852 -0.594266 
0.275535 -0.597743 
-0.62782 -0.0590325 
0.53193 -0.199444 
-0.526079 -0.269605 
-0.406722 -0.399903 
-0.579583 -0.181029 
0.502441 -0.0302099 
0.502529 -0.0656493 
0.244056 -0.60027 
-0.11844 -0.554574 
-0.596011 -0.147042 
0.211509 -0.601565 
0.17752 -0.60163 
0.0360325 -0.589619 
0.511345 -0.135211 
0.00219861 -0.583978 
0.565591 -0.280885 
0.520486 -0.168179 
0.142142 -0.600418 
0.070831 -0.594311 
