ZONE T="boundary0"
-4 -0.373702 
-4 -0.270815 
-4 -0.317145 
-4 0.110827 
-4 0.262952 
-4 0.200988 
-4 0.826005 
-4 0.739008 
-4 0.155908 
-4 -0.224485 
-4 -0.174525 
-4 -0.430258 
-4 -0.493542 
-4 -0.841697 
-4 -0.683394 
-4 1 
-4 0.461234 
-4 0.556622 
-4 -0.124565 
-4 0.0430914 
-4 -0.0246445 
-4 -0.556826 
-4 -1 
-4 0.65201 
-4 0.324915 
-4 0.393075 
-4 -0.29398 
-4 0.23197 
-4 0.782506 
-4 0.133368 
-4 -0.199505 
-4 -0.4619 
-4 -0.762545 
-4 0.913003 
-4 0.508928 
-4 0.00922346 
-4 -0.40198 
-4 -0.345423 
-4 -0.525184 
-4 -0.62011 
-4 -0.0746047 
-4 -0.24765 
-4 0.0769593 
-4 -0.920848 
-4 0.604316 
-4 0.293934 
-4 0.178448 
-4 -0.149545 
-4 0.358995 
-4 0.427155 
-4 0.695509 
ZONE T="boundary1"
1.94548 1 
1.76369 1 
3.09289 1 
-0.0363265 1 
-1.32761 1 
-0.802289 1 
-0.693024 1 
-1.70811 1 
-1.91699 1 
0.743446 1 
-3.65337 1 
-2.67358 1 
-2.98535 1 
-3.82669 1 
-4 1 
2.12727 1 
-3.16951 1 
-3.35367 1 
3.54645 1 
-2.11907 1 
4 1 
2.61491 1 
2.37109 1 
-0.293479 1 
0.0280523 1 
0.0902651 1 
0.330261 1 
0.28202 1 
0.460301 1 
0.152478 1 
0.217249 1 
-0.43334 1 
-0.507007 1 
-0.163995 1 
-0.227285 1 
-0.359673 1 
-0.100705 1 
0.871928 1 
1.00041 1 
0.378502 1 
0.642773 1 
0.5421 1 
-0.600016 1 
-0.911554 1 
1.10773 1 
1.21506 1 
1.45062 1 
1.33284 1 
-1.01825 1 
-1.49923 1 
-1.12494 1 
-1.22627 1 
-3.50352 1 
-2.32115 1 
1.60715 1 
-2.49737 1 
2.8539 1 
1.85459 1 
-0.747657 1 
-1.81255 1 
-2.82946 1 
-3.74003 1 
2.03638 1 
-3.26159 1 
3.31967 1 
3.77322 1 
2.493 1 
0.0591587 1 
0.30614 1 
0.184863 1 
-0.470173 1 
-0.19564 1 
-0.396506 1 
-0.068516 1 
-0.260382 1 
-0.326576 1 
0.936168 1 
0.419402 1 
0.501201 1 
-0.64652 1 
-0.553511 1 
-0.856922 1 
0.807687 1 
1.05407 1 
1.39173 1 
-1.07159 1 
-1.27694 1 
-1.41342 1 
-1.60367 1 
-0.964901 1 
-3.4286 1 
-2.22011 1 
1.52889 1 
1.68542 1 
-2.01803 1 
-2.40926 1 
-2.58547 1 
-3.07743 1 
2.24918 1 
-3.91334 1 
0.121371 1 
-0.00413712 1 
0.354382 1 
0.249634 1 
-0.13235 1 
0.592437 1 
0.69311 1 
-3.57845 1 
1.1614 1 
1.27395 1 
-1.17561 1 
2.9734 1 
2.73441 1 
ZONE T="boundary2"
4 -0.353697 
4 -0.424686 
4 -0.288134 
4 0.285894 
4 0.252131 
4 0.708171 
4 0.854085 
4 -0.221387 
4 -0.15464 
4 0.218369 
4 -0.0943921 
4 -0.679067 
4 -0.587371 
4 -0.839533 
4 -1 
4 1 
4 0.351118 
4 0.416342 
4 -0.0341445 
4 0.104597 
4 0.161483 
4 0.0352263 
4 0.562256 
4 -0.495675 
4 0.318506 
4 -0.389192 
4 -0.320916 
4 0.269013 
4 0.781128 
4 -0.25476 
4 -0.188013 
4 0.23525 
4 -0.633219 
4 -0.7593 
4 -0.919767 
4 0.38373 
4 -0.0642683 
4 -0.124516 
4 0.189926 
4 0.13304 
4 0.0699116 
4 0.635214 
4 0.000540906 
4 -0.46018 
4 -0.541523 
4 0.489299 
4 0.927043 
4 0.334812 
4 0.3022 
ZONE T="boundary3"
-3.69797 -1 
-0.145061 -1 
0.260275 -1 
0.757435 -1 
0.0249142 -1 
-0.0305665 -1 
-0.0860472 -1 
-0.669448 -1 
-0.563828 -1 
-1.29837 -1 
-3.39593 -1 
3.49814 -1 
3.74907 -1 
-3.25034 -1 
-2.81357 -1 
1.94933 -1 
2.10067 -1 
2.29921 -1 
3.21995 -1 
4 -1 
2.71976 -1 
2.94176 -1 
2.49776 -1 
-2.03317 -1 
-2.55103 -1 
-1.77786 -1 
-0.458209 -1 
0.0837631 -1 
0.142612 -1 
-0.26029 -1 
-0.316506 -1 
-0.204074 -1 
0.530818 -1 
0.404945 -1 
0.201443 -1 
0.656692 -1 
0.962098 -1 
0.858179 -1 
-0.780072 -1 
-3.84898 -1 
-4 -1 
-0.997899 -1 
-0.890696 -1 
-1.1051 -1 
-1.20174 -1 
-1.39782 -1 
-1.63757 -1 
-1.49727 -1 
1.06602 -1 
1.26664 -1 
1.3861 -1 
1.50556 -1 
1.16633 -1 
-2.28848 -1 
1.65177 -1 
1.79798 -1 
-3.10475 -1 
-0.0583068 -1 
-0.616638 -1 
-3.54695 -1 
3.6236 -1 
2.19994 -1 
3.35904 -1 
2.83076 -1 
2.60876 -1 
-1.90552 -1 
0.113188 -1 
-0.115554 -1 
-0.288398 -1 
-0.232182 -1 
-0.387358 -1 
-0.00282618 -1 
-0.174568 -1 
-0.511019 -1 
0.33261 -1 
0.172028 -1 
0.593755 -1 
0.467881 -1 
0.707064 -1 
-3.92449 -1 
0.807807 -1 
-0.944298 -1 
-1.0515 -1 
-0.835384 -1 
-3.77347 -1 
3.87453 -1 
-1.25005 -1 
-1.15342 -1 
-1.34809 -1 
-1.44754 -1 
-1.56742 -1 
-1.70772 -1 
1.01406 -1 
0.910139 -1 
1.32637 -1 
-2.6823 -1 
-2.41975 -1 
-2.16083 -1 
1.44583 -1 
1.57867 -1 
2.025 -1 
1.72487 -1 
1.87365 -1 
-3.32314 -1 
-3.17755 -1 
3.08085 -1 
2.39849 -1 
0.0543386 -1 
0.230859 -1 
-0.72476 -1 
1.21649 -1 
1.11617 -1 
-2.95916 -1 
ZONE T="boundary4"
0.56753 0.284959 
-0.560207 0.145729 
-0.550428 0.158973 
-0.463418 0.242838 
-0.448339 0.253785 
-0.569302 0.132113 
-0.618661 -0.0233835 
0.62954 0.0786292 
-0.614148 0.0169001 
-0.400988 0.283776 
-0.238578 0.357426 
0.398209 0.414034 
0.411539 0.408747 
0.625142 0.136033 
0.622375 0.150598 
-0.609978 0.0368129 
0.628507 0.0597325 
-0.597802 0.0756936 
-0.604523 0.0564472 
-0.59184 0.0900653 
0.437844 0.396729 
-0.577756 0.118013 
-0.585149 0.104191 
0.627796 0.116932 
-0.540079 0.171735 
-0.528949 0.184304 
0.629293 0.0976523 
-0.36752 0.301805 
-0.258393 0.349862 
-0.384353 0.293007 
-0.504801 0.208421 
-0.491799 0.220025 
-0.477799 0.231668 
-0.417093 0.274248 
-0.432931 0.264227 
-0.517359 0.196351 
-0.350172 0.310382 
-0.332687 0.318596 
-0.314543 0.326726 
0.542531 0.317518 
0.52833 0.332588 
-0.218689 0.364746 
-0.277386 0.342338 
-0.296299 0.33455 
-0.176842 0.379308 
-0.197806 0.372153 
-0.0852146 0.40721 
-0.108857 0.400557 
-0.0602171 0.413798 
-0.0350668 0.419939 
0.513308 0.346574 
0.619024 0.165045 
0.555521 0.301742 
-0.617035 -0.00318922 
0.587858 0.249623 
0.578192 0.267723 
0.375821 0.421838 
0.353281 0.428463 
0.497369 0.359638 
0.459653 0.384938 
0.480787 0.371628 
0.0481863 0.436416 
0.108386 0.444204 
0.139414 0.446706 
0.170249 0.448087 
0.201187 0.448292 
0.231544 0.447257 
0.322196 0.435797 
0.29121 0.441257 
-0.00810978 0.425944 
0.604016 0.212461 
0.61079 0.193348 
0.622506 0.0227273 
0.626167 0.0410861 
0.59633 0.231368 
-0.15466 0.386573 
-0.132379 0.393551 
0.0190391 0.431357 
0.0775427 0.440679 
0.261312 0.444958 
-0.555395 0.152407 
-0.455922 0.248374 
-0.564837 0.138975 
0.404895 0.411445 
0.623834 0.143329 
-0.612223 0.0268886 
-0.607411 0.046673 
-0.59491 0.0829155 
0.424797 0.402968 
-0.581537 0.111146 
-0.588582 0.0971684 
0.626608 0.126501 
-0.534582 0.178079 
-0.545324 0.165411 
0.629574 0.0881413 
-0.573617 0.125115 
-0.498351 0.214281 
-0.484849 0.225907 
-0.409074 0.27907 
-0.42505 0.269299 
-0.523215 0.190385 
-0.470654 0.237312 
-0.323631 0.3227 
0.535557 0.325171 
-0.341448 0.31453 
-0.228644 0.361116 
-0.187335 0.375761 
-0.286855 0.338478 
-0.0970504 0.40393 
-0.248497 0.353675 
-0.0476587 0.416927 
-0.511138 0.202447 
-0.267901 0.346131 
-0.3927 0.288447 
0.561669 0.293452 
-0.61575 0.00687701 
-0.440676 0.259069 
0.583163 0.258746 
0.387064 0.41808 
-0.375961 0.297456 
0.520931 0.339701 
0.470334 0.378464 
0.489167 0.365756 
0.50544 0.35323 
-0.358868 0.30614 
0.123886 0.445589 
0.154822 0.447538 
0.216369 0.447933 
0.306739 0.438738 
0.36459 0.425285 
-0.0216072 0.423014 
0.62077 0.157838 
0.549159 0.309739 
0.607511 0.202943 
0.629187 0.0691701 
0.624503 0.0318713 
0.592211 0.24055 
0.448843 0.391009 
0.600282 0.221959 
-0.305435 0.330673 
-0.208259 0.368481 
-0.165763 0.382976 
-0.143532 0.390099 
-0.0727322 0.410559 
-0.120632 0.397097 
0.005446 0.428729 
0.062846 0.438652 
0.0929469 0.442565 
0.246439 0.446272 
0.276282 0.443288 
0.0335928 0.433983 
0.337792 0.432364 
0.573003 0.276427 
-0.618003 -0.013275 
0.627503 0.0503865 
0.628696 0.107303 
0.615157 0.179269 
-0.601319 0.0661239 
0.185714 0.448343 
ZONE T="boundary5"
0.611233 -0.0129263 
-0.481919 -0.356908 
-0.582613 -0.20281 
-0.609143 -0.123983 
-0.553852 -0.259602 
-0.543029 -0.277464 
-0.618262 -0.0638258 
-0.616317 -0.0839764 
-0.619057 -0.0436194 
0.343285 -0.341461 
0.362462 -0.313949 
-0.597841 -0.163532 
-0.603994 -0.143803 
-0.364422 -0.456238 
-0.380867 -0.44513 
-0.613268 -0.104014 
-0.564155 -0.241005 
0.497119 -0.159659 
-0.455309 -0.384094 
-0.245978 -0.517056 
0.561745 -0.0940338 
-0.267946 -0.508043 
-0.3289 -0.477813 
-0.289579 -0.498225 
-0.309414 -0.488358 
-0.346837 -0.467314 
-0.172907 -0.540561 
-0.618661 -0.0233835 
-0.22229 -0.525741 
-0.198305 -0.533482 
-0.396952 -0.433514 
-0.494873 -0.342333 
-0.507328 -0.327342 
0.183687 -0.50535 
-0.531501 -0.294901 
-0.519713 -0.311335 
-0.427118 -0.409514 
-0.468832 -0.370707 
-0.441412 -0.397019 
-0.573757 -0.222046 
0.548855 -0.108754 
-0.412223 -0.421745 
0.282783 -0.421297 
0.271296 -0.434068 
0.235149 -0.468699 
0.25948 -0.446296 
0.617514 0.00467723 
-0.0937181 -0.555427 
-0.0660284 -0.55804 
-0.0383931 -0.559262 
-0.0100598 -0.559016 
0.0179668 -0.557191 
0.0460082 -0.553674 
0.157027 -0.519599 
-0.590689 -0.183239 
0.102066 -0.540939 
0.0744213 -0.548233 
0.304016 -0.39543 
0.381952 -0.286584 
0.324922 -0.367431 
0.397815 -0.265298 
0.466201 -0.188733 
0.414249 -0.244556 
0.450434 -0.204354 
0.482184 -0.173564 
0.511981 -0.14576 
0.584886 -0.0630731 
0.573901 -0.0786829 
0.594904 -0.0467716 
0.603652 -0.0301496 
0.622506 0.0227273 
0.21001 -0.488264 
0.530768 -0.127582 
0.431995 -0.223938 
-0.120556 -0.551606 
-0.14728 -0.54656 
0.129226 -0.531626 
-0.548529 -0.268586 
-0.617431 -0.0739154 
-0.618806 -0.0537292 
0.352866 -0.327701 
-0.601033 -0.153704 
-0.372688 -0.450749 
-0.614927 -0.0940164 
-0.60669 -0.133925 
-0.257003 -0.512651 
-0.299539 -0.493377 
-0.319202 -0.483169 
-0.337911 -0.472636 
-0.210334 -0.52973 
-0.388955 -0.439385 
-0.501164 -0.334889 
-0.537351 -0.286239 
-0.513592 -0.319394 
-0.448411 -0.39061 
-0.578277 -0.21247 
-0.434313 -0.403321 
0.555383 -0.101468 
-0.611334 -0.114026 
0.277091 -0.427734 
0.247527 -0.457755 
-0.619011 -0.0334995 
-0.0798858 -0.556903 
-0.0242213 -0.559334 
0.170499 -0.512755 
-0.586753 -0.193067 
0.088308 -0.544829 
0.265442 -0.44024 
0.293564 -0.40852 
0.372148 -0.30022 
0.389821 -0.27589 
-0.488457 -0.349673 
-0.419718 -0.415687 
0.458271 -0.196485 
0.489648 -0.166602 
0.474166 -0.181113 
-0.594375 -0.173426 
0.504566 -0.152723 
0.579508 -0.0709609 
0.590026 -0.0550057 
0.567925 -0.0864412 
0.599418 -0.0385372 
0.607595 -0.0216077 
-0.569043 -0.23157 
-0.475431 -0.363859 
-0.525683 -0.303172 
-0.404633 -0.427688 
-0.559092 -0.250352 
-0.462123 -0.377453 
-0.355675 -0.461848 
0.222775 -0.478756 
0.614533 -0.00418368 
0.539918 -0.118272 
-0.234176 -0.521514 
0.441118 -0.21404 
0.405947 -0.254848 
0.521437 -0.136734 
-0.278807 -0.503234 
-0.185641 -0.537154 
-0.107156 -0.55367 
-0.133943 -0.549232 
0.0602619 -0.551192 
0.0320177 -0.555648 
0.143245 -0.525897 
-0.0522145 -0.558827 
-0.160123 -0.543696 
0.115731 -0.536535 
0.00397022 -0.558305 
0.197024 -0.497097 
0.33415 -0.354487 
0.620175 0.0136542 
0.314591 -0.381538 
0.42301 -0.234142 
