ZONE T="boundary0"
-4 -0.478676 
-4 -0.234143 
-4 -0.108293 
-4 0.261762 
-4 0.333742 
-4 0.297752 
-4 -0.329298 
-4 -0.149095 
-4 -0.715807 
-4 -1 
-4 -0.857903 
-4 1 
-4 0.739813 
-4 0.221993 
-4 0.182224 
-4 0.0981693 
-4 0.0141143 
-4 0.370213 
-4 0.406684 
-4 0.479625 
-4 0.544672 
-4 0.609719 
-4 -0.191619 
-4 -0.0674905 
-4 -0.403987 
-4 -0.281721 
-4 0.315747 
-4 -0.128694 
-4 -0.597241 
-4 -0.928952 
-4 0.869906 
-4 0.279757 
-4 0.202109 
-4 0.140197 
-4 0.0561418 
-4 0.351978 
-4 0.443155 
-4 0.512149 
-4 0.577195 
-4 0.674766 
-4 -0.212881 
-4 -0.0266881 
-4 -0.441331 
-4 -0.366643 
-4 -0.786855 
-4 0.388448 
-4 0.241878 
-4 -0.170357 
-4 -0.257932 
-4 -0.305509 
-4 -0.0878917 
ZONE T="boundary1"
3.53109 1 
3.37479 1 
4 1 
3.6874 1 
-0.54591 1 
0.38459 1 
0.47838 1 
1.11005 1 
0.101162 1 
0.0347442 1 
0.981301 1 
0.875055 1 
-0.187499 1 
-1.2126 1 
-1.32494 1 
3.02745 1 
-1.65508 1 
1.33944 1 
1.22475 1 
-2.09041 1 
-1.93626 1 
-2.63156 1 
2.877 1 
-3.29498 1 
-2.83396 1 
2.00284 1 
-3.5536 1 
-3.03637 1 
-4 1 
2.19314 1 
2.45984 1 
2.32649 1 
0.167581 1 
-0.0350552 1 
0.229191 1 
0.290801 1 
-0.644679 1 
-0.752634 1 
0.623595 1 
0.76881 1 
-1.10026 1 
-0.447142 1 
-0.860589 1 
-0.270143 1 
-0.358642 1 
1.44008 1 
-3.7768 1 
2.72654 1 
1.81253 1 
-2.24457 1 
1.54072 1 
-2.43807 1 
-1.40748 1 
-1.57254 1 
-0.104855 1 
-0.146177 1 
-0.980422 1 
-1.49001 1 
-1.79567 1 
3.45294 1 
3.8437 1 
0.431485 1 
0.928178 1 
0.0679534 1 
-1.26877 1 
1.04568 1 
3.20112 1 
1.2821 1 
-2.01334 1 
-2.73276 1 
-3.16567 1 
2.09799 1 
-0.000155459 1 
0.198386 1 
0.337696 1 
-0.698657 1 
0.550987 1 
0.821932 1 
0.696202 1 
1.1674 1 
-0.595295 1 
-0.496526 1 
-0.806612 1 
-0.314393 1 
1.38976 1 
-3.8884 1 
-3.42429 1 
3.60924 1 
2.80177 1 
2.25982 1 
2.39317 1 
1.90768 1 
1.67663 1 
2.59319 1 
2.95223 1 
-2.16749 1 
-2.53481 1 
-2.93516 1 
0.134372 1 
0.259996 1 
-0.0699549 1 
-0.166838 1 
-0.228821 1 
-0.125516 1 
-0.402892 1 
-3.6652 1 
-0.920506 1 
-1.15643 1 
-1.04034 1 
-2.34132 1 
1.4904 1 
-1.44874 1 
-1.61381 1 
-1.36621 1 
-1.72537 1 
-1.53128 1 
-1.86596 1 
ZONE T="boundary2"
4 -0.508889 
4 -0.650115 
4 -0.329344 
4 -0.291025 
4 -0.367663 
4 -0.438276 
4 0.292885 
4 0.238254 
4 0.177667 
4 1 
4 -0.128148 
4 0.0391362 
4 0.81102 
4 -0.825057 
4 0.357196 
4 0.421506 
4 -0.250305 
4 -0.209586 
4 -0.083477 
4 -0.0388065 
4 0.117079 
4 0.521773 
4 -1 
4 0.62204 
4 -0.579502 
4 -0.310184 
4 -0.348503 
4 -0.40297 
4 0.26557 
4 0.20796 
4 -0.737586 
4 0.389351 
4 -0.229946 
4 -0.270665 
4 -0.168867 
4 -0.105812 
4 -0.0611417 
4 0.0781076 
4 0.000164882 
4 -0.473582 
4 -0.912529 
4 0.90551 
4 0.71653 
4 0.325041 
4 0.147373 
4 0.47164 
4 0.571907 
ZONE T="boundary3"
-3.72971 -1 
3.12007 -1 
-0.964554 -1 
-0.867623 -1 
1.46212 -1 
-1.15333 -1 
0.146214 -1 
3.67641 -1 
1.04072 -1 
-4 -1 
-3.59457 -1 
-0.376348 -1 
1.1495 -1 
1.7213 -1 
1.86601 -1 
-3.45943 -1 
-1.80574 -1 
-1.05894 -1 
-1.9853 -1 
-2.16485 -1 
2.04702 -1 
-2.80541 -1 
-2.48513 -1 
3.35283 -1 
2.55767 -1 
2.88732 -1 
2.22802 -1 
0.0885568 -1 
0.203871 -1 
0.294212 -1 
0.444676 -1 
0.369444 -1 
-0.04312 -1 
0.0227184 -1 
-0.107562 -1 
-0.172004 -1 
-0.274176 -1 
0.5622 -1 
-0.796805 -1 
-0.725987 -1 
0.679724 -1 
0.805837 -1 
-0.660642 -1 
-0.595296 -1 
4 -1 
0.93195 -1 
1.24858 -1 
1.34766 -1 
1.57658 -1 
3.51462 -1 
-1.26167 -1 
-1.37002 -1 
-1.47264 -1 
-1.57526 -1 
-2.32499 -1 
-3.13242 -1 
-0.22309 -1 
-0.485822 -1 
-0.431085 -1 
-0.540559 -1 
-3.29593 -1 
-0.916089 -1 
-3.86486 -1 
-3.66214 -1 
1.79365 -1 
-3.527 -1 
-1.01175 -1 
-2.07508 -1 
1.95651 -1 
-2.64527 -1 
3.23645 -1 
2.7225 -1 
2.39285 -1 
0.249042 -1 
0.40706 -1 
-0.0102008 -1 
0.0556376 -1 
0.175043 -1 
-0.139783 -1 
-0.075341 -1 
0.117385 -1 
0.503438 -1 
-0.761396 -1 
0.620962 -1 
0.74278 -1 
-0.325262 -1 
-0.627969 -1 
0.868894 -1 
1.09511 -1 
1.29812 -1 
0.986337 -1 
3.83821 -1 
3.43372 -1 
3.0037 -1 
3.59552 -1 
-1.31584 -1 
-1.42133 -1 
-1.6905 -1 
2.13752 -1 
-2.96892 -1 
1.64894 -1 
-1.89552 -1 
-0.248633 -1 
0.331828 -1 
-0.458454 -1 
-0.567928 -1 
-0.513191 -1 
-0.197547 -1 
-0.403716 -1 
-0.693314 -1 
1.19904 -1 
-0.832214 -1 
-2.40506 -1 
-2.24492 -1 
1.40489 -1 
1.51935 -1 
-1.52395 -1 
-1.2075 -1 
-1.10614 -1 
-3.37768 -1 
-3.21417 -1 
ZONE T="boundary4"
-0.165016 0.494824 
-0.139914 0.502013 
-0.25983 0.459332 
-0.237238 0.469063 
-0.500812 0.283271 
-0.617983 0.0798642 
-0.624453 0.0576804 
0.633619 -0.0232974 
0.441677 0.375458 
0.628783 0.0103628 
0.539371 0.213015 
0.530391 0.230625 
-0.282096 0.44889 
0.452702 0.361806 
-0.610358 0.101912 
-0.629738 0.035426 
0.474013 0.332088 
0.484211 0.316151 
-0.603793 0.118588 
-0.588699 0.1517 
-0.570443 0.185485 
-0.549817 0.218503 
-0.560377 0.202145 
-0.579854 0.168739 
-0.538581 0.23487 
-0.470642 0.315698 
-0.454273 0.331496 
0.54847 0.195499 
-0.526884 0.250913 
-0.486025 0.299754 
-0.419906 0.361359 
-0.401972 0.375415 
-0.514128 0.267311 
-0.383409 0.388997 
-0.364407 0.40197 
-0.303471 0.438021 
-0.344645 0.414543 
-0.633811 0.0131961 
-0.189878 0.486831 
-0.2137 0.478324 
-0.113664 0.508616 
-0.0872221 0.514349 
-0.0595085 0.519389 
-0.0316583 0.523468 
0.584501 0.127184 
0.493927 0.299866 
-0.63666 -0.00897168 
0.521487 0.248248 
0.624876 0.0271776 
0.6143 0.0607257 
0.620047 0.0439096 
0.631708 -0.00646668 
0.596678 0.102444 
0.430189 0.388573 
0.355733 0.452438 
0.330964 0.467594 
0.379595 0.435325 
0.406036 0.412911 
0.512503 0.265805 
0.503397 0.282957 
0.057076 0.529817 
0.0269834 0.528817 
-0.00237144 0.526692 
-0.437352 0.346716 
0.251105 0.502511 
0.306763 0.480216 
0.185985 0.519137 
0.218744 0.511892 
0.279249 0.492306 
0.57572 0.144108 
0.557603 0.178209 
0.566772 0.160992 
0.60783 0.0772914 
-0.324483 0.426477 
0.0888822 0.529528 
0.152834 0.524425 
0.12051 0.527795 
-0.152493 0.498519 
-0.248572 0.464287 
-0.621357 0.0688121 
0.534868 0.221811 
-0.271005 0.4542 
0.447256 0.368687 
-0.627239 0.0465866 
0.479178 0.324162 
-0.614304 0.0909339 
-0.596532 0.135273 
-0.60715 0.110279 
-0.555156 0.210362 
-0.584349 0.160257 
-0.544256 0.226726 
-0.462528 0.32367 
0.543904 0.204247 
-0.532791 0.242934 
-0.478405 0.307794 
-0.575216 0.17715 
-0.410997 0.368461 
-0.373961 0.39556 
-0.292827 0.44354 
-0.354577 0.408336 
-0.631921 0.0243372 
-0.177479 0.490928 
-0.225506 0.473787 
-0.126816 0.505423 
-0.100466 0.511591 
-0.0456006 0.52155 
-0.520575 0.259165 
-0.635385 0.00213081 
-0.493494 0.29158 
0.525939 0.239436 
-0.392746 0.382282 
0.46363 0.347146 
0.622567 0.035574 
0.63279 -0.0148675 
0.436 0.382074 
0.343483 0.460238 
0.39306 0.424409 
0.517018 0.257038 
0.498716 0.291442 
0.507991 0.274403 
0.590688 0.114862 
0.0420255 0.529468 
-0.428691 0.354111 
-0.565474 0.193854 
0.318966 0.474102 
0.235004 0.507473 
0.265259 0.497634 
-0.50754 0.275348 
0.562186 0.169599 
0.489129 0.308044 
0.571257 0.152555 
0.580137 0.135659 
0.626944 0.0187969 
0.611148 0.0690404 
0.61727 0.0523507 
0.630367 0.00196929 
0.553025 0.186847 
-0.314024 0.432333 
-0.201823 0.482672 
0.602406 0.089935 
-0.445878 0.339179 
-0.334612 0.42059 
-0.0170292 0.525216 
0.0122966 0.527894 
0.367822 0.444103 
-0.0733866 0.516988 
0.0729817 0.52985 
0.136695 0.526318 
0.293109 0.486496 
0.202421 0.515768 
0.418367 0.400998 
0.104707 0.528847 
0.169448 0.522018 
ZONE T="boundary5"
-0.605256 -0.198159 
0.592514 -0.19278 
0.581313 -0.210663 
-0.637771 -0.074595 
-0.63865 -0.0529141 
-0.638277 -0.0310271 
-0.635629 -0.0960149 
-0.621434 -0.158465 
-0.627481 -0.137999 
-0.595224 -0.21702 
0.633619 -0.0232974 
0.634497 -0.0401469 
-0.632203 -0.117179 
0.418142 -0.342084 
0.388776 -0.35269 
-0.480839 -0.327017 
-0.497005 -0.318034 
-0.2795 -0.367867 
-0.30086 -0.36719 
-0.258132 -0.368199 
-0.32061 -0.366147 
-0.340284 -0.364597 
-0.413653 -0.352263 
-0.234768 -0.368304 
0.634327 -0.0568941 
-0.211449 -0.368269 
-0.186369 -0.368203 
-0.135135 -0.368393 
-0.161359 -0.368213 
-0.0819766 -0.36949 
-0.109001 -0.3688 
-0.583868 -0.235228 
-0.512639 -0.307942 
-0.377684 -0.359819 
-0.395779 -0.356435 
0.513477 -0.286455 
-0.543329 -0.283126 
-0.557727 -0.268541 
0.467721 -0.318043 
0.491125 -0.303269 
-0.528382 -0.296144 
0.62758 -0.106486 
0.630863 -0.0900666 
-0.359055 -0.362535 
0.623343 -0.122557 
-0.464624 -0.334742 
-0.448021 -0.341484 
-0.430987 -0.347319 
0.443272 -0.330982 
0.543872 -0.25801 
-0.614067 -0.178457 
-0.0550568 -0.370448 
0.113371 -0.379116 
0.0847816 -0.3778 
0.56776 -0.229693 
0.553272 -0.247576 
0.0561975 -0.376266 
-0.63666 -0.00897168 
-0.0274299 -0.37168 
0.000113365 -0.373103 
0.0281733 -0.374673 
0.264283 -0.377008 
0.233004 -0.37925 
0.172141 -0.380574 
0.142738 -0.380103 
0.202546 -0.380355 
0.359067 -0.361222 
0.327347 -0.368251 
-0.571375 -0.252421 
0.502461 -0.295111 
0.523956 -0.277466 
0.602759 -0.174026 
0.618113 -0.138528 
0.612035 -0.154058 
0.633115 -0.073518 
0.295579 -0.373444 
0.534039 -0.268036 
0.587042 -0.201802 
-0.638369 -0.0637615 
-0.638619 -0.0419686 
-0.624624 -0.148282 
-0.600401 -0.207675 
0.634189 -0.0317151 
-0.63686 -0.0853217 
-0.630007 -0.127627 
-0.634079 -0.106624 
0.403552 -0.347647 
-0.488996 -0.322656 
-0.290181 -0.367579 
-0.330453 -0.365443 
-0.246449 -0.368277 
0.634543 -0.0485215 
-0.223108 -0.368297 
-0.198907 -0.368233 
-0.148245 -0.368277 
-0.0954865 -0.369111 
-0.589704 -0.226222 
-0.504908 -0.313119 
-0.38675 -0.358222 
-0.550667 -0.275971 
0.479569 -0.310887 
-0.404741 -0.354453 
-0.520618 -0.302185 
0.629348 -0.0983011 
-0.368383 -0.361265 
-0.456372 -0.338231 
-0.472791 -0.331001 
0.455616 -0.324738 
-0.422352 -0.349899 
-0.268816 -0.368068 
-0.617916 -0.168523 
-0.310738 -0.366726 
-0.0685145 -0.369937 
0.0990745 -0.378493 
0.560657 -0.238749 
0.0704879 -0.377052 
-0.0136569 -0.372371 
0.0141445 -0.373879 
0.248653 -0.37828 
0.157437 -0.380413 
0.217778 -0.379924 
0.373988 -0.357191 
0.343258 -0.364973 
-0.122066 -0.368566 
-0.577777 -0.243936 
0.496836 -0.299249 
0.518766 -0.282016 
0.508015 -0.290842 
0.4308 -0.336746 
0.615181 -0.146335 
0.620844 -0.13058 
-0.439544 -0.344516 
0.632118 -0.0818095 
0.625581 -0.114552 
0.633851 -0.0652152 
0.574683 -0.220283 
-0.637621 -0.0199889 
-0.173862 -0.368193 
0.128052 -0.379665 
0.27995 -0.375402 
-0.0412409 -0.371035 
0.0421852 -0.375473 
0.187343 -0.380564 
0.311496 -0.371056 
-0.564705 -0.260611 
0.597782 -0.183482 
-0.349678 -0.363643 
-0.535976 -0.289773 
-0.60983 -0.188384 
0.607568 -0.164121 
0.53901 -0.263075 
0.548625 -0.252843 
0.529048 -0.272806 
