ZONE T="boundary0"
-4 -0.591382 
-4 0.219246 
-4 0.288629 
-4 0.540113 
-4 0.392889 
-4 0.655085 
-4 0.145089 
-4 -0.0751462 
-4 -0.126244 
-4 -0.236685 
-4 -0.436989 
-4 1 
-4 0.770057 
-4 0.0709318 
-4 0.466501 
-4 -0.177341 
-4 -0.296029 
-4 -0.366509 
-4 -0.514186 
-4 -0.795691 
-4 -1 
-4 0.253937 
-4 0.597599 
-4 -0.100695 
-4 0.885028 
-4 -0.00210723 
-4 0.429695 
-4 0.340759 
-4 -0.266357 
-4 -0.207013 
-4 -0.401749 
-4 -0.475587 
-4 -0.331269 
-4 -0.552784 
-4 0.10801 
-4 -0.897845 
-4 0.503307 
-4 0.712571 
-4 -0.693536 
-4 -0.151793 
-4 0.182168 
ZONE T="boundary1"
-3.76499 1 
3.34668 1 
-0.836746 1 
-2.30009 1 
-2.41328 1 
-0.136577 1 
-0.214845 1 
-0.608006 1 
3.50528 1 
-4 1 
1.65741 1 
1.54185 1 
3.03578 1 
3.18807 1 
-1.64241 1 
2.20228 1 
-2.85851 1 
-3.02637 1 
2.43847 1 
2.66098 1 
-2.63589 1 
1.3164 1 
1.96608 1 
0.340171 1 
0.175779 1 
0.100288 1 
0.0209898 1 
0.25127 1 
-0.0583084 1 
-0.0974425 1 
0.060639 1 
0.745743 1 
0.666576 1 
-0.343381 1 
-0.508631 1 
0.587408 1 
0.429072 1 
1.08982 1 
0.973134 1 
1.2065 1 
0.859439 1 
4 1 
-1.22708 1 
-1.0966 1 
-0.707381 1 
1.81174 1 
1.4263 1 
-0.966111 1 
-1.56862 1 
-1.8638 1 
-2.02534 1 
3.75264 1 
-1.39785 1 
-1.31247 1 
-3.52998 1 
-3.19424 1 
-2.18689 1 
-1.71621 1 
-1.48323 1 
2.88348 1 
-3.36211 1 
-2.35668 1 
-0.175711 1 
1.59963 1 
3.11193 1 
-2.94244 1 
2.54972 1 
-2.7472 1 
2.32037 1 
0.138033 1 
0.213524 1 
-0.0186593 1 
-0.11701 1 
0.29572 1 
0.0408144 1 
0.706159 1 
-0.279113 1 
-0.426006 1 
0.50824 1 
1.03148 1 
1.14816 1 
0.802591 1 
-1.16184 1 
0.916286 1 
1.37135 1 
-0.558319 1 
-0.901429 1 
1.48408 1 
-0.772063 1 
-1.94457 1 
3.87632 1 
3.62896 1 
-1.03135 1 
-1.35516 1 
1.88891 1 
2.08418 1 
-3.64749 1 
-3.11031 1 
-2.24349 1 
-1.79 1 
-1.67931 1 
-2.10612 1 
-3.8825 1 
-1.52593 1 
2.77223 1 
2.95963 1 
1.73458 1 
-2.52459 1 
3.26738 1 
3.42598 1 
-0.0778754 1 
0.384621 1 
0.0804635 1 
-0.657693 1 
1.26145 1 
-3.44605 1 
-1.26978 1 
-1.60551 1 
-1.44054 1 
-3.27818 1 
0.626992 1 
ZONE T="boundary2"
4 -0.592532 
4 -0.283306 
4 -0.353384 
4 -0.210207 
4 -0.135043 
4 0.510269 
4 0.632702 
4 0.816351 
4 -1 
4 -0.0191999 
4 -0.0771213 
4 0.127437 
4 0.0832869 
4 0.400351 
4 -0.796266 
4 -0.423462 
4 0.171586 
4 0.321126 
4 0.233152 
4 1 
4 0.294718 
4 0.263935 
4 0.347535 
4 -0.318345 
4 -0.246757 
4 0.571485 
4 -0.0481606 
4 0.0320435 
4 -0.694399 
4 -0.172625 
4 0.149511 
4 0.105362 
4 -0.507997 
4 -0.106082 
4 0.45531 
4 -0.388423 
4 0.908175 
4 0.724526 
4 -0.898133 
4 0.279326 
4 0.202369 
4 0.248544 
4 0.33433 
4 0.373943 
4 0.307922 
ZONE T="boundary3"
3.23101 -1 
4 -1 
3.54023 -1 
-0.20726 -1 
-0.142133 -1 
-0.370202 -1 
0.0708048 -1 
3.38562 -1 
-0.461494 -1 
1.16797 -1 
-0.288731 -1 
0.760179 -1 
0.971532 -1 
1.06975 -1 
-1.28841 -1 
-3.4729 -1 
-3.25014 -1 
-3.02737 -1 
1.4867 -1 
-2.57601 -1 
-1.52038 -1 
1.93168 -1 
2.2272 -1 
-1.96032 -1 
-1.80446 -1 
2.71818 -1 
2.91366 -1 
-2.34793 -1 
-2.15413 -1 
2.52271 -1 
-0.077006 -1 
0.140337 -1 
0.20987 -1 
-0.00310056 -1 
0.357901 -1 
0.283885 -1 
0.46633 -1 
0.667469 -1 
-0.552786 -1 
0.574759 -1 
-0.645816 -1 
-0.738846 -1 
-4 -1 
0.865856 -1 
-1.08086 -1 
-0.977076 -1 
-0.857961 -1 
1.27201 -1 
1.37605 -1 
1.59735 -1 
1.76452 -1 
1.68093 -1 
-1.18465 -1 
-1.39216 -1 
-1.64859 -1 
-2.80409 -1 
-3.73645 -1 
3.77011 -1 
-0.174697 -1 
-0.247996 -1 
1.02064 -1 
-3.36152 -1 
-3.13876 -1 
2.07944 -1 
-1.88239 -1 
2.81592 -1 
-2.05723 -1 
-0.10957 -1 
-0.0400533 -1 
0.320893 -1 
0.412116 -1 
-0.415848 -1 
-0.329466 -1 
0.175104 -1 
0.0338521 -1 
0.105571 -1 
0.520545 -1 
-0.50714 -1 
-0.599301 -1 
-0.692331 -1 
0.713824 -1 
0.621114 -1 
0.918694 -1 
-1.02897 -1 
-0.917519 -1 
-0.798404 -1 
0.813017 -1 
1.32403 -1 
1.54202 -1 
1.43137 -1 
1.8481 -1 
1.63914 -1 
1.72272 -1 
-1.13276 -1 
-1.23653 -1 
-1.45627 -1 
-1.58448 -1 
-1.34028 -1 
-2.91573 -1 
2.37495 -1 
2.62044 -1 
3.07233 -1 
-3.60468 -1 
-3.86823 -1 
-2.46197 -1 
-2.69005 -1 
-2.25103 -1 
-1.72652 -1 
0.246878 -1 
1.21999 -1 
1.11886 -1 
3.46292 -1 
3.30831 -1 
ZONE T="boundary4"
-0.352465 0.326204 
-0.620089 -0.0246202 
0.643895 0.0593782 
0.643902 0.0449506 
-0.61729 -0.00161359 
-0.388377 0.304721 
0.500905 0.362189 
0.487489 0.372867 
-0.404768 0.294008 
-0.420174 0.283321 
0.525515 0.339607 
0.53669 0.327791 
0.513799 0.350891 
-0.515613 0.19923 
0.590293 0.248947 
-0.606976 0.0439653 
-0.59945 0.0663729 
0.597152 0.234875 
-0.590369 0.0883939 
-0.57978 0.109933 
0.643183 0.0739022 
-0.612925 0.0212654 
0.641784 0.0885266 
-0.570807 0.125859 
-0.561019 0.141475 
-0.503199 0.212314 
0.641741 0.0164652 
-0.527762 0.185518 
-0.550585 0.156567 
-0.49039 0.224995 
-0.31163 0.34794 
-0.290084 0.358452 
-0.463672 0.24925 
-0.44964 0.260932 
-0.477197 0.237317 
0.458968 0.392515 
0.473446 0.383017 
-0.539397 0.171358 
-0.435285 0.272183 
0.547436 0.315291 
-0.174591 0.405722 
-0.19845 0.397101 
-0.371732 0.314991 
-0.150544 0.413844 
-0.125928 0.421576 
-0.101123 0.428775 
-0.332943 0.336913 
-0.0757405 0.435525 
0.00250195 0.452356 
0.029759 0.456775 
-0.267619 0.368794 
-0.221798 0.388112 
-0.244946 0.378638 
-0.0501691 0.441691 
-0.0239224 0.447351 
0.566548 0.289591 
0.557296 0.302657 
0.643187 0.0306291 
0.429149 0.409435 
0.397502 0.424133 
0.0571738 0.460443 
0.0855538 0.463395 
0.114056 0.465467 
0.143708 0.466635 
0.17342 0.466747 
0.235444 0.463287 
0.267205 0.459384 
0.575019 0.276398 
0.636295 0.121471 
0.63198 0.139691 
0.582957 0.262774 
0.609435 0.206743 
0.614971 0.192638 
0.639747 0.103068 
0.603554 0.220705 
0.204424 0.46567 
0.299818 0.453688 
0.33246 0.446079 
0.365145 0.436291 
0.624523 0.165328 
0.643987 0.0521634 
-0.412508 0.288719 
0.50742 0.356617 
-0.603402 0.0552312 
-0.58525 0.0992487 
0.643625 0.0666435 
-0.615301 0.00986107 
-0.566003 0.133723 
-0.521749 0.192429 
-0.555884 0.149078 
-0.496842 0.218703 
-0.300886 0.353258 
-0.456698 0.255143 
-0.470476 0.243332 
0.46626 0.387847 
-0.396608 0.29942 
-0.533648 0.178494 
-0.442503 0.266611 
0.542138 0.321606 
-0.186544 0.401474 
-0.16259 0.409846 
-0.113547 0.425243 
-0.342736 0.331618 
-0.0884528 0.432222 
0.0161133 0.454658 
-0.380086 0.309909 
-0.27888 0.363686 
-0.483837 0.231203 
-0.322319 0.342492 
-0.233397 0.383436 
-0.0629749 0.438683 
-0.0370654 0.444602 
0.480526 0.378023 
0.561998 0.296178 
0.642557 0.0235364 
-0.362134 0.320662 
0.41347 0.417096 
-0.509459 0.205823 
0.531172 0.333765 
0.55244 0.309032 
0.494259 0.367607 
0.0713505 0.462026 
0.0997949 0.464544 
0.158562 0.466827 
0.251347 0.461526 
0.570857 0.283041 
-0.42777 0.277808 
0.634239 0.130605 
0.579059 0.269628 
0.612246 0.199708 
-0.545068 0.164021 
0.643636 0.0377841 
0.640842 0.0958075 
0.642566 0.0812214 
0.638135 0.11229 
0.519722 0.345317 
0.593778 0.241938 
0.606537 0.213742 
-0.256309 0.373777 
-0.138258 0.417776 
-0.210148 0.392667 
0.0434514 0.458706 
0.188926 0.466365 
0.219946 0.464646 
-0.0107284 0.449938 
0.316194 0.450124 
0.348882 0.441451 
0.381433 0.430503 
0.283549 0.456754 
-0.575389 0.117949 
-0.618883 -0.0130952 
-0.595093 0.077458 
-0.610144 0.0326644 
0.600401 0.227812 
0.586689 0.255895 
0.128875 0.466179 
0.444236 0.401287 
0.619922 0.179044 
0.628429 0.152561 
ZONE T="boundary5"
-0.542999 -0.295118 
-0.528467 -0.315621 
-0.579855 -0.229819 
-0.589726 -0.207425 
-0.61162 -0.139497 
-0.440967 -0.407088 
-0.616199 -0.116658 
-0.619369 -0.0937151 
-0.621096 -0.0707147 
0.617663 -0.0641398 
0.628584 -0.038276 
-0.621347 -0.0476658 
-0.620089 -0.0246202 
-0.598339 -0.184911 
-0.605656 -0.162253 
-0.56869 -0.252181 
0.593999 -0.103689 
0.580668 -0.120914 
-0.424782 -0.419895 
-0.406998 -0.432855 
-0.191247 -0.520266 
-0.219363 -0.515092 
-0.300388 -0.4904 
-0.50032 -0.350061 
-0.514344 -0.333658 
-0.247258 -0.508262 
-0.274029 -0.500076 
0.524956 -0.174792 
0.546224 -0.156638 
-0.324295 -0.480172 
-0.13494 -0.525551 
-0.107025 -0.52566 
-0.163094 -0.523753 
-0.0794812 -0.524111 
-0.456656 -0.393664 
-0.052207 -0.520925 
-0.471405 -0.380042 
-0.48564 -0.36587 
-0.556404 -0.273983 
-0.388709 -0.445067 
0.636631 -0.0113576 
0.639553 0.00244093 
0.641741 0.0164652 
0.611146 -0.0766487 
-0.0253597 -0.516141 
0.00102759 -0.5098 
0.0270038 -0.501927 
0.0774448 -0.481873 
0.101966 -0.469822 
0.0524268 -0.492615 
0.12605 -0.456549 
0.197133 -0.410083 
-0.347702 -0.468745 
0.14986 -0.4421 
0.173434 -0.426624 
-0.368458 -0.45737 
0.220615 -0.392966 
0.244595 -0.375032 
0.293316 -0.338385 
0.268503 -0.356994 
0.500414 -0.193576 
0.318182 -0.320055 
0.344046 -0.301433 
0.369916 -0.283245 
0.566246 -0.137105 
0.632969 -0.0249506 
0.60399 -0.0887843 
0.55641 -0.147059 
0.475146 -0.211473 
0.449053 -0.229246 
0.422677 -0.247074 
0.396352 -0.265004 
-0.535862 -0.305462 
-0.584925 -0.218683 
-0.61796 -0.105213 
-0.620414 -0.0822303 
0.623471 -0.0513627 
-0.620909 -0.0361342 
-0.602152 -0.173633 
-0.574407 -0.241068 
-0.6088 -0.150919 
-0.614079 -0.128113 
0.587486 -0.112425 
-0.415956 -0.426466 
-0.20534 -0.517885 
-0.507417 -0.341932 
-0.260697 -0.504355 
-0.287272 -0.49542 
0.53572 -0.165875 
-0.312404 -0.485437 
-0.120983 -0.525815 
-0.149029 -0.524862 
-0.448875 -0.400452 
-0.478589 -0.373023 
-0.562687 -0.263162 
-0.432936 -0.41357 
-0.397915 -0.439055 
-0.464094 -0.386923 
0.640741 0.00943695 
-0.521506 -0.324719 
-0.0121247 -0.513167 
0.0140661 -0.506054 
0.0897691 -0.476004 
0.0649977 -0.487414 
-0.336067 -0.474605 
0.138015 -0.449446 
-0.549838 -0.284639 
0.161702 -0.434461 
0.114073 -0.463324 
-0.378651 -0.451332 
0.23262 -0.384026 
0.280901 -0.347667 
0.512793 -0.184329 
0.331096 -0.310698 
0.305732 -0.329184 
0.356967 -0.292299 
-0.621408 -0.059194 
0.573587 -0.129131 
0.630867 -0.0316449 
0.599111 -0.0963186 
0.638185 -0.00447951 
0.634892 -0.0181806 
-0.49306 -0.358041 
-0.358142 -0.463175 
-0.594177 -0.196224 
-0.177194 -0.522217 
-0.0387511 -0.518734 
-0.0658218 -0.522723 
0.256551 -0.366014 
0.487842 -0.202609 
0.462127 -0.220388 
-0.233357 -0.511879 
-0.0932424 -0.525092 
0.0397717 -0.497451 
0.185329 -0.41843 
0.208904 -0.401576 
0.409513 -0.256016 
0.43587 -0.238149 
0.38313 -0.274092 
0.551358 -0.151894 
0.561374 -0.142131 
0.607647 -0.0827628 
0.614486 -0.070441 
