ZONE T="boundary0"
-4 -0.38838 
-4 0.234751 
-4 -0.059509 
-4 0.00616165 
-4 0.296442 
-4 0.372093 
-4 0.447744 
-4 0.825646 
-4 0.651291 
-4 1 
-4 0.179919 
-4 0.125087 
-4 -0.468223 
-4 -0.548066 
-4 -0.285289 
-4 -0.205235 
-4 -0.12518 
-4 -0.661049 
-4 -0.774033 
-4 -1 
-4 0.549518 
-4 -0.165207 
-4 -0.245262 
-4 -0.336835 
-4 -0.0266737 
-4 0.265596 
-4 0.334267 
-4 0.409918 
-4 0.738468 
-4 0.152503 
-4 0.0656243 
-4 0.207335 
-4 -0.508144 
-4 -0.0923443 
-4 0.912823 
-4 0.600404 
-4 -0.887016 
-4 -0.145193 
-4 -0.225248 
-4 -0.185221 
-4 -0.265276 
-4 -0.311062 
-4 -0.362607 
-4 -0.428301 
-4 0.498631 
-4 -0.717541 
-4 -0.604558 
ZONE T="boundary1"
-0.784203 1 
-0.903304 1 
0.983368 1 
0.875151 1 
-1.23594 1 
-1.33115 1 
3.29196 1 
3.09008 1 
0.551704 1 
0.483135 1 
3.51944 1 
-1.52158 1 
2.90437 1 
-1.84407 1 
-2.07136 1 
-3.14533 1 
-3.35482 1 
1.92766 1 
2.13554 1 
-3.67323 1 
4 1 
-2.30817 1 
-2.54498 1 
-4 1 
2.53104 1 
2.71867 1 
-0.334313 1 
-0.572811 1 
-0.129914 1 
-0.713739 1 
-0.643275 1 
-0.502347 1 
-0.390325 1 
-0.204108 1 
-0.278302 1 
-0.0635202 1 
0.00287375 1 
0.414567 1 
0.277429 1 
0.204989 1 
0.132549 1 
0.345998 1 
-1.02241 1 
0.659319 1 
-1.12917 1 
0.766934 1 
-1.42636 1 
1.09198 1 
-1.61679 1 
1.20058 1 
1.32775 1 
1.45492 1 
1.53846 1 
3.74692 1 
1.77483 1 
2.34342 1 
-2.74041 1 
-2.93584 1 
0.0677113 1 
1.622 1 
-0.843754 1 
0.92926 1 
-1.28354 1 
3.19102 1 
0.517419 1 
3.4057 1 
-1.95771 1 
-3.25007 1 
2.0316 1 
-3.51403 1 
-2.42657 1 
-2.18976 1 
-3.83662 1 
2.62485 1 
-0.678507 1 
-0.537579 1 
-0.608043 1 
-0.362319 1 
-0.446336 1 
-0.167011 1 
-0.0967171 1 
0.241209 1 
0.168769 1 
0.311714 1 
0.448851 1 
-0.962855 1 
0.605511 1 
-1.18255 1 
0.713127 1 
-1.37876 1 
-1.07579 1 
0.821043 1 
-1.73043 1 
1.26417 1 
1.49669 1 
-1.56918 1 
-1.47397 1 
1.14628 1 
3.63318 1 
1.85125 1 
2.43723 1 
-2.64269 1 
3.87346 1 
2.99723 1 
-3.04058 1 
-0.748971 1 
-0.0303232 1 
0.0352925 1 
-0.306308 1 
-0.241205 1 
0.10013 1 
0.380282 1 
1.03767 1 
1.69841 1 
1.58023 1 
2.23948 1 
1.39134 1 
2.81152 1 
-2.83812 1 
ZONE T="boundary2"
4 -0.451445 
4 -0.38933 
4 -0.639793 
4 -0.327216 
4 -0.186893 
4 0.416251 
4 0.202032 
4 -1 
4 -0.819897 
4 -0.545619 
4 0.808833 
4 1 
4 -0.254327 
4 0.0842904 
4 -0.0407267 
4 -0.11381 
4 0.2781 
4 0.0426181 
4 0.347175 
4 0.516958 
4 0.617666 
4 0.125963 
4 -0.420388 
4 -0.358273 
4 -0.909948 
4 -0.592706 
4 0.904416 
4 -0.290772 
4 -0.22061 
4 -0.498532 
4 -0.729845 
4 -0.0772682 
4 -0.150351 
4 0.000945685 
4 0.381713 
4 0.567312 
4 0.466605 
4 0.713249 
4 0.312638 
4 0.163997 
4 0.105127 
4 0.240066 
4 0.0634543 
ZONE T="boundary3"
-3.85876 -1 
-3.71752 -1 
2.57814 -1 
3.37245 -1 
0.298737 -1 
0.647921 -1 
0.560521 -1 
0.180829 -1 
-0.47117 -1 
4 -1 
-0.886097 -1 
-0.78934 -1 
-1.12755 -1 
1.20634 -1 
1.32704 -1 
-2.9761 -1 
-3.19399 -1 
-0.692583 -1 
-1.37814 -1 
-1.29461 -1 
2.84098 -1 
-1.90364 -1 
-2.5513 -1 
2.08554 -1 
2.33184 -1 
-2.34439 -1 
-0.0814334 -1 
-0.0130175 -1 
0.0528266 -1 
0.118671 -1 
0.735321 -1 
-0.287283 -1 
-0.581877 -1 
-0.379226 -1 
-0.218566 -1 
-0.149849 -1 
0.242986 -1 
0.354488 -1 
0.405996 -1 
0.457505 -1 
3.66221 -1 
-1.00682 -1 
0.863649 -1 
0.942906 -1 
1.02216 -1 
0.799485 -1 
1.11425 -1 
1.44773 -1 
1.5724 -1 
1.69706 -1 
-3.45575 -1 
-1.21108 -1 
-1.46167 -1 
-4 -1 
3.08269 -1 
3.8311 -1 
-2.05056 -1 
-1.75672 -1 
-2.75821 -1 
-1.6092 -1 
1.8913 -1 
-3.78814 -1 
0.604221 -1 
-0.837719 -1 
1.26669 -1 
-3.08504 -1 
-0.740962 -1 
-1.33638 -1 
2.70956 -1 
2.20869 -1 
-0.0472255 -1 
0.0857486 -1 
0.0199045 -1 
-0.526523 -1 
-0.425198 -1 
-0.184208 -1 
-0.63723 -1 
0.326612 -1 
0.211907 -1 
0.14975 -1 
0.380242 -1 
0.509013 -1 
0.903278 -1 
0.982534 -1 
0.767403 -1 
1.06821 -1 
-0.94646 -1 
1.1603 -1 
1.38739 -1 
-1.06719 -1 
1.63473 -1 
1.51006 -1 
-3.58663 -1 
-1.16931 -1 
-3.92938 -1 
3.51733 -1 
3.22757 -1 
3.74666 -1 
-2.19747 -1 
-1.83018 -1 
-2.65475 -1 
-2.86715 -1 
-1.68296 -1 
-1.9771 -1 
-3.32487 -1 
1.79418 -1 
1.98842 -1 
2.96183 -1 
3.91555 -1 
0.43175 -1 
0.270862 -1 
-0.333255 -1 
-0.115641 -1 
0.831567 -1 
0.691621 -1 
-0.252924 -1 
2.45499 -1 
-1.25285 -1 
-1.41991 -1 
-1.53543 -1 
-2.44784 -1 
ZONE T="boundary4"
-0.531117 0.374454 
-0.145635 0.389243 
-0.123286 0.374332 
-0.616637 0.115474 
0.34729 0.28936 
-0.221698 0.438953 
-0.239284 0.448407 
-0.615966 0.0721071 
-0.616789 0.0937163 
-0.185531 0.416418 
-0.27459 0.463509 
-0.416215 0.463769 
-0.615495 0.137312 
-0.613361 0.159158 
0.510047 0.22056 
-0.608263 0.19213 
0.49723 0.230218 
-0.592217 0.255151 
-0.58151 0.28465 
-0.601142 0.224218 
0.218643 0.296693 
0.236662 0.29673 
-0.554367 0.339751 
-0.542966 0.357846 
0.254715 0.296569 
-0.568936 0.312774 
-0.614193 0.0507267 
0.600457 0.0973248 
-0.492541 0.416741 
0.377182 0.283514 
-0.505822 0.403941 
-0.518827 0.389695 
-0.478674 0.428435 
-0.464002 0.439138 
-0.448858 0.448547 
0.562097 0.167483 
0.55292 0.178998 
0.407168 0.275226 
0.437901 0.26369 
0.522451 0.210169 
-0.433019 0.456755 
-0.292506 0.469001 
0.608321 0.0725692 
-0.100387 0.360035 
-0.381547 0.473166 
-0.363961 0.475483 
-0.20386 0.428272 
-0.345888 0.476222 
-0.165681 0.402975 
0.272236 0.296138 
0.289811 0.295352 
-0.399239 0.469195 
-0.328146 0.475364 
-0.257163 0.456741 
0.533008 0.200387 
0.543157 0.190024 
-0.310086 0.472908 
0.0857984 0.299347 
-0.6115 0.0296139 
0.57732 0.145122 
0.318446 0.293113 
0.616866 0.0270323 
0.613543 0.0494341 
0.454626 0.255896 
0.470933 0.247125 
0.484273 0.239004 
0.118589 0.297169 
0.151004 0.296378 
0.0184191 0.310346 
0.0523098 0.303546 
0.184836 0.29641 
0.590416 0.121038 
0.619176 -0.0180826 
0.618687 0.00448088 
-0.073643 0.345096 
-0.0459073 0.331901 
-0.0140646 0.319705 
0.595716 0.109298 
-0.134503 0.381728 
-0.230441 0.443799 
-0.616499 0.0829085 
-0.616189 0.126401 
-0.61455 0.148249 
-0.611086 0.175692 
-0.587122 0.270002 
-0.604954 0.208236 
0.22765 0.296731 
-0.548793 0.348884 
0.245686 0.296681 
-0.575477 0.298835 
-0.537159 0.366239 
-0.615198 0.0614084 
0.362281 0.286702 
-0.512433 0.396924 
-0.471431 0.433923 
-0.456516 0.443988 
0.557582 0.173302 
0.422668 0.26983 
0.516317 0.215446 
-0.441017 0.452811 
-0.283505 0.466431 
0.604674 0.0850366 
-0.111904 0.367074 
-0.372781 0.474521 
-0.175591 0.409737 
0.281023 0.295794 
-0.390438 0.47138 
-0.337013 0.475987 
-0.424689 0.460442 
-0.265829 0.460278 
0.538146 0.195268 
-0.301266 0.471133 
-0.354936 0.476057 
-0.319097 0.474332 
-0.499282 0.410451 
-0.485704 0.422709 
0.569984 0.156488 
-0.616836 0.104598 
-0.612962 0.0401567 
-0.212736 0.43371 
0.615401 0.0382624 
0.462842 0.251629 
0.332887 0.291443 
0.527788 0.205341 
0.503699 0.225471 
0.304133 0.294396 
0.490805 0.234691 
0.477652 0.243146 
0.0353112 0.306605 
-0.525082 0.38217 
0.167919 0.296323 
0.263474 0.296393 
0.584173 0.133244 
0.446317 0.259913 
0.392255 0.27968 
0.617954 0.0157714 
-0.155668 0.396104 
0.619086 -0.00679673 
-0.0871212 0.352366 
-0.0598812 0.338248 
0.102186 0.298052 
-0.0301058 0.32546 
0.00208819 0.31468 
-0.596923 0.239762 
-0.407784 0.466666 
-0.194665 0.422416 
-0.248171 0.452719 
0.598156 0.103341 
0.548111 0.184572 
0.611162 0.0610533 
0.593136 0.115198 
-0.561906 0.32641 
0.134797 0.296638 
0.201734 0.296559 
0.0690292 0.301167 
ZONE T="boundary5"
-0.254929 -0.433873 
-0.560469 -0.128202 
-0.569489 -0.109513 
-0.540713 -0.164185 
-0.530083 -0.18148 
-0.603484 -0.0117197 
-0.60792 0.00879251 
0.578833 -0.308511 
0.573372 -0.324634 
-0.585363 -0.0712969 
-0.592181 -0.0517556 
0.557898 -0.359632 
0.566161 -0.342464 
-0.577791 -0.0905511 
-0.598233 -0.0318848 
-0.550786 -0.146561 
-0.423441 -0.312444 
-0.121188 -0.491776 
-0.234642 -0.444424 
-0.518311 -0.199372 
-0.274913 -0.422775 
-0.312237 -0.400018 
-0.329491 -0.388524 
-0.0965568 -0.49973 
-0.0705015 -0.507326 
-0.346433 -0.376582 
-0.362084 -0.364929 
-0.213235 -0.454821 
-0.19154 -0.464626 
-0.168691 -0.474198 
-0.490805 -0.237268 
-0.50602 -0.216903 
-0.474931 -0.257117 
-0.293731 -0.411646 
-0.439452 -0.296573 
-0.392338 -0.340527 
-0.377428 -0.352879 
-0.406912 -0.327784 
0.403609 -0.498215 
0.43002 -0.485392 
-0.457599 -0.277199 
0.590824 -0.257657 
0.497216 -0.438283 
0.455582 -0.470338 
0.476959 -0.455255 
0.525898 -0.408055 
0.53474 -0.396697 
0.512039 -0.423746 
0.103624 -0.538166 
0.135705 -0.540159 
0.0716191 -0.535022 
0.0117048 -0.526097 
0.288753 -0.531635 
0.334353 -0.521952 
0.312778 -0.527036 
-0.0163539 -0.520553 
-0.0442282 -0.514167 
0.35564 -0.515954 
-0.6115 0.0296139 
0.377887 -0.508517 
0.487269 -0.446986 
0.550761 -0.372479 
0.542994 -0.384898 
0.0415922 -0.531043 
0.611946 -0.108418 
0.608905 -0.131052 
0.605751 -0.15368 
0.587485 -0.274998 
0.583492 -0.292064 
0.594857 -0.232153 
0.59845 -0.206507 
0.602073 -0.180103 
0.614695 -0.0858576 
0.618529 -0.0407096 
0.619176 -0.0180826 
0.616964 -0.0632638 
-0.145573 -0.483132 
0.238444 -0.538084 
0.264512 -0.535248 
0.202738 -0.540363 
0.169241 -0.540955 
-0.565064 -0.118898 
-0.535465 -0.172874 
-0.605811 -0.00148624 
0.576208 -0.316609 
-0.588869 -0.0615593 
0.562169 -0.351117 
-0.58167 -0.0809601 
-0.600963 -0.0218287 
-0.244822 -0.439217 
-0.26496 -0.428392 
-0.320901 -0.394327 
-0.0835571 -0.503623 
-0.354295 -0.370805 
-0.202422 -0.459798 
-0.18015 -0.469492 
-0.498494 -0.227147 
-0.482953 -0.247261 
-0.284359 -0.417273 
-0.512228 -0.208181 
-0.524266 -0.190471 
-0.431513 -0.304576 
-0.384924 -0.346752 
-0.399668 -0.334204 
-0.555707 -0.137424 
0.416939 -0.492055 
-0.1089 -0.495839 
0.466422 -0.46301 
0.530393 -0.402431 
0.519111 -0.416028 
-0.595308 -0.0418502 
0.119656 -0.539309 
0.0876085 -0.536736 
0.300791 -0.529464 
-0.369795 -0.358954 
-0.0303152 -0.517465 
0.345031 -0.519072 
0.366813 -0.512378 
0.323593 -0.524607 
-0.415238 -0.320181 
0.482158 -0.451175 
0.569906 -0.333608 
0.49229 -0.442689 
-0.545821 -0.155414 
0.546958 -0.37874 
0.610449 -0.119738 
0.607334 -0.142367 
0.390835 -0.503577 
0.554412 -0.366102 
0.585581 -0.283555 
0.581261 -0.300317 
0.592933 -0.244923 
0.596679 -0.219336 
0.589231 -0.266343 
0.603905 -0.166891 
-0.223975 -0.449697 
-0.303023 -0.405895 
-0.573729 -0.10007 
0.613367 -0.0971426 
0.618981 -0.0293989 
0.617847 -0.0519927 
-0.609822 0.0191849 
-0.133412 -0.487541 
0.251493 -0.536794 
-0.338002 -0.382609 
0.276652 -0.533562 
0.615903 -0.0745671 
0.600258 -0.193306 
-0.157164 -0.478745 
-0.448625 -0.286978 
0.220607 -0.539444 
-0.466366 -0.267244 
0.185994 -0.540838 
0.0565898 -0.533154 
0.0266289 -0.528689 
-0.0573897 -0.510841 
-0.00234534 -0.523431 
0.15247 -0.540725 
0.504755 -0.431145 
0.442961 -0.478134 
0.538941 -0.390853 
