ZONE T="boundary0"
-4 -0.354103 
-4 -0.211207 
-4 -0.282655 
-4 -0.133161 
-4 0.213571 
-4 0.243578 
-4 -0.0917589 
-4 -0.0503569 
-4 0.0222078 
-4 1 
-4 0.77364 
-4 0.547281 
-4 -1 
-4 -0.825511 
-4 -0.415536 
-4 -0.47697 
-4 0.154172 
-4 0.0947724 
-4 0.183871 
-4 0.333599 
-4 0.273585 
-4 0.44044 
-4 -0.563995 
-4 -0.651021 
-4 0.38702 
-4 -0.246931 
-4 -0.172184 
-4 0.228575 
-4 -0.11246 
-4 -0.0140745 
-4 0.660461 
-4 -0.912755 
-4 -0.318379 
-4 -0.446253 
-4 -0.0710579 
-4 0.124472 
-4 0.0584901 
-4 0.303592 
-4 -0.607508 
-4 -0.738266 
-4 -0.520483 
-4 0.49386 
-4 0.88682 
-4 0.169022 
-4 0.258582 
-4 0.198721 
-4 -0.38482 
-4 0.360309 
-4 0.41373 
ZONE T="boundary1"
-1.95716 1 
-1.77935 1 
0.459573 1 
0.377106 1 
-0.845573 1 
0.18728 1 
0.0649386 1 
-0.740327 1 
4 1 
-3.32565 1 
-3.54783 1 
-1.64492 1 
2.7977 1 
3.47453 1 
-4 1 
-3.77391 1 
-3.14014 1 
-2.56022 1 
2.19226 1 
-2.95462 1 
1.78513 1 
1.215 1 
1.33241 1 
1.09758 1 
3.2118 1 
3.08043 1 
-2.3476 1 
-0.130791 1 
-0.0658993 1 
0.243674 1 
0.130885 1 
-0.426888 1 
0.31039 1 
-0.00100757 1 
0.54204 1 
-0.23003 1 
0.663071 1 
0.622728 1 
0.749057 1 
-0.328459 1 
-0.530984 1 
-0.635081 1 
-1.06927 1 
-0.957423 1 
0.991781 1 
-1.4079 1 
-1.51049 1 
-1.30531 1 
1.55877 1 
-2.13497 1 
2.64633 1 
2.94906 1 
3.73727 1 
2.4193 1 
0.794699 1 
0.703415 1 
0.885984 1 
0.938882 1 
-1.18729 1 
3.34316 1 
-1.86826 1 
0.418339 1 
-3.43674 1 
-3.88696 1 
-3.23289 1 
-3.04738 1 
1.2737 1 
1.15629 1 
3.14611 1 
-2.45391 1 
-0.0983452 1 
0.159082 1 
0.277032 1 
0.215477 1 
0.0319655 1 
0.500806 1 
0.343748 1 
-0.18041 1 
0.642899 1 
0.582384 1 
-0.377673 1 
-0.478936 1 
-0.79295 1 
-0.687704 1 
-1.01335 1 
1.04468 1 
-1.4592 1 
1.44559 1 
-2.24128 1 
1.9887 1 
1.67195 1 
2.72201 1 
-2.75742 1 
2.87338 1 
3.86863 1 
3.6059 1 
2.53281 1 
2.30578 1 
-3.66087 1 
-2.04607 1 
-0.0334534 1 
-0.279244 1 
0.0979117 1 
0.683243 1 
0.726236 1 
0.771878 1 
-0.583033 1 
0.840341 1 
0.965332 1 
0.912433 1 
-0.901498 1 
-1.2463 1 
-1.3566 1 
-1.71214 1 
-1.12828 1 
3.27748 1 
3.01475 1 
3.40885 1 
-1.57771 1 
ZONE T="boundary2"
4 -0.451946 
4 -0.389581 
4 0.185772 
4 0.263341 
4 -0.327216 
4 0.326255 
4 0.114298 
4 0.042824 
4 0.801722 
4 1 
4 -0.819897 
4 -0.639793 
4 -1 
4 -0.292135 
4 -0.257055 
4 -0.189602 
4 0.3727 
4 0.419145 
4 -0.0396631 
4 0.511294 
4 0.603444 
4 -0.12215 
4 -0.54587 
4 -0.420764 
4 0.224556 
4 0.0785611 
4 0.900861 
4 -0.729845 
4 -0.274595 
4 0.294798 
4 0.395922 
4 -0.223328 
4 0.00158044 
4 0.557369 
4 0.150035 
4 -0.0809067 
4 0.702583 
4 0.465219 
4 -0.309676 
4 -0.358399 
4 -0.498908 
4 -0.155876 
4 -0.592832 
4 0.349477 
4 -0.909948 
ZONE T="boundary3"
-0.635271 -1 
0.112828 -1 
0.17725 -1 
-0.548653 -1 
-0.462034 -1 
-0.081929 -1 
-0.0164243 -1 
-0.739654 -1 
-0.212051 -1 
-0.147434 -1 
-0.276669 -1 
0.998658 -1 
0.910594 -1 
0.822529 -1 
0.619064 -1 
0.725859 -1 
-1.94055 -1 
-1.75545 -1 
2.1544 -1 
2.38841 -1 
-2.34675 -1 
-2.12565 -1 
-4 -1 
-3.76593 -1 
-3.53186 -1 
-3.26037 -1 
-2.98888 -1 
1.9204 -1 
3.71868 -1 
4 -1 
0.310173 -1 
0.378673 -1 
0.0482019 -1 
0.241673 -1 
0.445471 -1 
0.512269 -1 
-0.369351 -1 
-0.687463 -1 
-0.888111 -1 
-0.838625 -1 
0.774194 -1 
-1.1933 -1 
-1.06545 -1 
-1.00152 -1 
-0.937597 -1 
1.21665 -1 
1.384 -1 
-1.59486 -1 
1.55134 -1 
-1.31378 -1 
-1.43427 -1 
3.43736 -1 
3.06516 -1 
2.7261 -1 
3.25126 -1 
1.73587 -1 
2.55725 -1 
-2.77836 -1 
-2.56784 -1 
2.89563 -1 
0.145039 -1 
-0.505343 -1 
-0.179743 -1 
0.954626 -1 
0.672462 -1 
-1.848 -1 
2.27141 -1 
-2.2362 -1 
-3.64889 -1 
-3.12462 -1 
2.0374 -1 
3.85934 -1 
0.344423 -1 
0.0158888 -1 
0.080515 -1 
-0.114681 -1 
-0.0491767 -1 
0.275923 -1 
0.412072 -1 
0.47887 -1 
-0.415693 -1 
-0.24436 -1 
0.209461 -1 
-0.661367 -1 
-0.591962 -1 
-0.713558 -1 
-0.78914 -1 
0.565666 -1 
0.798362 -1 
-1.12937 -1 
-0.863368 -1 
-0.969559 -1 
1.10766 -1 
0.866561 -1 
1.30033 -1 
-3.39611 -1 
-1.25354 -1 
-1.37403 -1 
-1.51456 -1 
3.57802 -1 
-2.0331 -1 
3.34431 -1 
2.47283 -1 
1.82813 -1 
1.6436 -1 
-2.6731 -1 
-2.88362 -1 
-1.67515 -1 
3.15821 -1 
2.9804 -1 
1.46767 -1 
-3.88296 -1 
2.81087 -1 
-1.03348 -1 
-0.32301 -1 
-0.912854 -1 
2.64168 -1 
-2.4573 -1 
0.750027 -1 
ZONE T="boundary4"
-0.380981 0.260326 
-0.400925 0.240059 
0.519426 0.444834 
0.538479 0.42981 
0.58204 0.380999 
0.592958 0.362832 
-0.511901 0.0862034 
-0.549867 -0.0276421 
0.616077 0.287048 
0.599565 0.175502 
0.61392 0.230298 
0.515542 0.0549587 
0.500828 0.0434329 
0.339037 0.511864 
0.317025 0.514549 
0.446188 0.484351 
0.464743 0.476437 
-0.163235 0.413551 
-0.143931 0.423113 
0.468673 0.022895 
0.584295 0.140855 
-0.499252 0.11025 
-0.546129 -0.00950784 
-0.541588 0.00846196 
-0.536261 0.0262291 
-0.530193 0.0437069 
-0.492638 0.121682 
-0.471607 0.15428 
-0.460728 0.169428 
-0.482405 0.13817 
-0.322114 0.312229 
-0.301038 0.328441 
0.482882 0.467479 
0.50152 0.456796 
-0.449414 0.184239 
-0.43506 0.201896 
-0.0561455 0.460403 
-0.0312965 0.469206 
-0.342649 0.295339 
-0.2817 0.342436 
-0.245938 0.36637 
-0.261991 0.355921 
-0.229669 0.376502 
-0.213961 0.385872 
0.613205 0.306625 
-0.198066 0.394957 
-0.180753 0.40442 
-0.124394 0.432276 
-0.102675 0.44187 
0.0847582 0.500654 
-0.420196 0.219095 
-0.523415 0.0608768 
0.610282 0.211585 
0.605365 0.19295 
0.616999 0.267159 
-0.0806858 0.450967 
0.60851 0.325415 
0.564823 0.108704 
0.574758 0.123917 
0.529369 0.0673445 
0.485076 0.0326645 
-0.552785 -0.0458891 
0.542039 0.0802965 
0.553772 0.0939722 
0.183399 0.515015 
0.21861 0.517274 
0.27008 0.517618 
0.293548 0.516515 
0.427842 0.491095 
0.40928 0.496952 
0.244303 0.517903 
0.569793 0.397616 
0.592593 0.158185 
0.616184 0.248744 
0.602099 0.343452 
0.556179 0.413049 
0.391622 0.501713 
-0.36212 0.278173 
-0.00378695 0.478087 
0.0240636 0.486169 
0.0542374 0.493903 
0.11694 0.506602 
0.149439 0.511377 
0.37381 0.505789 
-0.391042 0.250282 
0.529112 0.437531 
0.587718 0.372054 
0.508282 0.0490777 
0.328041 0.513311 
0.455516 0.480519 
-0.15361 0.418383 
-0.505743 0.0983147 
-0.548099 -0.0185546 
-0.543958 -0.000498151 
-0.539021 0.0173744 
-0.53332 0.0350002 
-0.495981 0.115987 
-0.466225 0.161896 
-0.487595 0.129973 
-0.311641 0.320418 
-0.442306 0.193125 
-0.455123 0.176874 
-0.0437539 0.464886 
-0.332453 0.30387 
-0.221838 0.381223 
-0.27189 0.349242 
0.510577 0.450977 
-0.172018 0.409028 
0.473875 0.47209 
-0.291416 0.335503 
-0.477074 0.146271 
-0.427688 0.21055 
-0.253991 0.361185 
-0.526892 0.0523269 
0.607976 0.202233 
0.616781 0.277119 
-0.517847 0.0736267 
-0.113565 0.437136 
-0.0684502 0.455765 
0.611087 0.316082 
-0.206035 0.390451 
0.569916 0.116237 
0.492286 0.462293 
-0.23783 0.371476 
0.476949 0.0276556 
-0.551428 -0.0367498 
0.535814 0.0737205 
0.522562 0.0610398 
-0.189434 0.399731 
0.200985 0.516341 
0.305293 0.515643 
0.281816 0.51717 
0.437054 0.487835 
0.418591 0.494128 
0.23145 0.517699 
0.576101 0.38945 
0.559423 0.101253 
0.588589 0.149459 
0.579673 0.132312 
0.61226 0.220915 
0.6026 0.184187 
0.548021 0.0870434 
0.615221 0.239503 
0.597776 0.353265 
0.605517 0.334514 
0.563147 0.40548 
0.614886 0.296877 
-0.134189 0.427746 
-0.0917098 0.446483 
-0.410646 0.229658 
0.257189 0.517878 
-0.371629 0.269333 
-0.0175789 0.473747 
-0.352459 0.286841 
0.0391136 0.490159 
0.0694639 0.497406 
0.100816 0.503772 
0.0101033 0.482232 
0.133161 0.509141 
0.166394 0.513369 
0.596216 0.166795 
0.493041 0.0379236 
0.616782 0.257946 
0.547522 0.421641 
0.356466 0.509114 
0.40047 0.499421 
0.382734 0.503834 
ZONE T="boundary5"
-0.435404 -0.421369 
-0.460701 -0.388032 
-0.531685 -0.248947 
-0.497348 -0.328685 
-0.507992 -0.307665 
-0.555055 -0.137991 
-0.556233 -0.119468 
-0.556599 -0.100998 
-0.270948 -0.564319 
-0.525101 -0.267578 
-0.546784 -0.193387 
-0.550305 -0.174998 
-0.516993 -0.287783 
-0.553078 -0.156468 
-0.121679 -0.635097 
-0.55488 -0.0642265 
-0.176137 -0.613746 
-0.201917 -0.601968 
-0.149911 -0.624601 
-0.0930427 -0.64455 
-0.225826 -0.589992 
0.0353519 -0.672867 
0.00109841 -0.667575 
0.10481 -0.677923 
0.0697518 -0.676386 
-0.556148 -0.0825729 
0.414934 -0.00147409 
-0.0622982 -0.653413 
-0.0312043 -0.661053 
0.352282 -0.465776 
0.356517 -0.486025 
-0.395486 -0.465763 
-0.409496 -0.451143 
-0.38053 -0.480388 
-0.448345 -0.40492 
-0.473614 -0.368919 
-0.249259 -0.577188 
0.468673 0.022895 
-0.365094 -0.494527 
-0.311681 -0.537175 
-0.330719 -0.522988 
-0.348154 -0.509041 
-0.292142 -0.55071 
-0.485749 -0.349308 
0.304587 -0.384892 
0.285275 -0.365153 
0.294237 -0.62698 
0.235842 -0.658281 
0.211083 -0.666045 
0.257557 -0.649172 
0.277622 -0.638308 
0.323097 -0.599549 
0.309176 -0.614339 
0.31749 -0.400064 
0.344757 -0.444734 
0.179746 -0.120219 
0.16796 -0.145958 
0.179255 -0.251314 
0.16849 -0.22673 
-0.542507 -0.211818 
0.16223 -0.17286 
0.162534 -0.200454 
0.192671 -0.272481 
0.264025 -0.345498 
0.216185 -0.0791781 
0.196393 -0.0977102 
0.238342 -0.0639894 
0.328509 -0.415188 
0.336809 -0.58036 
0.347874 -0.558119 
0.352008 -0.546174 
0.3578 -0.510696 
0.355106 -0.533726 
0.337522 -0.430021 
0.357698 -0.498521 
0.396381 -0.0079615 
0.357182 -0.0199145 
0.451177 0.0138326 
0.433257 0.00575615 
-0.552785 -0.0458891 
0.278012 -0.0449266 
0.235532 -0.319595 
0.193299 -0.670206 
0.208324 -0.291909 
0.140176 -0.677073 
0.318245 -0.031218 
0.175267 -0.673397 
-0.537554 -0.230071 
-0.502786 -0.318235 
-0.555745 -0.128736 
-0.556518 -0.110235 
-0.548636 -0.184211 
-0.512599 -0.297773 
-0.554165 -0.147241 
-0.189083 -0.607974 
0.018195 -0.670431 
-0.555616 -0.0733932 
-0.0777154 -0.649132 
-0.0467902 -0.657389 
0.354751 -0.475853 
-0.40255 -0.458509 
-0.388068 -0.473137 
-0.422689 -0.436463 
-0.454597 -0.39653 
-0.467252 -0.37854 
-0.521158 -0.277726 
-0.237602 -0.583695 
-0.321263 -0.530164 
-0.356687 -0.501855 
-0.37287 -0.48752 
-0.491659 -0.339059 
0.29511 -0.374875 
-0.441946 -0.4132 
0.267737 -0.643995 
0.301878 -0.620857 
0.311179 -0.392376 
0.34889 -0.455154 
0.173155 -0.132761 
0.173334 -0.239258 
-0.544733 -0.202623 
0.161622 -0.186663 
0.185631 -0.262131 
0.27474 -0.355251 
0.205909 -0.0880289 
0.32316 -0.407528 
0.227006 -0.0712027 
-0.281607 -0.557608 
0.350071 -0.552197 
0.356923 -0.522293 
0.353696 -0.539992 
-0.556475 -0.0917835 
0.333183 -0.42252 
0.357243 -0.492269 
0.357879 -0.504616 
0.376816 -0.0141389 
0.40568 -0.00480071 
0.341314 -0.437309 
0.442266 0.00967838 
-0.551788 -0.165748 
-0.553935 -0.0550466 
-0.260161 -0.570847 
-0.339495 -0.516087 
-0.479781 -0.359175 
-0.301971 -0.544026 
0.257795 -0.0536611 
0.164353 -0.159248 
0.164847 -0.213744 
0.249727 -0.332629 
0.221619 -0.306079 
0.18752 -0.10855 
0.200255 -0.282378 
-0.107406 -0.639955 
-0.135846 -0.629979 
-0.213926 -0.596085 
0.337672 -0.0255058 
0.0872761 -0.677429 
-0.163075 -0.61929 
0.0525326 -0.674859 
-0.0150876 -0.664489 
0.122512 -0.677824 
0.459989 0.018237 
0.286077 -0.63285 
0.316358 -0.607153 
0.223563 -0.662443 
0.202223 -0.668253 
0.184311 -0.671918 
0.157778 -0.675617 
0.246817 -0.65398 
0.33031 -0.590215 
0.42413 0.00203856 
0.342803 -0.569483 
-0.534707 -0.239537 
-0.528484 -0.258296 
-0.540112 -0.220967 
0.297977 -0.0376742 
