ZONE T="boundary0"
-4 -0.14877 
-4 -0.222406 
-4 0.667485 
-4 0.556646 
-4 -0.0253321 
-4 0.384016 
-4 -0.0870512 
-4 0.778323 
-4 1 
-4 -0.299875 
-4 0.116216 
-4 -0.349958 
-4 -0.40004 
-4 0.470331 
-4 0.427173 
-4 0.311261 
-4 0.238507 
-4 0.177362 
-4 -0.559197 
-4 -0.651664 
-4 -0.744131 
-4 -1 
-4 -0.479619 
-4 -0.185588 
-4 0.612065 
-4 0.889162 
-4 -0.261141 
-4 -0.0561916 
-4 -0.117911 
-4 0.0454422 
-4 -0.374999 
-4 0.448752 
-4 0.146789 
-4 0.405595 
-4 -0.697897 
-4 -0.872065 
-4 0.513488 
-4 0.722904 
-4 -0.324917 
-4 0.347639 
-4 0.274884 
-4 -0.439829 
-4 -0.519408 
-4 -0.60543 
-4 0.207934 
ZONE T="boundary1"
-2.63342 1 
-2.82147 1 
2.00093 1 
1.75866 1 
2.26162 1 
0.560904 1 
-0.414867 1 
-0.335963 1 
0.209931 1 
0.134682 1 
1.53483 1 
1.41825 1 
1.30167 1 
0.37369 1 
3.33436 1 
2.42988 1 
-0.792358 1 
-1.15733 1 
-1.0416 1 
0.710586 1 
1.07329 1 
1.18748 1 
-4 1 
2.81678 1 
-2.44538 1 
-3.33769 1 
-3.54676 1 
-2.25733 1 
2.59813 1 
-1.83206 1 
3.18489 1 
3.03543 1 
0.0668753 1 
-0.000931645 1 
-0.129462 1 
-0.19326 1 
-0.536855 1 
-0.658844 1 
0.285179 1 
0.329435 1 
0.462202 1 
0.812544 1 
0.659607 1 
-0.257058 1 
-0.0651969 1 
0.968408 1 
-0.925873 1 
3.63329 1 
4 1 
1.64675 1 
0.863522 1 
-3.77338 1 
-3.12862 1 
-1.59483 1 
-2.97505 1 
-1.36668 1 
-1.26201 1 
-1.48076 1 
-2.06929 1 
0.761565 1 
-2.72745 1 
1.87979 1 
-0.375415 1 
0.172306 1 
1.35996 1 
2.34575 1 
-1.09947 1 
1.13039 1 
-3.44223 1 
-2.35136 1 
2.70745 1 
3.11016 1 
0.0329718 1 
-0.161361 1 
-0.59785 1 
0.307307 1 
0.610256 1 
-0.225159 1 
-0.29651 1 
0.247555 1 
1.02085 1 
0.511553 1 
3.81664 1 
1.24457 1 
1.59079 1 
-0.725601 1 
-0.983738 1 
-3.66007 1 
-3.88669 1 
-3.23316 1 
-1.71344 1 
-2.89826 1 
-3.05183 1 
2.9261 1 
2.514 1 
-1.31435 1 
-1.20967 1 
-1.53779 1 
3.48382 1 
-1.95067 1 
3.25963 1 
-2.16331 1 
2.13127 1 
0.351562 1 
-0.0330643 1 
-0.475861 1 
0.100779 1 
0.787054 1 
0.915965 1 
0.685096 1 
0.838033 1 
0.736075 1 
0.417946 1 
-0.0973295 1 
-0.859116 1 
1.47654 1 
1.7027 1 
-1.42372 1 
-2.5394 1 
ZONE T="boundary2"
4 -0.292215 
4 -0.259494 
4 -0.226773 
4 -0.162938 
4 -0.339754 
4 -0.0695963 
4 0.394113 
4 0.447848 
4 -0.116267 
4 0.193611 
4 0.230303 
4 0.340378 
4 0.303686 
4 -1 
4 -0.827153 
4 -0.654305 
4 0.00756472 
4 0.0847257 
4 -0.387293 
4 -0.454046 
4 0.53567 
4 0.623493 
4 0.811746 
4 0.266995 
4 0.139169 
4 -0.520799 
4 1 
4 -0.275854 
4 -0.315984 
4 0.420981 
4 -0.0929318 
4 0.211957 
4 0.322032 
4 -0.740729 
4 -0.194856 
4 0.0461452 
4 -0.139603 
4 -0.42067 
4 0.579582 
4 0.717619 
4 0.16639 
4 0.111947 
4 -0.587552 
4 -0.913576 
4 0.905873 
4 -0.243133 
4 -0.487423 
4 0.491759 
4 0.367245 
4 0.28534 
4 0.248649 
4 -0.0310158 
4 -0.363524 
ZONE T="boundary3"
-3.79832 -1 
-1.65197 -1 
-1.40423 -1 
-1.06305 -1 
-0.944933 -1 
0.962425 -1 
3.6239 -1 
4 -1 
0.7045 -1 
0.00423274 -1 
0.0741961 -1 
0.210492 -1 
-0.412325 -1 
0.785907 -1 
-3.42489 -1 
-3.25314 -1 
1.35857 -1 
1.45282 -1 
1.62761 -1 
-3.59664 -1 
-2.14547 -1 
3.10109 -1 
3.2478 -1 
-2.55141 -1 
-2.36085 -1 
2.66095 -1 
-0.707506 -1 
-0.82622 -1 
0.252886 -1 
0.142344 -1 
-0.138359 -1 
0.295279 -1 
0.380066 -1 
-0.210987 -1 
-0.0657306 -1 
0.501579 -1 
-0.542335 -1 
-0.337372 -1 
-0.274179 -1 
-1.18117 -1 
0.623093 -1 
0.874166 -1 
1.11337 -1 
1.0379 -1 
3.43585 -1 
-4 -1 
-0.597392 -1 
1.26431 -1 
1.80239 -1 
-1.2927 -1 
-1.5281 -1 
-2.99756 -1 
-2.74198 -1 
-1.93009 -1 
2.15431 -1 
2.40763 -1 
2.95437 -1 
-0.487278 -1 
-1.00399 -1 
3.81195 -1 
0.0392144 -1 
-3.33902 -1 
1.54021 -1 
3.17444 -1 
-2.45613 -1 
-0.766863 -1 
0.10827 -1 
0.274083 -1 
0.337673 -1 
0.176418 -1 
-0.174673 -1 
0.440823 -1 
0.562336 -1 
0.745204 -1 
0.918295 -1 
0.663796 -1 
1.07563 -1 
3.34183 -1 
-3.69748 -1 
-0.652449 -1 
-1.12211 -1 
-0.885576 -1 
1.18884 -1 
1.40569 -1 
1.31144 -1 
1.715 -1 
-1.59003 -1 
-1.23694 -1 
-1.34847 -1 
-2.86977 -1 
-3.12535 -1 
-2.03778 -1 
1.97835 -1 
2.28097 -1 
-2.6467 -1 
-1.79103 -1 
2.53429 -1 
-2.25316 -1 
2.80766 -1 
-3.51076 -1 
0.231689 -1 
-0.102045 -1 
-0.449801 -1 
-0.569863 -1 
-0.514806 -1 
-0.0307489 -1 
-0.242583 -1 
-0.305776 -1 
-0.374848 -1 
3.52988 -1 
1.00016 -1 
-1.46617 -1 
3.02773 -1 
0.830037 -1 
-3.89916 -1 
ZONE T="boundary4"
-0.378622 0.301803 
-0.359613 0.310264 
-0.340454 0.318285 
-0.442732 0.268053 
-0.427833 0.276782 
-0.541774 0.18816 
-0.530723 0.199708 
0.627996 0.0370771 
0.629902 0.0533541 
0.623019 0.143804 
0.627237 0.121858 
-0.320493 0.326192 
-0.30044 0.333751 
-0.55235 0.176097 
-0.236876 0.35578 
-0.215126 0.362784 
-0.624713 0.00292757 
-0.622087 0.0243741 
0.487969 0.355589 
0.475757 0.363978 
0.604324 0.203117 
-0.605255 0.0871994 
-0.612366 0.0666346 
-0.617977 0.0456559 
-0.589174 0.122063 
-0.596668 0.107237 
0.511519 0.337059 
0.523376 0.326324 
-0.57204 0.150148 
-0.58094 0.136387 
0.59294 0.229057 
0.586202 0.242506 
-0.562485 0.163397 
-0.170161 0.37653 
-0.146892 0.383262 
-0.625896 -0.0186125 
0.617426 0.165339 
0.54461 0.304066 
-0.519304 0.210702 
-0.412693 0.285045 
0.553955 0.29272 
0.562875 0.280761 
-0.482705 0.241097 
-0.395759 0.29366 
-0.279538 0.341285 
-0.258581 0.34854 
-0.192667 0.369771 
-0.123559 0.38974 
-0.0993512 0.396155 
-0.0497158 0.40823 
-0.0242557 0.413796 
0.630797 0.0697789 
0.534716 0.314981 
0.625082 0.0210174 
0.630694 0.0863237 
0.373015 0.411963 
0.386356 0.407531 
0.412587 0.397451 
0.438379 0.385542 
0.629608 0.103 
0.499952 0.346582 
0.463207 0.371861 
0.116229 0.434943 
0.146549 0.436983 
0.20946 0.437766 
0.241327 0.436191 
0.0860737 0.431945 
0.272965 0.433155 
0.332628 0.422883 
0.609067 0.190743 
0.571206 0.268398 
0.578945 0.25568 
0.450918 0.378929 
-0.0750409 0.402261 
0.0292451 0.423901 
0.0575721 0.428282 
0.00241366 0.419117 
0.30367 0.428665 
0.177957 0.437985 
-0.456393 0.259461 
-0.495318 0.231337 
-0.507497 0.221233 
0.359551 0.416003 
-0.469778 0.250436 
-0.350053 0.314324 
-0.435316 0.272477 
-0.53631 0.193992 
0.629076 0.0451991 
0.625313 0.132865 
-0.310479 0.33001 
-0.54713 0.182187 
-0.226009 0.359309 
-0.623582 0.0136718 
0.481907 0.359847 
-0.608996 0.0769793 
-0.615358 0.0561935 
-0.593022 0.1147 
0.517514 0.331764 
-0.576579 0.143324 
0.589633 0.235813 
-0.585153 0.129278 
-0.567345 0.156831 
-0.158535 0.379926 
-0.525068 0.205261 
-0.420292 0.280969 
0.558488 0.286794 
-0.330489 0.322284 
-0.369142 0.306091 
-0.404256 0.289414 
-0.269069 0.344944 
0.620387 0.154613 
-0.181422 0.373178 
-0.29 0.337554 
-0.135235 0.386533 
-0.111466 0.392985 
-0.0369997 0.411067 
0.529118 0.320724 
0.63087 0.0780509 
0.626666 0.0290226 
0.630476 0.0615582 
0.379701 0.409797 
0.425585 0.391718 
0.628569 0.112446 
0.505789 0.341885 
0.469522 0.367983 
0.494009 0.351151 
0.131378 0.436089 
0.225399 0.437156 
0.257162 0.434863 
-0.601142 0.097294 
0.539728 0.309582 
0.606743 0.196949 
0.567114 0.274629 
-0.387216 0.297786 
0.54935 0.298448 
0.575147 0.262082 
0.598842 0.21618 
0.630272 0.0946687 
0.613457 0.178109 
-0.625482 -0.00783382 
-0.557494 0.169806 
-0.0872078 0.399249 
-0.0623917 0.405294 
-0.203905 0.366305 
-0.247737 0.35219 
0.043392 0.426178 
-0.0109365 0.416521 
0.0718076 0.430209 
0.101136 0.433559 
0.288344 0.431106 
0.318186 0.425965 
0.39955 0.402698 
0.0158139 0.42158 
0.162245 0.43763 
-0.449595 0.263811 
0.193706 0.438035 
-0.620218 0.0350496 
0.457095 0.375453 
-0.501451 0.226337 
-0.513449 0.216022 
0.444679 0.382292 
0.582642 0.24913 
0.346135 0.419624 
-0.463121 0.255003 
-0.489052 0.236269 
0.366298 0.414031 
-0.47628 0.245819 
ZONE T="boundary5"
-0.263789 -0.499973 
-0.288212 -0.489144 
-0.354003 -0.4537 
-0.45594 -0.375953 
-0.441477 -0.3891 
-0.534541 -0.285792 
-0.521924 -0.30303 
-0.61196 -0.125583 
-0.617222 -0.104406 
-0.579802 -0.209047 
-0.589439 -0.188341 
-0.605544 -0.146649 
-0.598021 -0.167574 
-0.546461 -0.268093 
-0.425878 -0.402392 
-0.311076 -0.47791 
-0.333488 -0.465802 
-0.238962 -0.509811 
-0.213031 -0.51889 
-0.0769445 -0.547957 
-0.104794 -0.544481 
-0.13255 -0.539757 
-0.0486788 -0.550172 
0.572474 -0.0912328 
-0.186772 -0.52689 
-0.483455 -0.348441 
-0.624134 -0.0616771 
-0.469971 -0.362362 
-0.496474 -0.3341 
-0.509475 -0.318781 
-0.558274 -0.248942 
-0.374055 -0.440858 
-0.409846 -0.415176 
-0.392176 -0.428322 
0.538596 -0.132216 
0.519392 -0.152955 
-0.625896 -0.0186125 
-0.625686 -0.0401604 
0.499837 -0.173571 
0.610371 -0.0256903 
0.556062 -0.112113 
-0.621297 -0.0830907 
-0.0204838 -0.551024 
0.0923473 -0.539393 
0.0362454 -0.548382 
0.00800243 -0.550452 
0.0643456 -0.544734 
0.146794 -0.523477 
0.119729 -0.532365 
0.173323 -0.512673 
0.224451 -0.484978 
0.199129 -0.499924 
0.24882 -0.468007 
0.272365 -0.448882 
0.295009 -0.427681 
0.316855 -0.404435 
0.379703 -0.323946 
0.359193 -0.351934 
0.338111 -0.379196 
0.395595 -0.301836 
0.411572 -0.279709 
0.433437 -0.250347 
0.587377 -0.069497 
0.595871 -0.0552697 
0.603598 -0.0405794 
0.616255 -0.0103865 
0.621158 0.00516384 
0.625082 0.0210174 
-0.56933 -0.229358 
0.477766 -0.197291 
-0.159768 -0.533904 
0.456197 -0.22194 
-0.276054 -0.494681 
-0.448761 -0.382583 
-0.528316 -0.294471 
-0.614732 -0.11503 
-0.584729 -0.198744 
-0.608886 -0.136157 
-0.601908 -0.157157 
-0.322341 -0.471965 
-0.226042 -0.514484 
-0.299698 -0.483637 
-0.251424 -0.505016 
-0.0908857 -0.546376 
-0.118695 -0.542272 
-0.199942 -0.523026 
-0.476769 -0.355455 
-0.51577 -0.31096 
-0.490023 -0.341323 
-0.552464 -0.258576 
-0.343801 -0.459845 
-0.417914 -0.408849 
-0.433732 -0.39581 
-0.401068 -0.421825 
-0.383169 -0.434667 
-0.46301 -0.369213 
-0.364088 -0.447371 
0.529055 -0.142637 
0.509623 -0.163262 
0.564418 -0.101792 
-0.622872 -0.072405 
-0.0345835 -0.55077 
0.0221407 -0.549609 
0.0783893 -0.542278 
0.133336 -0.528151 
0.160152 -0.518312 
0.211925 -0.492693 
0.260758 -0.458665 
0.283857 -0.438482 
0.306097 -0.41623 
-0.625074 -0.050931 
0.369505 -0.33799 
0.348764 -0.365664 
-0.503041 -0.326496 
0.403567 -0.290757 
-0.625962 -0.0293889 
0.387655 -0.312896 
0.591716 -0.0624398 
0.607092 -0.0331859 
0.599837 -0.0479799 
0.580121 -0.0805019 
0.618827 -0.00265114 
0.623245 0.0130581 
0.613429 -0.0180848 
-0.574664 -0.219253 
-0.540588 -0.277 
-0.619408 -0.0937772 
0.547431 -0.122252 
-0.563894 -0.239201 
-0.593847 -0.178006 
-0.0628217 -0.549231 
0.106095 -0.536098 
0.488748 -0.185364 
-0.173306 -0.53054 
-0.00623345 -0.550922 
0.050324 -0.54676 
0.186338 -0.506537 
-0.146188 -0.536976 
0.466873 -0.209499 
0.444668 -0.236003 
0.422419 -0.264953 
0.236786 -0.476726 
0.327629 -0.391953 
