ZONE T="boundary0"
-4 -0.342481 
-4 -0.274694 
-4 0.534839 
-4 0.137437 
-4 0.185259 
-4 0.389486 
-4 0.233082 
-4 0.333229 
-4 -0.114956 
-4 0.623935 
-4 1 
-4 -0.394799 
-4 -0.447117 
-4 -0.545121 
-4 -0.175965 
-4 -0.643125 
-4 0.0417447 
-4 -0.0539475 
-4 0.0895907 
-4 0.445743 
-4 -0.821563 
-4 -1 
-4 0.717952 
-4 0.811968 
-4 -0.308588 
-4 0.161348 
-4 0.283156 
-4 -0.420958 
-4 -0.496119 
-4 -0.145461 
-4 -0.594123 
-4 -0.00610143 
-4 0.209171 
-4 -0.22533 
-4 -0.084452 
-4 0.579387 
-4 -0.910781 
-4 -0.732344 
-4 0.0656677 
-4 0.113514 
-4 0.361358 
-4 0.490291 
-4 -0.36864 
-4 0.417615 
-4 0.670943 
-4 0.76496 
-4 0.905984 
ZONE T="boundary1"
-2.22698 1 
0.978083 1 
1.69883 1 
1.52599 1 
3.875 1 
-0.807378 1 
-0.694867 1 
-0.191162 1 
-0.129543 1 
-0.908036 1 
-0.857707 1 
-0.00550319 1 
0.54905 1 
0.0584568 1 
-0.252781 1 
-0.318098 1 
-0.461161 1 
-0.538907 1 
-0.616887 1 
0.264906 1 
0.193661 1 
0.870653 1 
-1.37072 1 
-2.51918 1 
-1.89929 1 
-3.77338 1 
-4 1 
-2.6537 1 
1.87166 1 
3.03762 1 
2.81515 1 
-2.82147 1 
3.73096 1 
3.26009 1 
3.49553 1 
-3.54676 1 
2.32676 1 
2.57096 1 
-0.067523 1 
0.122417 1 
-0.990443 1 
-0.383415 1 
-1.07285 1 
0.443362 1 
0.354134 1 
-1.17529 1 
-1.46372 1 
-1.27772 1 
-1.5965 1 
-1.72929 1 
0.762696 1 
0.654738 1 
1.29235 1 
1.08551 1 
1.40917 1 
-2.38467 1 
-2.06929 1 
2.21299 1 
2.09921 1 
-2.98924 1 
-3.268 1 
4 1 
1.61241 1 
-0.751122 1 
-0.160352 1 
-0.882871 1 
-0.28544 1 
-0.500034 1 
0.229283 1 
-3.88669 1 
-2.58644 1 
1.78525 1 
2.92638 1 
-2.73758 1 
3.37781 1 
3.14885 1 
-0.0985329 1 
0.0264768 1 
-0.221972 1 
-0.422288 1 
-0.655877 1 
-0.832542 1 
-0.577897 1 
-1.03165 1 
-0.94924 1 
0.398748 1 
-1.41722 1 
-1.32422 1 
-1.53011 1 
-1.6629 1 
-1.22651 1 
-3.66007 1 
0.816675 1 
0.708717 1 
0.30952 1 
1.18893 1 
1.0318 1 
0.601894 1 
0.496206 1 
0.924368 1 
1.35076 1 
2.69305 1 
-2.45193 1 
-2.14813 1 
2.1561 1 
-3.12862 1 
2.44886 1 
2.26987 1 
-3.40738 1 
-1.81429 1 
3.61324 1 
1.98544 1 
-2.30582 1 
-1.98429 1 
-0.0365131 1 
-0.350757 1 
0.158039 1 
0.0904367 1 
-1.12407 1 
1.46758 1 
-2.90536 1 
3.80298 1 
3.9375 1 
ZONE T="boundary2"
4 -0.352991 
4 -0.176206 
4 -0.473023 
4 0.847843 
4 -0.83257 
4 -0.665141 
4 0.0156569 
4 -1 
4 -0.119036 
4 -0.0618648 
4 -0.261909 
4 -0.219058 
4 -0.413007 
4 -0.30745 
4 -0.569082 
4 0.300478 
4 0.326371 
4 0.405662 
4 0.484952 
4 0.0931786 
4 0.274585 
4 0.248692 
4 0.157989 
4 0.190394 
4 0.222799 
4 0.695686 
4 0.590319 
4 1 
4 -0.748856 
4 -0.240483 
4 -0.33022 
4 -0.382999 
4 -0.443015 
4 -0.617111 
4 -0.521053 
4 -0.0904502 
4 -0.147621 
4 0.313425 
4 0.445307 
4 -0.023104 
4 0.261639 
4 0.125584 
4 0.0544178 
4 -0.916285 
4 -0.197632 
4 -0.284679 
4 0.366016 
4 0.235746 
4 0.206597 
4 0.287532 
4 0.174191 
4 0.643002 
4 0.771764 
4 0.923921 
4 0.537635 
ZONE T="boundary3"
-3.84339 -1 
0.14872 -1 
0.0738167 -1 
-0.578623 -1 
0.37396 -1 
0.787562 -1 
0.650617 -1 
0.216748 -1 
0.843577 -1 
0.899593 -1 
0.972062 -1 
-0.36927 -1 
1.04453 -1 
1.25731 -1 
3.76967 -1 
4 -1 
-1.31238 -1 
-1.52669 -1 
1.78457 -1 
1.96345 -1 
2.34517 -1 
2.548 -1 
-2.17103 -1 
-1.98876 -1 
-2.3533 -1 
-2.57771 -1 
3.09533 -1 
-1.75773 -1 
-3.37357 -1 
-3.23071 -1 
0.284775 -1 
0.463146 -1 
0.556881 -1 
-0.473947 -1 
-0.0831666 -1 
-0.129522 -1 
-0.320922 -1 
-0.272573 -1 
-0.175876 -1 
-0.224225 -1 
-0.00467496 -1 
1.3777 -1 
1.15092 -1 
-0.944344 -1 
-0.815181 -1 
1.49809 -1 
-0.696902 -1 
1.64133 -1 
-3.68678 -1 
-1.19294 -1 
-1.07351 -1 
-1.41954 -1 
3.24333 -1 
-4 -1 
3.53934 -1 
2.14233 -1 
2.94733 -1 
2.74767 -1 
-3.08784 -1 
-2.80212 -1 
0.111268 -1 
0.719089 -1 
0.871585 -1 
3.88483 -1 
1.87401 -1 
2.44658 -1 
-2.0799 -1 
-2.46551 -1 
-1.87325 -1 
-3.30214 -1 
0.250762 -1 
0.182734 -1 
0.329368 -1 
0.418553 -1 
0.603749 -1 
0.510013 -1 
-0.421609 -1 
-0.106344 -1 
-0.296748 -1 
-0.200051 -1 
-0.152699 -1 
-0.0439208 -1 
1.31751 -1 
-0.526285 -1 
1.0083 -1 
1.09773 -1 
0.935827 -1 
1.20412 -1 
0.81557 -1 
-0.879762 -1 
1.4379 -1 
-0.756042 -1 
1.56971 -1 
1.71295 -1 
-3.76509 -1 
-1.13323 -1 
-1.47312 -1 
-1.36596 -1 
-1.64221 -1 
3.16933 -1 
-3.9217 -1 
3.39134 -1 
2.24375 -1 
2.8475 -1 
-3.53018 -1 
-3.15927 -1 
2.05289 -1 
-2.68991 -1 
3.02133 -1 
-2.26217 -1 
0.0345708 -1 
-0.345096 -1 
-0.248399 -1 
-0.637763 -1 
2.64783 -1 
3.6545 -1 
-1.00892 -1 
-2.94498 -1 
-1.25266 -1 
ZONE T="boundary4"
-0.616832 0.144006 
-0.40811 0.44548 
-0.387872 0.454697 
-0.618827 0.0270877 
-0.621066 0.0500116 
-0.619928 0.120315 
0.645931 -0.0222267 
0.646075 -0.00610256 
-0.622021 0.0732209 
-0.621652 0.0966865 
-0.528731 0.346399 
-0.344487 0.469081 
-0.366372 0.462703 
-0.46261 0.411452 
-0.445508 0.423706 
0.64375 0.0259957 
-0.612364 0.167682 
-0.603021 0.203355 
-0.608054 0.185636 
-0.597311 0.220785 
-0.590942 0.237962 
-0.583939 0.254803 
-0.51711 0.36031 
-0.576345 0.271143 
-0.568084 0.287098 
-0.54971 0.31758 
-0.559211 0.302562 
0.645359 0.00999576 
-0.539518 0.332244 
-0.276035 0.478504 
-0.252914 0.478351 
-0.29921 0.477016 
-0.50491 0.373618 
-0.491966 0.386466 
-0.477581 0.399379 
0.625216 0.0950576 
-0.427818 0.434816 
0.505938 0.230944 
0.528835 0.214994 
0.479785 0.246472 
-0.086945 0.436887 
-0.0624537 0.426548 
0.616295 0.1141 
0.610243 0.125135 
0.63266 0.075132 
-0.229435 0.476593 
0.637737 0.057628 
-0.182537 0.468561 
-0.159095 0.462479 
-0.135284 0.455061 
-0.321933 0.473891 
-0.206129 0.473325 
-0.0367955 0.415287 
-0.0111246 0.403892 
0.64122 0.0418714 
0.454318 0.259311 
0.428298 0.27047 
0.402699 0.279846 
0.349904 0.295478 
0.492989 0.238956 
0.550692 0.197148 
0.0444143 0.380116 
0.016559 0.391793 
-0.11155 0.44659 
0.171447 0.337257 
0.237143 0.321281 
0.266459 0.314812 
0.295718 0.308383 
0.204296 0.328906 
0.603695 0.135852 
0.589342 0.156105 
0.376435 0.288144 
0.322877 0.302169 
0.0747297 0.368235 
0.138288 0.346699 
0.105239 0.35731 
0.570852 0.177638 
-0.39807 0.450263 
-0.620107 0.038534 
0.646108 -0.0141656 
-0.622004 0.0849563 
-0.618549 0.132182 
-0.355488 0.466092 
-0.454151 0.417708 
-0.620959 0.108513 
-0.614764 0.155875 
-0.605627 0.194521 
-0.610303 0.176682 
-0.600251 0.212098 
-0.587524 0.246417 
-0.523 0.353421 
-0.554542 0.310122 
0.645827 0.0019515 
-0.563731 0.294878 
-0.580228 0.263013 
-0.572301 0.279165 
-0.544694 0.324968 
-0.264473 0.478628 
-0.621708 0.0616095 
-0.498515 0.380119 
-0.470176 0.405515 
-0.484858 0.393016 
0.517531 0.223176 
-0.074675 0.431775 
0.613334 0.119653 
0.620946 0.104668 
0.62914 0.0851704 
-0.287636 0.477969 
-0.241159 0.477668 
0.63535 0.0664239 
-0.147148 0.458904 
-0.217756 0.47514 
-0.194299 0.471113 
-0.377195 0.458895 
-0.0239611 0.409587 
-0.511087 0.367035 
-0.436749 0.429398 
0.644669 0.0180071 
-0.418055 0.440316 
-0.3106 0.475661 
0.44139 0.265081 
0.415556 0.275315 
0.486421 0.242773 
0.499501 0.23501 
-0.594209 0.229404 
0.467155 0.253097 
0.0304583 0.385888 
0.00270098 0.397805 
0.251796 0.318026 
0.281092 0.311612 
0.187846 0.332978 
0.220704 0.325026 
0.642602 0.0339521 
0.639597 0.049776 
0.607031 0.130531 
-0.333254 0.471695 
0.389609 0.284129 
-0.0992127 0.441827 
-0.123378 0.450935 
-0.534202 0.339381 
-0.170777 0.46567 
0.309308 0.30532 
0.336409 0.298899 
0.0595301 0.374072 
0.363198 0.291916 
-0.0496116 0.420947 
0.121717 0.351862 
0.0899409 0.362653 
0.154829 0.341848 
0.560987 0.187615 
0.539943 0.206291 
0.580356 0.167094 
0.596744 0.146138 
ZONE T="boundary5"
-0.570609 -0.123139 
0.613094 -0.172071 
-0.618827 0.0270877 
0.576946 -0.263768 
0.561959 -0.293333 
0.645931 -0.0222267 
-0.604842 -0.0395394 
-0.580749 -0.102786 
-0.597889 -0.0610001 
0.53445 -0.336043 
-0.615349 0.00451277 
-0.610672 -0.0177085 
-0.506406 -0.218526 
-0.215398 -0.428994 
-0.261841 -0.407771 
-0.342759 -0.362399 
-0.28332 -0.396839 
-0.304487 -0.385315 
-0.323777 -0.374116 
-0.359977 -0.351124 
-0.0887575 -0.472171 
-0.115047 -0.464841 
-0.450382 -0.27902 
0.590539 -0.232171 
-0.190937 -0.438937 
-0.140745 -0.456876 
-0.166197 -0.448182 
-0.422219 -0.304237 
-0.47818 -0.25087 
-0.491914 -0.235627 
-0.559471 -0.143115 
-0.376891 -0.339395 
-0.392462 -0.327971 
-0.463988 -0.265682 
-0.407723 -0.316133 
-0.436375 -0.291936 
0.63773 -0.0867558 
0.463725 -0.407727 
0.476814 -0.397219 
0.64497 -0.0384043 
-0.589853 -0.0820679 
0.523998 -0.349435 
0.553333 -0.308105 
-0.534221 -0.182127 
-0.547343 -0.162759 
-0.238772 -0.41871 
0.450301 -0.417554 
0.436474 -0.426783 
0.105986 -0.501824 
0.0770743 -0.500165 
0.0482303 -0.497538 
0.0201283 -0.494065 
-0.0351399 -0.484634 
-0.0078514 -0.489721 
-0.062261 -0.478742 
0.22552 -0.497447 
0.255918 -0.493071 
0.165305 -0.502031 
0.135649 -0.50248 
0.19528 -0.500392 
-0.520344 -0.200959 
0.286745 -0.48704 
0.378227 -0.457617 
0.348042 -0.469497 
0.317443 -0.479256 
0.40779 -0.443434 
0.489426 -0.38611 
0.512954 -0.362298 
0.501456 -0.374488 
0.620225 -0.150894 
0.544193 -0.322302 
0.598202 -0.212704 
0.605559 -0.193119 
0.629876 -0.118872 
0.643246 -0.0545457 
0.569725 -0.278689 
-0.575799 -0.113022 
-0.617243 0.0157763 
-0.607901 -0.0286625 
-0.293944 -0.391151 
-0.333308 -0.368323 
-0.351405 -0.356818 
-0.101928 -0.468601 
-0.203203 -0.434053 
-0.153502 -0.45262 
-0.485103 -0.243299 
-0.565153 -0.133191 
-0.384714 -0.333734 
-0.368474 -0.345317 
-0.400133 -0.322104 
-0.443427 -0.285531 
-0.429341 -0.298138 
-0.471143 -0.258333 
0.470329 -0.402547 
-0.314169 -0.37978 
0.64555 -0.0303214 
-0.585428 -0.0924824 
-0.540882 -0.17251 
-0.227121 -0.423934 
0.443437 -0.422242 
0.0915231 -0.501117 
0.0341657 -0.495912 
0.00612174 -0.492001 
-0.0487222 -0.481788 
0.240745 -0.495441 
0.150479 -0.502397 
0.180301 -0.501364 
-0.513449 -0.209801 
0.271371 -0.490259 
0.583939 -0.248054 
0.363237 -0.463818 
0.30215 -0.483369 
0.422302 -0.435401 
0.457067 -0.412714 
0.483184 -0.391737 
0.507276 -0.36846 
0.393143 -0.450804 
0.518552 -0.355931 
-0.415012 -0.310235 
-0.61316 -0.00662945 
-0.272618 -0.402379 
0.529302 -0.3428 
0.557725 -0.300766 
0.548841 -0.315254 
0.601916 -0.202925 
0.594413 -0.222454 
0.616716 -0.161502 
0.609371 -0.182611 
0.5394 -0.329227 
0.495508 -0.380368 
-0.499227 -0.227134 
-0.457236 -0.272403 
-0.553514 -0.153003 
0.640805 -0.070705 
0.644199 -0.0464849 
-0.601504 -0.0503147 
-0.250346 -0.413323 
-0.527372 -0.191609 
-0.594004 -0.0715846 
-0.075533 -0.475552 
0.120814 -0.502286 
-0.1786 -0.443647 
-0.127924 -0.46095 
-0.0215145 -0.487279 
0.210416 -0.499086 
0.0626415 -0.49897 
0.33282 -0.474619 
0.63405 -0.102874 
0.625228 -0.134937 
