ZONE T="boundary0"
-4 0.815301 
-4 0.630601 
-4 0.324053 
-4 1 
-4 0.287327 
-4 0.15515 
-4 0.202876 
-4 -0.166071 
-4 -0.223369 
-4 -0.475208 
-4 -0.584198 
-4 -0.420713 
-4 -0.792099 
-4 0.250601 
-4 0.530259 
-4 0.429917 
-4 0.0804872 
-4 0.00582444 
-4 0.376985 
-4 -0.108772 
-4 -0.366218 
-4 -0.294794 
-4 -1 
-4 0.722951 
-4 0.90765 
-4 0.30569 
-4 -0.19472 
-4 -0.529703 
-4 -0.447961 
-4 0.268964 
-4 0.480088 
-4 0.179013 
-4 0.117819 
-4 0.0431558 
-4 -0.0514739 
-4 -0.330506 
-4 -0.259081 
-4 -0.137422 
-4 0.58043 
-4 -0.688148 
-4 -0.896049 
-4 0.350519 
-4 0.403451 
-4 -0.393466 
-4 0.226738 
ZONE T="boundary1"
-2.93442 1 
-4 1 
1.92409 1 
2.25999 1 
-0.512903 1 
-0.467285 1 
-1.66832 1 
1.18535 1 
1.25661 1 
-0.148013 1 
-0.0854641 1 
-1.3586 1 
-1.51346 1 
3.54026 1 
3.31039 1 
4 1 
3.77013 1 
-1.83108 1 
-1.99384 1 
-2.38663 1 
2.42013 1 
-2.58906 1 
-2.7915 1 
-3.07734 1 
1.74051 1 
1.55694 1 
2.58028 1 
3.08052 1 
2.8304 1 
0.627405 1 
-0.599174 1 
-0.685445 1 
-0.368891 1 
-0.421668 1 
-0.316115 1 
-0.210562 1 
0.0234419 1 
0.0938039 1 
-0.0310111 1 
0.164167 1 
0.519381 1 
0.735429 1 
-0.997735 1 
0.324945 1 
0.422163 1 
1.08411 1 
1.32787 1 
-1.24204 1 
-1.12548 1 
-1.43603 1 
0.982875 1 
0.859152 1 
1.4424 1 
-0.869986 1 
-0.777716 1 
-3.52998 1 
-3.76499 1 
-3.30366 1 
0.244556 1 
-2.48785 1 
2.70534 1 
2.09204 1 
-0.490094 1 
1.22098 1 
-1.59089 1 
3.42532 1 
3.65519 1 
-2.19024 1 
-2.69028 1 
1.64873 1 
2.95546 1 
-0.64231 1 
-0.444477 1 
-0.39528 1 
-0.263338 1 
-0.342503 1 
-0.179287 1 
0.058623 1 
-0.116739 1 
-0.00378463 1 
-0.0582376 1 
0.573393 1 
0.373554 1 
1.29224 1 
-1.30032 1 
-1.18376 1 
1.03349 1 
1.13473 1 
1.38514 1 
1.49967 1 
-0.823851 1 
-3.64749 1 
-3.8825 1 
-3.1905 1 
2.34006 1 
1.8323 1 
-1.91246 1 
-1.7497 1 
3.88506 1 
-3.00588 1 
0.284751 1 
0.204361 1 
0.470772 1 
-0.556039 1 
-0.933861 1 
-0.73158 1 
0.128985 1 
-3.41682 1 
-1.47475 1 
-1.39732 1 
0.681417 1 
0.79729 1 
-1.06161 1 
2.50021 1 
-2.53846 1 
0.921013 1 
-2.86296 1 
3.19545 1 
2.64281 1 
2.76787 1 
-2.43724 1 
ZONE T="boundary2"
4 0.374016 
4 0.323943 
4 0.840356 
4 0.680712 
4 0.50333 
4 0.592021 
4 -0.0216826 
4 1 
4 -0.179754 
4 -0.100718 
4 -0.389771 
4 0.273871 
4 0.152929 
4 0.2134 
4 0.0656233 
4 -0.246596 
4 -0.213175 
4 -0.313438 
4 -0.280017 
4 -0.466104 
4 -0.55582 
4 -1 
4 -0.822768 
4 -0.351604 
4 -0.734152 
4 -0.645536 
4 0.34898 
4 0.760534 
4 0.920178 
4 -0.140236 
4 0.438673 
4 0.298907 
4 0.183165 
4 0.0219703 
4 -0.229885 
4 -0.296727 
4 -0.510962 
4 0.636366 
4 0.547675 
4 -0.911384 
4 0.109276 
4 0.243636 
4 -0.427937 
4 -0.332521 
4 -0.263306 
4 -0.370687 
4 -0.196465 
4 -0.600678 
4 -0.0612005 
4 -0.77846 
4 -0.689844 
ZONE T="boundary3"
-1.38121 -1 
-0.132386 -1 
-0.883012 -1 
-0.787216 -1 
-0.245609 -1 
0.0739607 -1 
-1.96042 -1 
-2.14428 -1 
0.407345 -1 
0.343668 -1 
0.571465 -1 
0.691565 -1 
-0.696107 -1 
0.985066 -1 
1.2536 -1 
-0.978807 -1 
-1.16802 -1 
-1.77656 -1 
2.302 -1 
2.07548 -1 
-2.55466 -1 
3.5099 -1 
2.92068 -1 
-3.76935 -1 
-3.5387 -1 
-1.57888 -1 
-2.94517 -1 
-3.39032 -1 
2.54037 -1 
-3.24194 -1 
-0.3726 -1 
-0.604998 -1 
-0.488799 -1 
0.00781998 -1 
0.140101 -1 
0.279991 -1 
0.210046 -1 
-0.0622829 -1 
0.489405 -1 
0.811664 -1 
1.15511 -1 
1.07009 -1 
3.83663 -1 
0.898365 -1 
-1.27461 -1 
-4 -1 
1.35208 -1 
1.46207 -1 
1.57206 -1 
1.71051 -1 
1.84896 -1 
3.67327 -1 
4 -1 
-2.34947 -1 
2.77873 -1 
3.34654 -1 
3.06264 -1 
-0.835114 -1 
-2.05235 -1 
0.631515 -1 
-1.07341 -1 
-1.86849 -1 
2.18874 -1 
-3.65403 -1 
-1.67772 -1 
-2.74992 -1 
2.42118 -1 
-3.09356 -1 
-0.309105 -1 
-0.546898 -1 
0.107031 -1 
0.245019 -1 
0.530435 -1 
0.31183 -1 
0.375507 -1 
0.751615 -1 
1.1126 -1 
-0.188997 -1 
0.448375 -1 
-0.650552 -1 
0.855015 -1 
-0.930909 -1 
-1.32791 -1 
-1.22132 -1 
-0.4307 -1 
1.30284 -1 
1.02758 -1 
1.51706 -1 
1.77974 -1 
-3.31613 -1 
-3.46451 -1 
1.96222 -1 
3.59159 -1 
3.75495 -1 
-2.45207 -1 
2.84971 -1 
-1.48004 -1 
-3.88468 -1 
-2.24688 -1 
2.65955 -1 
3.91832 -1 
3.42822 -1 
0.0408903 -1 
-0.0272315 -1 
-0.0973343 -1 
0.175074 -1 
-0.741662 -1 
0.941716 -1 
2.99166 -1 
3.20459 -1 
1.20435 -1 
1.40708 -1 
1.64128 -1 
ZONE T="boundary4"
-0.364951 0.394809 
-0.639056 0.0186459 
-0.340594 0.396514 
-0.641115 0.0927791 
-0.638622 0.117767 
-0.634439 0.142694 
-0.590624 0.256115 
-0.600083 0.239351 
-0.641263 0.0431301 
-0.410057 0.387384 
-0.388227 0.391735 
-0.485367 0.35859 
-0.628522 0.167433 
-0.622883 0.185917 
0.643894 0.0505402 
-0.608656 0.221928 
-0.616225 0.204182 
0.642942 -0.00588654 
-0.569316 0.286961 
0.644836 0.0223124 
0.559275 0.230945 
-0.557423 0.301091 
-0.544749 0.314317 
-0.50129 0.349048 
-0.531031 0.32687 
-0.516619 0.338395 
0.538258 0.251959 
0.549081 0.241562 
0.527013 0.261879 
0.644729 0.0364346 
-0.468129 0.367384 
-0.450385 0.374955 
0.569051 0.219936 
-0.0520603 0.370441 
-0.0798698 0.372846 
-0.107774 0.375708 
0.578488 0.208436 
-0.214687 0.388994 
-0.0234489 0.368458 
-0.431512 0.38154 
0.622057 0.136345 
0.631025 0.112902 
0.51503 0.27154 
-0.315999 0.396891 
-0.291081 0.396126 
0.58726 0.196834 
0.610173 0.160658 
-0.265919 0.394418 
-0.240297 0.391953 
-0.188338 0.385664 
-0.162019 0.38226 
0.595553 0.184884 
-0.641972 0.0678587 
0.40352 0.329918 
0.214399 0.361607 
0.340652 0.346776 
0.308879 0.352463 
0.462583 0.304885 
0.448132 0.312033 
0.502807 0.280518 
0.490213 0.288939 
-0.580401 0.271943 
0.0930689 0.364599 
0.122708 0.364171 
0.00504874 0.36696 
0.0342463 0.365863 
0.153028 0.363658 
0.0633474 0.36512 
0.183353 0.362881 
0.63607 0.0959131 
0.640018 0.0785273 
0.642318 0.0646291 
-0.134872 0.378853 
0.245467 0.359629 
0.372275 0.339342 
0.277194 0.356651 
0.433408 0.318589 
0.476571 0.297214 
-0.640074 0.105296 
-0.636741 0.130268 
-0.595475 0.247802 
-0.640344 0.030873 
-0.399182 0.389741 
-0.625825 0.176714 
-0.612559 0.213107 
0.644233 0.00818927 
-0.563483 0.294122 
-0.551193 0.307807 
-0.49341 0.353952 
-0.523921 0.332752 
0.543723 0.246817 
0.532689 0.25698 
-0.459323 0.371319 
0.564215 0.225489 
-0.0659651 0.371585 
-0.0938233 0.374224 
-0.42084 0.384653 
-0.441007 0.378406 
0.626801 0.124722 
-0.30354 0.396638 
0.616389 0.148634 
-0.278496 0.395375 
-0.253102 0.393261 
-0.175176 0.38396 
-0.537994 0.320708 
-0.641743 0.0803276 
-0.201508 0.387351 
-0.641809 0.055491 
-0.631694 0.155117 
-0.604489 0.230699 
0.324797 0.349818 
0.455393 0.308534 
0.521076 0.266777 
0.496556 0.284797 
-0.574977 0.27954 
0.508968 0.276097 
-0.376618 0.393458 
0.107889 0.364383 
-0.00919935 0.367652 
-0.227487 0.39052 
0.0196487 0.366361 
0.638188 0.0872522 
-0.476825 0.363136 
0.644403 0.0434926 
0.641259 0.071593 
0.643199 0.0575947 
0.644872 0.029374 
0.633685 0.104448 
0.0487981 0.365455 
0.0782089 0.364838 
-0.121324 0.377241 
0.137868 0.363936 
0.168191 0.363315 
-0.148446 0.380533 
-0.0377562 0.369388 
0.198876 0.362318 
0.229936 0.36072 
0.356514 0.343289 
0.387973 0.334889 
0.293055 0.354723 
0.418564 0.324526 
0.26134 0.358276 
-0.585633 0.264108 
-0.35279 0.39584 
-0.328304 0.396857 
0.573826 0.214233 
-0.619677 0.195096 
0.554231 0.236303 
-0.509045 0.34385 
0.591468 0.190904 
0.603126 0.172929 
0.582933 0.202678 
0.483436 0.293154 
0.469619 0.301124 
0.440803 0.315383 
ZONE T="boundary5"
-0.597652 -0.121376 
-0.607691 -0.0988815 
-0.497119 -0.268763 
-0.560539 -0.186934 
-0.574047 -0.165394 
-0.635422 -0.00553842 
-0.639056 0.0186459 
-0.383761 -0.367175 
-0.401391 -0.354591 
-0.616512 -0.0760704 
-0.624103 -0.0529028 
-0.630419 -0.0293962 
-0.586422 -0.143556 
-0.256932 -0.438187 
-0.282137 -0.42643 
-0.326489 -0.403085 
-0.346307 -0.391452 
-0.304498 -0.415103 
-0.514119 -0.249255 
-0.365765 -0.379234 
-0.0332633 -0.503395 
-0.119377 -0.485922 
-0.147891 -0.478124 
-0.0908347 -0.49271 
-0.231343 -0.449094 
-0.530345 -0.229097 
-0.545852 -0.208307 
0.622499 -0.0891229 
-0.464218 -0.302274 
0.585206 -0.174684 
0.59664 -0.150603 
-0.449 -0.316177 
-0.417552 -0.342326 
-0.480996 -0.285831 
0.642942 -0.00588654 
0.6384 -0.0339153 
0.545846 -0.254118 
0.559823 -0.226469 
-0.433347 -0.329595 
0.0247698 -0.510151 
0.0539025 -0.512006 
-0.0620907 -0.498542 
-0.00430482 -0.50727 
0.199811 -0.504324 
0.112371 -0.512493 
0.0831489 -0.512803 
0.170805 -0.508318 
0.141661 -0.511017 
0.366106 -0.448546 
0.228624 -0.498951 
0.257154 -0.492116 
0.313006 -0.47369 
0.285316 -0.483726 
0.339885 -0.462024 
0.391207 -0.43339 
0.415376 -0.416347 
0.479905 -0.35502 
0.459844 -0.377056 
0.498318 -0.331754 
0.515472 -0.306938 
0.57351 -0.198706 
0.604406 -0.133565 
0.611826 -0.116403 
0.63148 -0.0616492 
-0.176126 -0.469368 
-0.20391 -0.459704 
0.438301 -0.397541 
0.531233 -0.281011 
-0.602812 -0.110191 
-0.56741 -0.176236 
-0.637416 0.00652866 
-0.392623 -0.360949 
-0.620462 -0.0645362 
-0.63309 -0.0175014 
-0.269584 -0.432415 
-0.336441 -0.397342 
-0.293361 -0.420853 
-0.50572 -0.259096 
-0.356082 -0.385417 
-0.133666 -0.482143 
-0.58036 -0.154545 
-0.538196 -0.218774 
0.590966 -0.162661 
-0.553304 -0.197695 
-0.374807 -0.37327 
-0.456665 -0.309286 
-0.409515 -0.348517 
-0.472685 -0.294132 
0.640984 -0.0199517 
-0.612249 -0.087532 
0.552896 -0.240325 
-0.425496 -0.336019 
0.039329 -0.511208 
-0.0476967 -0.501089 
-0.0187998 -0.505455 
0.0977629 -0.512789 
0.127025 -0.511905 
0.242935 -0.495721 
0.299237 -0.478915 
0.353109 -0.455505 
-0.489141 -0.277375 
0.403444 -0.425088 
0.470068 -0.366218 
0.489304 -0.343543 
0.507087 -0.319482 
-0.315541 -0.409181 
0.566685 -0.212594 
0.579377 -0.186702 
0.600559 -0.142099 
0.608165 -0.125004 
-0.441226 -0.322947 
-0.627422 -0.0411917 
-0.59217 -0.132533 
-0.522326 -0.239251 
-0.0764868 -0.495746 
-0.105134 -0.489435 
0.0685232 -0.51254 
0.214251 -0.501814 
0.185332 -0.506487 
0.378788 -0.441187 
-0.244183 -0.443747 
-0.162046 -0.473866 
-0.217672 -0.454518 
0.0102209 -0.508837 
0.271295 -0.488118 
0.156249 -0.509825 
0.326538 -0.46807 
0.449257 -0.387497 
0.538677 -0.267642 
-0.190059 -0.464655 
0.635211 -0.0478493 
0.627212 -0.0754573 
0.617331 -0.102827 
0.427009 -0.407155 
0.523528 -0.294085 
