ZONE T="boundary0"
-4 -0.111953 
-4 0.651129 
-4 -0.0253321 
-4 -0.259223 
-4 0.556646 
-4 0.462163 
-4 0.825565 
-4 -0.82942 
-4 0.0612884 
-4 -0.299875 
-4 -0.340528 
-4 -0.744131 
-4 0.116216 
-4 0.171144 
-4 0.384016 
-4 0.238507 
-4 0.305869 
-4 1 
-4 -0.40004 
-4 -0.222406 
-4 -0.459553 
-4 -0.559197 
-4 -0.14877 
-4 -0.185588 
-4 -0.658841 
-4 -1 
-4 0.509404 
-4 0.738347 
-4 -0.279549 
-4 0.0887524 
-4 0.14368 
-4 0.423089 
-4 0.344942 
-4 0.603888 
-4 0.0179782 
-4 0.912782 
-4 -0.370284 
-4 -0.320202 
-4 -0.240815 
-4 -0.0686423 
-4 -0.429797 
-4 -0.509375 
-4 0.272188 
-4 0.204825 
-4 -0.167179 
-4 -0.203997 
-4 -0.130361 
-4 -0.609019 
-4 -0.786776 
-4 -0.701486 
-4 -0.91471 
ZONE T="boundary1"
-3.54676 1 
1.30167 1 
0.760878 1 
0.285179 1 
-1.27301 1 
-1.15733 1 
0.659607 1 
0.558335 1 
0.462202 1 
-0.000931645 1 
3.63329 1 
-1.04166 1 
-3.77338 1 
2.80429 1 
3.81664 1 
-2.06929 1 
1.18042 1 
3.26657 1 
0.966167 1 
1.53483 1 
1.42292 1 
-2.51918 1 
-2.82147 1 
2.00093 1 
1.87058 1 
2.39197 1 
-1.59483 1 
-1.72929 1 
-2.97505 1 
-3.33769 1 
0.134682 1 
0.0650745 1 
0.20429 1 
-0.0669378 1 
0.366068 1 
4 1 
-0.658844 1 
-0.129462 1 
-0.191986 1 
-0.32213 1 
-0.257058 1 
-0.507604 1 
-0.414867 1 
0.863522 1 
-4 1 
-0.925873 1 
-1.36668 1 
-1.46036 1 
1.07329 1 
1.64675 1 
1.75866 1 
-3.12862 1 
3.03543 1 
2.59813 1 
2.13127 1 
-0.810084 1 
2.26162 1 
-1.21517 1 
0.510268 1 
3.72496 1 
1.24104 1 
3.44993 1 
1.47887 1 
-2.67033 1 
1.93575 1 
-1.89929 1 
-2.29424 1 
-3.44223 1 
0.0998784 1 
0.608971 1 
0.169486 1 
0.325624 1 
0.244734 1 
3.90832 1 
-0.0982 1 
-0.160724 1 
-0.289594 1 
0.414135 1 
-0.368498 1 
0.710243 1 
0.8122 1 
-0.461235 1 
-1.0995 1 
-0.983767 1 
-1.41352 1 
1.36229 1 
1.59079 1 
1.7027 1 
-1.66206 1 
1.01973 1 
-1.52759 1 
-3.05183 1 
3.151 1 
-3.88669 1 
-2.89826 1 
2.70121 1 
2.91986 1 
2.0661 1 
-3.66007 1 
-0.0339347 1 
0.0320714 1 
-0.224522 1 
0.914845 1 
-0.734464 1 
-0.867978 1 
2.19645 1 
2.49505 1 
2.3268 1 
1.12686 1 
1.81462 1 
-1.31985 1 
-0.583224 1 
-3.23316 1 
ZONE T="boundary2"
4 -0.654305 
4 -0.387293 
4 0.266995 
4 0.193611 
4 0.340378 
4 0.136166 
4 0.394113 
4 0.447848 
4 0.53567 
4 0.811746 
4 -0.827153 
4 -0.449651 
4 0.0847257 
4 0.0332851 
4 0.623493 
4 0.717619 
4 1 
4 -0.259494 
4 -0.292215 
4 -0.0695963 
4 -0.131824 
4 -0.324936 
4 -0.226773 
4 -0.194052 
4 -1 
4 -0.162938 
4 0.230303 
4 0.420981 
4 -0.740729 
4 -0.551978 
4 0.164889 
4 0.0590054 
4 0.303686 
4 0.367245 
4 0.491759 
4 0.579582 
4 0.764683 
4 0.670556 
4 0.905873 
4 -0.275854 
4 -0.10071 
4 -0.356115 
4 -0.210413 
4 -0.913576 
4 -0.147381 
4 -0.178495 
4 -0.243133 
4 -0.0181556 
4 -0.308575 
4 0.110446 
4 -0.418472 
ZONE T="boundary3"
-3.79832 -1 
-3.59664 -1 
-1.79103 -1 
-1.18117 -1 
-1.06305 -1 
-1.65197 -1 
-2.20674 -1 
-1.93009 -1 
3.51887 -1 
0.00311002 -1 
-0.487278 -1 
-1.40423 -1 
-0.82622 -1 
-0.707506 -1 
0.7045 -1 
0.785907 -1 
0.874166 -1 
-3.25314 -1 
-2.969 -1 
-3.42489 -1 
-2.36085 -1 
-2.51496 -1 
3.75944 -1 
2.97673 -1 
2.15431 -1 
2.34517 -1 
2.66095 -1 
-0.210987 -1 
-0.287403 -1 
-0.0657306 -1 
-0.337372 -1 
0.210492 -1 
0.275702 -1 
0.145282 -1 
-0.38734 -1 
0.48443 -1 
0.380066 -1 
-0.134571 -1 
-0.597392 -1 
0.0741961 -1 
4 -1 
0.623093 -1 
0.962425 -1 
1.11337 -1 
1.26431 -1 
1.64133 -1 
-0.944933 -1 
-1.2927 -1 
1.35857 -1 
1.96345 -1 
1.80239 -1 
-1.5281 -1 
1.45282 -1 
-2.74198 -1 
3.2478 -1 
-4 -1 
-3.69748 -1 
-1.12211 -1 
-1.7215 -1 
-2.06841 -1 
-0.766863 -1 
0.745204 -1 
0.830037 -1 
-3.11107 -1 
2.24974 -1 
2.50306 -1 
-0.0313103 -1 
-0.312387 -1 
0.243097 -1 
0.177887 -1 
-0.362356 -1 
0.432248 -1 
-0.172779 -1 
-0.652449 -1 
0.109739 -1 
0.0386531 -1 
-0.249195 -1 
0.327884 -1 
-0.437309 -1 
-0.542335 -1 
0.663796 -1 
0.553761 -1 
1.0379 -1 
0.918295 -1 
1.18884 -1 
-1.00399 -1 
-1.23694 -1 
3.87972 -1 
1.88292 -1 
-1.34847 -1 
-1.46617 -1 
2.05888 -1 
1.72186 -1 
-1.86056 -1 
3.63916 -1 
1.54708 -1 
-1.59003 -1 
-2.28379 -1 
-2.62847 -1 
-2.4379 -1 
2.81884 -1 
3.38334 -1 
3.11226 -1 
-2.85549 -1 
-0.100151 -1 
1.40569 -1 
1.31144 -1 
-0.885576 -1 
-3.51076 -1 
-3.33902 -1 
-3.89916 -1 
ZONE T="boundary4"
-0.24095 0.350982 
-0.21883 0.357135 
-0.326178 0.32513 
0.550581 0.287521 
-0.516342 0.227308 
-0.627764 0.0291445 
-0.624242 0.0506405 
-0.478242 0.255726 
-0.464745 0.264289 
-0.539609 0.20602 
-0.550634 0.194505 
0.628947 0.0838458 
-0.571171 0.169665 
-0.561147 0.182424 
-0.630354 -0.0141886 
-0.629783 0.00751007 
-0.366077 0.311067 
-0.346544 0.318173 
-0.58057 0.156317 
0.629046 0.0673896 
0.484353 0.348841 
0.472159 0.356985 
-0.612586 0.0926637 
-0.619188 0.0718535 
-0.604449 0.112945 
0.519803 0.320358 
0.507913 0.330819 
-0.597252 0.127945 
-0.589267 0.142426 
0.601978 0.199491 
0.606853 0.18729 
0.40926 0.389364 
0.434912 0.377867 
0.568053 0.263678 
-0.528176 0.216933 
0.615432 0.162199 
-0.504059 0.237232 
-0.491446 0.246639 
0.559602 0.275805 
-0.450777 0.272456 
-0.420194 0.288254 
0.531195 0.309289 
-0.402937 0.296131 
-0.385465 0.303494 
-0.284415 0.338319 
-0.263076 0.344644 
-0.305741 0.331739 
-0.195977 0.363323 
0.628141 0.0510394 
-0.173127 0.369353 
-0.149512 0.375422 
-0.101396 0.387216 
-0.125884 0.381315 
0.596716 0.211529 
0.626225 0.0348203 
0.623307 0.0187993 
-0.435618 0.280613 
-0.0257108 0.403774 
0.383199 0.399064 
0.496333 0.340086 
0.459641 0.364628 
0.0562887 0.417788 
0.176288 0.427672 
0.145074 0.42655 
0.301142 0.419243 
0.270678 0.423457 
0.356588 0.407191 
0.00105592 0.40887 
0.0279693 0.413504 
0.541155 0.298623 
0.575933 0.25119 
0.583339 0.238276 
0.627851 0.100416 
0.625447 0.119135 
0.621151 0.140889 
-0.0768518 0.392889 
-0.0513325 0.398493 
0.08479 0.42142 
0.114837 0.424436 
0.329873 0.413759 
0.207631 0.427618 
0.239276 0.426249 
0.59027 0.225025 
-0.229894 0.354079 
-0.626193 0.0399222 
-0.471533 0.26007 
-0.54519 0.200325 
-0.566242 0.176108 
-0.630246 -0.003335 
-0.356327 0.314673 
-0.57596 0.163052 
0.478298 0.352976 
-0.608708 0.102878 
0.513922 0.325661 
-0.593362 0.13524 
0.604465 0.193411 
0.422183 0.383833 
-0.555965 0.188527 
-0.585015 0.14943 
-0.533953 0.211538 
0.611362 0.174819 
-0.497798 0.241995 
-0.51025 0.23233 
0.563898 0.269792 
-0.484887 0.251245 
0.629122 0.0756166 
0.525569 0.314895 
-0.336374 0.321699 
-0.394225 0.299873 
-0.411595 0.292261 
-0.273751 0.341508 
-0.295086 0.335063 
-0.315969 0.328473 
-0.184556 0.366357 
-0.113647 0.384292 
-0.61608 0.0823177 
-0.522314 0.22218 
-0.628958 0.0183435 
-0.375793 0.307343 
-0.137703 0.37839 
0.624891 0.0267852 
-0.161324 0.372408 
-0.443233 0.276602 
0.396305 0.394417 
0.502175 0.335517 
0.465939 0.360869 
0.49039 0.344528 
0.160671 0.427251 
0.285933 0.421542 
0.0144981 0.411249 
-0.457797 0.268435 
0.545934 0.293128 
0.579702 0.24477 
0.628522 0.0921377 
0.626799 0.109793 
0.618462 0.151588 
0.572062 0.257477 
0.447398 0.371472 
0.536238 0.304014 
0.62731 0.042913 
0.62872 0.0592056 
-0.207407 0.360248 
-0.0891324 0.390083 
-0.0641025 0.395729 
-0.252017 0.347837 
-0.0385333 0.401178 
-0.0123411 0.406377 
0.0705234 0.419691 
0.0997977 0.423035 
0.129942 0.425613 
0.315541 0.416688 
0.343273 0.410652 
0.042113 0.415724 
0.191955 0.427799 
0.25499 0.425039 
0.369951 0.40332 
0.223457 0.427106 
-0.427935 0.284496 
-0.621908 0.0612912 
0.62349 0.130048 
-0.600958 0.120495 
0.555164 0.281715 
0.599395 0.20553 
0.593553 0.218307 
0.586867 0.231682 
ZONE T="boundary5"
-0.453028 -0.371147 
0.586094 -0.0721639 
-0.606633 -0.142591 
-0.557217 -0.244679 
-0.545069 -0.26378 
-0.589595 -0.184238 
-0.629536 -0.0358623 
-0.627387 -0.0574774 
-0.613553 -0.121521 
-0.598631 -0.163501 
-0.623973 -0.0789614 
-0.619343 -0.100323 
0.614518 -0.0125979 
-0.532873 -0.281418 
-0.422667 -0.397425 
-0.406501 -0.410133 
-0.128358 -0.535429 
-0.259847 -0.494696 
-0.28432 -0.48383 
-0.350328 -0.44845 
-0.370477 -0.435669 
-0.329727 -0.46051 
-0.630354 -0.0141886 
-0.388709 -0.4232 
-0.100501 -0.54055 
-0.182707 -0.522 
-0.209005 -0.51382 
-0.234979 -0.504612 
-0.4941 -0.32953 
-0.507318 -0.31428 
-0.519992 -0.2986 
-0.568643 -0.225155 
-0.48089 -0.343792 
-0.43841 -0.384217 
-0.467224 -0.357638 
-0.307244 -0.472592 
0.594409 -0.0577427 
0.55575 -0.115887 
0.539061 -0.136869 
-0.0156222 -0.548808 
0.0131861 -0.549005 
0.0418236 -0.547799 
-0.0725135 -0.544504 
-0.0440632 -0.547291 
0.182374 -0.517602 
0.154957 -0.52719 
0.0704187 -0.545108 
0.0990178 -0.540816 
0.127086 -0.534903 
0.285441 -0.458521 
0.260913 -0.476546 
0.209156 -0.506073 
0.235509 -0.492348 
0.39365 -0.336818 
0.308936 -0.438316 
0.373556 -0.365015 
0.352951 -0.391388 
0.423321 -0.292208 
0.40859 -0.314645 
0.331409 -0.41593 
-0.579528 -0.204892 
0.571589 -0.0943512 
0.602005 -0.0429185 
0.608689 -0.0279444 
0.619392 0.00296299 
0.623307 0.0187993 
-0.155649 -0.52926 
0.520971 -0.158732 
0.502761 -0.18075 
0.443056 -0.262062 
0.482681 -0.206044 
0.4633 -0.232338 
-0.551236 -0.254287 
-0.628623 -0.046686 
-0.610223 -0.132098 
-0.594228 -0.173918 
-0.625834 -0.0682435 
-0.621804 -0.0896733 
-0.616586 -0.110959 
-0.414635 -0.403843 
-0.272136 -0.489382 
-0.36046 -0.442149 
-0.195894 -0.518039 
-0.222036 -0.509343 
-0.500774 -0.32196 
-0.563018 -0.234967 
-0.397661 -0.416741 
-0.46018 -0.364447 
-0.430592 -0.390883 
-0.487552 -0.336713 
-0.602755 -0.153092 
-0.474112 -0.350768 
0.590337 -0.0650019 
-0.526515 -0.290069 
0.547483 -0.126434 
-0.00121472 -0.549079 
-0.0865248 -0.542673 
-0.0583 -0.546053 
0.168747 -0.522631 
0.113099 -0.53807 
0.273343 -0.467777 
0.0561427 -0.546644 
0.222457 -0.499462 
0.248355 -0.484696 
0.363413 -0.378344 
0.383725 -0.35102 
0.415975 -0.303441 
0.401164 -0.325767 
0.32036 -0.427332 
0.297368 -0.448649 
-0.539057 -0.272656 
-0.584668 -0.194616 
-0.513724 -0.306494 
0.563797 -0.10521 
0.579016 -0.0833727 
0.605449 -0.035479 
0.617071 -0.00485608 
0.611715 -0.0203152 
0.621471 0.0108489 
-0.379645 -0.429511 
-0.295834 -0.478318 
-0.630115 -0.0250322 
-0.44577 -0.377738 
-0.318542 -0.466657 
-0.574182 -0.215074 
-0.340081 -0.454571 
-0.114453 -0.538133 
-0.142032 -0.532482 
0.0275164 -0.548582 
0.195866 -0.512079 
0.530048 -0.147816 
0.511846 -0.16971 
-0.24746 -0.499773 
-0.0298472 -0.54821 
0.0847525 -0.543166 
0.141085 -0.531271 
0.433166 -0.277117 
0.492637 -0.193308 
-0.169212 -0.525765 
0.47287 -0.219081 
0.453069 -0.24711 
0.598301 -0.0503839 
0.342362 -0.40384 
