ZONE T="boundary0"
-4 -0.688148 
-4 -0.584198 
-4 0.287327 
-4 0.250601 
-4 0.630601 
-4 0.815301 
-4 0.324053 
-4 0.15515 
-4 0.429917 
-4 0.202876 
-4 -0.123097 
-4 -0.357753 
-4 -0.420713 
-4 0.0804872 
-4 0.00582444 
-4 0.530259 
-4 -0.0801231 
-4 0.376985 
-4 -0.166071 
-4 -0.198251 
-4 -0.294794 
-4 -0.326273 
-4 -0.502455 
-4 0.722951 
-4 1 
-4 -0.230432 
-4 -0.262613 
-4 -1 
-4 -0.792099 
-4 -0.636173 
-4 0.268964 
-4 0.30569 
-4 0.179013 
-4 0.117819 
-4 0.480088 
-4 0.0431558 
-4 -0.0371493 
-4 -0.182161 
-4 -0.310534 
-4 -0.461584 
-4 -0.543327 
-4 0.676776 
-4 0.350519 
-4 0.403451 
-4 -0.246523 
-4 -0.278703 
-4 -0.214342 
-4 -0.389233 
-4 -0.10161 
-4 -0.144584 
-4 -0.342013 
-4 0.58043 
-4 0.769126 
-4 0.90765 
-4 -0.740124 
-4 -0.896049 
-4 0.226738 
ZONE T="boundary1"
-2.7915 1 
-3.07734 1 
-0.148013 1 
-0.210562 1 
1.18535 1 
1.08411 1 
-0.467285 1 
0.422163 1 
0.0234419 1 
0.735429 1 
0.627405 1 
0.519381 1 
1.55694 1 
1.74051 1 
2.70534 1 
2.89293 1 
0.859152 1 
1.32787 1 
-0.777716 1 
-0.887725 1 
-1.11989 1 
2.42013 1 
2.17211 1 
-1.66832 1 
-2.24085 1 
-2.48785 1 
-2.63967 1 
1.92409 1 
2.0481 1 
-3.52998 1 
3.08052 1 
3.77013 1 
3.54026 1 
3.31039 1 
0.164167 1 
-0.368891 1 
-0.289727 1 
-0.599174 1 
-0.0310111 1 
-0.0854641 1 
-0.418088 1 
0.324945 1 
0.982875 1 
-0.94273 1 
-0.997735 1 
-1.05881 1 
-1.24204 1 
0.0938039 1 
0.244556 1 
-1.43603 1 
-1.55218 1 
-1.83108 1 
-1.99384 1 
1.4424 1 
-1.33904 1 
-3.76499 1 
-4 1 
-3.30366 1 
2.56274 1 
4 1 
-2.93442 1 
-0.179287 1 
0.681417 1 
0.573393 1 
1.64873 1 
2.79913 1 
-0.832721 1 
2.29612 1 
-2.36435 1 
-2.71559 1 
1.9861 1 
3.65519 1 
3.42532 1 
-0.329309 1 
-0.0582376 1 
-0.00378463 1 
-0.53323 1 
0.79729 1 
0.373554 1 
1.03349 1 
-0.688445 1 
-0.915228 1 
0.921013 1 
-0.970233 1 
-1.18097 1 
1.13473 1 
-1.4941 1 
1.25661 1 
-1.7497 1 
-1.61025 1 
-1.91246 1 
1.38514 1 
1.49967 1 
-3.64749 1 
-3.8825 1 
2.11011 1 
-3.41682 1 
2.49143 1 
-3.1905 1 
-2.56376 1 
1.8323 1 
2.63404 1 
3.88506 1 
2.98672 1 
-2.11734 1 
0.128985 1 
-0.116739 1 
-1.08935 1 
-1.02827 1 
0.058623 1 
0.470772 1 
-1.29054 1 
0.204361 1 
-0.442687 1 
-0.250144 1 
-0.39349 1 
-1.38753 1 
3.19545 1 
0.284751 1 
ZONE T="boundary2"
4 -0.472795 
4 -0.389771 
4 -0.734152 
4 -0.867076 
4 -0.55582 
4 -0.313438 
4 0.79601 
4 -1 
4 -0.246596 
4 -0.179754 
4 -0.100718 
4 -0.213175 
4 -0.280017 
4 -0.0216826 
4 0.298907 
4 0.323943 
4 0.2134 
4 0.0656233 
4 0.152929 
4 1 
4 0.592021 
4 0.374016 
4 0.273871 
4 0.243636 
4 0.483018 
4 -0.431283 
4 -0.800614 
4 -0.351604 
4 -0.140236 
4 -0.196465 
4 -0.263306 
4 -0.229885 
4 -0.0612005 
4 -0.296727 
4 -0.514308 
4 0.311425 
4 0.0219703 
4 -0.644986 
4 -0.933538 
4 0.898005 
4 0.694016 
4 0.34898 
4 0.286389 
4 0.228518 
4 0.183165 
4 0.258754 
4 0.109276 
4 0.53752 
4 0.428517 
ZONE T="boundary3"
0.343668 -1 
1.07009 -1 
0.00583891 -1 
0.142004 -1 
-0.742833 -1 
0.590485 -1 
0.489405 -1 
-3.5387 -1 
-3.76935 -1 
1.16184 -1 
4 -1 
3.67327 -1 
1.893 -1 
2.07548 -1 
-1.38121 -1 
-1.48004 -1 
-2.55466 -1 
2.92068 -1 
2.54037 -1 
2.30792 -1 
-2.8983 -1 
-3.07012 -1 
3.13361 -1 
0.0739607 -1 
0.210046 -1 
-0.0622829 -1 
0.416537 -1 
-0.245609 -1 
-0.199777 -1 
-0.108114 -1 
-0.488799 -1 
-0.153946 -1 
-0.367204 -1 
0.794965 -1 
0.276857 -1 
-0.592453 -1 
-0.789559 -1 
-1.02552 -1 
0.984226 -1 
0.691565 -1 
0.641025 -1 
0.898365 -1 
-0.883012 -1 
1.2536 -1 
1.46207 -1 
1.58629 -1 
1.35783 -1 
1.71051 -1 
3.5099 -1 
-1.09677 -1 
-3.39032 -1 
-3.24194 -1 
-1.77656 -1 
-1.27461 -1 
-1.16802 -1 
-2.14428 -1 
-1.96042 -1 
-1.57888 -1 
-2.72648 -1 
3.34654 -1 
-2.34947 -1 
-0.306406 -1 
-0.696107 -1 
-4 -1 
0.539945 -1 
-3.65403 -1 
3.83663 -1 
1.98424 -1 
-1.43063 -1 
2.73052 -1 
-2.98421 -1 
3.02715 -1 
0.0398998 -1 
0.176025 -1 
-0.028222 -1 
0.107982 -1 
0.452971 -1 
-0.222693 -1 
-0.0851986 -1 
-0.176862 -1 
-0.428002 -1 
-0.540626 -1 
1.02716 -1 
0.666295 -1 
0.941296 -1 
1.20772 -1 
1.52418 -1 
1.11596 -1 
1.30571 -1 
1.40995 -1 
1.6484 -1 
-1.06114 -1 
-3.46451 -1 
-3.15603 -1 
-1.22132 -1 
-2.05235 -1 
-1.67772 -1 
2.1917 -1 
-1.86849 -1 
-2.64057 -1 
1.80175 -1 
-3.31613 -1 
3.24008 -1 
2.42414 -1 
-2.45207 -1 
0.380102 -1 
0.243452 -1 
0.310263 -1 
-0.13103 -1 
-0.276008 -1 
0.615755 -1 
-0.64428 -1 
0.743265 -1 
0.846665 -1 
-0.71947 -1 
-0.766196 -1 
-0.954264 -1 
-2.24688 -1 
-1.32791 -1 
-1.52946 -1 
-3.88468 -1 
-1.1324 -1 
3.42822 -1 
3.59159 -1 
-2.81239 -1 
-0.836286 -1 
-0.336805 -1 
ZONE T="boundary4"
-0.641791 0.0143871 
-0.643803 0.0387352 
-0.644292 0.0632825 
-0.64039 0.112663 
-0.629527 0.161511 
0.450623 0.321301 
-0.311379 0.37778 
-0.336086 0.377022 
-0.463932 0.350811 
-0.635857 0.137225 
-0.623531 0.179585 
0.641518 0.0545888 
0.640146 0.0687071 
-0.608465 0.214578 
-0.616473 0.197373 
-0.589469 0.247476 
0.578846 0.214288 
0.560199 0.23742 
-0.578783 0.262585 
-0.567256 0.276829 
0.435986 0.328152 
-0.599415 0.231386 
-0.554945 0.290129 
-0.182377 0.373221 
-0.209047 0.374626 
-0.286147 0.377722 
-0.26089 0.377051 
-0.64318 0.0879706 
-0.23495 0.375947 
-0.49747 0.334348 
-0.481334 0.342949 
-0.541879 0.302477 
0.539694 0.259069 
0.528665 0.269298 
0.550271 0.248355 
-0.513069 0.324664 
0.639684 -0.00178763 
0.641209 0.0122534 
-0.446079 0.357535 
-0.42714 0.363357 
-0.0170914 0.369725 
-0.0454681 0.36947 
0.516872 0.279271 
-0.40565 0.368525 
-0.383803 0.372413 
0.343617 0.357751 
0.375122 0.349931 
0.478849 0.305866 
-0.155764 0.371923 
-0.360502 0.375257 
0.609505 0.165534 
-0.12841 0.370815 
0.464974 0.313847 
0.406242 0.340026 
0.248919 0.370971 
-0.527798 0.314094 
0.504813 0.288552 
0.492361 0.297276 
0.0112071 0.370267 
0.040023 0.371026 
0.0688 0.371884 
0.157336 0.373755 
0.127381 0.373403 
0.187333 0.373602 
0.218107 0.372738 
0.280448 0.368023 
0.311976 0.363706 
0.634349 0.100125 
0.629557 0.117231 
0.620961 0.140897 
0.642037 0.0263534 
0.642144 0.0404709 
0.638046 0.0826523 
-0.10115 0.370018 
-0.073253 0.369561 
0.0980919 0.372729 
0.595371 0.190194 
-0.642984 0.0265466 
-0.644243 0.0510058 
-0.323737 0.377516 
-0.632915 0.149427 
-0.626657 0.170591 
-0.638342 0.124985 
0.640925 0.0616568 
-0.62013 0.18853 
0.569746 0.226034 
-0.573137 0.269802 
-0.584246 0.255115 
-0.561212 0.283582 
-0.195711 0.373919 
-0.273516 0.377449 
-0.641998 0.100342 
-0.221996 0.375302 
-0.489473 0.338779 
-0.548515 0.296412 
0.534237 0.264245 
0.545041 0.253769 
-0.505351 0.329636 
-0.472698 0.347022 
0.640532 0.00522583 
-0.436655 0.360591 
-0.455059 0.354312 
0.55529 0.242938 
-0.0312769 0.369557 
0.359428 0.354082 
-0.16907 0.372551 
-0.348306 0.376279 
-0.372172 0.373988 
-0.394755 0.370624 
-0.142087 0.371335 
0.471955 0.309932 
0.443339 0.324801 
0.421224 0.334367 
-0.416437 0.36611 
-0.534937 0.308405 
0.522827 0.274353 
0.498635 0.292983 
0.510895 0.28398 
0.485654 0.301647 
0.0256156 0.370627 
0.0544122 0.37145 
0.142357 0.373632 
-0.612593 0.206034 
0.202722 0.373271 
0.296235 0.366047 
-0.604064 0.223048 
0.457838 0.31765 
0.632089 0.108716 
0.625515 0.129156 
0.642181 0.0334112 
0.639187 0.0756932 
0.641924 0.0475337 
0.636341 0.0914184 
-0.643941 0.0756369 
-0.0872009 0.369743 
-0.0029408 0.369964 
0.233518 0.371979 
0.264697 0.369653 
0.112734 0.373097 
-0.0593592 0.369471 
0.172334 0.373753 
-0.114779 0.370375 
0.0834444 0.372319 
0.327835 0.360941 
-0.520523 0.319502 
-0.594564 0.239506 
0.587345 0.202404 
-0.298763 0.377841 
0.615501 0.15334 
0.602695 0.178011 
0.390766 0.345246 
0.641712 0.0192961 
-0.247918 0.376538 
ZONE T="boundary5"
-0.309593 -0.421785 
-0.550225 -0.212935 
-0.51884 -0.254236 
-0.5349 -0.233899 
-0.641791 0.0143871 
-0.619904 -0.0801357 
-0.564736 -0.191401 
-0.638334 -0.00969959 
-0.611237 -0.102973 
-0.633496 -0.0334941 
-0.627338 -0.0569699 
-0.578075 -0.169728 
0.606132 -0.11147 
-0.590286 -0.147784 
-0.236159 -0.455958 
-0.26186 -0.445017 
-0.331638 -0.40966 
-0.287163 -0.433195 
-0.351487 -0.397913 
-0.0660153 -0.504832 
-0.0949084 -0.499192 
-0.123601 -0.492558 
-0.00797989 -0.513054 
-0.208591 -0.466569 
-0.50197 -0.273914 
-0.454075 -0.321794 
-0.469237 -0.307743 
-0.485935 -0.29114 
-0.370962 -0.385564 
0.577776 -0.169123 
0.565368 -0.19292 
-0.438471 -0.33536 
-0.406576 -0.360643 
-0.422712 -0.348236 
-0.388958 -0.373371 
-0.601356 -0.125523 
0.639684 -0.00178763 
0.0503851 -0.517118 
0.0211796 -0.51562 
0.0796514 -0.517513 
-0.0370595 -0.509451 
0.108875 -0.516756 
0.252808 -0.493459 
0.13811 -0.514785 
0.224573 -0.500963 
0.167146 -0.511546 
0.195987 -0.506966 
0.280609 -0.484367 
0.307865 -0.473605 
0.359919 -0.44699 
0.334249 -0.461205 
0.384429 -0.431118 
0.407981 -0.413387 
0.430296 -0.393939 
0.451267 -0.372874 
0.470833 -0.350328 
0.550924 -0.220554 
0.488872 -0.326633 
0.505805 -0.301466 
0.589953 -0.145281 
0.59822 -0.128447 
0.61752 -0.0844758 
0.627143 -0.0572437 
0.536401 -0.248213 
0.521547 -0.275272 
-0.152273 -0.484875 
-0.180662 -0.476195 
0.634633 -0.0296939 
-0.526967 -0.244144 
-0.557588 -0.20224 
-0.64024 0.002319 
-0.615717 -0.0916095 
-0.636084 -0.0216306 
-0.623775 -0.0686015 
-0.584304 -0.158825 
-0.274563 -0.439217 
-0.298424 -0.42758 
-0.341607 -0.403862 
-0.0804858 -0.502136 
-0.109283 -0.495999 
-0.222423 -0.461386 
-0.461713 -0.314829 
-0.54266 -0.223488 
-0.361273 -0.391814 
0.571584 -0.181027 
-0.446326 -0.328638 
-0.430639 -0.341857 
-0.397816 -0.367074 
-0.380006 -0.379535 
-0.595953 -0.136718 
-0.606436 -0.114309 
-0.494037 -0.282605 
-0.510509 -0.264164 
0.00658887 -0.514468 
0.0650171 -0.517456 
-0.0225351 -0.511381 
-0.571521 -0.180635 
-0.320665 -0.415813 
0.181595 -0.509428 
0.123504 -0.515926 
0.29432 -0.479196 
-0.414689 -0.354498 
0.347204 -0.454316 
0.396363 -0.422463 
0.440964 -0.383591 
0.480033 -0.33862 
0.419311 -0.403863 
0.558143 -0.206734 
0.594123 -0.136881 
0.602227 -0.119982 
-0.477665 -0.29952 
0.583906 -0.157222 
0.543688 -0.234396 
-0.630579 -0.0452737 
-0.0515571 -0.507267 
0.0942678 -0.517282 
0.266775 -0.489115 
0.238742 -0.497403 
-0.249057 -0.450598 
0.513828 -0.288461 
-0.13797 -0.488841 
0.035776 -0.516504 
0.152647 -0.513329 
0.321157 -0.467618 
0.210319 -0.504147 
0.372312 -0.439268 
0.529076 -0.261799 
-0.194669 -0.471505 
0.461237 -0.361765 
-0.166505 -0.480659 
0.637478 -0.0157989 
0.631166 -0.0435441 
0.497512 -0.314168 
0.612 -0.0980457 
0.622561 -0.0709403 
