ZONE T="boundary0"
-4 -1 
-4 -0.494615 
-4 -0.436989 
-4 -0.379363 
-4 -0.0751462 
-4 -0.123839 
-4 0.288629 
-4 0.340759 
-4 0.253937 
-4 0.540113 
-4 0.219246 
-4 0.392889 
-4 0.655085 
-4 -0.230844 
-4 -0.591382 
-4 -0.688148 
-4 -0.177341 
-4 0.770057 
-4 1 
-4 -0.296029 
-4 0.145089 
-4 0.0709318 
-4 0.466501 
-4 -0.0264536 
-4 -0.465802 
-4 -0.0994925 
-4 0.314694 
-4 0.271283 
-4 0.236592 
-4 0.597599 
-4 -0.844074 
-4 -0.204093 
-4 0.885028 
-4 -0.263436 
-4 -0.337696 
-4 0.10801 
-4 0.429695 
-4 -0.408176 
-4 -0.639765 
-4 -0.542999 
-4 0.503307 
-4 -0.15059 
-4 0.712571 
-4 0.182168 
-4 0.366824 
-4 -0.0507999 
-4 0.0222391 
ZONE T="boundary1"
3.83509 1 
3.67019 1 
0.857456 1 
0.25127 1 
3.50528 1 
3.34037 1 
-0.0583084 1 
-0.161015 1 
-0.214845 1 
-0.268674 1 
-0.508631 1 
1.3164 1 
-1.56862 1 
-4 1 
3.03578 1 
2.43847 1 
2.73119 1 
-2.02534 1 
-2.63967 1 
-2.41328 1 
-3.52998 1 
2.20228 1 
1.96608 1 
-2.85851 1 
-3.07734 1 
0.340171 1 
0.634031 1 
0.175779 1 
0.100288 1 
-0.343381 1 
-0.418088 1 
0.429072 1 
0.0209898 1 
-0.599174 1 
-0.707381 1 
-0.815588 1 
-0.966111 1 
-1.11663 1 
-1.22708 1 
-1.33753 1 
4 1 
0.973134 1 
1.4263 1 
0.745743 1 
3.18807 1 
1.54185 1 
1.2065 1 
1.08982 1 
2.88348 1 
-1.71621 1 
-1.8638 1 
1.65741 1 
1.81174 1 
-3.76499 1 
-2.30009 1 
-2.18689 1 
3.75264 1 
3.42282 1 
-0.109662 1 
3.58773 1 
2.58483 1 
-2.52648 1 
2.08418 1 
-2.74909 1 
-3.30366 1 
-2.96792 1 
0.138034 1 
-0.306028 1 
-0.18793 1 
-0.24176 1 
-0.380735 1 
0.531552 1 
0.213524 1 
-0.553903 1 
-0.46336 1 
-0.761484 1 
-0.890849 1 
-1.04137 1 
-1.28231 1 
3.91755 1 
0.915295 1 
1.37135 1 
0.689887 1 
3.11193 1 
1.48408 1 
1.26145 1 
-0.653278 1 
1.14816 1 
-1.17186 1 
2.80733 1 
2.32037 1 
-1.45308 1 
-1.64241 1 
-1.79 1 
1.73458 1 
1.59963 1 
-3.8825 1 
-3.64749 1 
2.95963 1 
-1.94457 1 
-2.10612 1 
1.88891 1 
0.29572 1 
0.060639 1 
-0.0186593 1 
1.03148 1 
0.801599 1 
0.384621 1 
3.26422 1 
-2.35668 1 
-2.24349 1 
ZONE T="boundary2"
4 -0.423462 
4 -0.364466 
4 -0.702605 
4 -0.283306 
4 -0.592532 
4 -0.482458 
4 0.127437 
4 0.171586 
4 0.225723 
4 0.294718 
4 0.400351 
4 0.347535 
4 -0.172625 
4 -0.210207 
4 -0.135043 
4 -0.0771213 
4 0.45531 
4 0.0832869 
4 0.0320435 
4 -1 
4 0.510269 
4 0.571485 
4 -0.246757 
4 -0.0191999 
4 0.632702 
4 0.755134 
4 0.877567 
4 1 
4 -0.393964 
4 -0.537495 
4 0.149511 
4 0.260221 
4 0.373943 
4 -0.191416 
4 -0.106082 
4 0.0576652 
4 -0.851303 
4 0.540877 
4 0.198655 
4 -0.228482 
4 0.321126 
4 -0.265032 
4 -0.323886 
4 -0.153834 
4 -0.45296 
4 -0.0481606 
4 0.482789 
4 0.427831 
4 0.105362 
4 -0.647568 
4 0.602093 
4 0.693918 
4 0.816351 
4 0.938784 
4 0.00642185 
ZONE T="boundary3"
-3.69516 -1 
-4 -1 
-0.370202 -1 
-0.260575 -1 
-1.18465 -1 
-1.08086 -1 
-0.00310056 -1 
-3.4729 -1 
4 -1 
-0.153946 -1 
0.873312 -1 
0.971532 -1 
0.140337 -1 
-3.25065 -1 
1.16797 -1 
1.06975 -1 
3.69349 -1 
3.54023 -1 
-2.15413 -1 
-1.96032 -1 
3.23101 -1 
3.38697 -1 
2.75228 -1 
2.91366 -1 
2.29313 -1 
-1.39216 -1 
-1.52038 -1 
-2.57601 -1 
-2.34793 -1 
-0.20726 -1 
-0.614806 -1 
-0.552786 -1 
-0.077006 -1 
0.0708048 -1 
0.20987 -1 
0.357901 -1 
0.502473 -1 
-0.490766 -1 
0.283885 -1 
-0.738846 -1 
0.647045 -1 
0.574759 -1 
0.760179 -1 
-0.977076 -1 
1.26619 -1 
1.37605 -1 
1.4859 -1 
1.59735 -1 
1.93168 -1 
-0.857961 -1 
1.70879 -1 
2.52271 -1 
-1.64859 -1 
-1.28841 -1 
3.07504 -1 
-3.02737 -1 
-1.80446 -1 
-2.91573 -1 
-2.80409 -1 
-3.84758 -1 
-0.315388 -1 
-1.13276 -1 
-3.58403 -1 
0.922422 -1 
1.11886 -1 
3.84674 -1 
3.61686 -1 
-2.05723 -1 
3.30899 -1 
2.83297 -1 
3.4636 -1 
-1.45627 -1 
-2.46197 -1 
-0.180603 -1 
-0.583796 -1 
-0.115476 -1 
0.0338521 -1 
-0.0400533 -1 
0.175104 -1 
0.105571 -1 
0.430187 -1 
-0.430484 -1 
-0.521776 -1 
0.246878 -1 
0.320893 -1 
-0.233918 -1 
-0.676826 -1 
0.610902 -1 
0.538616 -1 
0.816746 -1 
-1.02897 -1 
1.02064 -1 
1.21708 -1 
1.32112 -1 
1.43097 -1 
1.54162 -1 
1.65307 -1 
1.82024 -1 
2.40792 -1 
-1.58448 -1 
-1.34028 -1 
-1.23653 -1 
2.99435 -1 
2.63749 -1 
-3.13901 -1 
-3.36178 -1 
2.11241 -1 
3.15302 -1 
-0.917519 -1 
-0.798404 -1 
-2.25103 -1 
-1.88239 -1 
-1.72652 -1 
-2.85991 -1 
-2.97155 -1 
-2.69005 -1 
0.703612 -1 
ZONE T="boundary4"
-0.31266 0.340481 
-0.290722 0.350211 
-0.149585 0.402146 
-0.173784 0.394425 
-0.354355 0.32037 
-0.40793 0.290443 
-0.618734 0.0242412 
-0.622642 0.00136967 
0.641236 0.0601972 
0.534158 0.323311 
0.545034 0.311226 
0.51106 0.345578 
-0.453982 0.25936 
-0.439247 0.269976 
0.498088 0.356438 
-0.597043 0.0912281 
-0.605929 0.0692889 
0.640799 0.0745495 
0.613705 0.191605 
0.639656 0.0889996 
-0.577581 0.128406 
-0.586549 0.11263 
-0.557198 0.158675 
-0.567739 0.143826 
-0.545851 0.173167 
0.638189 0.0177973 
0.640954 0.0459393 
-0.50893 0.212932 
-0.334416 0.330275 
-0.495812 0.225126 
-0.62492 -0.0216287 
0.581146 0.260207 
-0.482281 0.236917 
-0.468398 0.248282 
0.484617 0.36668 
0.470543 0.376396 
-0.423729 0.280447 
-0.533918 0.187086 
-0.521619 0.200293 
-0.197842 0.38628 
-0.124872 0.40954 
-0.100006 0.416473 
-0.267877 0.359811 
-0.244877 0.368975 
-0.0746274 0.423015 
0.00338299 0.439584 
0.0304587 0.444017 
-0.374078 0.309973 
-0.39112 0.300434 
0.595635 0.232974 
-0.221433 0.377834 
0.639939 0.0317902 
0.456058 0.38547 
0.426295 0.401585 
0.564433 0.286306 
0.555032 0.298988 
0.522869 0.334712 
0.362649 0.426992 
0.394791 0.415523 
0.0576911 0.447751 
0.0858197 0.450812 
0.114076 0.45304 
0.143419 0.454411 
0.172838 0.454769 
-0.0490823 0.429041 
0.234195 0.451954 
0.265618 0.448457 
0.573054 0.273478 
0.637848 0.103366 
0.634644 0.121535 
0.588688 0.24662 
0.63052 0.139512 
-0.0229332 0.43461 
0.203509 0.453991 
0.297898 0.443236 
0.330234 0.436166 
0.623228 0.164764 
-0.613164 0.0469233 
0.602156 0.219115 
-0.301714 0.345402 
-0.161702 0.398339 
-0.620892 0.0128386 
0.539669 0.317334 
-0.446655 0.264726 
0.504638 0.351085 
-0.601683 0.0803369 
0.641107 0.0673752 
-0.582168 0.120576 
-0.562558 0.151314 
-0.551608 0.165986 
0.641186 0.0530655 
-0.323565 0.335439 
-0.502422 0.219083 
-0.475383 0.242653 
-0.489092 0.231075 
0.477635 0.371618 
-0.415865 0.285502 
-0.461233 0.253877 
-0.527833 0.19375 
-0.185831 0.390405 
-0.112457 0.413066 
-0.256397 0.364445 
-0.0873347 0.419808 
0.0169049 0.441886 
-0.364248 0.315235 
-0.344413 0.32538 
-0.539959 0.180191 
-0.279322 0.355067 
-0.233175 0.373456 
0.491411 0.361637 
0.639157 0.024781 
-0.515332 0.206669 
0.46335 0.381012 
-0.382627 0.305257 
0.441342 0.393833 
-0.399558 0.295497 
0.559807 0.292702 
0.517028 0.340213 
0.52858 0.329078 
0.550105 0.305166 
0.378821 0.42154 
0.0717423 0.449383 
0.0999375 0.452034 
0.158125 0.454721 
0.249926 0.45039 
0.568816 0.279941 
0.636367 0.112471 
0.584982 0.25345 
0.632692 0.130548 
0.640539 0.0388571 
0.638833 0.0961925 
0.640314 0.0817805 
0.577171 0.266886 
-0.137247 0.4059 
-0.431527 0.275271 
-0.0618724 0.426095 
-0.0360252 0.431899 
-0.209656 0.382108 
-0.623982 -0.0101111 
0.0440606 0.445975 
0.188176 0.454531 
0.218862 0.453135 
-0.0097917 0.437175 
0.12874 0.453848 
0.281792 0.446058 
0.346514 0.431838 
0.627069 0.152193 
0.314116 0.439934 
-0.616154 0.035631 
-0.591985 0.10202 
-0.609749 0.05817 
-0.572757 0.136178 
0.618661 0.178254 
0.608121 0.205441 
0.598946 0.22607 
0.410678 0.408858 
0.592218 0.239824 
ZONE T="boundary5"
-0.625604 -0.0446559 
-0.624739 -0.0676699 
-0.510962 -0.329101 
-0.622371 -0.0906157 
-0.578945 -0.225968 
-0.589443 -0.203735 
-0.618542 -0.113481 
-0.613299 -0.13622 
-0.606672 -0.158856 
-0.56718 -0.248167 
-0.554351 -0.269822 
-0.40188 -0.42817 
-0.318561 -0.476543 
-0.342116 -0.464698 
-0.294512 -0.487303 
-0.267985 -0.497698 
-0.155951 -0.525968 
-0.0706313 -0.531399 
-0.0988489 -0.531143 
-0.363016 -0.453033 
-0.383426 -0.440517 
-0.184475 -0.521073 
-0.452142 -0.388857 
-0.436235 -0.402283 
-0.127324 -0.529334 
-0.0425881 -0.530102 
-0.467129 -0.375261 
-0.481621 -0.361141 
-0.496607 -0.345408 
-0.525467 -0.31118 
-0.419853 -0.415126 
0.518995 -0.17399 
0.540025 -0.154907 
0.63247 -0.0096814 
0.6124 -0.0618529 
0.623844 -0.0362722 
0.635695 0.00394637 
0.638189 0.0177973 
-0.5987 -0.181375 
-0.62492 -0.0216287 
0.588077 -0.101161 
0.574551 -0.118436 
0.495066 -0.194274 
-0.0148886 -0.527254 
0.0917149 -0.50042 
0.0393711 -0.516903 
0.0124305 -0.522857 
0.0657684 -0.50943 
0.213084 -0.434113 
0.117059 -0.489942 
0.141811 -0.478034 
0.166048 -0.464713 
0.189767 -0.450059 
0.236062 -0.416978 
0.258894 -0.398706 
0.281313 -0.379774 
0.304113 -0.359799 
0.373483 -0.297659 
0.350133 -0.318538 
0.326751 -0.339561 
0.397515 -0.276427 
0.421575 -0.255509 
0.560025 -0.134829 
0.628512 -0.0231075 
0.598289 -0.0863047 
-0.540454 -0.290815 
-0.212891 -0.514656 
-0.241027 -0.506755 
0.470704 -0.214312 
0.446117 -0.234664 
-0.625362 -0.0561714 
-0.584324 -0.214914 
-0.620633 -0.102079 
-0.616089 -0.12489 
-0.610146 -0.147586 
-0.560899 -0.259074 
-0.330404 -0.470754 
-0.281311 -0.492664 
-0.306597 -0.48206 
-0.573191 -0.237136 
-0.0847401 -0.531464 
-0.373284 -0.44688 
-0.170242 -0.523708 
-0.444249 -0.395642 
-0.141658 -0.527842 
-0.474438 -0.368266 
-0.503866 -0.337325 
-0.352625 -0.458973 
-0.428101 -0.408778 
-0.392711 -0.434432 
-0.459696 -0.382125 
0.529609 -0.164558 
-0.410929 -0.421734 
0.618456 -0.0492183 
0.637035 0.0108538 
-0.594212 -0.192614 
-0.625458 -0.0331378 
0.581453 -0.109911 
-0.0287185 -0.528875 
0.0259422 -0.520077 
0.0788028 -0.505116 
0.129511 -0.484162 
0.154011 -0.471537 
0.201506 -0.442219 
0.224649 -0.425658 
0.247543 -0.407933 
0.270153 -0.389304 
-0.518311 -0.320219 
0.3618 -0.308081 
0.338444 -0.329046 
0.409528 -0.265934 
0.385487 -0.287016 
0.507097 -0.184205 
0.567402 -0.126737 
0.626266 -0.0297225 
0.593291 -0.0938101 
-0.533085 -0.301089 
0.634175 -0.00289055 
0.630582 -0.0164226 
-0.489191 -0.353347 
0.550172 -0.145018 
0.605646 -0.0742595 
-0.547534 -0.280405 
-0.602837 -0.17017 
-0.198722 -0.518049 
-0.227007 -0.510887 
-0.0565999 -0.530946 
0.104457 -0.495364 
0.482903 -0.204303 
-0.113097 -0.530431 
-0.00119847 -0.525252 
0.0526206 -0.51336 
0.17799 -0.457535 
0.292748 -0.369827 
0.458393 -0.224451 
-0.25456 -0.502394 
0.315448 -0.349696 
0.433819 -0.245038 
-0.623739 -0.0791629 
